0 -453.597 -2.26119e-06
634.56 9001.54 4.4876e-05
1173.57 19353.8 9.64933e-05
1709.92 29700.3 0.00014809
2243.81 40010.7 0.000199515
2775.24 50278.9 0.000250737
3304.22 60504.1 0.000301751
3830.74 70681.6 0.000352537
4354.77 80809.2 0.000403081
4876.15 90887.3 0.000453385
5394.56 100918 0.000503458
5909.16 110905 0.000553325
6418.2 120861 0.000603042
6918.36 130808 0.00065272
7403.99 140786 0.000702566
7866.83 150851 0.000752852
8297.18 161077 0.000803952
8686.59 171533 0.000856214
9030.8 182259 0.000909841
9330.49 193267 0.000964903
9590.04 204537 0.00102131
9815.21 216023 0.00107885
10011.7 227683 0.00113735
10184.8 239485 0.00119669
10338.5 251407 0.00125684
10475.8 263542 0.00131839
10599.4 275759 0.00138087
10711.4 287995 0.00144424
10812.7 300133 0.00150825
10905.5 312036 0.00157274
10991.1 323568 0.00163763
11070.4 334571 0.00170289
11143.9 344885 0.00176856
11212.1 354360 0.00183477
11276 362816 0.00190127
11335.9 370161 0.00196803
11392.3 376371 0.00203502
11445.5 381491 0.00210222
11495.9 385618 0.00216962
11543.8 388886 0.00223719
11589.3 391437 0.00230493
11632.4 393411 0.00237289
11673.3 394928 0.00244111
11712.4 396088 0.00250945
11749.8 396975 0.00257791
11785.6 397652 0.00264648
11820.1 398171 0.00271515
11853.2 398569 0.00278391
11885.1 398876 0.00285275
11915.6 399113 0.00292139
11945 399296 0.00298992
11972.9 399441 0.00305906
11999.8 399555 0.00312829
12025.7 399644 0.00319758
12050.7 399715 0.00326687
12074.7 399771 0.003336
12097.7 399816 0.00340543
12119.8 399853 0.00347549
12141.1 399882 0.00354558
12161.8 399906 0.00361569
12181.9 399925 0.00368581
12201.4 399941 0.00375593
12220.3 399954 0.00382607
12238.6 399964 0.00389621
12256.3 399973 0.00396635
12273.3 399981 0.00403676
12289.7 399987 0.00410731
12305.5 399992 0.00417786
12320.9 399997 0.0042484
12335.7 400000 0.00431929
12349.8 400004 0.00439119
12363.5 400007 0.00446309
12376.5 400009 0.00453442
12388.8 400011 0.00460556
12400.7 400013 0.00467667
12412.4 400015 0.00474776
12423.7 400016 0.00481881
12434.7 400018 0.00488984
12445.5 400019 0.00496084
12455.9 400020 0.00503181
12466.1 400021 0.00510275
12476 400022 0.00517367
12485.7 400023 0.00524456
12495.1 400024 0.00531542
12504.3 400024 0.00538625
12513.2 400025 0.00545707
12521.8 400026 0.00552786
12530.3 400027 0.00559863
12538.4 400027 0.00566939
12546.4 400028 0.00574012
12554.2 400028 0.00581083
12561.7 400029 0.00588153
12569 400030 0.00595221
12576.2 400030 0.00602287
12583.1 400031 0.00609351
12589.9 400031 0.00616413
12596.5 400032 0.00623472
12603 400032 0.0063053
12609.3 400033 0.00637585
12615.5 400033 0.00644638
12621.6 400034 0.00651689
12627.5 400034 0.00658737
12633.3 400035 0.00665776
12638.9 400035 0.00672798
12644.3 400036 0.00679786
12649.5 400036 0.00686756
12654.6 400037 0.00693744
12659.6 400037 0.00700801
12664.4 400038 0.00707854
12669.2 400038 0.00714904
12673.9 400039 0.00721951
12678.6 400039 0.00728995
12683.1 400039 0.00736035
12687.6 400040 0.00743072
12692 400040 0.00750106
12696.3 400041 0.00757136
12700.6 400041 0.00764162
12704.8 400042 0.00771186
12708.9 400042 0.00778206
12713 400043 0.00785223
12717 400043 0.00792236
12720.9 400043 0.00799246
12724.7 400044 0.00806253
12728.5 400044 0.00813257
12732.1 400045 0.008203
12735.7 400045 0.00827386
12739.2 400045 0.0083447
12742.7 400046 0.00841553
12746 400046 0.00848634
12749.3 400047 0.00855713
12752.5 400047 0.00862823
12755.5 400048 0.00870089
12758.3 400048 0.00877377
12761.2 400048 0.00884666
12763.9 400049 0.00891959
12766.6 400049 0.00899254
12769.2 400050 0.00906551
12771.7 400050 0.00913865
12774.1 400050 0.00921202
12776.4 400051 0.00928543
12778.6 400051 0.00935886
12780.8 400052 0.00943231
12783 400052 0.0095058
12785.1 400052 0.00957931
12787.2 400053 0.00965284
12789.2 400053 0.00972639
12791.2 400054 0.00979995
12793.2 400054 0.00987353
12795.1 400054 0.00994712
12797 400055 0.0100207
12798.8 400055 0.0100943
12800.6 400056 0.0101679
12802.4 400056 0.0102416
12804.2 400056 0.0103152
12805.9 400057 0.0103888
12807.7 400057 0.0104624
12809.4 400057 0.010536
12811 400058 0.0106096
12812.7 400058 0.0106832
12814.3 400058 0.0107568
12815.9 400059 0.0108303
12817.5 400059 0.0109039
12819.1 400060 0.0109774
12820.7 400060 0.011051
12822.2 400060 0.0111245
12823.7 400061 0.011198
12825.2 400061 0.0112714
12826.7 400061 0.0113449
12828.2 400062 0.0114183
12829.7 400062 0.0114918
12831.1 400062 0.0115652
12832.6 400063 0.0116386
12834 400063 0.0117119
12835.4 400063 0.0117853
12836.8 400064 0.0118586
12838.2 400064 0.0119319
12839.5 400064 0.0120052
12840.9 400065 0.0120785
12842.2 400065 0.0121517
12843.6 400065 0.0122249
12844.9 400065 0.0122982
12846.2 400066 0.0123714
12847.5 400066 0.0124445
12848.7 400066 0.0125177
12850 400067 0.0125908
12851.3 400067 0.0126639
12852.5 400067 0.012737
12853.7 400068 0.0128101
12855 400068 0.0128832
12856.2 400068 0.0129563
12857.4 400068 0.0130293
12858.5 400069 0.0131023
12859.7 400069 0.0131753
12860.9 400069 0.0132484
12862 400070 0.0133214
12863.1 400070 0.0133944
12864.3 400070 0.0134674
12865.4 400070 0.0135403
12866.4 400071 0.0136133
12867.5 400071 0.0136863
12868.6 400071 0.0137592
12869.6 400072 0.0138322
12870.7 400072 0.0139051
12871.7 400072 0.0139781
12872.7 400072 0.014051
12873.7 400073 0.0141239
12874.7 400073 0.0141969
12875.7 400073 0.0142698
12876.6 400073 0.0143427
12877.5 400074 0.0144157
12878.5 400074 0.0144886
12879.4 400074 0.0145615
12880.3 400074 0.0146345
12881.2 400075 0.0147074
12882 400075 0.0147804
12882.9 400075 0.0148533
12883.7 400075 0.0149263
12884.6 400076 0.0149993
12885.4 400076 0.0150723
12886.2 400076 0.0151453
12886.9 400076 0.0152183
12887.7 400076 0.0152913
12888.5 400077 0.0153644
12889.2 400077 0.0154374
12889.9 400077 0.0155105
12890.6 400077 0.0155836
12891.3 400078 0.0156567
12892 400078 0.0157298
12892.7 400078 0.015803
12893.3 400078 0.0158761
12894 400078 0.0159493
12894.6 400079 0.0160225
12895.2 400079 0.0160957
12895.8 400079 0.0161689
12896.4 400079 0.0162421
12897 400079 0.0163154
12897.6 400080 0.0163886
12898.1 400080 0.0164619
12898.7 400080 0.0165352
12899.2 400080 0.0166085
12899.8 400080 0.0166818
12900.3 400080 0.0167552
12900.7 400081 0.0168286
12901.2 400081 0.016902
12901.6 400081 0.0169754
12902 400081 0.0170489
12902.5 400081 0.0171223
12902.9 400082 0.0171958
12903.3 400082 0.0172693
12903.7 400082 0.0173428
12904.1 400082 0.0174163
12904.5 400082 0.0174898
12904.8 400082 0.0175633
12905.2 400082 0.0176368
12905.5 400083 0.0177103
12905.9 400083 0.0177838
12906.2 400083 0.0178573
12906.6 400083 0.0179309
12906.9 400083 0.0180044
12907.2 400083 0.0180779
12907.5 400084 0.0181514
12907.9 400084 0.018225
12908.2 400084 0.0182985
12908.5 400084 0.018372
12908.8 400084 0.0184456
12909 400084 0.0185191
12909.3 400084 0.0185926
12909.6 400084 0.0186662
12909.9 400085 0.0187397
12910.2 400085 0.0188132
12910.4 400085 0.0188867
12910.7 400085 0.0189602
12910.9 400085 0.0190338
12911.2 400085 0.0191073
12911.4 400085 0.0191808
12911.7 400085 0.0192543
12911.9 400086 0.0193278
12912.2 400086 0.0194012
12912.4 400086 0.0194747
12912.6 400086 0.0195482
12912.9 400086 0.0196217
12913.1 400086 0.0196951
12913.3 400086 0.0197686
12913.5 400086 0.019842
12913.7 400086 0.0199155
12913.9 400086 0.0199889
12914.1 400086 0.0200623
12914.3 400087 0.0201358
12914.5 400087 0.0202092
12914.7 400087 0.0202826
12914.9 400087 0.020356
12915.1 400087 0.0204294
12915.3 400087 0.0205027
12915.5 400087 0.0205761
12915.7 400087 0.0206495
12915.9 400087 0.0207228
12916 400087 0.0207962
12916.2 400087 0.0208695
12916.4 400087 0.0209429
12916.6 400087 0.0210162
12916.7 400087 0.0210895
12916.9 400088 0.0211628
12917 400088 0.0212361
12917.2 400088 0.0213094
12917.4 400088 0.0213827
12917.5 400088 0.0214559
12917.7 400088 0.0215292
12917.8 400088 0.0216025
12918 400088 0.0216757
12918.1 400088 0.0217489
12918.2 400088 0.0218222
12918.4 400088 0.0218954
12918.5 400088 0.0219686
12918.7 400088 0.0220418
12918.8 400088 0.022115
12918.9 400088 0.0221881
12919.1 400088 0.0222613
12919.3 400088 0.0223344
12919.6 400088 0.0224075
12920.2 400088 0.0224805
12921.1 400088 0.0225533
12922.2 400088 0.0226261
12923.4 400088 0.0226988
12924.8 400088 0.0227714
12926.3 400088 0.0228439
12927.9 400088 0.0229164
12929.8 400088 0.0229888
12931.8 400088 0.0230612
12933.7 400088 0.0231335
12935.7 400088 0.0232058
12937.6 400088 0.0232781
12939.6 400088 0.0233504
12941.8 400088 0.0234226
12944.1 400088 0.0234947
12946.6 400088 0.0235667
12949.3 400088 0.0236387
12951.9 400088 0.0237106
12954.5 400088 0.0237826
12957.1 400088 0.0238545
12959.7 400088 0.0239264
12962.3 400088 0.0239983
12964.9 400088 0.0240702
12967.5 400088 0.024142
12970.2 400088 0.0242138
12973 400088 0.0242856
12976 400088 0.0243572
12979.1 400088 0.0244288
12982.4 400088 0.0245003
12985.6 400088 0.0245718
12988.8 400088 0.0246434
12992 400088 0.024715
12995.2 400088 0.0247865
12998.4 400088 0.0248581
13001.6 400088 0.0249296
13004.8 400088 0.0250011
13008 400088 0.0250726
13011.2 400088 0.0251441
13014.4 400087 0.0252155
13017.6 400087 0.025287
13020.9 400087 0.0253584
13024.2 400087 0.0254297
13027.7 400087 0.025501
13031.3 400087 0.0255722
13035 400087 0.0256433
13038.8 400087 0.0257144
13042.5 400087 0.0257855
13046.3 400087 0.0258565
13050 400087 0.0259275
13053.7 400087 0.0259986
13057.5 400087 0.0260696
13061.2 400087 0.0261405
13064.9 400086 0.0262115
13068.7 400086 0.0262824
13072.4 400086 0.0263534
13076.1 400086 0.0264243
13079.8 400086 0.0264951
13083.5 400086 0.026566
13087.2 400086 0.0266368
13090.9 400086 0.0267077
13094.6 400086 0.0267785
13098.4 400086 0.0268492
13102.2 400086 0.02692
13106.1 400085 0.0269906
13110 400085 0.0270612
13114.2 400085 0.0271317
13118.4 400085 0.0272021
13122.6 400085 0.0272725
13126.8 400085 0.0273428
13130.9 400085 0.0274132
13135.1 400085 0.0274835
13139.3 400085 0.0275538
13143.5 400084 0.0276241
13147.6 400084 0.0276943
13151.8 400084 0.0277646
13155.9 400084 0.0278348
13160.1 400084 0.0279049
13164.3 400084 0.0279751
13168.4 400084 0.0280452
13172.5 400084 0.0281153
13176.7 400083 0.0281854
13180.8 400083 0.0282554
13185 400083 0.0283255
13189.1 400083 0.0283955
13193.2 400083 0.0284654
13197.4 400083 0.0285354
13201.5 400083 0.0286053
13205.6 400082 0.0286752
13209.7 400082 0.028745
13213.9 400082 0.0288149
13218.1 400082 0.0288846
13222.4 400082 0.0289543
13226.7 400082 0.029024
13231.2 400082 0.0290935
13235.7 400081 0.0291629
13240.2 400081 0.0292323
13244.8 400081 0.0293017
13249.3 400081 0.029371
13253.8 400081 0.0294403
13258.3 400081 0.0295096
13262.8 400080 0.0295788
13267.3 400080 0.029648
13271.8 400080 0.0297172
13276.3 400080 0.0297864
13280.8 400080 0.0298555
13285.3 400080 0.0299246
13289.8 400079 0.0299936
13294.3 400079 0.0300626
13298.7 400079 0.0301316
13303.2 400079 0.0302005
13307.7 400079 0.0302695
13312.2 400078 0.0303383
13316.6 400078 0.0304072
13321.1 400078 0.030476
13325.5 400078 0.0305448
13330 400078 0.0306135
13334.4 400078 0.0306823
13338.9 400077 0.0307509
13343.3 400077 0.0308196
13347.7 400077 0.0308882
13352.2 400077 0.0309568
13356.6 400077 0.0310253
13361 400076 0.0310939
13365.5 400076 0.0311623
13369.9 400076 0.0312308
13374.3 400076 0.0312992
13378.8 400075 0.0313676
13383.3 400075 0.0314359
13387.9 400075 0.0315041
13392.5 400075 0.0315723
13397.2 400075 0.0316404
13402 400074 0.0317083
13406.7 400074 0.0317762
13411.5 400074 0.031844
13416.2 400074 0.0319118
13420.9 400074 0.0319796
13425.7 400073 0.0320473
13430.4 400073 0.032115
13435.1 400073 0.0321827
13439.8 400073 0.0322504
13444.5 400072 0.0323179
13449.3 400072 0.0323855
13454 400072 0.032453
13458.7 400072 0.0325205
13463.4 400071 0.032588
13468.1 400071 0.0326554
13472.8 400071 0.0327228
13477.4 400071 0.0327901
13482.1 400070 0.0328574
13486.8 400070 0.0329247
13491.5 400070 0.0329919
13496.2 400070 0.0330591
13500.8 400069 0.0331263
13505.5 400069 0.0331934
13510.1 400069 0.0332605
13514.8 400069 0.0333276
13519.5 400068 0.0333946
13524.1 400068 0.0334616
13528.8 400068 0.0335286
13533.4 400068 0.0335955
13538 400067 0.0336624
13542.7 400067 0.0337293
13547.3 400067 0.0337961
13551.9 400067 0.0338629
13556.6 400066 0.0339296
13561.2 400066 0.0339963
13565.8 400066 0.034063
13570.4 400066 0.0341297
13575 400065 0.0341963
13579.6 400065 0.0342629
13584.2 400065 0.0343294
13588.8 400064 0.0343959
13593.4 400064 0.0344624
13598 400064 0.0345289
13602.7 400064 0.0345954
13607.4 400063 0.0346618
13612.1 400063 0.0347281
13616.8 400063 0.0347944
13621.6 400062 0.0348606
13410.3 388888 0.0347899
13470.1 392622 0.0348135
13494.5 398676 0.0348518
