0 -453.597 -2.26119e-06
634.56 22694.3 0.000113151
1173.57 46750.8 0.000233136
1709.92 70791.7 0.000353086
2243.81 94790.9 0.000472871
2775.24 118739 0.000592445
3304.22 142635 0.000711802
3830.74 166474 0.000830928
4354.77 190251 0.000949813
4876.15 213950 0.00106846
5394.56 237536 0.00118688
5909.16 260926 0.00130509
6418.2 283944 0.00142315
6918.36 306257 0.00154117
7403.99 327305 0.00165936
7866.83 346294 0.00177799
8297.18 362358 0.00189743
8686.59 374904 0.00201803
9030.8 383919 0.00213999
9330.49 389952 0.00226342
9590.04 393788 0.00238821
9815.21 396158 0.00251424
10011.7 397607 0.00264135
10184.8 398493 0.00276935
10338.5 399039 0.00289814
10475.8 399380 0.00302796
10599.4 399596 0.00315854
10711.4 399735 0.00328987
10812.7 399826 0.0034221
10905.5 399885 0.00355478
10991.1 399925 0.00368785
11070.4 399953 0.00382129
11143.9 399972 0.00395511
11212.1 399985 0.00408946
11276 399995 0.00422408
11335.9 400002 0.00435895
11392.3 400008 0.00449404
11445.5 400012 0.00462934
11495.9 400015 0.00476482
11543.8 400018 0.00490048
11589.3 400020 0.00503629
11632.4 400022 0.00517236
11673.3 400024 0.00530872
11712.4 400025 0.00544521
11749.8 400026 0.00558182
11785.6 400028 0.00571853
11820.1 400029 0.00585534
11853.2 400030 0.00599224
11885.1 400031 0.00612921
11915.6 400032 0.00626629
11945 400033 0.00640345
11972.9 400034 0.00654106
11999.8 400035 0.00667876
12025.7 400036 0.00681652
12050.7 400037 0.00695434
12074.7 400038 0.00709232
12097.7 400039 0.00723046
12119.8 400040 0.00736897
12141.1 400040 0.00750749
12161.8 400041 0.00764604
12181.9 400042 0.00778461
12201.4 400043 0.00792319
12220.3 400044 0.00806177
12238.6 400045 0.00820037
12256.3 400045 0.00833897
12273.3 400046 0.00847779
12289.7 400047 0.00861673
12305.5 400048 0.00875567
12320.9 400049 0.00889461
12335.7 400049 0.0090337
12349.8 400050 0.00917327
12363.5 400051 0.00931282
12376.5 400052 0.00945247
12388.8 400053 0.00959234
12400.7 400053 0.00973219
12412.4 400054 0.00987203
12423.7 400055 0.0100118
12434.7 400055 0.0101516
12445.5 400056 0.0102914
12455.9 400057 0.0104311
12466.1 400058 0.0105708
12476 400058 0.0107105
12485.7 400059 0.0108502
12495.1 400060 0.0109898
12504.3 400060 0.0111295
12513.2 400061 0.0112691
12521.8 400062 0.0114087
12530.3 400062 0.0115482
12538.4 400063 0.0116878
12546.4 400063 0.0118274
12554.2 400064 0.0119669
12561.7 400065 0.0121065
12569 400065 0.012246
12576.2 400066 0.0123855
12583.1 400066 0.012525
12589.9 400067 0.0126644
12596.5 400068 0.0128039
12603 400068 0.0129433
12609.3 400069 0.0130827
12615.5 400069 0.0132221
12621.6 400070 0.0133615
12627.5 400070 0.0135008
12633.3 400071 0.0136402
12638.9 400071 0.0137796
12644.3 400072 0.0139191
12649.5 400072 0.0140587
12654.6 400073 0.0141983
12659.6 400073 0.0143382
12664.4 400074 0.0144781
12669.2 400074 0.014618
12673.9 400075 0.0147578
12678.6 400075 0.0148977
12683.1 400076 0.0150375
12687.6 400076 0.0151773
12692 400076 0.015317
12696.3 400077 0.0154568
12700.6 400077 0.0155965
12704.8 400078 0.0157362
12708.9 400078 0.0158758
12713 400079 0.0160155
12717 400079 0.0161551
12720.9 400079 0.0162948
12724.7 400080 0.0164344
12728.5 400080 0.016574
12732.1 400080 0.0167138
12735.7 400081 0.0168537
12739.2 400081 0.0169937
12742.7 400081 0.0171336
12746 400082 0.0172735
12749.3 400082 0.0174135
12752.5 400082 0.0175536
12755.5 400083 0.0176945
12758.3 400083 0.0178356
12761.2 400083 0.0179767
12763.9 400083 0.0181178
12766.6 400084 0.0182589
12769.2 400084 0.0184001
12771.7 400084 0.0185414
12774.1 400084 0.0186831
12776.4 400085 0.0188248
12778.6 400085 0.0189665
12780.8 400085 0.0191082
12783 400085 0.0192499
12785.1 400086 0.0193916
12787.2 400086 0.0195334
12789.2 400086 0.0196751
12791.2 400086 0.0198169
12793.2 400086 0.0199586
12795.1 400087 0.0201004
12797 400087 0.0202421
12798.8 400087 0.0203839
12800.6 400087 0.0205256
12802.4 400087 0.0206673
12804.2 400087 0.0208091
12805.9 400087 0.0209508
12807.7 400087 0.0210925
12809.4 400088 0.0212342
12811 400088 0.0213759
12812.7 400088 0.0215176
12814.3 400088 0.0216592
12815.9 400088 0.0218009
12817.5 400088 0.0219425
12819.1 400088 0.0220841
12820.7 400088 0.0222257
12822.2 400088 0.0223673
12823.7 400088 0.0225089
12825.2 400088 0.0226504
12826.7 400088 0.022792
12828.2 400088 0.0229335
12829.7 400088 0.023075
12831.1 400088 0.0232165
12832.6 400088 0.0233579
12834 400088 0.0234994
12835.4 400088 0.0236408
12836.8 400088 0.0237822
12838.2 400088 0.0239236
12839.5 400088 0.024065
12840.9 400088 0.0242063
12842.2 400088 0.0243477
12843.6 400088 0.024489
12844.9 400088 0.0246303
12846.2 400088 0.0247716
12847.5 400088 0.0249129
12848.7 400088 0.0250541
12850 400087 0.0251954
12851.3 400087 0.0253366
12852.5 400087 0.0254778
12853.7 400087 0.025619
12855 400087 0.0257602
12856.2 400087 0.0259014
12857.4 400087 0.0260425
12858.5 400087 0.0261837
12859.7 400086 0.0263248
12860.9 400086 0.026466
12862 400086 0.0266071
12863.1 400086 0.0267482
12864.3 400086 0.0268893
12865.4 400085 0.0270304
12866.4 400085 0.0271715
12867.5 400085 0.0273126
12868.6 400085 0.0274536
12869.6 400084 0.0275947
12870.7 400084 0.0277358
12871.7 400084 0.0278768
12872.7 400084 0.0280179
12873.7 400083 0.0281589
12874.7 400083 0.0283
12875.7 400083 0.0284411
12876.6 400083 0.0285821
12877.5 400082 0.0287232
12878.5 400082 0.0288642
12879.4 400082 0.0290053
12880.3 400081 0.0291464
12881.2 400081 0.0292875
12882 400081 0.0294285
12882.9 400080 0.0295696
12883.7 400080 0.0297107
12884.6 400080 0.0298518
12885.4 400079 0.0299929
12886.2 400079 0.030134
12886.9 400079 0.0302752
12887.7 400078 0.0304163
12888.5 400078 0.0305574
12889.2 400077 0.0306986
12889.9 400077 0.0308397
12890.6 400077 0.0309809
12891.3 400076 0.0311221
12892 400076 0.0312633
12892.7 400075 0.0314045
12893.3 400075 0.0315457
12894 400074 0.0316869
12894.6 400074 0.0318281
12895.2 400074 0.0319694
12895.8 400073 0.0321106
12896.4 400073 0.0322519
12897 400072 0.0323931
12897.6 400072 0.0325344
12898.1 400071 0.0326757
12898.7 400071 0.032817
12899.2 400070 0.0329583
12899.8 400070 0.0330996
12900.3 400069 0.033241
12900.7 400069 0.0333826
12901.2 400068 0.0335243
12901.6 400067 0.033666
12902 400067 0.0338077
12902.5 400066 0.0339494
12902.9 400066 0.0340912
12903.3 400065 0.0342329
12903.7 400065 0.0343746
12904.1 400064 0.0345164
12904.5 400063 0.0346581
12904.8 400063 0.0347998
12905.2 400062 0.0349416
12905.5 400061 0.0350833
12905.9 400061 0.0352251
12906.2 400060 0.0353668
12906.6 400060 0.0355086
12906.9 400059 0.0356503
12907.2 400058 0.0357921
12907.5 400058 0.0359338
12907.9 400057 0.0360756
12908.2 400056 0.0362173
12908.5 400056 0.0363591
12908.8 400055 0.0365008
12909 400054 0.0366426
12909.3 400053 0.0367843
12909.6 400053 0.0369261
12909.9 400052 0.0370678
12910.2 400051 0.0372095
12910.4 400050 0.0373512
12910.7 400050 0.037493
12910.9 400049 0.0376347
12911.2 400048 0.0377764
12911.4 400047 0.0379181
12911.7 400047 0.0380598
12911.9 400046 0.0382015
12912.2 400045 0.0383432
12912.4 400044 0.0384849
12912.6 400043 0.0386266
12912.9 400043 0.0387682
12913.1 400042 0.0389099
12913.3 400041 0.0390516
12913.5 400040 0.0391932
12913.7 400039 0.0393349
12913.9 400039 0.0394765
12914.1 400038 0.0396182
12914.3 400037 0.0397598
12914.5 400036 0.0399014
12914.7 400035 0.040043
12914.9 400034 0.0401846
12915.1 400033 0.0403262
12915.3 400032 0.0404678
12915.5 400031 0.0406094
12915.7 400031 0.040751
12915.9 400030 0.0408926
12916 400029 0.0410341
12916.2 400028 0.0411757
12916.4 400027 0.0413172
12916.6 400026 0.0414588
12916.7 400025 0.0416003
12916.9 400024 0.0417418
12917 400023 0.0418833
12917.2 400022 0.0420248
12917.4 400021 0.0421663
12917.5 400020 0.0423078
12917.7 400019 0.0424493
12917.8 400018 0.0425908
12918 400017 0.0427323
12918.1 400016 0.0428737
12918.2 400015 0.0430152
12918.4 400014 0.0431566
12918.5 400013 0.0432981
12918.7 400012 0.0434395
12918.8 400011 0.0435809
12918.9 400010 0.0437223
12919.1 400009 0.0438637
12919.3 400008 0.0440051
12919.6 400007 0.0441464
12920.2 400006 0.0442877
12921.1 400004 0.0444288
12922.2 400003 0.0445698
12923.4 400004 0.0447108
12924.8 400044 0.0448518
12926.3 400141 0.0449926
12927.9 400292 0.0451335
12929.8 400548 0.0452742
12931.8 400830 0.0454149
12933.7 401111 0.0455556
12935.7 401392 0.0456963
12937.6 401673 0.0458369
12939.6 401954 0.0459775
12941.8 402234 0.0461181
12944.1 402515 0.0462586
12946.6 402795 0.046399
12949.3 403075 0.0465394
12951.9 403355 0.0466798
12954.5 403635 0.0468201
12957.1 403915 0.0469605
12959.7 404195 0.0471008
12962.3 404474 0.0472411
12964.9 404754 0.0473814
12967.5 405033 0.0475217
12970.2 405313 0.0476619
12973 405592 0.0478021
12976 405871 0.0479422
12979.1 406150 0.0480823
12982.4 406428 0.0482223
12985.6 406707 0.0483622
12988.8 406985 0.0485022
12992 407264 0.0486421
12995.2 407542 0.0487821
12998.4 407820 0.048922
13001.6 408098 0.0490619
13004.8 408376 0.0492018
13008 408654 0.0493416
13011.2 408932 0.0494815
13014.4 409210 0.0496213
13017.6 409487 0.0497612
13020.9 409765 0.049901
13024.2 410042 0.0500407
13027.7 410319 0.0501804
13031.3 410596 0.05032
13035 410873 0.0504595
13038.8 411150 0.050599
13042.5 411426 0.0507385
13046.3 411703 0.0508779
13050 411979 0.0510174
13053.7 412256 0.0511568
13057.5 412532 0.0512963
13061.2 412808 0.0514357
13064.9 413084 0.0515751
13068.7 413360 0.0517144
13072.4 413636 0.0518538
13076.1 413912 0.0519931
13079.8 414188 0.0521324
13083.5 414463 0.0522718
13087.2 414739 0.052411
13090.9 415014 0.0525503
13094.6 415290 0.0526896
13098.4 415565 0.0528288
13102.2 415840 0.052968
13106.1 416115 0.0531071
13110 416390 0.0532461
13114.2 416664 0.0533851
13118.4 416939 0.053524
13122.6 417213 0.0536628
13126.8 417487 0.0538017
13130.9 417761 0.0539406
13135.1 418035 0.0540794
13139.3 418309 0.0542182
13143.5 418583 0.054357
13147.6 418857 0.0544957
13151.8 419131 0.0546345
13155.9 419404 0.0547732
13160.1 419678 0.0549119
13164.3 419951 0.0550505
13168.4 420225 0.0551892
13172.5 420498 0.0553278
13176.7 420771 0.0554664
13180.8 421044 0.055605
13185 421317 0.0557436
13189.1 421590 0.0558821
13193.2 421863 0.0560206
13197.4 422135 0.0561591
13201.5 422408 0.0562976
13205.6 422680 0.0564361
13209.7 422953 0.0565745
13213.9 423225 0.0567129
13218.1 423497 0.0568512
13222.4 423769 0.0569895
13226.7 424041 0.0571277
13231.2 424313 0.0572658
13235.7 424584 0.0574038
13240.2 424855 0.0575418
13244.8 425126 0.0576798
13249.3 425398 0.0578177
13253.8 425669 0.0579557
13258.3 425939 0.0580936
13262.8 426210 0.0582314
13267.3 426481 0.0583693
13271.8 426752 0.0585071
13276.3 427022 0.0586449
13280.8 427293 0.0587827
13285.3 427563 0.0589204
13289.8 427833 0.0590581
13294.3 428103 0.0591958
13298.7 428373 0.0593334
13303.2 428643 0.059471
13307.7 428913 0.0596086
13312.2 429183 0.0597462
13316.6 429453 0.0598837
13321.1 429722 0.0600212
13325.5 429992 0.0601587
13330 430261 0.0602962
13334.4 430531 0.0604336
13338.9 430800 0.060571
13343.3 431069 0.0607083
13347.7 431338 0.0608457
13352.2 431607 0.060983
13356.6 431876 0.0611203
13361 432144 0.0612575
13365.5 432413 0.0613947
13369.9 432682 0.0615319
13374.3 432950 0.061669
13378.8 433218 0.0618061
13383.3 433487 0.0619432
13387.9 433755 0.0620801
13392.5 434022 0.062217
13397.2 434290 0.0623538
13402 434557 0.0624905
13406.7 434825 0.0626272
13411.5 435092 0.0627638
13416.2 435359 0.0629005
13420.9 435626 0.063037
13425.7 435893 0.0631736
13430.4 436160 0.0633101
13435.1 436427 0.0634466
13439.8 436693 0.063583
13444.5 436960 0.0637195
13449.3 437226 0.0638559
13454 437493 0.0639922
13458.7 437759 0.0641285
13463.4 438025 0.0642648
13468.1 438292 0.0644011
13472.8 438558 0.0645373
13477.4 438823 0.0646735
13482.1 439089 0.0648097
13486.8 439355 0.0649458
13491.5 439621 0.0650819
13496.2 439886 0.065218
13500.8 440152 0.065354
13505.5 440417 0.06549
13510.1 440683 0.065626
13514.8 440948 0.0657619
13519.5 441213 0.0658978
13524.1 441478 0.0660337
13528.8 441743 0.0661695
13533.4 442008 0.0663054
13538 442273 0.0664411
13542.7 442538 0.0665769
13547.3 442802 0.0667126
13551.9 443067 0.0668483
13556.6 443331 0.0669839
13561.2 443596 0.0671196
13565.8 443860 0.0672552
13570.4 444124 0.0673907
13575 444389 0.0675262
13579.6 444653 0.0676617
13584.2 444917 0.0677972
13588.8 445181 0.0679326
13593.4 445444 0.068068
13598 445708 0.0682034
13602.7 445972 0.0683387
13607.4 446235 0.068474
13612.1 446499 0.0686092
13616.8 446762 0.0687443
13621.6 447025 0.0688793
13410.3 446951 0.0688788
13470.1 447205 0.068972
13494.5 447416 0.0690798
