0 -453.597 -2.26119e-06
634.56 23111 0.000115229
1173.57 47587.1 0.000237308
1709.92 72046.8 0.00035935
2243.81 96464.7 0.000481227
2775.24 120831 0.000602892
3304.22 145144 0.000724339
3830.74 169400 0.000845554
4354.77 193592 0.000966528
4876.15 217701 0.00108726
5394.56 241685 0.00120777
5909.16 265442 0.00132807
6418.2 288759 0.00144822
6918.36 311236 0.00156834
7403.99 332222 0.00168861
7866.83 350838 0.00180933
8297.18 366216 0.00193086
8686.59 377890 0.00205355
9030.8 386047 0.0021776
9330.49 391377 0.00230312
9590.04 394708 0.00243001
9815.21 396743 0.00255816
10011.7 397978 0.00268741
10184.8 398729 0.00281755
10338.5 399191 0.00294848
10475.8 399479 0.00308037
10599.4 399661 0.003213
10711.4 399778 0.00334636
10812.7 399855 0.00348066
10905.5 399906 0.0036154
10991.1 399940 0.00375053
11070.4 399963 0.00388603
11143.9 399979 0.00402191
11212.1 399991 0.00415831
11276 399999 0.00429498
11335.9 400005 0.0044319
11392.3 400010 0.00456904
11445.5 400014 0.00470638
11495.9 400017 0.00484391
11543.8 400019 0.00498161
11589.3 400021 0.00511946
11632.4 400023 0.00525758
11673.3 400024 0.005396
11712.4 400026 0.00553455
11749.8 400027 0.00567321
11785.6 400028 0.00581198
11820.1 400030 0.00595084
11853.2 400031 0.00608979
11885.1 400032 0.00622882
11915.6 400033 0.006368
11945 400034 0.0065073
11972.9 400035 0.00664702
11999.8 400036 0.00678684
12025.7 400037 0.00692671
12050.7 400038 0.00706665
12074.7 400038 0.0072068
12097.7 400039 0.00734711
12119.8 400040 0.00748771
12141.1 400041 0.00762835
12161.8 400042 0.00776901
12181.9 400043 0.00790968
12201.4 400044 0.00805037
12220.3 400045 0.00819106
12238.6 400045 0.00833176
12256.3 400046 0.00847247
12273.3 400047 0.00861339
12289.7 400048 0.00875443
12305.5 400049 0.00889547
12320.9 400049 0.00903651
12335.7 400050 0.00917767
12349.8 400051 0.00931921
12363.5 400052 0.00946073
12376.5 400053 0.00960247
12388.8 400053 0.00974449
12400.7 400054 0.00988651
12412.4 400055 0.0100285
12423.7 400056 0.0101705
12434.7 400056 0.0103124
12445.5 400057 0.0104543
12455.9 400058 0.0105962
12466.1 400058 0.0107381
12476 400059 0.01088
12485.7 400060 0.0110218
12495.1 400060 0.0111636
12504.3 400061 0.0113054
12513.2 400062 0.0114472
12521.8 400062 0.011589
12530.3 400063 0.0117307
12538.4 400064 0.0118725
12546.4 400064 0.0120142
12554.2 400065 0.0121559
12561.7 400065 0.0122976
12569 400066 0.0124393
12576.2 400067 0.012581
12583.1 400067 0.0127227
12589.9 400068 0.0128643
12596.5 400068 0.0130059
12603 400069 0.0131476
12609.3 400070 0.0132891
12615.5 400070 0.0134307
12621.6 400071 0.0135723
12627.5 400071 0.0137138
12633.3 400072 0.0138553
12638.9 400072 0.013997
12644.3 400073 0.0141389
12649.5 400073 0.0142807
12654.6 400074 0.0144227
12659.6 400074 0.0145649
12664.4 400075 0.014707
12669.2 400075 0.0148492
12673.9 400075 0.0149913
12678.6 400076 0.0151334
12683.1 400076 0.0152755
12687.6 400077 0.0154176
12692 400077 0.0155596
12696.3 400078 0.0157016
12700.6 400078 0.0158436
12704.8 400078 0.0159856
12708.9 400079 0.0161276
12713 400079 0.0162695
12717 400080 0.0164114
12720.9 400080 0.0165534
12724.7 400080 0.0166953
12728.5 400081 0.0168372
12732.1 400081 0.0169792
12735.7 400081 0.0171214
12739.2 400082 0.0172636
12742.7 400082 0.0174057
12746 400082 0.0175479
12749.3 400083 0.0176901
12752.5 400083 0.0178323
12755.5 400083 0.0179754
12758.3 400083 0.0181185
12761.2 400084 0.0182617
12763.9 400084 0.0184049
12766.6 400084 0.0185481
12769.2 400085 0.0186913
12771.7 400085 0.0188347
12774.1 400085 0.0189784
12776.4 400085 0.0191222
12778.6 400085 0.019266
12780.8 400086 0.0194098
12783 400086 0.0195536
12785.1 400086 0.0196973
12787.2 400086 0.0198412
12789.2 400086 0.019985
12791.2 400087 0.0201288
12793.2 400087 0.0202726
12795.1 400087 0.0204164
12797 400087 0.0205602
12798.8 400087 0.020704
12800.6 400087 0.0208478
12802.4 400087 0.0209916
12804.2 400088 0.0211354
12805.9 400088 0.0212791
12807.7 400088 0.0214229
12809.4 400088 0.0215666
12811 400088 0.0217104
12812.7 400088 0.0218541
12814.3 400088 0.0219978
12815.9 400088 0.0221415
12817.5 400088 0.0222851
12819.1 400088 0.0224288
12820.7 400088 0.0225725
12822.2 400088 0.0227161
12823.7 400088 0.0228597
12825.2 400088 0.0230033
12826.7 400088 0.0231469
12828.2 400088 0.0232904
12829.7 400088 0.023434
12831.1 400088 0.0235775
12832.6 400088 0.023721
12834 400088 0.0238645
12835.4 400088 0.0240079
12836.8 400088 0.0241514
12838.2 400088 0.0242948
12839.5 400088 0.0244383
12840.9 400088 0.0245817
12842.2 400088 0.024725
12843.6 400088 0.0248684
12844.9 400088 0.0250118
12846.2 400088 0.0251551
12847.5 400087 0.0252984
12848.7 400087 0.0254417
12850 400087 0.025585
12851.3 400087 0.0257283
12852.5 400087 0.0258716
12853.7 400087 0.0260148
12855 400087 0.0261581
12856.2 400086 0.0263013
12857.4 400086 0.0264445
12858.5 400086 0.0265877
12859.7 400086 0.0267309
12860.9 400086 0.0268741
12862 400085 0.0270172
12863.1 400085 0.0271604
12864.3 400085 0.0273035
12865.4 400085 0.0274467
12866.4 400085 0.0275898
12867.5 400084 0.027733
12868.6 400084 0.0278761
12869.6 400084 0.0280192
12870.7 400083 0.0281623
12871.7 400083 0.0283054
12872.7 400083 0.0284485
12873.7 400083 0.0285917
12874.7 400082 0.0287348
12875.7 400082 0.0288779
12876.6 400082 0.029021
12877.5 400081 0.0291641
12878.5 400081 0.0293072
12879.4 400081 0.0294503
12880.3 400080 0.0295935
12881.2 400080 0.0297366
12882 400080 0.0298797
12882.9 400079 0.0300229
12883.7 400079 0.030166
12884.6 400079 0.0303091
12885.4 400078 0.0304523
12886.2 400078 0.0305955
12886.9 400077 0.0307386
12887.7 400077 0.0308818
12888.5 400077 0.031025
12889.2 400076 0.0311682
12889.9 400076 0.0313114
12890.6 400075 0.0314546
12891.3 400075 0.0315978
12892 400074 0.0317411
12892.7 400074 0.0318843
12893.3 400073 0.0320275
12894 400073 0.0321708
12894.6 400072 0.0323141
12895.2 400072 0.0324574
12895.8 400071 0.0326006
12896.4 400071 0.0327439
12897 400070 0.0328872
12897.6 400070 0.0330305
12898.1 400069 0.0331739
12898.7 400069 0.0333172
12899.2 400068 0.0334605
12899.8 400068 0.0336038
12900.3 400067 0.0337472
12900.7 400067 0.033891
12901.2 400066 0.0340347
12901.6 400065 0.0341785
12902 400065 0.0343223
12902.5 400064 0.0344661
12902.9 400064 0.0346099
12903.3 400063 0.0347537
12903.7 400062 0.0348975
12904.1 400062 0.0350413
12904.5 400061 0.0351851
12904.8 400060 0.0353289
12905.2 400060 0.0354727
12905.5 400059 0.0356166
12905.9 400058 0.0357604
12906.2 400058 0.0359042
12906.6 400057 0.036048
12906.9 400056 0.0361918
12907.2 400056 0.0363357
12907.5 400055 0.0364795
12907.9 400054 0.0366233
12908.2 400053 0.0367671
12908.5 400053 0.0369109
12908.8 400052 0.0370547
12909 400051 0.0371985
12909.3 400051 0.0373424
12909.6 400050 0.0374862
12909.9 400049 0.03763
12910.2 400048 0.0377738
12910.4 400047 0.0379175
12910.7 400047 0.0380613
12910.9 400046 0.0382051
12911.2 400045 0.0383489
12911.4 400044 0.0384927
12911.7 400043 0.0386364
12911.9 400043 0.0387802
12912.2 400042 0.038924
12912.4 400041 0.0390677
12912.6 400040 0.0392115
12912.9 400039 0.0393552
12913.1 400038 0.0394989
12913.3 400038 0.0396427
12913.5 400037 0.0397864
12913.7 400036 0.0399301
12913.9 400035 0.0400738
12914.1 400034 0.0402175
12914.3 400033 0.0403612
12914.5 400032 0.0405049
12914.7 400031 0.0406486
12914.9 400030 0.0407922
12915.1 400029 0.0409359
12915.3 400028 0.0410796
12915.5 400027 0.0412232
12915.7 400027 0.0413669
12915.9 400026 0.0415105
12916 400025 0.0416541
12916.2 400024 0.0417978
12916.4 400023 0.0419414
12916.6 400022 0.042085
12916.7 400021 0.0422286
12916.9 400020 0.0423722
12917 400019 0.0425158
12917.2 400018 0.0426593
12917.4 400017 0.0428029
12917.5 400016 0.0429465
12917.7 400015 0.04309
12917.8 400013 0.0432336
12918 400012 0.0433771
12918.1 400011 0.0435206
12918.2 400010 0.0436642
12918.4 400009 0.0438077
12918.5 400008 0.0439512
12918.7 400007 0.0440947
12918.8 400006 0.0442382
12918.9 400005 0.0443817
12919.1 400004 0.0445251
12919.3 400003 0.0446686
12919.6 400027 0.044812
12920.2 400110 0.0449553
12921.1 400249 0.0450985
12922.2 400483 0.0452416
12923.4 400769 0.0453847
12924.8 401055 0.0455277
12926.3 401341 0.0456707
12927.9 401626 0.0458136
12929.8 401911 0.0459564
12931.8 402196 0.0460992
12933.7 402481 0.046242
12935.7 402766 0.0463847
12937.6 403051 0.0465275
12939.6 403336 0.0466702
12941.8 403621 0.0468129
12944.1 403905 0.0469555
12946.6 404189 0.047098
12949.3 404473 0.0472405
12951.9 404757 0.0473829
12954.5 405041 0.0475254
12957.1 405324 0.0476678
12959.7 405608 0.0478103
12962.3 405892 0.0479527
12964.9 406175 0.0480951
12967.5 406459 0.0482375
12970.2 406742 0.0483798
12973 407025 0.0485221
12976 407308 0.0486644
12979.1 407590 0.0488065
12982.4 407873 0.0489486
12985.6 408155 0.0490907
12988.8 408438 0.0492327
12992 408720 0.0493748
12995.2 409002 0.0495168
12998.4 409284 0.0496588
13001.6 409566 0.0498008
13004.8 409848 0.0499428
13008 410130 0.0500848
13011.2 410411 0.0502267
13014.4 410693 0.0503686
13017.6 410974 0.0505106
13020.9 411256 0.0506525
13024.2 411537 0.0507943
13027.7 411818 0.0509361
13031.3 412099 0.0510778
13035 412380 0.0512194
13038.8 412660 0.051361
13042.5 412941 0.0515026
13046.3 413221 0.0516441
13050 413501 0.0517857
13053.7 413781 0.0519272
13057.5 414062 0.0520688
13061.2 414342 0.0522103
13064.9 414622 0.0523518
13068.7 414901 0.0524933
13072.4 415181 0.0526347
13076.1 415461 0.0527762
13079.8 415741 0.0529176
13083.5 416020 0.053059
13087.2 416300 0.0532004
13090.9 416579 0.0533418
13094.6 416858 0.0534831
13098.4 417137 0.0536245
13102.2 417416 0.0537658
13106.1 417695 0.053907
13110 417974 0.0540481
13114.2 418252 0.0541892
13118.4 418530 0.0543302
13122.6 418809 0.0544712
13126.8 419087 0.0546122
13130.9 419365 0.0547531
13135.1 419643 0.0548941
13139.3 419921 0.055035
13143.5 420198 0.0551759
13147.6 420476 0.0553168
13151.8 420754 0.0554576
13155.9 421031 0.0555985
13160.1 421308 0.0557393
13164.3 421586 0.0558801
13168.4 421863 0.0560209
13172.5 422140 0.0561616
13176.7 422417 0.0563024
13180.8 422694 0.0564431
13185 422971 0.0565838
13189.1 423248 0.0567244
13193.2 423525 0.0568651
13197.4 423801 0.0570057
13201.5 424078 0.0571463
13205.6 424354 0.0572869
13209.7 424630 0.0574274
13213.9 424907 0.0575679
13218.1 425183 0.0577084
13222.4 425459 0.0578488
13226.7 425734 0.0579891
13231.2 426010 0.0581293
13235.7 426285 0.0582695
13240.2 426560 0.0584097
13244.8 426835 0.0585498
13249.3 427110 0.0586899
13253.8 427385 0.0588299
13258.3 427660 0.05897
13262.8 427935 0.05911
13267.3 428210 0.05925
13271.8 428484 0.0593899
13276.3 428759 0.0595299
13280.8 429033 0.0596698
13285.3 429307 0.0598096
13289.8 429582 0.0599495
13294.3 429856 0.0600893
13298.7 430130 0.0602291
13303.2 430404 0.0603689
13307.7 430678 0.0605086
13312.2 430951 0.0606483
13316.6 431225 0.060788
13321.1 431499 0.0609277
13325.5 431772 0.0610673
13330 432045 0.0612069
13334.4 432319 0.0613465
13338.9 432592 0.061486
13343.3 432865 0.0616255
13347.7 433138 0.061765
13352.2 433411 0.0619045
13356.6 433684 0.0620439
13361 433957 0.0621833
13365.5 434229 0.0623227
13369.9 434502 0.062462
13374.3 434774 0.0626013
13378.8 435047 0.0627406
13383.3 435319 0.0628798
13387.9 435591 0.0630189
13392.5 435863 0.0631579
13397.2 436134 0.0632969
13402 436406 0.0634358
13406.7 436677 0.0635746
13411.5 436948 0.0637134
13416.2 437219 0.0638522
13420.9 437490 0.063991
13425.7 437761 0.0641297
13430.4 438032 0.0642684
13435.1 438303 0.064407
13439.8 438574 0.0645457
13444.5 438844 0.0646842
13449.3 439115 0.0648228
13454 439385 0.0649613
13458.7 439656 0.0650998
13463.4 439926 0.0652383
13468.1 440196 0.0653767
13472.8 440466 0.0655152
13477.4 440736 0.0656535
13482.1 441006 0.0657919
13486.8 441276 0.0659302
13491.5 441546 0.0660685
13496.2 441816 0.0662067
13500.8 442085 0.0663449
13505.5 442355 0.0664831
13510.1 442624 0.0666213
13514.8 442893 0.0667594
13519.5 443163 0.0668975
13524.1 443432 0.0670355
13528.8 443701 0.0671736
13533.4 443970 0.0673116
13538 444239 0.0674495
13542.7 444508 0.0675875
13547.3 444777 0.0677254
13551.9 445045 0.0678632
13556.6 445314 0.0680011
13561.2 445582 0.0681389
13565.8 445851 0.0682767
13570.4 446119 0.0684144
13575 446388 0.0685521
13579.6 446656 0.0686898
13584.2 446924 0.0688275
13588.8 447192 0.0689651
13593.4 447460 0.0691027
13598 447728 0.0692402
13602.7 447996 0.0693777
13607.4 448264 0.0695152
13612.1 448531 0.0696525
13616.8 448798 0.0697899
13621.6 449066 0.0699271
13410.3 449069 0.069929
13470.1 449255 0.0700244
13494.5 449470 0.0701345
