0 -453.597 -2.26119e-06
634.56 23249.4 0.000115919
1173.57 47867.1 0.000238705
1709.92 72467.8 0.00036145
2243.81 97026.8 0.000484033
2775.24 121534 0.000606402
3304.22 145987 0.000728551
3830.74 170383 0.000850467
4354.77 194714 0.000972144
4876.15 218961 0.00109358
5394.56 243078 0.00121479
5909.16 266956 0.00133579
6418.2 290369 0.00145665
6918.36 312892 0.00157746
7403.99 333843 0.00169844
7866.83 352314 0.00181986
8297.18 367446 0.0019421
8686.59 378824 0.00206549
9030.8 386701 0.00219024
9330.49 391810 0.00231646
9590.04 394985 0.00244406
9815.21 396918 0.00257294
10011.7 398088 0.00270294
10184.8 398799 0.00283383
10338.5 399236 0.00296552
10475.8 399509 0.0030981
10599.4 399681 0.00323139
10711.4 399791 0.00336538
10812.7 399864 0.00350036
10905.5 399912 0.00363578
10991.1 399944 0.00377159
11070.4 399966 0.00390775
11143.9 399981 0.0040443
11212.1 399992 0.00418137
11276 400000 0.0043187
11335.9 400006 0.00445628
11392.3 400011 0.00459408
11445.5 400014 0.00473208
11495.9 400017 0.00487027
11543.8 400020 0.00500862
11589.3 400022 0.00514713
11632.4 400023 0.00528591
11673.3 400025 0.00542499
11712.4 400026 0.00556421
11749.8 400027 0.00570354
11785.6 400029 0.00584297
11820.1 400030 0.0059825
11853.2 400031 0.00612211
11885.1 400032 0.00626181
11915.6 400033 0.00640171
11945 400034 0.00654176
11972.9 400035 0.00668221
11999.8 400036 0.00682275
12025.7 400037 0.00696334
12050.7 400038 0.00710403
12074.7 400039 0.00724497
12097.7 400040 0.00738604
12119.8 400041 0.00752737
12141.1 400041 0.00766872
12161.8 400042 0.0078101
12181.9 400043 0.00795149
12201.4 400044 0.0080929
12220.3 400045 0.00823432
12238.6 400046 0.00837574
12256.3 400047 0.00851717
12273.3 400047 0.00865881
12289.7 400048 0.00880056
12305.5 400049 0.00894231
12320.9 400050 0.00908406
12335.7 400051 0.0092259
12349.8 400051 0.00936801
12363.5 400052 0.00951012
12376.5 400053 0.00965255
12388.8 400054 0.00979535
12400.7 400054 0.00993814
12412.4 400055 0.0100809
12423.7 400056 0.0102236
12434.7 400057 0.0103664
12445.5 400057 0.0105091
12455.9 400058 0.0106517
12466.1 400059 0.0107944
12476 400059 0.010937
12485.7 400060 0.0110796
12495.1 400061 0.0112222
12504.3 400061 0.0113648
12513.2 400062 0.0115074
12521.8 400063 0.0116499
12530.3 400063 0.0117925
12538.4 400064 0.011935
12546.4 400065 0.0120775
12554.2 400065 0.01222
12561.7 400066 0.0123625
12569 400066 0.012505
12576.2 400067 0.0126475
12583.1 400068 0.01279
12589.9 400068 0.0129324
12596.5 400069 0.0130748
12603 400069 0.0132172
12609.3 400070 0.0133596
12615.5 400070 0.013502
12621.6 400071 0.0136443
12627.5 400071 0.0137866
12633.3 400072 0.013929
12638.9 400072 0.0140715
12644.3 400073 0.0142143
12649.5 400073 0.0143572
12654.6 400074 0.0145001
12659.6 400074 0.0146431
12664.4 400075 0.0147862
12669.2 400075 0.0149292
12673.9 400076 0.0150722
12678.6 400076 0.0152152
12683.1 400077 0.0153582
12687.6 400077 0.0155011
12692 400077 0.0156441
12696.3 400078 0.015787
12700.6 400078 0.0159299
12704.8 400079 0.0160728
12708.9 400079 0.0162156
12713 400079 0.0163585
12717 400080 0.0165013
12720.9 400080 0.0166442
12724.7 400081 0.016787
12728.5 400081 0.0169298
12732.1 400081 0.0170728
12735.7 400082 0.0172158
12739.2 400082 0.0173588
12742.7 400082 0.0175018
12746 400082 0.0176448
12749.3 400083 0.0177878
12752.5 400083 0.0179309
12755.5 400083 0.0180746
12758.3 400084 0.0182185
12761.2 400084 0.0183623
12763.9 400084 0.0185061
12766.6 400084 0.01865
12769.2 400085 0.0187939
12771.7 400085 0.018938
12774.1 400085 0.0190824
12776.4 400085 0.0192269
12778.6 400086 0.0193713
12780.8 400086 0.0195158
12783 400086 0.0196603
12785.1 400086 0.0198048
12787.2 400086 0.0199492
12789.2 400087 0.0200937
12791.2 400087 0.0202382
12793.2 400087 0.0203827
12795.1 400087 0.0205272
12797 400087 0.0206716
12798.8 400087 0.0208161
12800.6 400087 0.0209606
12802.4 400088 0.021105
12804.2 400088 0.0212495
12805.9 400088 0.0213939
12807.7 400088 0.0215383
12809.4 400088 0.0216827
12811 400088 0.0218271
12812.7 400088 0.0219715
12814.3 400088 0.0221158
12815.9 400088 0.0222602
12817.5 400088 0.0224045
12819.1 400088 0.0225488
12820.7 400088 0.0226931
12822.2 400088 0.0228374
12823.7 400088 0.0229817
12825.2 400088 0.0231259
12826.7 400088 0.0232701
12828.2 400088 0.0234144
12829.7 400088 0.0235586
12831.1 400088 0.0237027
12832.6 400088 0.0238469
12834 400088 0.023991
12835.4 400088 0.0241352
12836.8 400088 0.0242793
12838.2 400088 0.0244234
12839.5 400088 0.0245674
12840.9 400088 0.0247115
12842.2 400088 0.0248555
12843.6 400088 0.0249996
12844.9 400088 0.0251436
12846.2 400087 0.0252876
12847.5 400087 0.0254315
12848.7 400087 0.0255755
12850 400087 0.0257195
12851.3 400087 0.0258634
12852.5 400087 0.0260073
12853.7 400087 0.0261512
12855 400086 0.0262951
12856.2 400086 0.026439
12857.4 400086 0.0265829
12858.5 400086 0.0267268
12859.7 400086 0.0268706
12860.9 400085 0.0270145
12862 400085 0.0271583
12863.1 400085 0.0273021
12864.3 400085 0.0274459
12865.4 400085 0.0275897
12866.4 400084 0.0277335
12867.5 400084 0.0278773
12868.6 400084 0.0280211
12869.6 400083 0.0281649
12870.7 400083 0.0283087
12871.7 400083 0.0284525
12872.7 400083 0.0285962
12873.7 400082 0.02874
12874.7 400082 0.0288838
12875.7 400082 0.0290276
12876.6 400081 0.0291713
12877.5 400081 0.0293151
12878.5 400081 0.0294589
12879.4 400080 0.0296027
12880.3 400080 0.0297465
12881.2 400080 0.0298902
12882 400079 0.030034
12882.9 400079 0.0301778
12883.7 400079 0.0303216
12884.6 400078 0.0304654
12885.4 400078 0.0306093
12886.2 400077 0.0307531
12886.9 400077 0.0308969
12887.7 400076 0.0310408
12888.5 400076 0.0311846
12889.2 400076 0.0313285
12889.9 400075 0.0314723
12890.6 400075 0.0316162
12891.3 400074 0.0317601
12892 400074 0.0319039
12892.7 400073 0.0320478
12893.3 400073 0.0321917
12894 400072 0.0323356
12894.6 400072 0.0324796
12895.2 400071 0.0326235
12895.8 400071 0.0327674
12896.4 400070 0.0329114
12897 400070 0.0330553
12897.6 400069 0.0331993
12898.1 400069 0.0333432
12898.7 400068 0.0334872
12899.2 400068 0.0336311
12899.8 400067 0.0337751
12900.3 400066 0.0339191
12900.7 400066 0.0340636
12901.2 400065 0.034208
12901.6 400065 0.0343525
12902 400064 0.034497
12902.5 400063 0.0346415
12902.9 400063 0.0347859
12903.3 400062 0.0349304
12903.7 400062 0.0350749
12904.1 400061 0.0352194
12904.5 400060 0.0353639
12904.8 400060 0.0355084
12905.2 400059 0.0356529
12905.5 400058 0.0357974
12905.9 400058 0.0359419
12906.2 400057 0.0360864
12906.6 400056 0.0362309
12906.9 400055 0.0363754
12907.2 400055 0.0365199
12907.5 400054 0.0366644
12907.9 400053 0.0368089
12908.2 400053 0.0369534
12908.5 400052 0.0370979
12908.8 400051 0.0372424
12909 400050 0.0373869
12909.3 400050 0.0375313
12909.6 400049 0.0376758
12909.9 400048 0.0378203
12910.2 400047 0.0379648
12910.4 400046 0.0381093
12910.7 400046 0.0382537
12910.9 400045 0.0383982
12911.2 400044 0.0385426
12911.4 400043 0.0386871
12911.7 400042 0.0388315
12911.9 400041 0.038976
12912.2 400041 0.0391204
12912.4 400040 0.0392648
12912.6 400039 0.0394093
12912.9 400038 0.0395537
12913.1 400037 0.0396981
12913.3 400036 0.0398425
12913.5 400035 0.0399869
12913.7 400035 0.0401313
12913.9 400034 0.0402757
12914.1 400033 0.0404201
12914.3 400032 0.0405644
12914.5 400031 0.0407088
12914.7 400030 0.0408532
12914.9 400029 0.0409975
12915.1 400028 0.0411419
12915.3 400027 0.0412862
12915.5 400026 0.0414305
12915.7 400025 0.0415748
12915.9 400024 0.0417192
12916 400023 0.0418635
12916.2 400022 0.0420078
12916.4 400021 0.0421521
12916.6 400020 0.0422964
12916.7 400019 0.0424406
12916.9 400018 0.0425849
12917 400017 0.0427292
12917.2 400016 0.0428734
12917.4 400015 0.0430177
12917.5 400014 0.0431619
12917.7 400013 0.0433062
12917.8 400012 0.0434504
12918 400011 0.0435946
12918.1 400010 0.0437388
12918.2 400009 0.043883
12918.4 400008 0.0440272
12918.5 400006 0.0441714
12918.7 400005 0.0443156
12918.8 400004 0.0444598
12918.9 400003 0.0446039
12919.1 400009 0.0447481
12919.3 400066 0.0448922
12919.6 400182 0.0450363
12920.2 400355 0.0451803
12921.1 400648 0.0453242
12922.2 400936 0.045468
12923.4 401223 0.0456118
12924.8 401510 0.0457555
12926.3 401797 0.0458992
12927.9 402084 0.0460428
12929.8 402370 0.0461863
12931.8 402657 0.0463298
12933.7 402943 0.0464733
12935.7 403229 0.0466167
12937.6 403516 0.0467602
12939.6 403802 0.0469036
12941.8 404087 0.047047
12944.1 404373 0.0471903
12946.6 404659 0.0473336
12949.3 404944 0.0474767
12951.9 405229 0.0476199
12954.5 405514 0.0477631
12957.1 405799 0.0479062
12959.7 406084 0.0480494
12962.3 406369 0.0481925
12964.9 406654 0.0483356
12967.5 406939 0.0484788
12970.2 407223 0.0486218
12973 407508 0.0487648
12976 407792 0.0489078
12979.1 408076 0.0490507
12982.4 408360 0.0491935
12985.6 408643 0.0493363
12988.8 408927 0.0494791
12992 409211 0.0496218
12995.2 409494 0.0497645
12998.4 409777 0.0499073
13001.6 410061 0.05005
13004.8 410344 0.0501926
13008 410627 0.0503353
13011.2 410910 0.050478
13014.4 411193 0.0506206
13017.6 411476 0.0507633
13020.9 411758 0.0509059
13024.2 412041 0.0510484
13027.7 412323 0.0511909
13031.3 412605 0.0513333
13035 412887 0.0514756
13038.8 413169 0.0516179
13042.5 413451 0.0517603
13046.3 413733 0.0519025
13050 414014 0.0520448
13053.7 414296 0.0521871
13057.5 414577 0.0523293
13061.2 414859 0.0524716
13064.9 415140 0.0526138
13068.7 415421 0.052756
13072.4 415702 0.0528981
13076.1 415983 0.0530403
13079.8 416264 0.0531825
13083.5 416545 0.0533246
13087.2 416826 0.0534667
13090.9 417106 0.0536088
13094.6 417387 0.0537509
13098.4 417667 0.0538929
13102.2 417948 0.0540349
13106.1 418228 0.0541769
13110 418508 0.0543188
13114.2 418788 0.0544605
13118.4 419067 0.0546023
13122.6 419347 0.054744
13126.8 419626 0.0548857
13130.9 419906 0.0550274
13135.1 420185 0.0551691
13139.3 420464 0.0553107
13143.5 420743 0.0554524
13147.6 421022 0.055594
13151.8 421301 0.0557356
13155.9 421580 0.0558772
13160.1 421859 0.0560187
13164.3 422137 0.0561602
13168.4 422416 0.0563017
13172.5 422694 0.0564432
13176.7 422973 0.0565847
13180.8 423251 0.0567261
13185 423529 0.0568676
13189.1 423808 0.057009
13193.2 424086 0.0571504
13197.4 424364 0.0572917
13201.5 424641 0.0574331
13205.6 424919 0.0575744
13209.7 425197 0.0577157
13213.9 425475 0.0578569
13218.1 425752 0.0579981
13222.4 426029 0.0581392
13226.7 426306 0.0582803
13231.2 426583 0.0584213
13235.7 426860 0.0585622
13240.2 427136 0.0587031
13244.8 427413 0.058844
13249.3 427689 0.0589848
13253.8 427966 0.0591256
13258.3 428242 0.0592664
13262.8 428518 0.0594072
13267.3 428794 0.0595479
13271.8 429070 0.0596887
13276.3 429346 0.0598294
13280.8 429622 0.05997
13285.3 429898 0.0601106
13289.8 430173 0.0602513
13294.3 430449 0.0603918
13298.7 430724 0.0605324
13303.2 430999 0.0606729
13307.7 431275 0.0608134
13312.2 431550 0.0609539
13316.6 431825 0.0610944
13321.1 432100 0.0612348
13325.5 432375 0.0613752
13330 432650 0.0615155
13334.4 432924 0.0616559
13338.9 433199 0.0617962
13343.3 433474 0.0619365
13347.7 433748 0.0620767
13352.2 434022 0.062217
13356.6 434297 0.0623572
13361 434571 0.0624973
13365.5 434845 0.0626375
13369.9 435119 0.0627776
13374.3 435393 0.0629177
13378.8 435667 0.0630577
13383.3 435940 0.0631976
13387.9 436214 0.0633375
13392.5 436487 0.0634773
13397.2 436760 0.063617
13402 437033 0.0637567
13406.7 437306 0.0638963
13411.5 437578 0.0640359
13416.2 437851 0.0641755
13420.9 438123 0.064315
13425.7 438396 0.0644545
13430.4 438668 0.064594
13435.1 438941 0.0647335
13439.8 439213 0.0648729
13444.5 439485 0.0650123
13449.3 439757 0.0651516
13454 440029 0.0652909
13458.7 440301 0.0654302
13463.4 440572 0.0655695
13468.1 440844 0.0657087
13472.8 441116 0.0658479
13477.4 441387 0.0659871
13482.1 441659 0.0661262
13486.8 441930 0.0662653
13491.5 442201 0.0664044
13496.2 442472 0.0665434
13500.8 442743 0.0666824
13505.5 443014 0.0668214
13510.1 443285 0.0669604
13514.8 443556 0.0670993
13519.5 443827 0.0672382
13524.1 444098 0.067377
13528.8 444368 0.0675159
13533.4 444639 0.0676547
13538 444909 0.0677934
13542.7 445180 0.0679322
13547.3 445450 0.0680709
13551.9 445720 0.0682095
13556.6 445990 0.0683482
13561.2 446260 0.0684868
13565.8 446530 0.0686254
13570.4 446800 0.0687639
13575 447070 0.0689025
13579.6 447340 0.0690409
13584.2 447610 0.0691794
13588.8 447879 0.0693178
13593.4 448149 0.0694562
13598 448418 0.0695946
13602.7 448687 0.0697329
13607.4 448957 0.0698711
13612.1 449226 0.0700093
13616.8 449495 0.0701474
13621.6 449763 0.0702854
13410.3 449769 0.0702883
13470.1 449957 0.0703846
13494.5 450173 0.0704957
