0 -453.597 -2.26119e-06
634.56 23107.1 0.00011521
1173.57 47586 0.000237302
1709.92 72047.4 0.000359353
2243.81 96467.5 0.000481241
2775.24 120835 0.000602914
3304.22 145150 0.000724366
3830.74 169406 0.000845584
4354.77 193599 0.000966563
4876.15 217709 0.0010873
5394.56 241694 0.00120781
5909.16 265451 0.00132812
6418.2 288769 0.00144828
6918.36 311247 0.0015684
7403.99 332233 0.00168868
7866.83 350848 0.0018094
8297.18 366224 0.00193094
8686.59 377896 0.00205363
9030.8 386051 0.00217768
9330.49 391380 0.00230321
9590.04 394710 0.00243013
9815.21 396745 0.00255832
10011.7 397980 0.00268768
10184.8 398731 0.00281793
10338.5 399192 0.00294897
10475.8 399480 0.00308084
10599.4 399662 0.0032134
10711.4 399779 0.00334662
10812.7 399855 0.00348088
10905.5 399906 0.00361557
10991.1 399940 0.00375066
11070.4 399963 0.00388609
11143.9 399979 0.00402191
11212.1 399991 0.00415824
11276 399999 0.00429484
11335.9 400005 0.00443168
11392.3 400010 0.00456874
11445.5 400014 0.004706
11495.9 400017 0.00484345
11543.8 400019 0.00498106
11589.3 400021 0.00511882
11632.4 400023 0.00525686
11673.3 400024 0.00539521
11712.4 400026 0.00553369
11749.8 400027 0.00567229
11785.6 400028 0.00581099
11820.1 400030 0.00594978
11853.2 400031 0.00608866
11885.1 400032 0.00622762
11915.6 400033 0.00636684
11945 400034 0.00650625
11972.9 400035 0.00664603
11999.8 400036 0.00678589
12025.7 400037 0.00692581
12050.7 400038 0.00706583
12074.7 400038 0.00720616
12097.7 400039 0.0073466
12119.8 400040 0.00748725
12141.1 400041 0.00762793
12161.8 400042 0.00776862
12181.9 400043 0.00790934
12201.4 400044 0.00805007
12220.3 400045 0.00819081
12238.6 400045 0.00833155
12256.3 400046 0.0084723
12273.3 400047 0.00861326
12289.7 400048 0.00875432
12305.5 400049 0.00889538
12320.9 400049 0.00903644
12335.7 400050 0.00917756
12349.8 400051 0.00931886
12363.5 400052 0.00946014
12376.5 400053 0.00960187
12388.8 400053 0.00974405
12400.7 400054 0.0098862
12412.4 400055 0.0100283
12423.7 400056 0.0101705
12434.7 400056 0.0103126
12445.5 400057 0.0104546
12455.9 400058 0.0105967
12466.1 400058 0.0107387
12476 400059 0.0108807
12485.7 400060 0.0110227
12495.1 400060 0.0111647
12504.3 400061 0.0113067
12513.2 400062 0.0114486
12521.8 400062 0.0115906
12530.3 400063 0.0117325
12538.4 400064 0.0118744
12546.4 400064 0.0120163
12554.2 400065 0.0121582
12561.7 400065 0.0123001
12569 400066 0.012442
12576.2 400067 0.0125838
12583.1 400067 0.0127257
12589.9 400068 0.0128675
12596.5 400068 0.0130093
12603 400069 0.0131511
12609.3 400070 0.0132929
12615.5 400070 0.0134347
12621.6 400071 0.0135764
12627.5 400071 0.0137181
12633.3 400072 0.0138599
12638.9 400072 0.0140019
12644.3 400073 0.0141442
12649.5 400073 0.0142866
12654.6 400074 0.0144291
12659.6 400074 0.0145716
12664.4 400075 0.0147142
12669.2 400075 0.0148567
12673.9 400076 0.0149992
12678.6 400076 0.0151417
12683.1 400076 0.0152841
12687.6 400077 0.0154266
12692 400077 0.015569
12696.3 400078 0.0157114
12700.6 400078 0.0158538
12704.8 400078 0.0159962
12708.9 400079 0.0161386
12713 400079 0.0162809
12717 400080 0.0164233
12720.9 400080 0.0165657
12724.7 400080 0.016708
12728.5 400081 0.0168503
12732.1 400081 0.0169927
12735.7 400081 0.0171352
12739.2 400082 0.0172776
12742.7 400082 0.0174201
12746 400082 0.0175625
12749.3 400083 0.017705
12752.5 400083 0.0178475
12755.5 400083 0.0179905
12758.3 400083 0.0181336
12761.2 400084 0.0182768
12763.9 400084 0.0184199
12766.6 400084 0.018563
12769.2 400085 0.0187061
12771.7 400085 0.0188495
12774.1 400085 0.0189933
12776.4 400085 0.019137
12778.6 400085 0.0192808
12780.8 400086 0.0194245
12783 400086 0.0195683
12785.1 400086 0.019712
12787.2 400086 0.0198558
12789.2 400086 0.0199996
12791.2 400087 0.0201433
12793.2 400087 0.0202871
12795.1 400087 0.0204308
12797 400087 0.0205746
12798.8 400087 0.0207183
12800.6 400087 0.020862
12802.4 400087 0.0210057
12804.2 400088 0.0211494
12805.9 400088 0.0212931
12807.7 400088 0.0214368
12809.4 400088 0.0215805
12811 400088 0.0217241
12812.7 400088 0.0218677
12814.3 400088 0.0220114
12815.9 400088 0.022155
12817.5 400088 0.0222985
12819.1 400088 0.0224421
12820.7 400088 0.0225857
12822.2 400088 0.0227292
12823.7 400088 0.0228727
12825.2 400088 0.0230162
12826.7 400088 0.0231597
12828.2 400088 0.0233032
12829.7 400088 0.0234466
12831.1 400088 0.0235901
12832.6 400088 0.0237335
12834 400088 0.0238769
12835.4 400088 0.0240203
12836.8 400088 0.0241636
12838.2 400088 0.024307
12839.5 400088 0.0244503
12840.9 400088 0.0245936
12842.2 400088 0.0247369
12843.6 400088 0.0248802
12844.9 400088 0.0250235
12846.2 400087 0.0251667
12847.5 400087 0.02531
12848.7 400087 0.0254532
12850 400087 0.0255964
12851.3 400087 0.0257396
12852.5 400087 0.0258828
12853.7 400087 0.026026
12855 400087 0.0261691
12856.2 400086 0.0263123
12857.4 400086 0.0264554
12858.5 400086 0.0265986
12859.7 400086 0.0267417
12860.9 400086 0.0268848
12862 400085 0.0270279
12863.1 400085 0.0271709
12864.3 400085 0.027314
12865.4 400085 0.0274571
12866.4 400084 0.0276001
12867.5 400084 0.0277432
12868.6 400084 0.0278862
12869.6 400084 0.0280293
12870.7 400083 0.0281723
12871.7 400083 0.0283154
12872.7 400083 0.0284584
12873.7 400083 0.0286015
12874.7 400082 0.0287445
12875.7 400082 0.0288875
12876.6 400082 0.0290306
12877.5 400081 0.0291736
12878.5 400081 0.0293167
12879.4 400081 0.0294597
12880.3 400080 0.0296028
12881.2 400080 0.0297458
12882 400080 0.0298889
12882.9 400079 0.0300319
12883.7 400079 0.030175
12884.6 400079 0.0303181
12885.4 400078 0.0304611
12886.2 400078 0.0306042
12886.9 400077 0.0307473
12887.7 400077 0.0308904
12888.5 400076 0.0310335
12889.2 400076 0.0311766
12889.9 400076 0.0313197
12890.6 400075 0.0314629
12891.3 400075 0.031606
12892 400074 0.0317491
12892.7 400074 0.0318923
12893.3 400073 0.0320354
12894 400073 0.0321786
12894.6 400072 0.0323218
12895.2 400072 0.0324649
12895.8 400071 0.0326081
12896.4 400071 0.0327513
12897 400070 0.0328945
12897.6 400070 0.0330377
12898.1 400069 0.0331809
12898.7 400069 0.0333241
12899.2 400068 0.0334673
12899.8 400068 0.0336105
12900.3 400067 0.0337538
12900.7 400066 0.0338975
12901.2 400066 0.0340413
12901.6 400065 0.034185
12902 400065 0.0343288
12902.5 400064 0.0344725
12902.9 400064 0.0346163
12903.3 400063 0.0347601
12903.7 400062 0.0349038
12904.1 400062 0.0350476
12904.5 400061 0.0351914
12904.8 400060 0.0353352
12905.2 400060 0.035479
12905.5 400059 0.0356227
12905.9 400058 0.0357665
12906.2 400058 0.0359103
12906.6 400057 0.0360541
12906.9 400056 0.0361979
12907.2 400056 0.0363417
12907.5 400055 0.0364854
12907.9 400054 0.0366292
12908.2 400053 0.036773
12908.5 400053 0.0369168
12908.8 400052 0.0370605
12909 400051 0.0372043
12909.3 400050 0.0373481
12909.6 400050 0.0374918
12909.9 400049 0.0376356
12910.2 400048 0.0377793
12910.4 400047 0.0379231
12910.7 400047 0.0380668
12910.9 400046 0.0382106
12911.2 400045 0.0383543
12911.4 400044 0.038498
12911.7 400043 0.0386418
12911.9 400043 0.0387855
12912.2 400042 0.0389292
12912.4 400041 0.0390729
12912.6 400040 0.0392166
12912.9 400039 0.0393603
12913.1 400038 0.039504
12913.3 400037 0.0396477
12913.5 400037 0.0397914
12913.7 400036 0.039935
12913.9 400035 0.0400787
12914.1 400034 0.0402224
12914.3 400033 0.040366
12914.5 400032 0.0405097
12914.7 400031 0.0406533
12914.9 400030 0.0407969
12915.1 400029 0.0409405
12915.3 400028 0.0410842
12915.5 400027 0.0412278
12915.7 400027 0.0413714
12915.9 400026 0.041515
12916 400025 0.0416586
12916.2 400024 0.0418021
12916.4 400023 0.0419457
12916.6 400022 0.0420893
12916.7 400021 0.0422328
12916.9 400020 0.0423764
12917 400019 0.0425199
12917.2 400018 0.0426635
12917.4 400017 0.042807
12917.5 400016 0.0429505
12917.7 400014 0.0430941
12917.8 400013 0.0432376
12918 400012 0.0433811
12918.1 400011 0.0435246
12918.2 400010 0.0436681
12918.4 400009 0.0438115
12918.5 400008 0.043955
12918.7 400007 0.0440985
12918.8 400006 0.0442419
12918.9 400005 0.0443854
12919.1 400004 0.0445288
12919.3 400003 0.0446722
12919.6 400029 0.0448156
12920.2 400112 0.0449589
12921.1 400254 0.0451021
12922.2 400490 0.0452452
12923.4 400776 0.0453882
12924.8 401062 0.0455313
12926.3 401348 0.0456742
12927.9 401633 0.0458171
12929.8 401918 0.04596
12931.8 402204 0.0461028
12933.7 402489 0.0462455
12935.7 402774 0.0463883
12937.6 403058 0.0465311
12939.6 403343 0.0466738
12941.8 403628 0.0468165
12944.1 403912 0.0469591
12946.6 404196 0.0471017
12949.3 404480 0.0472442
12951.9 404764 0.0473867
12954.5 405048 0.0475291
12957.1 405332 0.0476716
12959.7 405616 0.0478141
12962.3 405899 0.0479565
12964.9 406183 0.048099
12967.5 406466 0.0482414
12970.2 406750 0.0483838
12973 407033 0.0485261
12976 407316 0.0486684
12979.1 407599 0.0488106
12982.4 407881 0.0489528
12985.6 408164 0.0490949
12988.8 408446 0.049237
12992 408728 0.049379
12995.2 409010 0.0495211
12998.4 409293 0.0496631
13001.6 409574 0.0498051
13004.8 409856 0.0499471
13008 410138 0.0500891
13011.2 410420 0.050231
13014.4 410702 0.050373
13017.6 410983 0.0505149
13020.9 411265 0.0506568
13024.2 411546 0.0507987
13027.7 411827 0.0509405
13031.3 412108 0.0510822
13035 412388 0.0512239
13038.8 412669 0.0513655
13042.5 412950 0.0515071
13046.3 413230 0.0516487
13050 413510 0.0517903
13053.7 413791 0.0519319
13057.5 414071 0.0520735
13061.2 414351 0.052215
13064.9 414631 0.0523565
13068.7 414911 0.0524981
13072.4 415191 0.0526396
13076.1 415471 0.052781
13079.8 415750 0.0529225
13083.5 416030 0.053064
13087.2 416309 0.0532054
13090.9 416589 0.0533468
13094.6 416868 0.0534882
13098.4 417147 0.0536296
13102.2 417427 0.0537709
13106.1 417705 0.0539122
13110 417984 0.0540534
13114.2 418263 0.0541945
13118.4 418541 0.0543356
13122.6 418819 0.0544766
13126.8 419098 0.0546177
13130.9 419376 0.0547587
13135.1 419654 0.0548997
13139.3 419932 0.0550407
13143.5 420210 0.0551816
13147.6 420487 0.0553226
13151.8 420765 0.0554635
13155.9 421043 0.0556044
13160.1 421320 0.0557453
13164.3 421598 0.0558862
13168.4 421875 0.056027
13172.5 422152 0.0561678
13176.7 422430 0.0563086
13180.8 422707 0.0564494
13185 422984 0.0565902
13189.1 423261 0.0567309
13193.2 423537 0.0568717
13197.4 423814 0.0570124
13201.5 424091 0.057153
13205.6 424367 0.0572937
13209.7 424644 0.0574343
13213.9 424920 0.0575749
13218.1 425197 0.0577155
13222.4 425473 0.0578559
13226.7 425748 0.0579963
13231.2 426024 0.0581367
13235.7 426300 0.0582769
13240.2 426575 0.0584172
13244.8 426850 0.0585574
13249.3 427126 0.0586976
13253.8 427401 0.0588378
13258.3 427676 0.0589779
13262.8 427951 0.059118
13267.3 428226 0.0592581
13271.8 428500 0.0593982
13276.3 428775 0.0595382
13280.8 429050 0.0596783
13285.3 429324 0.0598183
13289.8 429599 0.0599582
13294.3 429873 0.0600982
13298.7 430147 0.0602381
13303.2 430422 0.060378
13307.7 430696 0.0605178
13312.2 430970 0.0606577
13316.6 431244 0.0607975
13321.1 431517 0.0609373
13325.5 431791 0.061077
13330 432065 0.0612168
13334.4 432338 0.0613565
13338.9 432612 0.0614962
13343.3 432885 0.0616358
13347.7 433158 0.0617754
13352.2 433432 0.061915
13356.6 433705 0.0620546
13361 433978 0.0621941
13365.5 434251 0.0623337
13369.9 434524 0.0624732
13374.3 434796 0.0626126
13378.8 435069 0.062752
13383.3 435341 0.0628913
13387.9 435614 0.0630306
13392.5 435886 0.0631698
13397.2 436157 0.0633088
13402 436429 0.0634479
13406.7 436701 0.0635869
13411.5 436973 0.0637259
13416.2 437244 0.0638648
13420.9 437515 0.0640037
13425.7 437787 0.0641426
13430.4 438058 0.0642815
13435.1 438329 0.0644203
13439.8 438600 0.0645591
13444.5 438871 0.0646979
13449.3 439142 0.0648366
13454 439413 0.0649754
13458.7 439684 0.065114
13463.4 439954 0.0652527
13468.1 440225 0.0653913
13472.8 440495 0.0655299
13477.4 440766 0.0656685
13482.1 441036 0.065807
13486.8 441306 0.0659455
13491.5 441576 0.066084
13496.2 441846 0.0662224
13500.8 442116 0.0663608
13505.5 442386 0.0664992
13510.1 442656 0.0666375
13514.8 442926 0.0667758
13519.5 443195 0.0669141
13524.1 443465 0.0670524
13528.8 443734 0.0671906
13533.4 444004 0.0673288
13538 444273 0.067467
13542.7 444542 0.0676051
13547.3 444811 0.0677432
13551.9 445080 0.0678813
13556.6 445350 0.0680193
13561.2 445618 0.0681574
13565.8 445887 0.0682953
13570.4 446156 0.0684333
13575 446425 0.0685712
13579.6 446693 0.0687091
13584.2 446962 0.068847
13588.8 447231 0.0689848
13593.4 447499 0.0691226
13598 447767 0.0692603
13602.7 448035 0.069398
13607.4 448303 0.0695357
13612.1 448571 0.0696732
13616.8 448839 0.0698107
13621.6 449107 0.0699481
13410.3 449112 0.0699507
13470.1 449298 0.0700465
13494.5 449514 0.0701571
