0 -453.597 -2.26119e-06
634.56 22686.6 0.000113113
1173.57 46748.6 0.000233125
1709.92 70792.9 0.000353092
2243.81 94796.4 0.000472899
2775.24 118748 0.000592488
3304.22 142646 0.000711855
3830.74 166486 0.000830988
4354.77 190264 0.000949882
4876.15 213965 0.00106854
5394.56 237553 0.00118696
5909.16 260945 0.00130518
6418.2 283964 0.00142326
6918.36 306278 0.00154129
7403.99 327327 0.00165949
7866.83 346315 0.00177813
8297.18 362376 0.00189758
8686.59 374918 0.00201818
9030.8 383929 0.00214015
9330.49 389959 0.0022636
9590.04 393793 0.00238843
9815.21 396163 0.00251457
10011.7 397612 0.00264189
10184.8 398497 0.00277011
10338.5 399042 0.00289912
10475.8 399382 0.00302889
10599.4 399597 0.00315932
10711.4 399735 0.0032904
10812.7 399826 0.00342254
10905.5 399885 0.00355513
10991.1 399925 0.0036881
11070.4 399953 0.00382142
11143.9 399972 0.00395512
11212.1 399985 0.00408933
11276 399995 0.0042238
11335.9 400002 0.00435852
11392.3 400008 0.00449345
11445.5 400012 0.00462858
11495.9 400015 0.0047639
11543.8 400018 0.00489938
11589.3 400020 0.00503501
11632.4 400022 0.00517092
11673.3 400023 0.00530716
11712.4 400025 0.00544352
11749.8 400026 0.00557999
11785.6 400028 0.00571657
11820.1 400029 0.00585325
11853.2 400030 0.00599001
11885.1 400031 0.00612684
11915.6 400032 0.00626399
11945 400033 0.00640137
11972.9 400034 0.00653908
11999.8 400035 0.00667688
12025.7 400036 0.00681474
12050.7 400037 0.00695271
12074.7 400038 0.00709104
12097.7 400039 0.00722947
12119.8 400040 0.00736805
12141.1 400040 0.00750666
12161.8 400041 0.00764528
12181.9 400042 0.00778393
12201.4 400043 0.00792259
12220.3 400044 0.00806127
12238.6 400045 0.00819995
12256.3 400045 0.00833863
12273.3 400046 0.00847752
12289.7 400047 0.0086165
12305.5 400048 0.00875549
12320.9 400049 0.00889447
12335.7 400049 0.00903348
12349.8 400050 0.00917257
12363.5 400051 0.00931165
12376.5 400052 0.00945129
12388.8 400053 0.00959145
12400.7 400053 0.00973159
12412.4 400054 0.00987172
12423.7 400055 0.0100118
12434.7 400055 0.0101519
12445.5 400056 0.010292
12455.9 400057 0.010432
12466.1 400058 0.010572
12476 400058 0.010712
12485.7 400059 0.010852
12495.1 400060 0.010992
12504.3 400060 0.011132
12513.2 400061 0.0112719
12521.8 400062 0.0114118
12530.3 400062 0.0115518
12538.4 400063 0.0116917
12546.4 400063 0.0118316
12554.2 400064 0.0119715
12561.7 400065 0.0121114
12569 400065 0.0122512
12576.2 400066 0.0123911
12583.1 400066 0.012531
12589.9 400067 0.0126708
12596.5 400068 0.0128106
12603 400068 0.0129504
12609.3 400069 0.0130902
12615.5 400069 0.01323
12621.6 400070 0.0133697
12627.5 400070 0.0135094
12633.3 400071 0.0136492
12638.9 400071 0.0137893
12644.3 400072 0.0139298
12649.5 400072 0.0140704
12654.6 400073 0.014211
12659.6 400073 0.0143516
12664.4 400074 0.0144922
12669.2 400074 0.0146329
12673.9 400075 0.0147735
12678.6 400075 0.014914
12683.1 400076 0.0150546
12687.6 400076 0.0151951
12692 400077 0.0153357
12696.3 400077 0.0154762
12700.6 400077 0.0156167
12704.8 400078 0.0157572
12708.9 400078 0.0158977
12713 400079 0.0160382
12717 400079 0.0161786
12720.9 400079 0.0163191
12724.7 400080 0.0164596
12728.5 400080 0.0166001
12732.1 400080 0.0167406
12735.7 400081 0.016881
12739.2 400081 0.0170215
12742.7 400081 0.017162
12746 400082 0.0173025
12749.3 400082 0.017443
12752.5 400082 0.0175836
12755.5 400083 0.0177245
12758.3 400083 0.0178655
12761.2 400083 0.0180065
12763.9 400084 0.0181475
12766.6 400084 0.0182886
12769.2 400084 0.0184296
12771.7 400084 0.0185709
12774.1 400085 0.0187125
12776.4 400085 0.0188542
12778.6 400085 0.0189958
12780.8 400085 0.0191375
12783 400085 0.0192791
12785.1 400086 0.0194208
12787.2 400086 0.0195624
12789.2 400086 0.0197041
12791.2 400086 0.0198457
12793.2 400086 0.0199874
12795.1 400087 0.020129
12797 400087 0.0202706
12798.8 400087 0.0204122
12800.6 400087 0.0205538
12802.4 400087 0.0206954
12804.2 400087 0.020837
12805.9 400087 0.0209786
12807.7 400088 0.0211201
12809.4 400088 0.0212616
12811 400088 0.0214032
12812.7 400088 0.0215447
12814.3 400088 0.0216861
12815.9 400088 0.0218276
12817.5 400088 0.0219691
12819.1 400088 0.0221105
12820.7 400088 0.0222519
12822.2 400088 0.0223933
12823.7 400088 0.0225347
12825.2 400088 0.0226761
12826.7 400088 0.0228174
12828.2 400088 0.0229588
12829.7 400088 0.0231001
12831.1 400088 0.0232414
12832.6 400088 0.0233827
12834 400088 0.023524
12835.4 400088 0.0236652
12836.8 400088 0.0238064
12838.2 400088 0.0239477
12839.5 400088 0.0240889
12840.9 400088 0.02423
12842.2 400088 0.0243712
12843.6 400088 0.0245124
12844.9 400088 0.0246535
12846.2 400088 0.0247946
12847.5 400088 0.0249357
12848.7 400088 0.0250768
12850 400087 0.0252179
12851.3 400087 0.025359
12852.5 400087 0.0255001
12853.7 400087 0.0256411
12855 400087 0.0257822
12856.2 400087 0.0259232
12857.4 400087 0.0260642
12858.5 400086 0.0262052
12859.7 400086 0.0263462
12860.9 400086 0.0264872
12862 400086 0.0266281
12863.1 400086 0.0267691
12864.3 400086 0.02691
12865.4 400085 0.027051
12866.4 400085 0.0271919
12867.5 400085 0.0273329
12868.6 400085 0.0274738
12869.6 400084 0.0276147
12870.7 400084 0.0277556
12871.7 400084 0.0278965
12872.7 400084 0.0280375
12873.7 400083 0.0281784
12874.7 400083 0.0283193
12875.7 400083 0.0284602
12876.6 400083 0.0286011
12877.5 400082 0.028742
12878.5 400082 0.028883
12879.4 400082 0.0290239
12880.3 400081 0.0291648
12881.2 400081 0.0293057
12882 400081 0.0294467
12882.9 400080 0.0295876
12883.7 400080 0.0297286
12884.6 400080 0.0298695
12885.4 400079 0.0300105
12886.2 400079 0.0301514
12886.9 400079 0.0302924
12887.7 400078 0.0304333
12888.5 400078 0.0305743
12889.2 400077 0.0307153
12889.9 400077 0.0308563
12890.6 400077 0.0309973
12891.3 400076 0.0311383
12892 400076 0.0312793
12892.7 400075 0.0314203
12893.3 400075 0.0315613
12894 400074 0.0317023
12894.6 400074 0.0318434
12895.2 400073 0.0319844
12895.8 400073 0.0321255
12896.4 400073 0.0322665
12897 400072 0.0324075
12897.6 400072 0.0325486
12898.1 400071 0.0326897
12898.7 400071 0.0328307
12899.2 400070 0.0329718
12899.8 400070 0.0331128
12900.3 400069 0.033254
12900.7 400068 0.0333956
12901.2 400068 0.0335372
12901.6 400067 0.0336789
12902 400067 0.0338206
12902.5 400066 0.0339622
12902.9 400066 0.0341039
12903.3 400065 0.0342456
12903.7 400064 0.0343872
12904.1 400064 0.0345289
12904.5 400063 0.0346706
12904.8 400063 0.0348123
12905.2 400062 0.0349539
12905.5 400061 0.0350956
12905.9 400061 0.0352373
12906.2 400060 0.035379
12906.6 400060 0.0355207
12906.9 400059 0.0356623
12907.2 400058 0.035804
12907.5 400058 0.0359457
12907.9 400057 0.0360874
12908.2 400056 0.036229
12908.5 400055 0.0363707
12908.8 400055 0.0365124
12909 400054 0.036654
12909.3 400053 0.0367957
12909.6 400053 0.0369373
12909.9 400052 0.037079
12910.2 400051 0.0372206
12910.4 400050 0.0373623
12910.7 400050 0.0375039
12910.9 400049 0.0376455
12911.2 400048 0.0377871
12911.4 400047 0.0379288
12911.7 400047 0.0380704
12911.9 400046 0.038212
12912.2 400045 0.0383536
12912.4 400044 0.0384952
12912.6 400043 0.0386368
12912.9 400043 0.0387784
12913.1 400042 0.03892
12913.3 400041 0.0390615
12913.5 400040 0.0392031
12913.7 400039 0.0393447
12913.9 400038 0.0394862
12914.1 400038 0.0396278
12914.3 400037 0.0397693
12914.5 400036 0.0399108
12914.7 400035 0.0400524
12914.9 400034 0.0401939
12915.1 400033 0.0403354
12915.3 400032 0.0404769
12915.5 400031 0.0406184
12915.7 400031 0.0407599
12915.9 400030 0.0409014
12916 400029 0.0410429
12916.2 400028 0.0411844
12916.4 400027 0.0413258
12916.6 400026 0.0414673
12916.7 400025 0.0416088
12916.9 400024 0.0417502
12917 400023 0.0418916
12917.2 400022 0.0420331
12917.4 400021 0.0421745
12917.5 400020 0.0423159
12917.7 400019 0.0424573
12917.8 400018 0.0425987
12918 400017 0.0427401
12918.1 400016 0.0428815
12918.2 400015 0.0430229
12918.4 400014 0.0431643
12918.5 400013 0.0433056
12918.7 400012 0.043447
12918.8 400011 0.0435884
12918.9 400010 0.0437297
12919.1 400009 0.043871
12919.3 400008 0.0440124
12919.6 400007 0.0441536
12920.2 400006 0.0442948
12921.1 400004 0.0444359
12922.2 400003 0.0445769
12923.4 400005 0.0447179
12924.8 400048 0.0448588
12926.3 400147 0.0449997
12927.9 400301 0.0451405
12929.8 400562 0.0452813
12931.8 400844 0.045422
12933.7 401125 0.0455627
12935.7 401406 0.0457034
12937.6 401687 0.0458441
12939.6 401968 0.0459847
12941.8 402249 0.0461253
12944.1 402529 0.0462658
12946.6 402809 0.0464063
12949.3 403090 0.0465467
12951.9 403370 0.0466872
12954.5 403650 0.0468276
12957.1 403930 0.046968
12959.7 404210 0.0471084
12962.3 404490 0.0472487
12964.9 404769 0.0473891
12967.5 405049 0.0475295
12970.2 405328 0.0476698
12973 405608 0.0478101
12976 405887 0.0479503
12979.1 406166 0.0480904
12982.4 406445 0.0482305
12985.6 406723 0.0483706
12988.8 407002 0.0485106
12992 407280 0.0486505
12995.2 407559 0.0487905
12998.4 407837 0.0489304
13001.6 408115 0.0490704
13004.8 408393 0.0492103
13008 408671 0.0493502
13011.2 408949 0.0494901
13014.4 409227 0.04963
13017.6 409505 0.0497698
13020.9 409782 0.0499097
13024.2 410060 0.0500494
13027.7 410337 0.0501892
13031.3 410614 0.0503288
13035 410891 0.0504684
13038.8 411168 0.0506079
13042.5 411444 0.0507475
13046.3 411721 0.050887
13050 411997 0.0510266
13053.7 412274 0.0511661
13057.5 412550 0.0513056
13061.2 412827 0.051445
13064.9 413103 0.0515845
13068.7 413379 0.0517239
13072.4 413655 0.0518634
13076.1 413931 0.0520028
13079.8 414207 0.0521422
13083.5 414483 0.0522816
13087.2 414758 0.0524209
13090.9 415034 0.0525603
13094.6 415310 0.0526996
13098.4 415585 0.0528389
13102.2 415860 0.0529782
13106.1 416135 0.0531174
13110 416410 0.0532565
13114.2 416685 0.0533956
13118.4 416960 0.0535346
13122.6 417234 0.0536736
13126.8 417509 0.0538126
13130.9 417783 0.0539515
13135.1 418057 0.0540905
13139.3 418332 0.0542294
13143.5 418606 0.0543683
13147.6 418880 0.0545072
13151.8 419154 0.0546461
13155.9 419428 0.0547849
13160.1 419701 0.0549238
13164.3 419975 0.0550626
13168.4 420249 0.0552014
13172.5 420522 0.0553401
13176.7 420795 0.0554789
13180.8 421069 0.0556176
13185 421342 0.0557563
13189.1 421615 0.055895
13193.2 421888 0.0560337
13197.4 422161 0.0561724
13201.5 422434 0.056311
13205.6 422707 0.0564496
13209.7 422980 0.0565882
13213.9 423252 0.0567267
13218.1 423525 0.0568652
13222.4 423797 0.0570037
13226.7 424069 0.057142
13231.2 424341 0.0572803
13235.7 424613 0.0574185
13240.2 424885 0.0575567
13244.8 425156 0.0576949
13249.3 425428 0.0578331
13253.8 425699 0.0579712
13258.3 425970 0.0581093
13262.8 426242 0.0582474
13267.3 426513 0.0583855
13271.8 426784 0.0585235
13276.3 427055 0.0586615
13280.8 427326 0.0587995
13285.3 427596 0.0589375
13289.8 427867 0.0590754
13294.3 428138 0.0592133
13298.7 428408 0.0593512
13303.2 428679 0.0594891
13307.7 428949 0.0596269
13312.2 429219 0.0597647
13316.6 429490 0.0599025
13321.1 429760 0.0600403
13325.5 430030 0.060178
13330 430300 0.0603157
13334.4 430569 0.0604534
13338.9 430839 0.0605911
13343.3 431109 0.0607287
13347.7 431378 0.0608663
13352.2 431648 0.0610039
13356.6 431917 0.0611414
13361 432186 0.061279
13365.5 432456 0.0614165
13369.9 432725 0.0615539
13374.3 432994 0.0616914
13378.8 433263 0.0618287
13383.3 433531 0.061966
13387.9 433800 0.0621033
13392.5 434068 0.0622405
13397.2 434336 0.0623775
13402 434604 0.0625145
13406.7 434872 0.0626516
13411.5 435140 0.0627885
13416.2 435408 0.0629255
13420.9 435676 0.0630624
13425.7 435943 0.0631993
13430.4 436211 0.0633361
13435.1 436478 0.063473
13439.8 436746 0.0636098
13444.5 437013 0.0637465
13449.3 437280 0.0638833
13454 437547 0.06402
13458.7 437814 0.0641567
13463.4 438081 0.0642933
13468.1 438348 0.06443
13472.8 438615 0.0645665
13477.4 438881 0.0647031
13482.1 439148 0.0648396
13486.8 439414 0.0649761
13491.5 439681 0.0651126
13496.2 439947 0.0652491
13500.8 440213 0.0653855
13505.5 440479 0.0655219
13510.1 440746 0.0656582
13514.8 441012 0.0657946
13519.5 441277 0.0659308
13524.1 441543 0.0660671
13528.8 441809 0.0662033
13533.4 442075 0.0663396
13538 442340 0.0664757
13542.7 442606 0.0666119
13547.3 442871 0.066748
13551.9 443137 0.0668841
13556.6 443402 0.0670201
13561.2 443667 0.0671562
13565.8 443932 0.0672922
13570.4 444197 0.0674281
13575 444462 0.0675641
13579.6 444727 0.0677
13584.2 444992 0.0678359
13588.8 445257 0.0679717
13593.4 445521 0.0681075
13598 445786 0.0682433
13602.7 446050 0.068379
13607.4 446315 0.0685146
13612.1 446579 0.0686502
13616.8 446843 0.0687857
13621.6 447106 0.0689211
13410.3 447108 0.0689219
13470.1 447291 0.0690158
13494.5 447503 0.0691245
