0 -453.597 -2.26119e-06
634.56 21995.2 0.000109665
1173.57 45369.3 0.000226244
1709.92 68725.8 0.000342777
2243.81 92042.1 0.000459149
2775.24 115306 0.000575303
3304.22 138518 0.000691234
3830.74 161673 0.00080693
4354.77 184767 0.000922386
4876.15 207791 0.0010376
5394.56 230718 0.00115259
5909.16 253490 0.00126738
6418.2 275980 0.00138201
6918.36 297946 0.00149661
7403.99 318964 0.00161137
7866.83 338387 0.00172657
8297.18 355411 0.00184259
8686.59 369314 0.00195976
9030.8 379789 0.00207829
9330.49 387103 0.0021983
9590.04 391911 0.00231971
9815.21 394954 0.00244244
10011.7 396841 0.00256636
10184.8 398005 0.0026912
10338.5 398726 0.00281682
10475.8 399176 0.00294314
10599.4 399461 0.00307009
10711.4 399644 0.00319767
10812.7 399764 0.00332636
10905.5 399843 0.00345548
10991.1 399896 0.00358499
11070.4 399932 0.00371484
11143.9 399957 0.00384507
11212.1 399974 0.00397581
11276 399987 0.00410681
11335.9 399996 0.00423805
11392.3 400003 0.00436951
11445.5 400008 0.00450116
11495.9 400012 0.00463299
11543.8 400015 0.00476499
11589.3 400018 0.00489714
11632.4 400020 0.00502958
11673.3 400022 0.00516234
11712.4 400023 0.00529523
11749.8 400025 0.00542824
11785.6 400026 0.00556135
11820.1 400027 0.00569455
11853.2 400029 0.00582784
11885.1 400030 0.00596121
11915.6 400031 0.00609493
11945 400032 0.00622892
11972.9 400033 0.00636322
11999.8 400034 0.00649761
12025.7 400035 0.00663205
12050.7 400036 0.00676662
12074.7 400036 0.00690159
12097.7 400037 0.00703665
12119.8 400038 0.00717181
12141.1 400039 0.00730699
12161.8 400040 0.0074422
12181.9 400041 0.00757743
12201.4 400042 0.00771267
12220.3 400043 0.00784793
12238.6 400043 0.00798319
12256.3 400044 0.00811846
12273.3 400045 0.00825392
12289.7 400046 0.00838947
12305.5 400047 0.00852503
12320.9 400047 0.00866059
12335.7 400048 0.00879614
12349.8 400049 0.00893168
12363.5 400050 0.0090672
12376.5 400050 0.0092034
12388.8 400051 0.00934019
12400.7 400052 0.00947696
12412.4 400053 0.00961372
12423.7 400053 0.00975046
12434.7 400054 0.00988717
12445.5 400055 0.0100239
12455.9 400055 0.0101605
12466.1 400056 0.0102972
12476 400057 0.0104338
12485.7 400058 0.0105705
12495.1 400058 0.0107071
12504.3 400059 0.0108437
12513.2 400060 0.0109803
12521.8 400060 0.0111168
12530.3 400061 0.0112534
12538.4 400061 0.01139
12546.4 400062 0.0115265
12554.2 400063 0.0116631
12561.7 400063 0.0117996
12569 400064 0.0119361
12576.2 400065 0.0120726
12583.1 400065 0.0122091
12589.9 400066 0.0123456
12596.5 400066 0.0124821
12603 400067 0.0126186
12609.3 400067 0.012755
12615.5 400068 0.0128914
12621.6 400068 0.0130278
12627.5 400069 0.0131642
12633.3 400070 0.0133006
12638.9 400070 0.0134374
12644.3 400071 0.0135746
12649.5 400071 0.0137121
12654.6 400072 0.0138495
12659.6 400072 0.0139868
12664.4 400073 0.0141242
12669.2 400073 0.0142616
12673.9 400074 0.0143989
12678.6 400074 0.0145362
12683.1 400074 0.0146735
12687.6 400075 0.0148108
12692 400075 0.0149481
12696.3 400076 0.0150854
12700.6 400076 0.0152226
12704.8 400077 0.0153599
12708.9 400077 0.0154971
12713 400077 0.0156344
12717 400078 0.0157716
12720.9 400078 0.0159088
12724.7 400079 0.0160461
12728.5 400079 0.0161833
12732.1 400079 0.0163205
12735.7 400080 0.0164577
12739.2 400080 0.0165949
12742.7 400080 0.0167321
12746 400081 0.0168693
12749.3 400081 0.0170065
12752.5 400081 0.0171437
12755.5 400082 0.0172812
12758.3 400082 0.0174187
12761.2 400082 0.0175563
12763.9 400083 0.0176938
12766.6 400083 0.0178314
12769.2 400083 0.0179689
12771.7 400083 0.0181068
12774.1 400084 0.018245
12776.4 400084 0.0183832
12778.6 400084 0.0185214
12780.8 400084 0.0186596
12783 400085 0.0187978
12785.1 400085 0.018936
12787.2 400085 0.0190742
12789.2 400085 0.0192124
12791.2 400086 0.0193505
12793.2 400086 0.0194887
12795.1 400086 0.0196269
12797 400086 0.019765
12798.8 400086 0.0199032
12800.6 400086 0.0200413
12802.4 400087 0.0201794
12804.2 400087 0.0203175
12805.9 400087 0.0204556
12807.7 400087 0.0205937
12809.4 400087 0.0207317
12811 400087 0.0208698
12812.7 400087 0.0210078
12814.3 400088 0.0211458
12815.9 400088 0.0212838
12817.5 400088 0.0214217
12819.1 400088 0.0215597
12820.7 400088 0.0216976
12822.2 400088 0.0218356
12823.7 400088 0.0219735
12825.2 400088 0.0221114
12826.7 400088 0.0222492
12828.2 400088 0.0223871
12829.7 400088 0.0225249
12831.1 400088 0.0226627
12832.6 400088 0.0228005
12834 400088 0.0229383
12835.4 400088 0.0230761
12836.8 400088 0.0232138
12838.2 400088 0.0233516
12839.5 400088 0.0234893
12840.9 400088 0.023627
12842.2 400088 0.0237647
12843.6 400088 0.0239024
12844.9 400088 0.02404
12846.2 400088 0.0241777
12847.5 400088 0.0243153
12848.7 400088 0.0244529
12850 400088 0.0245906
12851.3 400088 0.0247282
12852.5 400088 0.0248657
12853.7 400088 0.0250033
12855 400088 0.0251409
12856.2 400087 0.0252784
12857.4 400087 0.025416
12858.5 400087 0.0255535
12859.7 400087 0.025691
12860.9 400087 0.0258285
12862 400087 0.025966
12863.1 400087 0.0261035
12864.3 400086 0.026241
12865.4 400086 0.0263784
12866.4 400086 0.0265159
12867.5 400086 0.0266533
12868.6 400086 0.0267908
12869.6 400086 0.0269282
12870.7 400085 0.0270657
12871.7 400085 0.0272031
12872.7 400085 0.0273406
12873.7 400085 0.027478
12874.7 400084 0.0276155
12875.7 400084 0.0277529
12876.6 400084 0.0278904
12877.5 400084 0.0280278
12878.5 400083 0.0281652
12879.4 400083 0.0283027
12880.3 400083 0.0284402
12881.2 400083 0.0285776
12882 400082 0.0287151
12882.9 400082 0.0288525
12883.7 400082 0.02899
12884.6 400081 0.0291275
12885.4 400081 0.0292649
12886.2 400081 0.0294024
12886.9 400081 0.0295399
12887.7 400080 0.0296774
12888.5 400080 0.0298149
12889.2 400079 0.0299524
12889.9 400079 0.0300899
12890.6 400079 0.0302274
12891.3 400078 0.0303649
12892 400078 0.0305025
12892.7 400078 0.03064
12893.3 400077 0.0307775
12894 400077 0.0309151
12894.6 400076 0.0310526
12895.2 400076 0.0311902
12895.8 400076 0.0313277
12896.4 400075 0.0314653
12897 400075 0.0316028
12897.6 400074 0.0317404
12898.1 400074 0.031878
12898.7 400073 0.0320155
12899.2 400073 0.0321531
12899.8 400072 0.0322907
12900.3 400072 0.0324283
12900.7 400072 0.0325665
12901.2 400071 0.0327047
12901.6 400071 0.0328429
12902 400070 0.0329811
12902.5 400070 0.0331193
12902.9 400069 0.0332575
12903.3 400068 0.0333957
12903.7 400068 0.0335339
12904.1 400067 0.0336722
12904.5 400067 0.0338104
12904.8 400066 0.0339486
12905.2 400066 0.0340868
12905.5 400065 0.0342251
12905.9 400065 0.0343633
12906.2 400064 0.0345015
12906.6 400063 0.0346397
12906.9 400063 0.0347779
12907.2 400062 0.0349162
12907.5 400062 0.0350544
12907.9 400061 0.0351926
12908.2 400060 0.0353308
12908.5 400060 0.035469
12908.8 400059 0.0356072
12909 400058 0.0357454
12909.3 400058 0.0358836
12909.6 400057 0.0360218
12909.9 400056 0.03616
12910.2 400056 0.0362982
12910.4 400055 0.0364364
12910.7 400054 0.0365745
12910.9 400054 0.0367127
12911.2 400053 0.0368509
12911.4 400052 0.036989
12911.7 400052 0.0371272
12911.9 400051 0.0372653
12912.2 400050 0.0374035
12912.4 400049 0.0375416
12912.6 400049 0.0376798
12912.9 400048 0.0378179
12913.1 400047 0.037956
12913.3 400046 0.0380941
12913.5 400046 0.0382322
12913.7 400045 0.0383703
12913.9 400044 0.0385084
12914.1 400043 0.0386465
12914.3 400043 0.0387846
12914.5 400042 0.0389227
12914.7 400041 0.0390607
12914.9 400040 0.0391988
12915.1 400039 0.0393369
12915.3 400039 0.0394749
12915.5 400038 0.039613
12915.7 400037 0.039751
12915.9 400036 0.039889
12916 400035 0.0400271
12916.2 400034 0.0401651
12916.4 400033 0.0403031
12916.6 400033 0.0404411
12916.7 400032 0.0405791
12916.9 400031 0.0407171
12917 400030 0.0408551
12917.2 400029 0.040993
12917.4 400028 0.041131
12917.5 400027 0.041269
12917.7 400026 0.0414069
12917.8 400025 0.0415449
12918 400024 0.0416828
12918.1 400023 0.0418207
12918.2 400023 0.0419587
12918.4 400022 0.0420966
12918.5 400021 0.0422345
12918.7 400020 0.0423724
12918.8 400019 0.0425103
12918.9 400018 0.0426482
12919.1 400017 0.0427861
12919.3 400016 0.0429239
12919.6 400015 0.0430617
12920.2 400014 0.0431995
12921.1 400013 0.0433371
12922.2 400012 0.0434747
12923.4 400011 0.0436122
12924.8 400010 0.0437497
12926.3 400009 0.0438871
12927.9 400008 0.0440245
12929.8 400007 0.0441618
12931.8 400005 0.0442991
12933.7 400004 0.0444364
12935.7 400003 0.0445736
12937.6 400004 0.0447109
12939.6 400043 0.0448481
12941.8 400134 0.0449853
12944.1 400278 0.0451224
12946.6 400519 0.0452594
12949.3 400793 0.0453964
12951.9 401066 0.0455334
12954.5 401340 0.0456704
12957.1 401614 0.0458074
12959.7 401887 0.0459444
12962.3 402161 0.0460813
12964.9 402434 0.0462183
12967.5 402707 0.0463552
12970.2 402981 0.0464921
12973 403254 0.0466289
12976 403527 0.0467657
12979.1 403799 0.0469025
12982.4 404072 0.0470392
12985.6 404344 0.0471758
12988.8 404616 0.0473124
12992 404888 0.0474489
12995.2 405160 0.0475854
12998.4 405432 0.0477219
13001.6 405704 0.0478584
13004.8 405976 0.0479949
13008 406247 0.0481314
13011.2 406519 0.0482679
13014.4 406791 0.0484043
13017.6 407062 0.0485408
13020.9 407333 0.0486771
13024.2 407604 0.0488135
13027.7 407875 0.0489498
13031.3 408146 0.049086
13035 408417 0.0492222
13038.8 408687 0.0493583
13042.5 408958 0.0494944
13046.3 409228 0.0496305
13050 409498 0.0497666
13053.7 409768 0.0499027
13057.5 410038 0.0500388
13061.2 410308 0.0501748
13064.9 410578 0.0503109
13068.7 410848 0.0504469
13072.4 411118 0.0505829
13076.1 411388 0.0507189
13079.8 411657 0.0508549
13083.5 411927 0.0509909
13087.2 412196 0.0511268
13090.9 412466 0.0512627
13094.6 412735 0.0513987
13098.4 413004 0.0515346
13102.2 413273 0.0516704
13106.1 413542 0.0518062
13110 413810 0.0519419
13114.2 414079 0.0520775
13118.4 414347 0.0522131
13122.6 414616 0.0523487
13126.8 414884 0.0524843
13130.9 415152 0.0526198
13135.1 415420 0.0527554
13139.3 415688 0.0528909
13143.5 415956 0.0530264
13147.6 416223 0.0531619
13151.8 416491 0.0532973
13155.9 416759 0.0534328
13160.1 417026 0.0535682
13164.3 417294 0.0537036
13168.4 417561 0.053839
13172.5 417828 0.0539744
13176.7 418095 0.0541097
13180.8 418362 0.054245
13185 418629 0.0543803
13189.1 418896 0.0545156
13193.2 419163 0.0546509
13197.4 419430 0.0547862
13201.5 419697 0.0549214
13205.6 419963 0.0550566
13209.7 420230 0.0551918
13213.9 420496 0.0553269
13218.1 420762 0.055462
13222.4 421028 0.0555971
13226.7 421294 0.055732
13231.2 421560 0.0558669
13235.7 421825 0.0560017
13240.2 422091 0.0561366
13244.8 422356 0.0562714
13249.3 422621 0.0564061
13253.8 422887 0.0565409
13258.3 423152 0.0566756
13262.8 423417 0.0568103
13267.3 423682 0.056945
13271.8 423947 0.0570796
13276.3 424211 0.0572143
13280.8 424476 0.0573489
13285.3 424740 0.0574834
13289.8 425005 0.057618
13294.3 425269 0.0577525
13298.7 425534 0.057887
13303.2 425798 0.0580215
13307.7 426062 0.058156
13312.2 426326 0.0582904
13316.6 426590 0.0584248
13321.1 426854 0.0585592
13325.5 427118 0.0586936
13330 427381 0.0588279
13334.4 427645 0.0589622
13338.9 427909 0.0590965
13343.3 428172 0.0592307
13347.7 428435 0.059365
13352.2 428699 0.0594992
13356.6 428962 0.0596334
13361 429225 0.0597675
13365.5 429488 0.0599016
13369.9 429751 0.0600357
13374.3 430014 0.0601698
13378.8 430276 0.0603038
13383.3 430539 0.0604377
13387.9 430801 0.0605716
13392.5 431063 0.0607054
13397.2 431325 0.0608391
13402 431587 0.0609727
13406.7 431849 0.0611064
13411.5 432110 0.06124
13416.2 432372 0.0613736
13420.9 432633 0.0615072
13425.7 432895 0.0616407
13430.4 433156 0.0617742
13435.1 433417 0.0619077
13439.8 433678 0.0620411
13444.5 433939 0.0621745
13449.3 434200 0.0623079
13454 434461 0.0624413
13458.7 434722 0.0625746
13463.4 434983 0.0627079
13468.1 435243 0.0628412
13472.8 435504 0.0629744
13477.4 435764 0.0631076
13482.1 436025 0.0632408
13486.8 436285 0.063374
13491.5 436545 0.0635071
13496.2 436805 0.0636402
13500.8 437065 0.0637732
13505.5 437325 0.0639063
13510.1 437585 0.0640393
13514.8 437845 0.0641723
13519.5 438104 0.0643052
13524.1 438364 0.0644381
13528.8 438623 0.064571
13533.4 438883 0.0647039
13538 439142 0.0648367
13542.7 439401 0.0649695
13547.3 439661 0.0651023
13551.9 439920 0.065235
13556.6 440179 0.0653678
13561.2 440438 0.0655005
13565.8 440697 0.0656331
13570.4 440955 0.0657657
13575 441214 0.0658983
13579.6 441473 0.0660309
13584.2 441731 0.0661634
13588.8 441990 0.0662959
13593.4 442248 0.0664284
13598 442506 0.0665608
13602.7 442764 0.0666932
13607.4 443022 0.0668255
13612.1 443280 0.0669577
13616.8 443538 0.0670898
13621.6 443795 0.0672218
13410.3 443465 0.0672196
13470.1 443967 0.0673103
13494.5 444173 0.0674157
