0 -453.597 -2.26119e-06
634.56 21044.5 0.000104924
1173.57 43471.5 0.000216777
1709.92 65881.1 0.000328582
2243.81 88251.4 0.000440227
2775.24 110570 0.000551653
3304.22 132836 0.000662853
3830.74 155047 0.000773819
4354.77 177200 0.000884545
4876.15 199288 0.000995033
5394.56 221296 0.00110529
5909.16 243188 0.00121535
6418.2 264889 0.00132525
6918.36 286247 0.00143512
7403.99 306990 0.00154515
7866.83 326668 0.00165562
8297.18 344636 0.00176691
8686.59 360151 0.00187935
9030.8 372624 0.00199314
9330.49 381911 0.00210843
9590.04 388359 0.00222512
9815.21 392610 0.00234314
10011.7 395323 0.00246237
10184.8 397026 0.00258254
10338.5 398092 0.00270347
10475.8 398762 0.00282505
10599.4 399187 0.00294723
10711.4 399461 0.00307002
10812.7 399640 0.00319396
10905.5 399758 0.00331833
10991.1 399837 0.00344308
11070.4 399890 0.00356817
11143.9 399927 0.00369365
11212.1 399953 0.00381962
11276 399971 0.00394586
11335.9 399984 0.00407233
11392.3 399993 0.00419902
11445.5 400001 0.0043259
11495.9 400006 0.00445296
11543.8 400010 0.00458019
11589.3 400014 0.00470757
11632.4 400017 0.00483523
11673.3 400019 0.00496324
11712.4 400021 0.00509137
11749.8 400022 0.00521961
11785.6 400024 0.00534796
11820.1 400025 0.0054764
11853.2 400027 0.00560493
11885.1 400028 0.00573353
11915.6 400029 0.00586254
11945 400030 0.00599185
11972.9 400031 0.00612144
11999.8 400032 0.00625111
12025.7 400033 0.00638085
12050.7 400034 0.00651071
12074.7 400035 0.00664104
12097.7 400036 0.00677142
12119.8 400036 0.00690187
12141.1 400037 0.00703234
12161.8 400038 0.00716284
12181.9 400039 0.00729335
12201.4 400040 0.00742388
12220.3 400041 0.00755442
12238.6 400042 0.00768497
12256.3 400042 0.00781553
12273.3 400043 0.00794627
12289.7 400044 0.00807711
12305.5 400045 0.00820794
12320.9 400045 0.00833878
12335.7 400046 0.00846957
12349.8 400047 0.00860027
12363.5 400048 0.00873096
12376.5 400048 0.00886243
12388.8 400049 0.00899455
12400.7 400050 0.00912665
12412.4 400051 0.00925874
12423.7 400051 0.00939082
12434.7 400052 0.00952287
12445.5 400053 0.0096549
12455.9 400054 0.00978692
12466.1 400054 0.00991891
12476 400055 0.0100509
12485.7 400056 0.0101829
12495.1 400056 0.0103148
12504.3 400057 0.0104467
12513.2 400058 0.0105787
12521.8 400058 0.0107106
12530.3 400059 0.0108425
12538.4 400060 0.0109744
12546.4 400060 0.0111063
12554.2 400061 0.0112382
12561.7 400061 0.0113701
12569 400062 0.011502
12576.2 400063 0.0116338
12583.1 400063 0.0117657
12589.9 400064 0.0118975
12596.5 400064 0.0120293
12603 400065 0.0121612
12609.3 400065 0.0122929
12615.5 400066 0.0124247
12621.6 400067 0.0125565
12627.5 400067 0.0126882
12633.3 400068 0.01282
12638.9 400068 0.0129522
12644.3 400069 0.0130849
12649.5 400069 0.0132178
12654.6 400070 0.0133507
12659.6 400070 0.0134835
12664.4 400071 0.0136164
12669.2 400071 0.0137491
12673.9 400072 0.0138819
12678.6 400072 0.0140147
12683.1 400073 0.0141474
12687.6 400073 0.0142801
12692 400074 0.0144129
12696.3 400074 0.0145456
12700.6 400074 0.0146783
12704.8 400075 0.014811
12708.9 400075 0.0149437
12713 400076 0.0150764
12717 400076 0.0152091
12720.9 400077 0.0153418
12724.7 400077 0.0154745
12728.5 400077 0.0156072
12732.1 400078 0.0157398
12735.7 400078 0.0158724
12739.2 400078 0.016005
12742.7 400079 0.0161376
12746 400079 0.0162701
12749.3 400080 0.0164027
12752.5 400080 0.0165353
12755.5 400080 0.0166681
12758.3 400081 0.0168009
12761.2 400081 0.0169337
12763.9 400081 0.0170665
12766.6 400082 0.0171993
12769.2 400082 0.0173321
12771.7 400082 0.0174651
12774.1 400082 0.0175986
12776.4 400083 0.0177321
12778.6 400083 0.0178655
12780.8 400083 0.017999
12783 400083 0.0181324
12785.1 400084 0.0182659
12787.2 400084 0.0183993
12789.2 400084 0.0185328
12791.2 400084 0.0186662
12793.2 400085 0.0187996
12795.1 400085 0.018933
12797 400085 0.0190664
12798.8 400085 0.0191998
12800.6 400086 0.0193331
12802.4 400086 0.0194665
12804.2 400086 0.0195998
12805.9 400086 0.0197331
12807.7 400086 0.0198664
12809.4 400086 0.0199997
12811 400087 0.020133
12812.7 400087 0.0202662
12814.3 400087 0.0203995
12815.9 400087 0.0205327
12817.5 400087 0.0206659
12819.1 400087 0.0207991
12820.7 400087 0.0209323
12822.2 400087 0.0210654
12823.7 400088 0.0211985
12825.2 400088 0.0213316
12826.7 400088 0.0214647
12828.2 400088 0.0215978
12829.7 400088 0.0217309
12831.1 400088 0.0218639
12832.6 400088 0.021997
12834 400088 0.02213
12835.4 400088 0.022263
12836.8 400088 0.022396
12838.2 400088 0.0225289
12839.5 400088 0.0226619
12840.9 400088 0.0227948
12842.2 400088 0.0229277
12843.6 400088 0.0230606
12844.9 400088 0.0231935
12846.2 400088 0.0233264
12847.5 400088 0.0234593
12848.7 400088 0.0235921
12850 400088 0.023725
12851.3 400088 0.0238578
12852.5 400088 0.0239906
12853.7 400088 0.0241234
12855 400088 0.0242562
12856.2 400088 0.024389
12857.4 400088 0.0245218
12858.5 400088 0.0246546
12859.7 400088 0.0247873
12860.9 400088 0.02492
12862 400088 0.0250528
12863.1 400087 0.0251855
12864.3 400087 0.0253182
12865.4 400087 0.0254509
12866.4 400087 0.0255836
12867.5 400087 0.0257163
12868.6 400087 0.0258489
12869.6 400087 0.0259816
12870.7 400087 0.0261143
12871.7 400086 0.026247
12872.7 400086 0.0263797
12873.7 400086 0.0265123
12874.7 400086 0.026645
12875.7 400086 0.0267777
12876.6 400086 0.0269104
12877.5 400085 0.0270431
12878.5 400085 0.0271757
12879.4 400085 0.0273084
12880.3 400085 0.0274411
12881.2 400085 0.0275738
12882 400084 0.0277065
12882.9 400084 0.0278392
12883.7 400084 0.0279719
12884.6 400084 0.0281046
12885.4 400083 0.0282373
12886.2 400083 0.02837
12886.9 400083 0.0285028
12887.7 400083 0.0286355
12888.5 400082 0.0287682
12889.2 400082 0.0289009
12889.9 400082 0.0290337
12890.6 400081 0.0291664
12891.3 400081 0.0292992
12892 400081 0.0294319
12892.7 400080 0.0295647
12893.3 400080 0.0296974
12894 400080 0.0298302
12894.6 400079 0.029963
12895.2 400079 0.0300957
12895.8 400079 0.0302285
12896.4 400078 0.0303613
12897 400078 0.030494
12897.6 400078 0.0306268
12898.1 400077 0.0307596
12898.7 400077 0.0308924
12899.2 400077 0.0310252
12899.8 400076 0.0311579
12900.3 400076 0.0312908
12900.7 400075 0.0314242
12901.2 400075 0.0315577
12901.6 400074 0.0316912
12902 400074 0.0318246
12902.5 400074 0.0319581
12902.9 400073 0.0320916
12903.3 400073 0.032225
12903.7 400072 0.0323585
12904.1 400072 0.032492
12904.5 400071 0.0326255
12904.8 400071 0.0327589
12905.2 400070 0.0328924
12905.5 400070 0.0330259
12905.9 400069 0.0331594
12906.2 400069 0.0332928
12906.6 400068 0.0334263
12906.9 400068 0.0335598
12907.2 400067 0.0336932
12907.5 400067 0.0338267
12907.9 400066 0.0339602
12908.2 400066 0.0340936
12908.5 400065 0.0342271
12908.8 400065 0.0343605
12909 400064 0.034494
12909.3 400063 0.0346274
12909.6 400063 0.0347609
12909.9 400062 0.0348943
12910.2 400062 0.0350278
12910.4 400061 0.0351612
12910.7 400061 0.0352946
12910.9 400060 0.035428
12911.2 400059 0.0355614
12911.4 400059 0.0356949
12911.7 400058 0.0358283
12911.9 400057 0.0359617
12912.2 400057 0.036095
12912.4 400056 0.0362284
12912.6 400056 0.0363618
12912.9 400055 0.0364952
12913.1 400054 0.0366286
12913.3 400054 0.0367619
12913.5 400053 0.0368953
12913.7 400052 0.0370286
12913.9 400051 0.037162
12914.1 400051 0.0372953
12914.3 400050 0.0374286
12914.5 400049 0.037562
12914.7 400049 0.0376953
12914.9 400048 0.0378286
12915.1 400047 0.0379619
12915.3 400046 0.0380952
12915.5 400046 0.0382285
12915.7 400045 0.0383618
12915.9 400044 0.0384951
12916 400043 0.0386283
12916.2 400043 0.0387616
12916.4 400042 0.0388949
12916.6 400041 0.0390281
12916.7 400040 0.0391614
12916.9 400040 0.0392946
12917 400039 0.0394278
12917.2 400038 0.0395611
12917.4 400037 0.0396943
12917.5 400036 0.0398275
12917.7 400036 0.0399607
12917.8 400035 0.0400939
12918 400034 0.0402271
12918.1 400033 0.0403603
12918.2 400032 0.0404935
12918.4 400031 0.0406266
12918.5 400031 0.0407598
12918.7 400030 0.0408929
12918.8 400029 0.0410261
12918.9 400028 0.0411592
12919.1 400027 0.0412924
12919.3 400026 0.0414255
12919.6 400025 0.0415586
12920.2 400024 0.0416915
12921.1 400023 0.0418245
12922.2 400023 0.0419573
12923.4 400022 0.0420901
12924.8 400021 0.0422228
12926.3 400020 0.0423555
12927.9 400019 0.0424882
12929.8 400018 0.0426208
12931.8 400017 0.0427533
12933.7 400016 0.0428859
12935.7 400015 0.0430184
12937.6 400014 0.0431509
12939.6 400013 0.0432834
12941.8 400012 0.0434158
12944.1 400011 0.0435482
12946.6 400010 0.0436806
12949.3 400009 0.0438128
12951.9 400008 0.0439451
12954.5 400007 0.0440774
12957.1 400006 0.0442096
12959.7 400005 0.0443419
12962.3 400004 0.0444741
12964.9 400003 0.0446064
12967.5 400008 0.0447386
12970.2 400054 0.0448708
12973 400150 0.0450029
12976 400294 0.045135
12979.1 400534 0.045267
12982.4 400798 0.045399
12985.6 401061 0.0455309
12988.8 401325 0.0456628
12992 401588 0.0457946
12995.2 401851 0.0459264
12998.4 402115 0.0460582
13001.6 402378 0.0461899
13004.8 402641 0.0463217
13008 402904 0.0464534
13011.2 403166 0.0465852
13014.4 403429 0.0467169
13017.6 403692 0.0468486
13020.9 403954 0.0469803
13024.2 404217 0.0471119
13027.7 404479 0.0472435
13031.3 404741 0.047375
13035 405003 0.0475064
13038.8 405265 0.0476378
13042.5 405526 0.0477692
13046.3 405788 0.0479006
13050 406050 0.048032
13053.7 406311 0.0481634
13057.5 406573 0.0482947
13061.2 406834 0.0484261
13064.9 407095 0.0485574
13068.7 407356 0.0486887
13072.4 407617 0.04882
13076.1 407878 0.0489513
13079.8 408139 0.0490826
13083.5 408400 0.0492138
13087.2 408661 0.0493451
13090.9 408922 0.0494763
13094.6 409182 0.0496075
13098.4 409443 0.0497387
13102.2 409703 0.0498698
13106.1 409963 0.0500008
13110 410223 0.0501319
13114.2 410483 0.0502628
13118.4 410743 0.0503937
13122.6 411002 0.0505246
13126.8 411262 0.0506554
13130.9 411521 0.0507863
13135.1 411781 0.0509171
13139.3 412040 0.0510479
13143.5 412299 0.0511787
13147.6 412558 0.0513095
13151.8 412817 0.0514402
13155.9 413076 0.051571
13160.1 413335 0.0517017
13164.3 413594 0.0518324
13168.4 413852 0.0519631
13172.5 414111 0.0520938
13176.7 414370 0.0522244
13180.8 414628 0.0523551
13185 414886 0.0524857
13189.1 415145 0.0526163
13193.2 415403 0.0527468
13197.4 415661 0.0528774
13201.5 415919 0.0530079
13205.6 416177 0.0531384
13209.7 416435 0.0532689
13213.9 416693 0.0533994
13218.1 416950 0.0535298
13222.4 417208 0.0536601
13226.7 417465 0.0537904
13231.2 417722 0.0539206
13235.7 417979 0.0540507
13240.2 418236 0.0541809
13244.8 418493 0.054311
13249.3 418749 0.054441
13253.8 419006 0.0545711
13258.3 419262 0.0547011
13262.8 419519 0.0548312
13267.3 419775 0.0549612
13271.8 420031 0.0550911
13276.3 420287 0.0552211
13280.8 420543 0.055351
13285.3 420799 0.0554809
13289.8 421055 0.0556108
13294.3 421311 0.0557406
13298.7 421567 0.0558705
13303.2 421822 0.0560003
13307.7 422078 0.05613
13312.2 422333 0.0562598
13316.6 422589 0.0563895
13321.1 422844 0.0565192
13325.5 423099 0.0566489
13330 423354 0.0567786
13334.4 423609 0.0569082
13338.9 423864 0.0570378
13343.3 424119 0.0571674
13347.7 424374 0.057297
13352.2 424629 0.0574265
13356.6 424883 0.057556
13361 425138 0.0576855
13365.5 425392 0.057815
13369.9 425646 0.0579444
13374.3 425901 0.0580738
13378.8 426155 0.0582031
13383.3 426409 0.0583324
13387.9 426662 0.0584616
13392.5 426916 0.0585907
13397.2 427169 0.0587197
13402 427422 0.0588487
13406.7 427675 0.0589777
13411.5 427929 0.0591067
13416.2 428182 0.0592356
13420.9 428434 0.0593645
13425.7 428687 0.0594934
13430.4 428940 0.0596223
13435.1 429193 0.0597511
13439.8 429445 0.0598799
13444.5 429698 0.0600086
13449.3 429950 0.0601374
13454 430202 0.0602661
13458.7 430454 0.0603947
13463.4 430707 0.0605234
13468.1 430959 0.060652
13472.8 431210 0.0607806
13477.4 431462 0.0609092
13482.1 431714 0.0610377
13486.8 431966 0.0611662
13491.5 432217 0.0612947
13496.2 432469 0.0614231
13500.8 432720 0.0615516
13505.5 432971 0.06168
13510.1 433223 0.0618083
13514.8 433474 0.0619367
13519.5 433725 0.062065
13524.1 433976 0.0621932
13528.8 434227 0.0623215
13533.4 434478 0.0624497
13538 434728 0.0625779
13542.7 434979 0.0627061
13547.3 435230 0.0628342
13551.9 435480 0.0629623
13556.6 435730 0.0630904
13561.2 435981 0.0632184
13565.8 436231 0.0633464
13570.4 436481 0.0634744
13575 436731 0.0636024
13579.6 436981 0.0637303
13584.2 437231 0.0638582
13588.8 437481 0.0639861
13593.4 437731 0.0641139
13598 437980 0.0642417
13602.7 438230 0.0643694
13607.4 438479 0.064497
13612.1 438728 0.0646246
13616.8 438977 0.0647521
13621.6 439226 0.0648794
13410.3 438243 0.0648728
13470.1 439381 0.0649589
13494.5 439578 0.0650598
