0 -453.597 -2.26119e-06
634.56 19850.8 9.89718e-05
1173.57 41087.8 0.000204887
1709.92 62307.7 0.000310751
2243.81 83489.2 0.000416457
2775.24 104620 0.000521942
3304.22 125698 0.0006272
3830.74 146722 0.000732223
4354.77 167691 0.000837007
4876.15 188599 0.000941554
5394.56 209441 0.00104587
5909.16 230199 0.00114998
6418.2 250835 0.00125395
6918.36 271276 0.00135787
7403.99 291382 0.00146196
7866.83 310901 0.00156649
8297.18 329419 0.00167184
8686.59 346345 0.00177833
9030.8 360995 0.00188618
9330.49 372850 0.00199554
9590.04 381767 0.00210628
9815.21 388055 0.00221838
10011.7 392278 0.00233172
10184.8 395022 0.00244598
10338.5 396778 0.00256102
10475.8 397897 0.00267665
10599.4 398613 0.00279285
10711.4 399076 0.00290964
10812.7 399380 0.00302762
10905.5 399580 0.00314602
10991.1 399713 0.00326481
11070.4 399803 0.00338393
11143.9 399865 0.00350344
11212.1 399908 0.00362344
11276 399938 0.0037437
11335.9 399960 0.0038642
11392.3 399975 0.00398491
11445.5 399987 0.00410581
11495.9 399995 0.0042269
11543.8 400002 0.00434814
11589.3 400007 0.00446954
11632.4 400011 0.00459123
11673.3 400014 0.00471326
11712.4 400017 0.00483542
11749.8 400019 0.00495769
11785.6 400021 0.00508007
11820.1 400022 0.00520254
11853.2 400024 0.00532509
11885.1 400025 0.00544772
11915.6 400026 0.0055708
11945 400027 0.00569421
11972.9 400028 0.00581788
11999.8 400029 0.00594163
12025.7 400030 0.00606544
12050.7 400031 0.00618939
12074.7 400032 0.00631385
12097.7 400033 0.00643835
12119.8 400034 0.00656286
12141.1 400035 0.00668741
12161.8 400036 0.00681198
12181.9 400037 0.00693657
12201.4 400038 0.00706117
12220.3 400038 0.00718579
12238.6 400039 0.00731041
12256.3 400040 0.00743504
12273.3 400041 0.00755985
12289.7 400042 0.00768475
12305.5 400042 0.00780965
12320.9 400043 0.00793455
12335.7 400044 0.00805939
12349.8 400045 0.00818405
12363.5 400045 0.00830869
12376.5 400046 0.00843421
12388.8 400047 0.00856044
12400.7 400047 0.00868667
12412.4 400048 0.00881288
12423.7 400049 0.00893907
12434.7 400050 0.00906524
12445.5 400050 0.00919139
12455.9 400051 0.00931753
12466.1 400052 0.00944364
12476 400052 0.00956974
12485.7 400053 0.00969583
12495.1 400054 0.0098219
12504.3 400054 0.00994797
12513.2 400055 0.010074
12521.8 400056 0.0102001
12530.3 400056 0.0103261
12538.4 400057 0.0104521
12546.4 400058 0.0105782
12554.2 400058 0.0107042
12561.7 400059 0.0108302
12569 400059 0.0109562
12576.2 400060 0.0110822
12583.1 400061 0.0112082
12589.9 400061 0.0113342
12596.5 400062 0.0114601
12603 400062 0.0115861
12609.3 400063 0.011712
12615.5 400063 0.0118379
12621.6 400064 0.0119638
12627.5 400065 0.0120896
12633.3 400065 0.0122156
12638.9 400066 0.012342
12644.3 400066 0.012469
12649.5 400067 0.0125962
12654.6 400067 0.0127233
12659.6 400068 0.0128504
12664.4 400068 0.0129774
12669.2 400069 0.0131044
12673.9 400069 0.0132314
12678.6 400070 0.0133583
12683.1 400070 0.0134853
12687.6 400071 0.0136122
12692 400071 0.0137392
12696.3 400072 0.0138661
12700.6 400072 0.013993
12704.8 400073 0.0141199
12708.9 400073 0.0142469
12713 400073 0.0143738
12717 400074 0.0145007
12720.9 400074 0.0146277
12724.7 400075 0.0147546
12728.5 400075 0.0148815
12732.1 400076 0.0150084
12735.7 400076 0.0151351
12739.2 400076 0.0152619
12742.7 400077 0.0153886
12746 400077 0.0155154
12749.3 400077 0.0156422
12752.5 400078 0.0157689
12755.5 400078 0.0158957
12758.3 400079 0.0160226
12761.2 400079 0.0161494
12763.9 400079 0.0162762
12766.6 400080 0.016403
12769.2 400080 0.0165299
12771.7 400080 0.016657
12774.1 400081 0.0167845
12776.4 400081 0.016912
12778.6 400081 0.0170395
12780.8 400081 0.017167
12783 400082 0.0172945
12785.1 400082 0.017422
12787.2 400082 0.0175495
12789.2 400083 0.017677
12791.2 400083 0.0178044
12793.2 400083 0.0179319
12795.1 400083 0.0180593
12797 400084 0.0181867
12798.8 400084 0.0183141
12800.6 400084 0.0184415
12802.4 400084 0.0185689
12804.2 400085 0.0186962
12805.9 400085 0.0188236
12807.7 400085 0.0189509
12809.4 400085 0.0190782
12811 400085 0.0192055
12812.7 400086 0.0193328
12814.3 400086 0.01946
12815.9 400086 0.0195873
12817.5 400086 0.0197145
12819.1 400086 0.0198417
12820.7 400086 0.0199689
12822.2 400087 0.020096
12823.7 400087 0.0202232
12825.2 400087 0.0203503
12826.7 400087 0.0204774
12828.2 400087 0.0206045
12829.7 400087 0.0207316
12831.1 400087 0.0208587
12832.6 400087 0.0209857
12834 400088 0.0211128
12835.4 400088 0.0212398
12836.8 400088 0.0213668
12838.2 400088 0.0214938
12839.5 400088 0.0216207
12840.9 400088 0.0217477
12842.2 400088 0.0218746
12843.6 400088 0.0220016
12844.9 400088 0.0221285
12846.2 400088 0.0222554
12847.5 400088 0.0223823
12848.7 400088 0.0225091
12850 400088 0.022636
12851.3 400088 0.0227629
12852.5 400088 0.0228897
12853.7 400088 0.0230165
12855 400088 0.0231434
12856.2 400088 0.0232702
12857.4 400088 0.023397
12858.5 400088 0.0235238
12859.7 400088 0.0236505
12860.9 400088 0.0237773
12862 400088 0.023904
12863.1 400088 0.0240308
12864.3 400088 0.0241575
12865.4 400088 0.0242842
12866.4 400088 0.0244109
12867.5 400088 0.0245377
12868.6 400088 0.0246644
12869.6 400088 0.0247911
12870.7 400088 0.0249178
12871.7 400088 0.0250445
12872.7 400087 0.0251712
12873.7 400087 0.0252979
12874.7 400087 0.0254246
12875.7 400087 0.0255513
12876.6 400087 0.025678
12877.5 400087 0.0258047
12878.5 400087 0.0259314
12879.4 400087 0.0260581
12880.3 400087 0.0261849
12881.2 400086 0.0263116
12882 400086 0.0264383
12882.9 400086 0.026565
12883.7 400086 0.0266917
12884.6 400086 0.0268185
12885.4 400086 0.0269452
12886.2 400085 0.0270719
12886.9 400085 0.0271987
12887.7 400085 0.0273254
12888.5 400085 0.0274522
12889.2 400085 0.0275789
12889.9 400084 0.0277057
12890.6 400084 0.0278325
12891.3 400084 0.0279592
12892 400084 0.028086
12892.7 400083 0.0282128
12893.3 400083 0.0283395
12894 400083 0.0284663
12894.6 400083 0.0285931
12895.2 400082 0.0287199
12895.8 400082 0.0288467
12896.4 400082 0.0289734
12897 400082 0.0291002
12897.6 400081 0.029227
12898.1 400081 0.0293538
12898.7 400081 0.0294806
12899.2 400080 0.0296074
12899.8 400080 0.0297342
12900.3 400080 0.029861
12900.7 400079 0.0299885
12901.2 400079 0.030116
12901.6 400079 0.0302435
12902 400078 0.030371
12902.5 400078 0.0304985
12902.9 400078 0.0306261
12903.3 400077 0.0307536
12903.7 400077 0.0308811
12904.1 400077 0.0310086
12904.5 400076 0.0311361
12904.8 400076 0.0312636
12905.2 400075 0.0313912
12905.5 400075 0.0315187
12905.9 400075 0.0316462
12906.2 400074 0.0317737
12906.6 400074 0.0319012
12906.9 400073 0.0320287
12907.2 400073 0.0321562
12907.5 400072 0.0322838
12907.9 400072 0.0324113
12908.2 400072 0.0325388
12908.5 400071 0.0326662
12908.8 400071 0.0327937
12909 400070 0.0329212
12909.3 400070 0.0330487
12909.6 400069 0.0331762
12909.9 400069 0.0333037
12910.2 400068 0.0334311
12910.4 400068 0.0335586
12910.7 400067 0.0336861
12910.9 400067 0.0338135
12911.2 400066 0.033941
12911.4 400066 0.0340684
12911.7 400065 0.0341959
12911.9 400065 0.0343233
12912.2 400064 0.0344507
12912.4 400064 0.0345782
12912.6 400063 0.0347056
12912.9 400063 0.034833
12913.1 400062 0.0349604
12913.3 400061 0.0350878
12913.5 400061 0.0352152
12913.7 400060 0.0353426
12913.9 400060 0.03547
12914.1 400059 0.0355973
12914.3 400059 0.0357247
12914.5 400058 0.0358521
12914.7 400057 0.0359794
12914.9 400057 0.0361068
12915.1 400056 0.0362341
12915.3 400056 0.0363615
12915.5 400055 0.0364888
12915.7 400054 0.0366161
12915.9 400054 0.0367434
12916 400053 0.0368708
12916.2 400052 0.0369981
12916.4 400052 0.0371254
12916.6 400051 0.0372527
12916.7 400050 0.0373799
12916.9 400050 0.0375072
12917 400049 0.0376345
12917.2 400048 0.0377618
12917.4 400048 0.037889
12917.5 400047 0.0380163
12917.7 400046 0.0381435
12917.8 400046 0.0382707
12918 400045 0.038398
12918.1 400044 0.0385252
12918.2 400043 0.0386524
12918.4 400043 0.0387796
12918.5 400042 0.0389068
12918.7 400041 0.039034
12918.8 400040 0.0391612
12918.9 400040 0.0392884
12919.1 400039 0.0394156
12919.3 400038 0.0395428
12919.6 400037 0.0396699
12920.2 400037 0.0397969
12921.1 400036 0.0399239
12922.2 400035 0.0400507
12923.4 400034 0.0401776
12924.8 400033 0.0403044
12926.3 400033 0.0404311
12927.9 400032 0.0405579
12929.8 400031 0.0406845
12931.8 400030 0.0408111
12933.7 400029 0.0409377
12935.7 400029 0.0410643
12937.6 400028 0.0411909
12939.6 400027 0.0413174
12941.8 400026 0.0414439
12944.1 400025 0.0415704
12946.6 400024 0.0416968
12949.3 400023 0.0418231
12951.9 400023 0.0419495
12954.5 400022 0.0420758
12957.1 400021 0.0422021
12959.7 400020 0.0423285
12962.3 400019 0.0424548
12964.9 400018 0.0425811
12967.5 400017 0.0427074
12970.2 400016 0.0428336
12973 400015 0.0429598
12976 400015 0.043086
12979.1 400014 0.0432121
12982.4 400013 0.0433381
12985.6 400012 0.0434642
12988.8 400011 0.0435901
12992 400010 0.0437159
12995.2 400009 0.0438418
12998.4 400008 0.0439676
13001.6 400007 0.0440935
13004.8 400006 0.0442193
13008 400005 0.0443451
13011.2 400004 0.0444709
13014.4 400003 0.0445967
13017.6 400005 0.0447225
13020.9 400043 0.0448482
13024.2 400125 0.0449739
13027.7 400251 0.0450995
13031.3 400450 0.0452251
13035 400701 0.0453506
13038.8 400952 0.0454761
13042.5 401203 0.0456016
13046.3 401453 0.045727
13050 401704 0.0458525
13053.7 401954 0.0459779
13057.5 402205 0.0461034
13061.2 402455 0.0462288
13064.9 402705 0.0463542
13068.7 402956 0.0464795
13072.4 403206 0.0466049
13076.1 403456 0.0467303
13079.8 403706 0.0468556
13083.5 403956 0.0469809
13087.2 404205 0.0471062
13090.9 404455 0.0472315
13094.6 404705 0.0473568
13098.4 404954 0.0474821
13102.2 405204 0.0476073
13106.1 405453 0.0477324
13110 405702 0.0478575
13114.2 405951 0.0479825
13118.4 406200 0.0481075
13122.6 406449 0.0482324
13126.8 406697 0.0483574
13130.9 406946 0.0484823
13135.1 407194 0.0486072
13139.3 407443 0.0487321
13143.5 407691 0.048857
13147.6 407939 0.0489818
13151.8 408187 0.0491067
13155.9 408435 0.0492315
13160.1 408683 0.0493563
13164.3 408931 0.0494811
13168.4 409179 0.0496059
13172.5 409427 0.0497306
13176.7 409674 0.0498554
13180.8 409922 0.0499801
13185 410169 0.0501048
13189.1 410417 0.0502295
13193.2 410664 0.0503541
13197.4 410911 0.0504788
13201.5 411159 0.0506034
13205.6 411406 0.050728
13209.7 411653 0.0508526
13213.9 411900 0.0509771
13218.1 412146 0.0511016
13222.4 412393 0.051226
13226.7 412639 0.0513504
13231.2 412885 0.0514747
13235.7 413131 0.0515989
13240.2 413377 0.0517232
13244.8 413623 0.0518474
13249.3 413869 0.0519715
13253.8 414115 0.0520957
13258.3 414361 0.0522198
13262.8 414606 0.052344
13267.3 414852 0.0524681
13271.8 415097 0.0525921
13276.3 415342 0.0527162
13280.8 415588 0.0528402
13285.3 415833 0.0529642
13289.8 416078 0.0530882
13294.3 416323 0.0532122
13298.7 416568 0.0533361
13303.2 416812 0.05346
13307.7 417057 0.0535839
13312.2 417302 0.0537078
13316.6 417546 0.0538316
13321.1 417791 0.0539554
13325.5 418035 0.0540792
13330 418279 0.054203
13334.4 418524 0.0543267
13338.9 418768 0.0544505
13343.3 419012 0.0545742
13347.7 419256 0.0546978
13352.2 419500 0.0548215
13356.6 419743 0.0549451
13361 419987 0.0550687
13365.5 420231 0.0551923
13369.9 420474 0.0553158
13374.3 420718 0.0554393
13378.8 420961 0.0555628
13383.3 421204 0.0556861
13387.9 421447 0.0558095
13392.5 421689 0.0559327
13397.2 421932 0.0560558
13402 422174 0.056179
13406.7 422417 0.0563021
13411.5 422659 0.0564252
13416.2 422901 0.0565482
13420.9 423143 0.0566713
13425.7 423385 0.0567943
13430.4 423627 0.0569172
13435.1 423869 0.0570402
13439.8 424111 0.0571631
13444.5 424352 0.057286
13449.3 424594 0.0574089
13454 424835 0.0575317
13458.7 425077 0.0576545
13463.4 425318 0.0577773
13468.1 425559 0.0579
13472.8 425800 0.0580228
13477.4 426041 0.0581455
13482.1 426282 0.0582681
13486.8 426523 0.0583908
13491.5 426764 0.0585134
13496.2 427005 0.058636
13500.8 427245 0.0587585
13505.5 427486 0.0588811
13510.1 427726 0.0590036
13514.8 427967 0.059126
13519.5 428207 0.0592485
13524.1 428447 0.0593709
13528.8 428687 0.0594933
13533.4 428927 0.0596156
13538 429167 0.059738
13542.7 429407 0.0598603
13547.3 429646 0.0599825
13551.9 429886 0.0601048
13556.6 430126 0.060227
13561.2 430365 0.0603492
13565.8 430605 0.0604713
13570.4 430844 0.0605935
13575 431083 0.0607156
13579.6 431322 0.0608377
13584.2 431561 0.0609597
13588.8 431800 0.0610817
13593.4 432039 0.0612037
13598 432278 0.0613256
13602.7 432516 0.0614474
13607.4 432755 0.0615692
13612.1 432993 0.0616909
13616.8 433231 0.0618125
13621.6 433469 0.061934
13410.3 431642 0.0619217
13470.1 433602 0.062002
13494.5 433788 0.0620972
