0 -453.597 -2.26119e-06
634.56 18434.7 9.19103e-05
1173.57 38258.9 0.000190776
1709.92 58066.4 0.000289589
2243.81 77836.7 0.000388245
2775.24 97556.7 0.000486679
3304.22 117225 0.000584884
3830.74 136840 0.000682855
4354.77 156401 0.000780586
4876.15 175907 0.00087808
5394.56 195354 0.000975345
5909.16 214737 0.00107241
6418.2 234045 0.00116932
6918.36 253256 0.00126619
7403.99 272321 0.00136322
7866.83 291143 0.00146071
8297.18 309532 0.001559
8686.59 327148 0.00165844
9030.8 343473 0.00175924
9330.49 357897 0.00186154
9590.04 369878 0.00196524
9815.21 379192 0.00207031
10011.7 385995 0.00217663
10184.8 390713 0.00228388
10338.5 393875 0.00239191
10475.8 395953 0.00250047
10599.4 397310 0.00260959
10711.4 398198 0.00271928
10812.7 398784 0.00283018
10905.5 399171 0.00294151
10991.1 399430 0.00305323
11070.4 399605 0.00316528
11143.9 399725 0.0032777
11212.1 399807 0.00339062
11276 399865 0.0035038
11335.9 399906 0.00361722
11392.3 399935 0.00373084
11445.5 399957 0.00384466
11495.9 399972 0.00395866
11543.8 399984 0.00407282
11589.3 399993 0.00418712
11632.4 399999 0.00430173
11673.3 400005 0.00441668
11712.4 400009 0.00453177
11749.8 400012 0.00464696
11785.6 400015 0.00476226
11820.1 400017 0.00487764
11853.2 400019 0.00499312
11885.1 400021 0.00510866
11915.6 400023 0.00522471
11945 400024 0.0053411
11972.9 400025 0.00545774
11999.8 400026 0.00557445
12025.7 400027 0.00569123
12050.7 400028 0.00580815
12074.7 400029 0.00592563
12097.7 400030 0.00604312
12119.8 400031 0.0061606
12141.1 400032 0.0062781
12161.8 400033 0.00639563
12181.9 400034 0.00651318
12201.4 400035 0.00663075
12220.3 400035 0.00674833
12238.6 400036 0.00686591
12256.3 400037 0.00698351
12273.3 400038 0.00710127
12289.7 400039 0.00721913
12305.5 400039 0.00733699
12320.9 400040 0.00745484
12335.7 400041 0.0075726
12349.8 400042 0.00769012
12363.5 400042 0.00780761
12376.5 400043 0.00792608
12388.8 400044 0.00804531
12400.7 400044 0.00816454
12412.4 400045 0.00828375
12423.7 400046 0.00840294
12434.7 400047 0.00852212
12445.5 400047 0.00864127
12455.9 400048 0.00876041
12466.1 400049 0.00887953
12476 400049 0.00899864
12485.7 400050 0.00911773
12495.1 400051 0.00923681
12504.3 400051 0.00935588
12513.2 400052 0.00947495
12521.8 400053 0.009594
12530.3 400053 0.00971305
12538.4 400054 0.0098321
12546.4 400054 0.00995114
12554.2 400055 0.0100702
12561.7 400056 0.0101892
12569 400056 0.0103082
12576.2 400057 0.0104272
12583.1 400057 0.0105462
12589.9 400058 0.0106652
12596.5 400059 0.0107842
12603 400059 0.0109032
12609.3 400060 0.0110221
12615.5 400060 0.011141
12621.6 400061 0.0112599
12627.5 400061 0.0113788
12633.3 400062 0.0114978
12638.9 400063 0.0116173
12644.3 400063 0.0117373
12649.5 400064 0.0118577
12654.6 400064 0.011978
12659.6 400065 0.0120981
12664.4 400065 0.0122182
12669.2 400066 0.0123383
12673.9 400066 0.0124584
12678.6 400067 0.0125784
12683.1 400067 0.0126985
12687.6 400068 0.0128185
12692 400068 0.0129385
12696.3 400069 0.0130585
12700.6 400069 0.0131786
12704.8 400070 0.0132986
12708.9 400070 0.0134186
12713 400070 0.0135386
12717 400071 0.0136587
12720.9 400071 0.0137787
12724.7 400072 0.0138988
12728.5 400072 0.0140188
12732.1 400073 0.0141388
12735.7 400073 0.0142585
12739.2 400073 0.0143784
12742.7 400074 0.0144982
12746 400074 0.014618
12749.3 400075 0.0147378
12752.5 400075 0.0148576
12755.5 400075 0.0149773
12758.3 400076 0.0150971
12761.2 400076 0.0152168
12763.9 400077 0.0153366
12766.6 400077 0.0154564
12769.2 400077 0.0155761
12771.7 400078 0.0156962
12774.1 400078 0.0158166
12776.4 400078 0.0159371
12778.6 400079 0.0160575
12780.8 400079 0.0161779
12783 400079 0.0162984
12785.1 400080 0.0164188
12787.2 400080 0.0165392
12789.2 400080 0.0166596
12791.2 400081 0.01678
12793.2 400081 0.0169003
12795.1 400081 0.0170207
12797 400081 0.017141
12798.8 400082 0.0172614
12800.6 400082 0.0173817
12802.4 400082 0.017502
12804.2 400082 0.0176222
12805.9 400083 0.0177425
12807.7 400083 0.0178627
12809.4 400083 0.017983
12811 400083 0.0181032
12812.7 400084 0.0182234
12814.3 400084 0.0183435
12815.9 400084 0.0184637
12817.5 400084 0.0185838
12819.1 400085 0.0187039
12820.7 400085 0.018824
12822.2 400085 0.0189441
12823.7 400085 0.0190642
12825.2 400085 0.0191842
12826.7 400085 0.0193042
12828.2 400086 0.0194242
12829.7 400086 0.0195442
12831.1 400086 0.0196642
12832.6 400086 0.0197842
12834 400086 0.0199041
12835.4 400086 0.020024
12836.8 400087 0.020144
12838.2 400087 0.0202638
12839.5 400087 0.0203837
12840.9 400087 0.0205036
12842.2 400087 0.0206235
12843.6 400087 0.0207433
12844.9 400087 0.0208631
12846.2 400087 0.0209829
12847.5 400088 0.0211027
12848.7 400088 0.0212225
12850 400088 0.0213423
12851.3 400088 0.0214621
12852.5 400088 0.0215818
12853.7 400088 0.0217016
12855 400088 0.0218213
12856.2 400088 0.0219411
12857.4 400088 0.0220608
12858.5 400088 0.0221805
12859.7 400088 0.0223002
12860.9 400088 0.0224199
12862 400088 0.0225395
12863.1 400088 0.0226592
12864.3 400088 0.0227788
12865.4 400088 0.0228985
12866.4 400088 0.0230181
12867.5 400088 0.0231377
12868.6 400088 0.0232574
12869.6 400088 0.023377
12870.7 400088 0.0234966
12871.7 400088 0.0236162
12872.7 400088 0.0237359
12873.7 400088 0.0238555
12874.7 400088 0.0239751
12875.7 400088 0.0240947
12876.6 400088 0.0242143
12877.5 400088 0.024334
12878.5 400088 0.0244536
12879.4 400088 0.0245732
12880.3 400088 0.0246929
12881.2 400088 0.0248125
12882 400088 0.0249321
12882.9 400088 0.0250518
12883.7 400087 0.0251714
12884.6 400087 0.0252911
12885.4 400087 0.0254107
12886.2 400087 0.0255304
12886.9 400087 0.02565
12887.7 400087 0.0257697
12888.5 400087 0.0258894
12889.2 400087 0.026009
12889.9 400087 0.0261287
12890.6 400086 0.0262484
12891.3 400086 0.026368
12892 400086 0.0264877
12892.7 400086 0.0266074
12893.3 400086 0.0267271
12894 400086 0.0268468
12894.6 400085 0.0269665
12895.2 400085 0.0270861
12895.8 400085 0.0272058
12896.4 400085 0.0273255
12897 400085 0.0274452
12897.6 400085 0.0275649
12898.1 400084 0.0276846
12898.7 400084 0.0278043
12899.2 400084 0.027924
12899.8 400084 0.0280437
12900.3 400083 0.0281634
12900.7 400083 0.0282838
12901.2 400083 0.0284043
12901.6 400083 0.0285247
12902 400083 0.0286452
12902.5 400082 0.0287656
12902.9 400082 0.0288861
12903.3 400082 0.0290065
12903.7 400081 0.029127
12904.1 400081 0.0292474
12904.5 400081 0.0293679
12904.8 400081 0.0294883
12905.2 400080 0.0296088
12905.5 400080 0.0297292
12905.9 400080 0.0298497
12906.2 400079 0.0299701
12906.6 400079 0.0300906
12906.9 400079 0.030211
12907.2 400078 0.0303315
12907.5 400078 0.0304519
12907.9 400078 0.0305723
12908.2 400077 0.0306928
12908.5 400077 0.0308132
12908.8 400077 0.0309336
12909 400076 0.031054
12909.3 400076 0.0311744
12909.6 400076 0.0312949
12909.9 400075 0.0314153
12910.2 400075 0.0315357
12910.4 400075 0.0316561
12910.7 400074 0.0317764
12910.9 400074 0.0318968
12911.2 400073 0.0320172
12911.4 400073 0.0321376
12911.7 400073 0.032258
12911.9 400072 0.0323783
12912.2 400072 0.0324987
12912.4 400071 0.032619
12912.6 400071 0.0327394
12912.9 400070 0.0328597
12913.1 400070 0.0329801
12913.3 400070 0.0331004
12913.5 400069 0.0332207
12913.7 400069 0.033341
12913.9 400068 0.0334613
12914.1 400068 0.0335817
12914.3 400067 0.033702
12914.5 400067 0.0338222
12914.7 400066 0.0339425
12914.9 400066 0.0340628
12915.1 400065 0.0341831
12915.3 400065 0.0343034
12915.5 400064 0.0344236
12915.7 400064 0.0345439
12915.9 400063 0.0346641
12916 400063 0.0347844
12916.2 400062 0.0349046
12916.4 400062 0.0350248
12916.6 400061 0.0351451
12916.7 400061 0.0352653
12916.9 400060 0.0353855
12917 400060 0.0355057
12917.2 400059 0.0356259
12917.4 400058 0.0357461
12917.5 400058 0.0358663
12917.7 400057 0.0359864
12917.8 400057 0.0361066
12918 400056 0.0362268
12918.1 400056 0.0363469
12918.2 400055 0.0364671
12918.4 400054 0.0365872
12918.5 400054 0.0367074
12918.7 400053 0.0368275
12918.8 400053 0.0369476
12918.9 400052 0.0370677
12919.1 400051 0.0371878
12919.3 400051 0.0373079
12919.6 400050 0.037428
12920.2 400049 0.037548
12921.1 400049 0.0376678
12922.2 400048 0.0377877
12923.4 400048 0.0379075
12924.8 400047 0.0380272
12926.3 400046 0.0381469
12927.9 400046 0.0382666
12929.8 400045 0.0383861
12931.8 400044 0.0385057
12933.7 400044 0.0386253
12935.7 400043 0.0387448
12937.6 400042 0.0388643
12939.6 400041 0.0389838
12941.8 400041 0.0391033
12944.1 400040 0.0392227
12946.6 400039 0.039342
12949.3 400039 0.0394614
12951.9 400038 0.0395807
12954.5 400037 0.0397
12957.1 400036 0.0398192
12959.7 400036 0.0399385
12962.3 400035 0.0400578
12964.9 400034 0.040177
12967.5 400033 0.0402963
12970.2 400033 0.0404155
12973 400032 0.0405347
12976 400031 0.0406538
12979.1 400030 0.0407729
12982.4 400030 0.0408919
12985.6 400029 0.0410109
12988.8 400028 0.0411297
12992 400027 0.0412485
12995.2 400027 0.0413673
12998.4 400026 0.0414862
13001.6 400025 0.0416049
13004.8 400024 0.0417237
13008 400023 0.0418425
13011.2 400023 0.0419612
13014.4 400022 0.04208
13017.6 400021 0.0421987
13020.9 400020 0.0423174
13024.2 400019 0.042436
13027.7 400018 0.0425546
13031.3 400018 0.0426731
13035 400017 0.0427916
13038.8 400016 0.0429101
13042.5 400015 0.0430285
13046.3 400014 0.0431469
13050 400013 0.0432653
13053.7 400012 0.0433837
13057.5 400011 0.0435021
13061.2 400011 0.0436205
13064.9 400010 0.0437388
13068.7 400009 0.0438572
13072.4 400008 0.0439755
13076.1 400007 0.0440938
13079.8 400006 0.0442121
13083.5 400005 0.0443304
13087.2 400004 0.0444487
13090.9 400003 0.0445669
13094.6 400003 0.0446852
13098.4 400024 0.0448034
13102.2 400085 0.0449215
13106.1 400185 0.0450396
13110 400324 0.0451577
13114.2 400551 0.0452757
13118.4 400787 0.0453936
13122.6 401023 0.0455115
13126.8 401258 0.0456294
13130.9 401494 0.0457473
13135.1 401729 0.0458652
13139.3 401965 0.0459831
13143.5 402200 0.0461009
13147.6 402435 0.0462188
13151.8 402670 0.0463366
13155.9 402905 0.0464544
13160.1 403140 0.0465721
13164.3 403375 0.0466899
13168.4 403610 0.0468077
13172.5 403845 0.0469254
13176.7 404080 0.0470431
13180.8 404314 0.0471608
13185 404549 0.0472785
13189.1 404783 0.0473961
13193.2 405018 0.0475138
13197.4 405252 0.0476314
13201.5 405486 0.047749
13205.6 405720 0.0478666
13209.7 405954 0.0479841
13213.9 406188 0.0481016
13218.1 406422 0.0482191
13222.4 406656 0.0483365
13226.7 406889 0.0484538
13231.2 407122 0.0485711
13235.7 407355 0.0486883
13240.2 407589 0.0488055
13244.8 407822 0.0489227
13249.3 408054 0.0490399
13253.8 408287 0.049157
13258.3 408520 0.0492742
13262.8 408753 0.0493913
13267.3 408985 0.0495084
13271.8 409218 0.0496254
13276.3 409450 0.0497425
13280.8 409682 0.0498595
13285.3 409915 0.0499765
13289.8 410147 0.0500934
13294.3 410379 0.0502104
13298.7 410611 0.0503273
13303.2 410843 0.0504442
13307.7 411075 0.0505611
13312.2 411306 0.050678
13316.6 411538 0.0507948
13321.1 411770 0.0509116
13325.5 412001 0.0510284
13330 412233 0.0511452
13334.4 412464 0.0512619
13338.9 412695 0.0513786
13343.3 412926 0.0514953
13347.7 413157 0.051612
13352.2 413388 0.0517286
13356.6 413619 0.0518453
13361 413850 0.0519619
13365.5 414081 0.0520784
13369.9 414311 0.052195
13374.3 414542 0.0523115
13378.8 414772 0.0524279
13383.3 415002 0.0525443
13387.9 415232 0.0526606
13392.5 415462 0.0527769
13397.2 415692 0.052893
13402 415922 0.0530091
13406.7 416151 0.0531253
13411.5 416380 0.0532413
13416.2 416610 0.0533574
13420.9 416839 0.0534735
13425.7 417068 0.0535895
13430.4 417297 0.0537055
13435.1 417526 0.0538214
13439.8 417755 0.0539373
13444.5 417984 0.0540533
13449.3 418213 0.0541691
13454 418441 0.054285
13458.7 418670 0.0544008
13463.4 418898 0.0545166
13468.1 419127 0.0546324
13472.8 419355 0.0547481
13477.4 419583 0.0548638
13482.1 419811 0.0549795
13486.8 420039 0.0550952
13491.5 420267 0.0552108
13496.2 420495 0.0553264
13500.8 420723 0.055442
13505.5 420950 0.0555575
13510.1 421178 0.055673
13514.8 421405 0.0557885
13519.5 421633 0.055904
13524.1 421860 0.0560194
13528.8 422087 0.0561348
13533.4 422315 0.0562502
13538 422542 0.0563656
13542.7 422769 0.0564809
13547.3 422995 0.0565962
13551.9 423222 0.0567114
13556.6 423449 0.0568267
13561.2 423676 0.0569419
13565.8 423902 0.0570571
13570.4 424129 0.0571722
13575 424355 0.0572873
13579.6 424581 0.0574024
13584.2 424807 0.0575175
13588.8 425034 0.0576326
13593.4 425260 0.0577476
13598 425485 0.0578625
13602.7 425711 0.0579773
13607.4 425937 0.0580921
13612.1 426162 0.0582068
13616.8 426387 0.0583215
13621.6 426612 0.058436
13410.3 423757 0.0584169
13470.1 426719 0.0584903
13494.5 426892 0.0585785
