0 -453.597 -2.26119e-06
634.56 16820.2 8.386e-05
1173.57 35033 0.000174687
1709.92 53229.8 0.000265458
2243.81 71390.4 0.000356074
2775.24 89501.4 0.000446466
3304.22 107561 0.00053663
3830.74 125570 0.000626558
4354.77 143525 0.000716247
4876.15 161426 0.000805698
5394.56 179275 0.00089492
5909.16 197071 0.000983938
6418.2 214817 0.00107281
6918.36 232518 0.00116164
7403.99 250179 0.00125063
7866.83 267794 0.00134007
8297.18 285324 0.00143032
8686.59 302648 0.00152172
9030.8 319513 0.00161447
9330.49 335522 0.00170874
9590.04 350138 0.0018044
9815.21 362836 0.00190144
10011.7 373245 0.00199975
10184.8 381269 0.002099
10338.5 387138 0.00219902
10475.8 391257 0.00229953
10599.4 394076 0.00240058
10711.4 395979 0.00250218
10812.7 397264 0.00260503
10905.5 398125 0.0027083
10991.1 398704 0.00281195
11070.4 399096 0.00291594
11143.9 399364 0.0030203
11212.1 399550 0.00312515
11276 399680 0.00323026
11335.9 399771 0.00333561
11392.3 399836 0.00344116
11445.5 399882 0.00354691
11495.9 399916 0.00365284
11543.8 399941 0.00375892
11589.3 399960 0.00386515
11632.4 399974 0.00397169
11673.3 399984 0.00407858
11712.4 399993 0.0041856
11749.8 399999 0.00429272
11785.6 400004 0.00439995
11820.1 400008 0.00450728
11853.2 400011 0.00461468
11885.1 400014 0.00472216
11915.6 400016 0.00483017
11945 400018 0.00493856
11972.9 400020 0.00504717
11999.8 400022 0.00515585
12025.7 400023 0.0052646
12050.7 400024 0.00537351
12074.7 400025 0.005483
12097.7 400026 0.0055925
12119.8 400027 0.00570194
12141.1 400028 0.00581142
12161.8 400029 0.00592092
12181.9 400030 0.00603044
12201.4 400031 0.00613997
12220.3 400032 0.00624952
12238.6 400033 0.00635908
12256.3 400033 0.00646864
12273.3 400034 0.00657837
12289.7 400035 0.00668819
12305.5 400036 0.00679801
12320.9 400037 0.00690783
12335.7 400037 0.00701754
12349.8 400038 0.00712693
12363.5 400039 0.0072363
12376.5 400039 0.00734672
12388.8 400040 0.00745796
12400.7 400041 0.00756919
12412.4 400041 0.00768041
12423.7 400042 0.0077916
12434.7 400043 0.00790279
12445.5 400044 0.00801395
12455.9 400044 0.0081251
12466.1 400045 0.00823622
12476 400046 0.00834734
12485.7 400046 0.00845844
12495.1 400047 0.00856953
12504.3 400047 0.00868061
12513.2 400048 0.00879169
12521.8 400049 0.00890275
12530.3 400049 0.00901382
12538.4 400050 0.00912488
12546.4 400051 0.00923593
12554.2 400051 0.00934699
12561.7 400052 0.00945803
12569 400052 0.00956907
12576.2 400053 0.0096801
12583.1 400054 0.00979112
12589.9 400054 0.00990213
12596.5 400055 0.0100131
12603 400055 0.0101241
12609.3 400056 0.0102351
12615.5 400056 0.010346
12621.6 400057 0.0104569
12627.5 400058 0.0105678
12633.3 400058 0.0106789
12638.9 400059 0.0107904
12644.3 400059 0.0109025
12649.5 400060 0.011015
12654.6 400060 0.0111274
12659.6 400061 0.0112396
12664.4 400061 0.0113518
12669.2 400062 0.011464
12673.9 400062 0.0115761
12678.6 400063 0.0116883
12683.1 400063 0.0118004
12687.6 400064 0.0119125
12692 400064 0.0120246
12696.3 400065 0.0121367
12700.6 400065 0.0122488
12704.8 400066 0.012361
12708.9 400066 0.0124731
12713 400067 0.0125852
12717 400067 0.0126973
12720.9 400068 0.0128095
12724.7 400068 0.0129216
12728.5 400069 0.0130338
12732.1 400069 0.0131458
12735.7 400069 0.0132576
12739.2 400070 0.0133695
12742.7 400070 0.0134813
12746 400071 0.0135932
12749.3 400071 0.013705
12752.5 400071 0.0138169
12755.5 400072 0.0139286
12758.3 400072 0.0140403
12761.2 400073 0.014152
12763.9 400073 0.0142637
12766.6 400073 0.0143754
12769.2 400074 0.014487
12771.7 400074 0.014599
12774.1 400075 0.0147115
12776.4 400075 0.0148239
12778.6 400075 0.0149362
12780.8 400076 0.0150486
12783 400076 0.015161
12785.1 400076 0.0152734
12787.2 400077 0.0153857
12789.2 400077 0.0154981
12791.2 400077 0.0156104
12793.2 400078 0.0157227
12795.1 400078 0.015835
12797 400078 0.0159473
12798.8 400079 0.0160595
12800.6 400079 0.0161718
12802.4 400079 0.016284
12804.2 400080 0.0163962
12805.9 400080 0.0165084
12807.7 400080 0.0166205
12809.4 400080 0.0167327
12811 400081 0.0168448
12812.7 400081 0.0169569
12814.3 400081 0.017069
12815.9 400081 0.0171811
12817.5 400082 0.0172932
12819.1 400082 0.0174052
12820.7 400082 0.0175172
12822.2 400082 0.0176292
12823.7 400083 0.0177412
12825.2 400083 0.0178532
12826.7 400083 0.0179651
12828.2 400083 0.0180771
12829.7 400084 0.018189
12831.1 400084 0.0183009
12832.6 400084 0.0184128
12834 400084 0.0185247
12835.4 400084 0.0186365
12836.8 400085 0.0187483
12838.2 400085 0.0188602
12839.5 400085 0.018972
12840.9 400085 0.0190838
12842.2 400085 0.0191956
12843.6 400085 0.0193073
12844.9 400086 0.0194191
12846.2 400086 0.0195308
12847.5 400086 0.0196426
12848.7 400086 0.0197543
12850 400086 0.019866
12851.3 400086 0.0199777
12852.5 400087 0.0200894
12853.7 400087 0.0202011
12855 400087 0.0203127
12856.2 400087 0.0204244
12857.4 400087 0.020536
12858.5 400087 0.0206477
12859.7 400087 0.0207593
12860.9 400087 0.0208709
12862 400087 0.0209825
12863.1 400087 0.0210941
12864.3 400088 0.0212057
12865.4 400088 0.0213172
12866.4 400088 0.0214288
12867.5 400088 0.0215404
12868.6 400088 0.0216519
12869.6 400088 0.0217635
12870.7 400088 0.021875
12871.7 400088 0.0219866
12872.7 400088 0.0220982
12873.7 400088 0.0222097
12874.7 400088 0.0223213
12875.7 400088 0.0224328
12876.6 400088 0.0225444
12877.5 400088 0.0226559
12878.5 400088 0.0227675
12879.4 400088 0.0228791
12880.3 400088 0.0229906
12881.2 400088 0.0231022
12882 400088 0.0232138
12882.9 400088 0.0233253
12883.7 400088 0.0234369
12884.6 400088 0.0235485
12885.4 400088 0.0236601
12886.2 400088 0.0237716
12886.9 400088 0.0238832
12887.7 400088 0.0239948
12888.5 400088 0.0241064
12889.2 400088 0.024218
12889.9 400088 0.0243296
12890.6 400088 0.0244412
12891.3 400088 0.0245528
12892 400088 0.0246644
12892.7 400088 0.024776
12893.3 400088 0.0248876
12894 400088 0.0249992
12894.6 400088 0.0251109
12895.2 400087 0.0252225
12895.8 400087 0.0253341
12896.4 400087 0.0254457
12897 400087 0.0255573
12897.6 400087 0.0256689
12898.1 400087 0.0257805
12898.7 400087 0.0258921
12899.2 400087 0.0260037
12899.8 400087 0.0261153
12900.3 400086 0.026227
12900.7 400086 0.0263394
12901.2 400086 0.0264518
12901.6 400086 0.0265642
12902 400086 0.0266766
12902.5 400086 0.0267889
12902.9 400086 0.0269013
12903.3 400085 0.0270137
12903.7 400085 0.0271261
12904.1 400085 0.0272385
12904.5 400085 0.0273509
12904.8 400085 0.0274633
12905.2 400085 0.0275757
12905.5 400084 0.0276881
12905.9 400084 0.0278005
12906.2 400084 0.0279129
12906.6 400084 0.0280253
12906.9 400084 0.0281377
12907.2 400083 0.0282501
12907.5 400083 0.0283625
12907.9 400083 0.0284748
12908.2 400083 0.0285872
12908.5 400082 0.0286996
12908.8 400082 0.0288119
12909 400082 0.0289243
12909.3 400082 0.0290367
12909.6 400081 0.029149
12909.9 400081 0.0292614
12910.2 400081 0.0293737
12910.4 400081 0.029486
12910.7 400080 0.0295984
12910.9 400080 0.0297107
12911.2 400080 0.029823
12911.4 400080 0.0299353
12911.7 400079 0.0300476
12911.9 400079 0.03016
12912.2 400079 0.0302723
12912.4 400078 0.0303846
12912.6 400078 0.0304968
12912.9 400078 0.0306091
12913.1 400077 0.0307214
12913.3 400077 0.0308337
12913.5 400077 0.0309459
12913.7 400076 0.0310582
12913.9 400076 0.0311705
12914.1 400076 0.0312827
12914.3 400075 0.0313949
12914.5 400075 0.0315072
12914.7 400075 0.0316194
12914.9 400074 0.0317316
12915.1 400074 0.0318438
12915.3 400074 0.0319561
12915.5 400073 0.0320683
12915.7 400073 0.0321805
12915.9 400072 0.0322926
12916 400072 0.0324048
12916.2 400072 0.032517
12916.4 400071 0.0326292
12916.6 400071 0.0327413
12916.7 400070 0.0328535
12916.9 400070 0.0329657
12917 400070 0.0330778
12917.2 400069 0.0331899
12917.4 400069 0.0333021
12917.5 400068 0.0334142
12917.7 400068 0.0335263
12917.8 400068 0.0336384
12918 400067 0.0337506
12918.1 400067 0.0338627
12918.2 400066 0.0339748
12918.4 400066 0.0340868
12918.5 400065 0.0341989
12918.7 400065 0.034311
12918.8 400064 0.0344231
12918.9 400064 0.0345351
12919.1 400063 0.0346472
12919.3 400063 0.0347592
12919.6 400062 0.0348712
12920.2 400062 0.0349831
12921.1 400061 0.035095
12922.2 400061 0.0352068
12923.4 400060 0.0353185
12924.8 400060 0.0354302
12926.3 400059 0.0355419
12927.9 400059 0.0356535
12929.8 400058 0.035765
12931.8 400058 0.0358765
12933.7 400057 0.035988
12935.7 400057 0.0360995
12937.6 400056 0.036211
12939.6 400056 0.0363225
12941.8 400055 0.0364339
12944.1 400055 0.0365453
12946.6 400054 0.0366566
12949.3 400053 0.0367679
12951.9 400053 0.0368791
12954.5 400052 0.0369904
12957.1 400052 0.0371017
12959.7 400051 0.0372129
12962.3 400051 0.0373241
12964.9 400050 0.0374354
12967.5 400049 0.0375466
12970.2 400049 0.0376578
12973 400048 0.0377689
12976 400048 0.03788
12979.1 400047 0.037991
12982.4 400046 0.038102
12985.6 400046 0.038213
12988.8 400045 0.0383238
12992 400045 0.0384346
12995.2 400044 0.0385453
12998.4 400043 0.0386561
13001.6 400043 0.0387669
13004.8 400042 0.0388776
13008 400041 0.0389883
13011.2 400041 0.039099
13014.4 400040 0.0392098
13017.6 400039 0.0393204
13020.9 400039 0.0394311
13024.2 400038 0.0395417
13027.7 400037 0.0396522
13031.3 400037 0.0397627
13035 400036 0.0398732
13038.8 400035 0.0399836
13042.5 400035 0.040094
13046.3 400034 0.0402044
13050 400033 0.0403147
13053.7 400033 0.0404251
13057.5 400032 0.0405354
13061.2 400031 0.0406458
13064.9 400031 0.0407561
13068.7 400030 0.0408664
13072.4 400029 0.0409767
13076.1 400028 0.041087
13079.8 400028 0.0411973
13083.5 400027 0.0413075
13087.2 400026 0.0414178
13090.9 400025 0.041528
13094.6 400025 0.0416382
13098.4 400024 0.0417484
13102.2 400023 0.0418585
13106.1 400022 0.0419686
13110 400022 0.0420786
13114.2 400021 0.0421886
13118.4 400020 0.0422985
13122.6 400019 0.0424084
13126.8 400019 0.0425183
13130.9 400018 0.0426281
13135.1 400017 0.042738
13139.3 400016 0.0428478
13143.5 400015 0.0429577
13147.6 400015 0.0430675
13151.8 400014 0.0431773
13155.9 400013 0.043287
13160.1 400012 0.0433968
13164.3 400011 0.0435065
13168.4 400011 0.0436163
13172.5 400010 0.043726
13176.7 400009 0.0438356
13180.8 400008 0.0439453
13185 400007 0.044055
13189.1 400007 0.0441646
13193.2 400006 0.0442742
13197.4 400005 0.0443838
13201.5 400004 0.0444934
13205.6 400003 0.044603
13209.7 400004 0.0447125
13213.9 400031 0.044822
13218.1 400092 0.0449315
13222.4 400186 0.0450409
13226.7 400314 0.0451502
13231.2 400519 0.0452594
13235.7 400737 0.0453686
13240.2 400955 0.0454778
13244.8 401174 0.045587
13249.3 401392 0.0456962
13253.8 401610 0.0458053
13258.3 401828 0.0459144
13262.8 402045 0.0460235
13267.3 402263 0.0461326
13271.8 402481 0.0462417
13276.3 402699 0.0463507
13280.8 402916 0.0464597
13285.3 403134 0.0465687
13289.8 403351 0.0466777
13294.3 403568 0.0467866
13298.7 403785 0.0468955
13303.2 404003 0.0470044
13307.7 404220 0.0471133
13312.2 404437 0.0472222
13316.6 404653 0.047331
13321.1 404870 0.0474398
13325.5 405087 0.0475486
13330 405304 0.0476574
13334.4 405520 0.0477661
13338.9 405737 0.0478748
13343.3 405953 0.0479835
13347.7 406169 0.0480922
13352.2 406386 0.0482009
13356.6 406602 0.0483095
13361 406818 0.0484181
13365.5 407034 0.0485267
13369.9 407250 0.0486352
13374.3 407466 0.0487437
13378.8 407681 0.0488521
13383.3 407897 0.0489605
13387.9 408112 0.0490688
13392.5 408327 0.0491771
13397.2 408542 0.0492852
13402 408757 0.0493934
13406.7 408972 0.0495015
13411.5 409186 0.0496096
13416.2 409401 0.0497177
13420.9 409616 0.0498258
13425.7 409830 0.0499338
13430.4 410044 0.0500418
13435.1 410259 0.0501497
13439.8 410473 0.0502577
13444.5 410687 0.0503656
13449.3 410901 0.0504735
13454 411115 0.0505814
13458.7 411329 0.0506892
13463.4 411542 0.050797
13468.1 411756 0.0509048
13472.8 411970 0.0510126
13477.4 412183 0.0511203
13482.1 412397 0.051228
13486.8 412610 0.0513357
13491.5 412823 0.0514433
13496.2 413036 0.0515509
13500.8 413249 0.0516585
13505.5 413462 0.0517661
13510.1 413675 0.0518736
13514.8 413888 0.0519811
13519.5 414101 0.0520886
13524.1 414314 0.0521961
13528.8 414526 0.0523035
13533.4 414739 0.0524109
13538 414951 0.0525183
13542.7 415163 0.0526256
13547.3 415376 0.052733
13551.9 415588 0.0528402
13556.6 415800 0.0529475
13561.2 416012 0.0530547
13565.8 416224 0.0531619
13570.4 416435 0.0532691
13575 416647 0.0533763
13579.6 416859 0.0534834
13584.2 417070 0.0535905
13588.8 417282 0.0536976
13593.4 417493 0.0538046
13598 417704 0.0539115
13602.7 417915 0.0540184
13607.4 418126 0.0541252
13612.1 418337 0.0542319
13616.8 418547 0.0543386
13621.6 418757 0.0544451
13410.3 414701 0.0544182
13470.1 418833 0.0544837
13494.5 418992 0.054564
