0 -453.597 -2.26119e-06
634.56 11105.8 5.53676e-05
1173.57 23562.3 0.00011748
1709.92 36012.2 0.000179571
2243.81 48425.4 0.00024149
2775.24 60795.5 0.000303206
3304.22 73121.9 0.000364715
3830.74 85399.9 0.000425994
4354.77 97627.3 0.000487031
4876.15 109805 0.00054783
5394.56 121933 0.000608397
5909.16 134018 0.000668757
6418.2 146071 0.000728968
6918.36 158113 0.000789141
7403.99 170186 0.00084948
7866.83 182342 0.00091026
8297.18 194656 0.000971854
8686.59 207193 0.00103461
9030.8 219988 0.00109873
9330.49 233045 0.00116429
9590.04 246329 0.00123119
9815.21 259773 0.00129923
10011.7 273297 0.00136823
10184.8 286814 0.00143808
10338.5 300222 0.00150873
10475.8 313492 0.00158078
10599.4 326346 0.00165374
10711.4 338547 0.00172758
10812.7 349808 0.00180209
10905.5 359866 0.00187706
10991.1 368550 0.00195244
11070.4 375791 0.00202819
11143.9 381636 0.00210435
11212.1 386228 0.00218105
11276 389741 0.00225803
11335.9 392383 0.00233528
11392.3 394346 0.00241275
11445.5 395797 0.00249044
11495.9 396864 0.00256832
11543.8 397651 0.00264638
11589.3 398232 0.0027246
11632.4 398662 0.00280305
11673.3 398983 0.00288175
11712.4 399223 0.00296058
11749.8 399404 0.00303953
11785.6 399540 0.00311859
11820.1 399644 0.00319775
11853.2 399724 0.00327699
11885.1 399785 0.00335632
11915.6 399833 0.00343546
11945 399870 0.00351448
11972.9 399899 0.00359412
11999.8 399922 0.00367386
12025.7 399940 0.00375364
12050.7 399955 0.00383343
12074.7 399967 0.00391308
12097.7 399976 0.00399301
12119.8 399984 0.00407357
12141.1 399990 0.00415416
12161.8 399996 0.00423476
12181.9 400000 0.00431538
12201.4 400004 0.004396
12220.3 400007 0.00447664
12238.6 400010 0.00455728
12256.3 400012 0.00463792
12273.3 400014 0.00471882
12289.7 400016 0.00479986
12305.5 400017 0.00488091
12320.9 400019 0.00496194
12335.7 400020 0.00504332
12349.8 400021 0.00512569
12363.5 400022 0.00520806
12376.5 400023 0.00528989
12388.8 400024 0.00537154
12400.7 400025 0.00545315
12412.4 400026 0.00553475
12423.7 400027 0.00561631
12434.7 400027 0.00569785
12445.5 400028 0.00577936
12455.9 400029 0.00586084
12466.1 400030 0.00594229
12476 400030 0.00602371
12485.7 400031 0.00610511
12495.1 400031 0.00618648
12504.3 400032 0.00626782
12513.2 400033 0.00634915
12521.8 400033 0.00643045
12530.3 400034 0.00651173
12538.4 400034 0.006593
12546.4 400035 0.00667424
12554.2 400035 0.00675547
12561.7 400036 0.00683667
12569 400037 0.00691786
12576.2 400037 0.00699903
12583.1 400038 0.00708018
12589.9 400038 0.00716132
12596.5 400039 0.00724242
12603 400039 0.00732351
12609.3 400040 0.00740458
12615.5 400040 0.00748562
12621.6 400041 0.00756664
12627.5 400041 0.00764763
12633.3 400042 0.00772854
12638.9 400042 0.00780928
12644.3 400043 0.0078897
12649.5 400043 0.00796995
12654.6 400044 0.00805037
12659.6 400044 0.00813147
12664.4 400045 0.00821253
12669.2 400045 0.00829356
12673.9 400046 0.00837456
12678.6 400046 0.00845553
12683.1 400047 0.00853646
12687.6 400047 0.00861736
12692 400048 0.00869823
12696.3 400048 0.00877906
12700.6 400048 0.00885986
12704.8 400049 0.00894063
12708.9 400049 0.00902136
12713 400050 0.00910206
12717 400050 0.00918273
12720.9 400051 0.00926337
12724.7 400051 0.00934397
12728.5 400052 0.00942454
12732.1 400052 0.00950551
12735.7 400052 0.00958689
12739.2 400053 0.00966825
12742.7 400053 0.00974959
12746 400054 0.00983093
12749.3 400054 0.00991224
12752.5 400055 0.00999385
12755.5 400055 0.010077
12758.3 400055 0.0101604
12761.2 400056 0.0102438
12763.9 400056 0.0103272
12766.6 400057 0.0104106
12769.2 400057 0.0104941
12771.7 400058 0.0105777
12774.1 400058 0.0106616
12776.4 400058 0.0107455
12778.6 400059 0.0108294
12780.8 400059 0.0109133
12783 400060 0.0109973
12785.1 400060 0.0110813
12787.2 400060 0.0111653
12789.2 400061 0.0112494
12791.2 400061 0.0113334
12793.2 400062 0.0114175
12795.1 400062 0.0115016
12797 400062 0.0115856
12798.8 400063 0.0116697
12800.6 400063 0.0117538
12802.4 400063 0.0118379
12804.2 400064 0.011922
12805.9 400064 0.0120061
12807.7 400065 0.0120902
12809.4 400065 0.0121743
12811 400065 0.0122584
12812.7 400066 0.0123425
12814.3 400066 0.0124265
12815.9 400066 0.0125106
12817.5 400067 0.0125946
12819.1 400067 0.0126787
12820.7 400067 0.0127627
12822.2 400068 0.0128467
12823.7 400068 0.0129306
12825.2 400068 0.0130146
12826.7 400069 0.0130986
12828.2 400069 0.0131825
12829.7 400069 0.0132664
12831.1 400070 0.0133503
12832.6 400070 0.0134341
12834 400070 0.013518
12835.4 400071 0.0136018
12836.8 400071 0.0136856
12838.2 400071 0.0137694
12839.5 400072 0.0138532
12840.9 400072 0.013937
12842.2 400072 0.0140207
12843.6 400073 0.0141044
12844.9 400073 0.0141881
12846.2 400073 0.0142718
12847.5 400073 0.0143555
12848.7 400074 0.0144391
12850 400074 0.0145227
12851.3 400074 0.0146063
12852.5 400075 0.0146899
12853.7 400075 0.0147735
12855 400075 0.0148571
12856.2 400075 0.0149406
12857.4 400076 0.0150241
12858.5 400076 0.0151076
12859.7 400076 0.0151911
12860.9 400076 0.0152746
12862 400077 0.0153581
12863.1 400077 0.0154416
12864.3 400077 0.0155251
12865.4 400077 0.0156086
12866.4 400078 0.015692
12867.5 400078 0.0157755
12868.6 400078 0.0158589
12869.6 400078 0.0159423
12870.7 400079 0.0160258
12871.7 400079 0.0161092
12872.7 400079 0.0161926
12873.7 400079 0.016276
12874.7 400079 0.0163595
12875.7 400080 0.0164429
12876.6 400080 0.0165263
12877.5 400080 0.0166097
12878.5 400080 0.0166931
12879.4 400081 0.0167766
12880.3 400081 0.01686
12881.2 400081 0.0169434
12882 400081 0.0170269
12882.9 400081 0.0171103
12883.7 400082 0.0171938
12884.6 400082 0.0172772
12885.4 400082 0.0173607
12886.2 400082 0.0174442
12886.9 400082 0.0175277
12887.7 400082 0.0176112
12888.5 400083 0.0176948
12889.2 400083 0.0177783
12889.9 400083 0.0178619
12890.6 400083 0.0179454
12891.3 400083 0.018029
12892 400083 0.0181126
12892.7 400084 0.0181962
12893.3 400084 0.0182799
12894 400084 0.0183635
12894.6 400084 0.0184472
12895.2 400084 0.0185309
12895.8 400084 0.0186146
12896.4 400085 0.0186983
12897 400085 0.018782
12897.6 400085 0.0188658
12898.1 400085 0.0189495
12898.7 400085 0.0190333
12899.2 400085 0.0191171
12899.8 400085 0.0192009
12900.3 400085 0.0192847
12900.7 400086 0.0193686
12901.2 400086 0.0194525
12901.6 400086 0.0195365
12902 400086 0.0196204
12902.5 400086 0.0197044
12902.9 400086 0.0197883
12903.3 400086 0.0198723
12903.7 400086 0.0199562
12904.1 400086 0.0200402
12904.5 400087 0.0201242
12904.8 400087 0.0202082
12905.2 400087 0.0202922
12905.5 400087 0.0203762
12905.9 400087 0.0204602
12906.2 400087 0.0205442
12906.6 400087 0.0206283
12906.9 400087 0.0207123
12907.2 400087 0.0207963
12907.5 400087 0.0208803
12907.9 400087 0.0209643
12908.2 400087 0.0210484
12908.5 400088 0.0211324
12908.8 400088 0.0212164
12909 400088 0.0213004
12909.3 400088 0.0213844
12909.6 400088 0.0214685
12909.9 400088 0.0215525
12910.2 400088 0.0216365
12910.4 400088 0.0217205
12910.7 400088 0.0218045
12910.9 400088 0.0218885
12911.2 400088 0.0219725
12911.4 400088 0.0220565
12911.7 400088 0.0221405
12911.9 400088 0.0222245
12912.2 400088 0.0223084
12912.4 400088 0.0223924
12912.6 400088 0.0224764
12912.9 400088 0.0225603
12913.1 400088 0.0226443
12913.3 400088 0.0227282
12913.5 400088 0.0228122
12913.7 400088 0.0228961
12913.9 400088 0.02298
12914.1 400088 0.0230639
12914.3 400088 0.0231478
12914.5 400088 0.0232317
12914.7 400088 0.0233156
12914.9 400088 0.0233995
12915.1 400088 0.0234834
12915.3 400088 0.0235673
12915.5 400088 0.0236511
12915.7 400088 0.023735
12915.9 400088 0.0238188
12916 400088 0.0239027
12916.2 400088 0.0239865
12916.4 400088 0.0240703
12916.6 400088 0.0241541
12916.7 400088 0.0242379
12916.9 400088 0.0243217
12917 400088 0.0244055
12917.2 400088 0.0244893
12917.4 400088 0.0245731
12917.5 400088 0.0246568
12917.7 400088 0.0247406
12917.8 400088 0.0248243
12918 400088 0.0249081
12918.1 400088 0.0249918
12918.2 400088 0.0250755
12918.4 400087 0.0251592
12918.5 400087 0.0252429
12918.7 400087 0.0253266
12918.8 400087 0.0254103
12918.9 400087 0.0254939
12919.1 400087 0.0255776
12919.3 400087 0.0256612
12919.6 400087 0.0257448
12920.2 400087 0.0258282
12921.1 400087 0.0259116
12922.2 400087 0.0259948
12923.4 400087 0.026078
12924.8 400087 0.0261611
12926.3 400086 0.0262442
12927.9 400086 0.0263272
12929.8 400086 0.02641
12931.8 400086 0.0264929
12933.7 400086 0.0265757
12935.7 400086 0.0266585
12937.6 400086 0.0267413
12939.6 400086 0.0268241
12941.8 400086 0.0269067
12944.1 400085 0.0269894
12946.6 400085 0.0270719
12949.3 400085 0.0271543
12951.9 400085 0.0272368
12954.5 400085 0.0273192
12957.1 400085 0.0274016
12959.7 400085 0.027484
12962.3 400085 0.0275664
12964.9 400084 0.0276488
12967.5 400084 0.0277311
12970.2 400084 0.0278134
12973 400084 0.0278957
12976 400084 0.0279779
12979.1 400084 0.0280599
12982.4 400084 0.0281419
12985.6 400083 0.0282239
12988.8 400083 0.028306
12992 400083 0.0283881
12995.2 400083 0.0284701
12998.4 400083 0.0285522
13001.6 400083 0.0286342
13004.8 400082 0.0287162
13008 400082 0.0287982
13011.2 400082 0.0288801
13014.4 400082 0.0289621
13017.6 400082 0.029044
13020.9 400081 0.0291259
13024.2 400081 0.0292078
13027.7 400081 0.0292896
13031.3 400081 0.0293713
13035 400081 0.0294529
13038.8 400081 0.0295344
13042.5 400080 0.029616
13046.3 400080 0.0296976
13050 400080 0.0297791
13053.7 400080 0.0298606
13057.5 400080 0.0299421
13061.2 400079 0.0300236
13064.9 400079 0.030105
13068.7 400079 0.0301865
13072.4 400079 0.0302679
13076.1 400078 0.0303493
13079.8 400078 0.0304307
13083.5 400078 0.030512
13087.2 400078 0.0305934
13090.9 400078 0.0306747
13094.6 400077 0.030756
13098.4 400077 0.0308372
13102.2 400077 0.0309185
13106.1 400077 0.0309996
13110 400076 0.0310807
13114.2 400076 0.0311617
13118.4 400076 0.0312426
13122.6 400076 0.0313235
13126.8 400075 0.0314043
13130.9 400075 0.0314852
13135.1 400075 0.031566
13139.3 400075 0.0316468
13143.5 400074 0.0317276
13147.6 400074 0.0318083
13151.8 400074 0.0318891
13155.9 400074 0.0319698
13160.1 400073 0.0320504
13164.3 400073 0.0321311
13168.4 400073 0.0322117
13172.5 400072 0.0322923
13176.7 400072 0.0323729
13180.8 400072 0.0324534
13185 400072 0.032534
13189.1 400071 0.0326145
13193.2 400071 0.0326949
13197.4 400071 0.0327754
13201.5 400070 0.0328558
13205.6 400070 0.0329362
13209.7 400070 0.0330165
13213.9 400070 0.0330969
13218.1 400069 0.0331771
13222.4 400069 0.0332573
13226.7 400069 0.0333375
13231.2 400068 0.0334175
13235.7 400068 0.0334974
13240.2 400068 0.0335773
13244.8 400067 0.0336572
13249.3 400067 0.033737
13253.8 400067 0.0338169
13258.3 400066 0.0338966
13262.8 400066 0.0339764
13267.3 400066 0.0340561
13271.8 400066 0.0341358
13276.3 400065 0.0342154
13280.8 400065 0.034295
13285.3 400065 0.0343746
13289.8 400064 0.0344542
13294.3 400064 0.0345337
13298.7 400064 0.0346132
13303.2 400063 0.0346926
13307.7 400063 0.034772
13312.2 400062 0.0348514
13316.6 400062 0.0349308
13321.1 400062 0.0350101
13325.5 400061 0.0350894
13330 400061 0.0351686
13334.4 400061 0.0352479
13338.9 400060 0.0353271
13343.3 400060 0.0354062
13347.7 400060 0.0354853
13352.2 400059 0.0355644
13356.6 400059 0.0356435
13361 400059 0.0357225
13365.5 400058 0.0358015
13369.9 400058 0.0358805
13374.3 400057 0.0359594
13378.8 400057 0.0360383
13383.3 400057 0.0361171
13387.9 400056 0.0361958
13392.5 400056 0.0362745
13397.2 400056 0.0363531
13402 400055 0.0364315
13406.7 400055 0.0365099
13411.5 400054 0.0365883
13416.2 400054 0.0366666
13420.9 400054 0.0367449
13425.7 400053 0.0368231
13430.4 400053 0.0369013
13435.1 400052 0.0369795
13439.8 400052 0.0370577
13444.5 400052 0.0371358
13449.3 400051 0.0372138
13454 400051 0.0372919
13458.7 400050 0.0373699
13463.4 400050 0.0374478
13468.1 400050 0.0375258
13472.8 400049 0.0376037
13477.4 400049 0.0376815
13482.1 400048 0.0377593
13486.8 400048 0.0378371
13491.5 400047 0.0379149
13496.2 400047 0.0379926
13500.8 400047 0.0380703
13505.5 400046 0.0381479
13510.1 400046 0.0382255
13514.8 400045 0.0383031
13519.5 400045 0.0383806
13524.1 400044 0.0384581
13528.8 400044 0.0385356
13533.4 400044 0.0386131
13538 400043 0.0386905
13542.7 400043 0.0387678
13547.3 400042 0.0388452
13551.9 400042 0.0389225
13556.6 400041 0.0389997
13561.2 400041 0.039077
13565.8 400040 0.0391542
13570.4 400040 0.0392313
13575 400040 0.0393085
13579.6 400039 0.0393855
13584.2 400039 0.0394626
13588.8 400038 0.0395396
13593.4 400038 0.0396166
13598 400037 0.0396937
13602.7 400037 0.0397706
13607.4 400036 0.0398475
13612.1 400036 0.0399244
13616.8 400035 0.0400011
13621.6 400035 0.0400779
13410.3 390654 0.0400177
13470.1 395980 0.0400519
13494.5 400035 0.0401008
