0 -453.597 -2.26119e-06
634.56 15035.1 7.49587e-05
1173.57 31465.5 0.000156893
1709.92 47880.5 0.000238771
2243.81 64260.4 0.000320494
2775.24 80591.3 0.000401993
3304.22 96872.2 0.000483262
3830.74 113102 0.000564295
4354.77 129280 0.000645089
4876.15 145406 0.000725646
5394.56 161481 0.000805974
5909.16 177510 0.000886097
6418.2 193501 0.000966072
6918.36 209469 0.00104601
7403.99 225444 0.00112611
7866.83 241463 0.00120665
8297.18 257561 0.001288
8686.59 273741 0.00137051
9030.8 289934 0.00145437
9330.49 305992 0.00153974
9590.04 321630 0.00162651
9815.21 336482 0.00171467
10011.7 350097 0.00180411
10184.8 362006 0.0018945
10338.5 371907 0.00198566
10475.8 379713 0.00207726
10599.4 385606 0.00216939
10711.4 389899 0.00226206
10812.7 392968 0.002356
10905.5 395104 0.00245037
10991.1 396580 0.00254511
11070.4 397597 0.00264018
11143.9 398300 0.00273563
11212.1 398790 0.00283157
11276 399132 0.00292776
11335.9 399373 0.00302419
11392.3 399544 0.00312083
11445.5 399666 0.00321766
11495.9 399755 0.00331466
11543.8 399820 0.00341183
11589.3 399867 0.00350914
11632.4 399903 0.00360675
11673.3 399929 0.00370473
11712.4 399950 0.00380283
11749.8 399965 0.00390105
11785.6 399977 0.00399936
11820.1 399986 0.00409777
11853.2 399993 0.00419626
11885.1 399999 0.00429483
11915.6 400004 0.00439395
11945 400008 0.00449348
11972.9 400011 0.0045932
11999.8 400013 0.004693
12025.7 400016 0.00479287
12050.7 400018 0.0048929
12074.7 400019 0.00499355
12097.7 400021 0.00509419
12119.8 400022 0.00519475
12141.1 400023 0.00529534
12161.8 400024 0.00539595
12181.9 400026 0.00549659
12201.4 400026 0.00559724
12220.3 400027 0.0056979
12238.6 400028 0.00579858
12256.3 400029 0.00589926
12273.3 400030 0.0060001
12289.7 400031 0.00610103
12305.5 400032 0.00620196
12320.9 400032 0.00630289
12335.7 400033 0.00640369
12349.8 400034 0.00650412
12363.5 400034 0.00660453
12376.5 400035 0.00670605
12388.8 400036 0.00680844
12400.7 400037 0.00691081
12412.4 400037 0.00701317
12423.7 400038 0.00711551
12434.7 400039 0.00721784
12445.5 400039 0.00732015
12455.9 400040 0.00742245
12466.1 400041 0.00752472
12476 400041 0.00762699
12485.7 400042 0.00772924
12495.1 400042 0.00783147
12504.3 400043 0.00793371
12513.2 400044 0.00803593
12521.8 400044 0.00813815
12530.3 400045 0.00824037
12538.4 400045 0.00834258
12546.4 400046 0.00844479
12554.2 400047 0.00854699
12561.7 400047 0.00864919
12569 400048 0.00875139
12576.2 400048 0.00885357
12583.1 400049 0.00895575
12589.9 400050 0.00905791
12596.5 400050 0.00916006
12603 400051 0.00926219
12609.3 400051 0.0093643
12615.5 400052 0.0094664
12621.6 400052 0.00956847
12627.5 400053 0.00967052
12633.3 400053 0.00977274
12638.9 400054 0.00987544
12644.3 400055 0.00997886
12649.5 400055 0.0100826
12654.6 400056 0.0101862
12659.6 400056 0.0102896
12664.4 400057 0.010393
12669.2 400057 0.0104964
12673.9 400058 0.0105998
12678.6 400058 0.0107031
12683.1 400059 0.0108065
12687.6 400059 0.0109098
12692 400060 0.0110131
12696.3 400060 0.0111164
12700.6 400061 0.0112198
12704.8 400061 0.0113231
12708.9 400062 0.0114264
12713 400062 0.0115298
12717 400063 0.0116331
12720.9 400063 0.0117365
12724.7 400064 0.0118398
12728.5 400064 0.0119432
12732.1 400064 0.0120464
12735.7 400065 0.0121495
12739.2 400065 0.0122525
12742.7 400066 0.0123555
12746 400066 0.0124586
12749.3 400067 0.0125616
12752.5 400067 0.0126646
12755.5 400067 0.0127674
12758.3 400068 0.0128702
12761.2 400068 0.012973
12763.9 400069 0.0130758
12766.6 400069 0.0131786
12769.2 400069 0.0132813
12771.7 400070 0.0133844
12774.1 400070 0.0134879
12776.4 400071 0.0135914
12778.6 400071 0.0136949
12780.8 400071 0.0137984
12783 400072 0.0139019
12785.1 400072 0.0140053
12787.2 400073 0.0141088
12789.2 400073 0.0142122
12791.2 400073 0.0143156
12793.2 400074 0.014419
12795.1 400074 0.0145224
12797 400074 0.0146258
12798.8 400075 0.0147291
12800.6 400075 0.0148324
12802.4 400075 0.0149357
12804.2 400076 0.015039
12805.9 400076 0.0151423
12807.7 400076 0.0152455
12809.4 400077 0.0153488
12811 400077 0.015452
12812.7 400077 0.0155552
12814.3 400078 0.0156584
12815.9 400078 0.0157615
12817.5 400078 0.0158647
12819.1 400078 0.0159678
12820.7 400079 0.0160709
12822.2 400079 0.016174
12823.7 400079 0.016277
12825.2 400080 0.0163801
12826.7 400080 0.0164831
12828.2 400080 0.0165861
12829.7 400080 0.0166891
12831.1 400081 0.0167921
12832.6 400081 0.0168951
12834 400081 0.016998
12835.4 400081 0.0171009
12836.8 400082 0.0172039
12838.2 400082 0.0173068
12839.5 400082 0.0174097
12840.9 400082 0.0175125
12842.2 400082 0.0176154
12843.6 400083 0.0177182
12844.9 400083 0.0178211
12846.2 400083 0.0179239
12847.5 400083 0.0180267
12848.7 400083 0.0181295
12850 400084 0.0182323
12851.3 400084 0.0183351
12852.5 400084 0.0184379
12853.7 400084 0.0185406
12855 400084 0.0186434
12856.2 400085 0.0187461
12857.4 400085 0.0188489
12858.5 400085 0.0189516
12859.7 400085 0.0190543
12860.9 400085 0.019157
12862 400085 0.0192597
12863.1 400086 0.0193623
12864.3 400086 0.019465
12865.4 400086 0.0195676
12866.4 400086 0.0196703
12867.5 400086 0.0197729
12868.6 400086 0.0198756
12869.6 400086 0.0199782
12870.7 400087 0.0200809
12871.7 400087 0.0201835
12872.7 400087 0.0202861
12873.7 400087 0.0203888
12874.7 400087 0.0204914
12875.7 400087 0.0205941
12876.6 400087 0.0206967
12877.5 400087 0.0207993
12878.5 400087 0.020902
12879.4 400087 0.0210046
12880.3 400088 0.0211073
12881.2 400088 0.0212099
12882 400088 0.0213126
12882.9 400088 0.0214152
12883.7 400088 0.0215179
12884.6 400088 0.0216206
12885.4 400088 0.0217232
12886.2 400088 0.0218259
12886.9 400088 0.0219286
12887.7 400088 0.0220312
12888.5 400088 0.0221339
12889.2 400088 0.0222366
12889.9 400088 0.0223393
12890.6 400088 0.0224419
12891.3 400088 0.0225446
12892 400088 0.0226473
12892.7 400088 0.02275
12893.3 400088 0.0228527
12894 400088 0.0229554
12894.6 400088 0.023058
12895.2 400088 0.0231607
12895.8 400088 0.0232634
12896.4 400088 0.0233661
12897 400088 0.0234688
12897.6 400088 0.0235715
12898.1 400088 0.0236741
12898.7 400088 0.0237768
12899.2 400088 0.0238795
12899.8 400088 0.0239822
12900.3 400088 0.0240849
12900.7 400088 0.0241884
12901.2 400088 0.0242919
12901.6 400088 0.0243954
12902 400088 0.0244989
12902.5 400088 0.0246024
12902.9 400088 0.0247058
12903.3 400088 0.0248093
12903.7 400088 0.0249128
12904.1 400088 0.0250163
12904.5 400088 0.0251198
12904.8 400087 0.0252233
12905.2 400087 0.0253268
12905.5 400087 0.0254303
12905.9 400087 0.0255338
12906.2 400087 0.0256373
12906.6 400087 0.0257408
12906.9 400087 0.0258442
12907.2 400087 0.0259477
12907.5 400087 0.0260512
12907.9 400087 0.0261547
12908.2 400086 0.0262581
12908.5 400086 0.0263616
12908.8 400086 0.026465
12909 400086 0.0265685
12909.3 400086 0.0266719
12909.6 400086 0.0267754
12909.9 400086 0.0268788
12910.2 400085 0.0269823
12910.4 400085 0.0270857
12910.7 400085 0.0271891
12910.9 400085 0.0272925
12911.2 400085 0.0273959
12911.4 400085 0.0274994
12911.7 400084 0.0276028
12911.9 400084 0.0277062
12912.2 400084 0.0278095
12912.4 400084 0.0279129
12912.6 400084 0.0280163
12912.9 400084 0.0281197
12913.1 400083 0.0282231
12913.3 400083 0.0283264
12913.5 400083 0.0284298
12913.7 400083 0.0285331
12913.9 400083 0.0286365
12914.1 400082 0.0287398
12914.3 400082 0.0288432
12914.5 400082 0.0289465
12914.7 400082 0.0290498
12914.9 400081 0.0291531
12915.1 400081 0.0292564
12915.3 400081 0.0293597
12915.5 400081 0.029463
12915.7 400080 0.0295663
12915.9 400080 0.0296696
12916 400080 0.0297729
12916.2 400080 0.0298761
12916.4 400079 0.0299794
12916.6 400079 0.0300827
12916.7 400079 0.0301859
12916.9 400079 0.0302892
12917 400078 0.0303924
12917.2 400078 0.0304956
12917.4 400078 0.0305989
12917.5 400077 0.0307021
12917.7 400077 0.0308053
12917.8 400077 0.0309085
12918 400077 0.0310117
12918.1 400076 0.0311149
12918.2 400076 0.0312181
12918.4 400076 0.0313213
12918.5 400075 0.0314245
12918.7 400075 0.0315276
12918.8 400075 0.0316308
12918.9 400074 0.031734
12919.1 400074 0.0318371
12919.3 400074 0.0319402
12919.6 400073 0.0320433
12920.2 400073 0.0321463
12921.1 400073 0.0322493
12922.2 400072 0.0323522
12923.4 400072 0.032455
12924.8 400072 0.0325578
12926.3 400071 0.0326606
12927.9 400071 0.0327633
12929.8 400070 0.0328659
12931.8 400070 0.0329686
12933.7 400070 0.0330712
12935.7 400069 0.0331738
12937.6 400069 0.0332764
12939.6 400069 0.033379
12941.8 400068 0.0334815
12944.1 400068 0.033584
12946.6 400067 0.0336864
12949.3 400067 0.0337888
12951.9 400067 0.0338912
12954.5 400066 0.0339935
12957.1 400066 0.0340959
12959.7 400065 0.0341982
12962.3 400065 0.0343006
12964.9 400064 0.0344029
12967.5 400064 0.0345053
12970.2 400064 0.0346076
12973 400063 0.0347098
12976 400063 0.034812
12979.1 400062 0.0349142
12982.4 400062 0.0350163
12985.6 400061 0.0351184
12988.8 400061 0.0352203
12992 400060 0.0353222
12995.2 400060 0.0354241
12998.4 400059 0.0355259
13001.6 400059 0.0356278
13004.8 400059 0.0357296
13008 400058 0.0358315
13011.2 400058 0.0359333
13014.4 400057 0.0360351
13017.6 400057 0.0361369
13020.9 400056 0.0362387
13024.2 400056 0.0363404
13027.7 400055 0.0364421
13031.3 400055 0.0365436
13035 400054 0.0366452
13038.8 400054 0.0367467
13042.5 400053 0.0368482
13046.3 400053 0.0369497
13050 400052 0.0370512
13053.7 400052 0.0371527
13057.5 400051 0.0372542
13061.2 400050 0.0373556
13064.9 400050 0.0374571
13068.7 400049 0.0375585
13072.4 400049 0.0376599
13076.1 400048 0.0377613
13079.8 400048 0.0378627
13083.5 400047 0.037964
13087.2 400047 0.0380654
13090.9 400046 0.0381667
13094.6 400046 0.0382681
13098.4 400045 0.0383694
13102.2 400044 0.0384706
13106.1 400044 0.0385718
13110 400043 0.038673
13114.2 400043 0.038774
13118.4 400042 0.038875
13122.6 400041 0.0389761
13126.8 400041 0.0390771
13130.9 400040 0.0391781
13135.1 400040 0.039279
13139.3 400039 0.03938
13143.5 400038 0.039481
13147.6 400038 0.0395819
13151.8 400037 0.0396828
13155.9 400037 0.0397837
13160.1 400036 0.0398846
13164.3 400035 0.0399854
13168.4 400035 0.0400863
13172.5 400034 0.0401871
13176.7 400034 0.0402879
13180.8 400033 0.0403887
13185 400032 0.0404895
13189.1 400032 0.0405903
13193.2 400031 0.040691
13197.4 400030 0.0407917
13201.5 400030 0.0408925
13205.6 400029 0.0409931
13209.7 400028 0.0410938
13213.9 400028 0.0411944
13218.1 400027 0.041295
13222.4 400026 0.0413955
13226.7 400026 0.041496
13231.2 400025 0.0415963
13235.7 400024 0.0416967
13240.2 400024 0.041797
13244.8 400023 0.0418973
13249.3 400022 0.0419976
13253.8 400022 0.0420979
13258.3 400021 0.0421982
13262.8 400020 0.0422984
13267.3 400019 0.0423986
13271.8 400019 0.0424988
13276.3 400018 0.042599
13280.8 400017 0.0426991
13285.3 400017 0.0427992
13289.8 400016 0.0428993
13294.3 400015 0.0429994
13298.7 400014 0.0430995
13303.2 400014 0.0431995
13307.7 400013 0.0432995
13312.2 400012 0.0433995
13316.6 400012 0.0434995
13321.1 400011 0.0435995
13325.5 400010 0.0436994
13330 400009 0.0437993
13334.4 400009 0.0438992
13338.9 400008 0.043999
13343.3 400007 0.0440989
13347.7 400006 0.0441987
13352.2 400005 0.0442985
13356.6 400005 0.0443983
13361 400004 0.044498
13365.5 400003 0.0445977
13369.9 400003 0.0446974
13374.3 400022 0.0447971
13378.8 400069 0.0448966
13383.3 400144 0.0449962
13387.9 400246 0.0450956
13392.5 400376 0.045195
13397.2 400588 0.0452943
13402 400787 0.0453936
13406.7 400985 0.0454929
13411.5 401184 0.0455921
13416.2 401382 0.0456914
13420.9 401580 0.0457906
13425.7 401778 0.0458897
13430.4 401976 0.0459889
13435.1 402174 0.046088
13439.8 402372 0.0461871
13444.5 402570 0.0462862
13449.3 402767 0.0463852
13454 402965 0.0464843
13458.7 403163 0.0465833
13463.4 403360 0.0466822
13468.1 403557 0.0467812
13472.8 403755 0.0468801
13477.4 403952 0.046979
13482.1 404149 0.0470778
13486.8 404346 0.0471766
13491.5 404543 0.0472755
13496.2 404740 0.0473742
13500.8 404936 0.047473
13505.5 405133 0.0475717
13510.1 405330 0.0476704
13514.8 405526 0.0477691
13519.5 405723 0.0478677
13524.1 405919 0.0479663
13528.8 406115 0.0480649
13533.4 406311 0.0481635
13538 406507 0.048262
13542.7 406703 0.0483605
13547.3 406899 0.048459
13551.9 407095 0.0485574
13556.6 407291 0.0486559
13561.2 407487 0.0487543
13565.8 407682 0.0488526
13570.4 407878 0.048951
13575 408073 0.0490493
13579.6 408268 0.0491476
13584.2 408464 0.0492458
13588.8 408659 0.049344
13593.4 408854 0.0494422
13598 409049 0.0495403
13602.7 409243 0.0496384
13607.4 409438 0.0497363
13612.1 409632 0.0498342
13616.8 409827 0.0499321
13621.6 410020 0.0500297
13410.3 404600 0.0499941
13470.1 410062 0.0500508
13494.5 410204 0.0501224
