0 -453.597 -2.26119e-06
634.56 13109.7 6.53588e-05
1173.57 27617.1 0.000137701
1709.92 42109.8 0.000209985
2243.81 56568.4 0.000282115
2775.24 70978.7 0.000354019
3304.22 85339.8 0.000425694
3830.74 99650.5 0.000497132
4354.77 113910 0.000568331
4876.15 128119 0.000639293
5394.56 142280 0.000710027
5909.16 156395 0.000780556
6418.2 170477 0.000850937
6918.36 184546 0.00092128
7403.99 198638 0.000991782
7866.83 212807 0.00106273
8297.18 227114 0.00113449
8686.59 241611 0.0012074
9030.8 256311 0.00128166
9330.49 271192 0.00135744
9590.04 286152 0.00143462
9815.21 301059 0.0015132
10011.7 315704 0.00159307
10184.8 329764 0.00167389
10338.5 342897 0.00175547
10475.8 354725 0.00183748
10599.4 364993 0.00191999
10711.4 373549 0.00200304
10812.7 380450 0.00208737
10905.5 385755 0.00217213
10991.1 389711 0.00225726
11070.4 392599 0.00234273
11143.9 394679 0.00242857
11212.1 396168 0.0025149
11276 397228 0.00260148
11335.9 397984 0.00268829
11392.3 398525 0.00277532
11445.5 398914 0.00286253
11495.9 399195 0.00294992
11543.8 399400 0.00303747
11589.3 399550 0.00312517
11632.4 399662 0.00321317
11673.3 399745 0.00330154
11712.4 399807 0.00339003
11749.8 399854 0.00347863
11785.6 399890 0.00356734
11820.1 399917 0.00365614
11853.2 399938 0.00374502
11885.1 399955 0.00383397
11915.6 399968 0.00392351
11945 399978 0.00401346
11972.9 399987 0.0041036
11999.8 399993 0.00419382
12025.7 399999 0.0042841
12050.7 400003 0.00437455
12074.7 400007 0.00446564
12097.7 400010 0.00455672
12119.8 400012 0.00464769
12141.1 400014 0.0047387
12161.8 400016 0.00482972
12181.9 400018 0.00492077
12201.4 400020 0.00501184
12220.3 400021 0.00510291
12238.6 400022 0.005194
12256.3 400023 0.0052851
12273.3 400024 0.00537635
12289.7 400025 0.00546769
12305.5 400026 0.00555903
12320.9 400027 0.00565037
12335.7 400028 0.00574156
12349.8 400029 0.00583235
12363.5 400029 0.0059231
12376.5 400030 0.00601503
12388.8 400031 0.00610785
12400.7 400032 0.00620066
12412.4 400032 0.00629346
12423.7 400033 0.00638624
12434.7 400034 0.00647901
12445.5 400034 0.00657176
12455.9 400035 0.00666449
12466.1 400035 0.00675721
12476 400036 0.00684991
12485.7 400037 0.0069426
12495.1 400037 0.00703528
12504.3 400038 0.00712795
12513.2 400039 0.00722062
12521.8 400039 0.00731328
12530.3 400040 0.00740594
12538.4 400040 0.00749859
12546.4 400041 0.00759124
12554.2 400042 0.00768389
12561.7 400042 0.00777654
12569 400043 0.00786918
12576.2 400043 0.00796181
12583.1 400044 0.00805443
12589.9 400044 0.00814704
12596.5 400045 0.00823963
12603 400045 0.00833221
12609.3 400046 0.00842477
12615.5 400047 0.00851731
12621.6 400047 0.00860982
12627.5 400048 0.00870232
12633.3 400048 0.008795
12638.9 400049 0.00888817
12644.3 400049 0.0089821
12649.5 400050 0.00907636
12654.6 400050 0.00917052
12659.6 400051 0.00926441
12664.4 400051 0.00935828
12669.2 400052 0.00945214
12673.9 400052 0.00954599
12678.6 400053 0.00963983
12683.1 400053 0.00973365
12687.6 400054 0.00982748
12692 400054 0.0099213
12696.3 400055 0.0100151
12700.6 400055 0.0101089
12704.8 400056 0.0102028
12708.9 400056 0.0102966
12713 400057 0.0103904
12717 400057 0.0104843
12720.9 400058 0.0105781
12724.7 400058 0.010672
12728.5 400059 0.0107659
12732.1 400059 0.0108596
12735.7 400059 0.0109531
12739.2 400060 0.0110466
12742.7 400060 0.0111401
12746 400061 0.0112336
12749.3 400061 0.0113271
12752.5 400062 0.0114205
12755.5 400062 0.0115138
12758.3 400062 0.0116069
12761.2 400063 0.0117001
12763.9 400063 0.0117933
12766.6 400064 0.0118865
12769.2 400064 0.0119796
12771.7 400065 0.0120731
12774.1 400065 0.012167
12776.4 400065 0.0122609
12778.6 400066 0.0123548
12780.8 400066 0.0124487
12783 400067 0.0125426
12785.1 400067 0.0126364
12787.2 400067 0.0127303
12789.2 400068 0.0128241
12791.2 400068 0.0129179
12793.2 400068 0.0130117
12795.1 400069 0.0131054
12797 400069 0.0131992
12798.8 400070 0.0132929
12800.6 400070 0.0133866
12802.4 400070 0.0134803
12804.2 400071 0.013574
12805.9 400071 0.0136677
12807.7 400071 0.0137613
12809.4 400072 0.0138549
12811 400072 0.0139485
12812.7 400072 0.0140421
12814.3 400073 0.0141357
12815.9 400073 0.0142292
12817.5 400073 0.0143227
12819.1 400074 0.0144162
12820.7 400074 0.0145097
12822.2 400074 0.0146032
12823.7 400075 0.0146966
12825.2 400075 0.0147901
12826.7 400075 0.0148835
12828.2 400075 0.0149769
12829.7 400076 0.0150703
12831.1 400076 0.0151636
12832.6 400076 0.015257
12834 400077 0.0153503
12835.4 400077 0.0154436
12836.8 400077 0.0155369
12838.2 400077 0.0156302
12839.5 400078 0.0157235
12840.9 400078 0.0158168
12842.2 400078 0.01591
12843.6 400078 0.0160032
12844.9 400079 0.0160965
12846.2 400079 0.0161897
12847.5 400079 0.0162829
12848.7 400079 0.0163761
12850 400080 0.0164692
12851.3 400080 0.0165624
12852.5 400080 0.0166556
12853.7 400080 0.0167487
12855 400081 0.0168418
12856.2 400081 0.016935
12857.4 400081 0.0170281
12858.5 400081 0.0171212
12859.7 400082 0.0172143
12860.9 400082 0.0173074
12862 400082 0.0174005
12863.1 400082 0.0174935
12864.3 400082 0.0175865
12865.4 400083 0.0176796
12866.4 400083 0.0177726
12867.5 400083 0.0178657
12868.6 400083 0.0179587
12869.6 400083 0.0180517
12870.7 400084 0.0181448
12871.7 400084 0.0182378
12872.7 400084 0.0183308
12873.7 400084 0.0184238
12874.7 400084 0.0185169
12875.7 400084 0.0186099
12876.6 400085 0.0187029
12877.5 400085 0.018796
12878.5 400085 0.018889
12879.4 400085 0.018982
12880.3 400085 0.0190751
12881.2 400085 0.0191681
12882 400085 0.0192611
12882.9 400086 0.0193542
12883.7 400086 0.0194472
12884.6 400086 0.0195403
12885.4 400086 0.0196333
12886.2 400086 0.0197264
12886.9 400086 0.0198194
12887.7 400086 0.0199125
12888.5 400086 0.0200056
12889.2 400087 0.0200986
12889.9 400087 0.0201917
12890.6 400087 0.0202847
12891.3 400087 0.0203778
12892 400087 0.0204709
12892.7 400087 0.0205639
12893.3 400087 0.020657
12894 400087 0.0207501
12894.6 400087 0.0208432
12895.2 400087 0.0209362
12895.8 400087 0.0210293
12896.4 400088 0.0211223
12897 400088 0.0212154
12897.6 400088 0.0213085
12898.1 400088 0.0214015
12898.7 400088 0.0214946
12899.2 400088 0.0215876
12899.8 400088 0.0216807
12900.3 400088 0.0217738
12900.7 400088 0.0218677
12901.2 400088 0.0219616
12901.6 400088 0.0220555
12902 400088 0.0221494
12902.5 400088 0.0222432
12902.9 400088 0.0223371
12903.3 400088 0.022431
12903.7 400088 0.0225249
12904.1 400088 0.0226188
12904.5 400088 0.0227127
12904.8 400088 0.0228066
12905.2 400088 0.0229005
12905.5 400088 0.0229944
12905.9 400088 0.0230883
12906.2 400088 0.0231821
12906.6 400088 0.023276
12906.9 400088 0.0233699
12907.2 400088 0.0234638
12907.5 400088 0.0235576
12907.9 400088 0.0236515
12908.2 400088 0.0237454
12908.5 400088 0.0238392
12908.8 400088 0.0239331
12909 400088 0.0240269
12909.3 400088 0.0241208
12909.6 400088 0.0242146
12909.9 400088 0.0243084
12910.2 400088 0.0244023
12910.4 400088 0.0244961
12910.7 400088 0.0245899
12910.9 400088 0.0246837
12911.2 400088 0.0247775
12911.4 400088 0.0248713
12911.7 400088 0.0249651
12911.9 400088 0.0250589
12912.2 400088 0.0251527
12912.4 400087 0.0252465
12912.6 400087 0.0253403
12912.9 400087 0.025434
12913.1 400087 0.0255278
12913.3 400087 0.0256216
12913.5 400087 0.0257153
12913.7 400087 0.0258091
12913.9 400087 0.0259028
12914.1 400087 0.0259965
12914.3 400087 0.0260903
12914.5 400087 0.026184
12914.7 400086 0.0262777
12914.9 400086 0.0263714
12915.1 400086 0.0264651
12915.3 400086 0.0265588
12915.5 400086 0.0266525
12915.7 400086 0.0267462
12915.9 400086 0.0268399
12916 400086 0.0269335
12916.2 400085 0.0270272
12916.4 400085 0.0271209
12916.6 400085 0.0272145
12916.7 400085 0.0273082
12916.9 400085 0.0274018
12917 400085 0.0274955
12917.2 400085 0.0275891
12917.4 400084 0.0276827
12917.5 400084 0.0277763
12917.7 400084 0.0278699
12917.8 400084 0.0279635
12918 400084 0.0280571
12918.1 400083 0.0281507
12918.2 400083 0.0282443
12918.4 400083 0.0283379
12918.5 400083 0.0284315
12918.7 400083 0.028525
12918.8 400083 0.0286186
12918.9 400082 0.0287122
12919.1 400082 0.0288057
12919.3 400082 0.0288992
12919.6 400082 0.0289927
12920.2 400082 0.0290861
12921.1 400081 0.0291795
12922.2 400081 0.0292728
12923.4 400081 0.029366
12924.8 400081 0.0294592
12926.3 400080 0.0295524
12927.9 400080 0.0296455
12929.8 400080 0.0297385
12931.8 400080 0.0298316
12933.7 400080 0.0299246
12935.7 400079 0.0300176
12937.6 400079 0.0301106
12939.6 400079 0.0302036
12941.8 400079 0.0302965
12944.1 400078 0.0303894
12946.6 400078 0.0304822
12949.3 400078 0.030575
12951.9 400078 0.0306678
12954.5 400077 0.0307606
12957.1 400077 0.0308534
12959.7 400077 0.0309462
12962.3 400076 0.0310389
12964.9 400076 0.0311317
12967.5 400076 0.0312244
12970.2 400076 0.0313171
12973 400075 0.0314098
12976 400075 0.0315024
12979.1 400075 0.031595
12982.4 400074 0.0316875
12985.6 400074 0.03178
12988.8 400074 0.0318723
12992 400074 0.0319646
12995.2 400073 0.0320569
12998.4 400073 0.0321492
13001.6 400073 0.0322415
13004.8 400072 0.0323337
13008 400072 0.032426
13011.2 400072 0.0325182
13014.4 400071 0.0326104
13017.6 400071 0.0327027
13020.9 400071 0.0327948
13024.2 400070 0.0328869
13027.7 400070 0.032979
13031.3 400070 0.033071
13035 400069 0.033163
13038.8 400069 0.0332549
13042.5 400069 0.0333468
13046.3 400068 0.0334387
13050 400068 0.0335306
13053.7 400068 0.0336225
13057.5 400067 0.0337144
13061.2 400067 0.0338063
13064.9 400066 0.0338981
13068.7 400066 0.03399
13072.4 400066 0.0340818
13076.1 400065 0.0341736
13079.8 400065 0.0342654
13083.5 400065 0.0343572
13087.2 400064 0.0344489
13090.9 400064 0.0345407
13094.6 400063 0.0346325
13098.4 400063 0.0347242
13102.2 400063 0.0348158
13106.1 400062 0.0349074
13110 400062 0.034999
13114.2 400061 0.0350905
13118.4 400061 0.0351819
13122.6 400061 0.0352733
13126.8 400060 0.0353648
13130.9 400060 0.0354562
13135.1 400059 0.0355476
13139.3 400059 0.035639
13143.5 400059 0.0357303
13147.6 400058 0.0358217
13151.8 400058 0.035913
13155.9 400057 0.0360043
13160.1 400057 0.0360956
13164.3 400056 0.0361869
13168.4 400056 0.0362782
13172.5 400055 0.0363694
13176.7 400055 0.0364607
13180.8 400055 0.0365519
13185 400054 0.0366431
13189.1 400054 0.0367343
13193.2 400053 0.0368254
13197.4 400053 0.0369166
13201.5 400052 0.0370077
13205.6 400052 0.0370988
13209.7 400051 0.0371899
13213.9 400051 0.037281
13218.1 400050 0.037372
13222.4 400050 0.0374629
13226.7 400049 0.0375538
13231.2 400049 0.0376446
13235.7 400048 0.0377353
13240.2 400048 0.0378261
13244.8 400047 0.0379168
13249.3 400047 0.0380076
13253.8 400046 0.0380983
13258.3 400046 0.0381889
13262.8 400045 0.0382796
13267.3 400045 0.0383702
13271.8 400044 0.0384609
13276.3 400044 0.0385515
13280.8 400043 0.038642
13285.3 400043 0.0387326
13289.8 400042 0.0388231
13294.3 400042 0.0389136
13298.7 400041 0.0390041
13303.2 400041 0.0390946
13307.7 400040 0.039185
13312.2 400040 0.0392755
13316.6 400039 0.0393659
13321.1 400039 0.0394563
13325.5 400038 0.0395466
13330 400038 0.039637
13334.4 400037 0.0397273
13338.9 400036 0.0398176
13343.3 400036 0.0399079
13347.7 400035 0.0399981
13352.2 400035 0.0400883
13356.6 400034 0.0401785
13361 400034 0.0402687
13365.5 400033 0.0403589
13369.9 400033 0.040449
13374.3 400032 0.0405391
13378.8 400031 0.0406291
13383.3 400031 0.0407191
13387.9 400030 0.040809
13392.5 400030 0.0408988
13397.2 400029 0.0409885
13402 400028 0.0410782
13406.7 400028 0.041168
13411.5 400027 0.0412577
13416.2 400027 0.0413473
13420.9 400026 0.041437
13425.7 400025 0.0415266
13430.4 400025 0.0416162
13435.1 400024 0.0417058
13439.8 400024 0.0417953
13444.5 400023 0.0418848
13449.3 400022 0.0419743
13454 400022 0.0420638
13458.7 400021 0.0421532
13463.4 400021 0.0422426
13468.1 400020 0.042332
13472.8 400019 0.0424214
13477.4 400019 0.0425107
13482.1 400018 0.0426
13486.8 400017 0.0426893
13491.5 400017 0.0427785
13496.2 400016 0.0428677
13500.8 400015 0.0429569
13505.5 400015 0.0430461
13510.1 400014 0.0431353
13514.8 400014 0.0432244
13519.5 400013 0.0433135
13524.1 400012 0.0434025
13528.8 400012 0.0434916
13533.4 400011 0.0435806
13538 400010 0.0436696
13542.7 400010 0.0437585
13547.3 400009 0.0438474
13551.9 400008 0.0439363
13556.6 400008 0.0440252
13561.2 400007 0.0441141
13565.8 400006 0.0442029
13570.4 400006 0.0442917
13575 400005 0.0443804
13579.6 400004 0.0444692
13584.2 400003 0.0445579
13588.8 400003 0.0446465
13593.4 400007 0.0447352
13598 400032 0.0448237
13602.7 400079 0.0449122
13607.4 400148 0.0450006
13612.1 400238 0.0450889
13616.8 400351 0.0451772
13621.6 400531 0.0452653
13410.3 393598 0.0452202
13470.1 400535 0.0452675
13494.5 400659 0.0453295
