0 -453.597 -2.26119e-06
634.56 11077.2 5.52246e-05
1173.57 23553.9 0.000117438
1709.92 36016.6 0.000179592
2243.81 48446 0.000241592
2775.24 60827.9 0.000303367
3304.22 73161.3 0.000364911
3830.74 85445 0.000426219
4354.77 97678.7 0.000487288
4876.15 109863 0.00054812
5394.56 121998 0.000608723
5909.16 134091 0.000669122
6418.2 146152 0.000729372
6918.36 158202 0.000789585
7403.99 170281 0.000849956
7866.83 182446 0.000910776
8297.18 194766 0.000972405
8686.59 207307 0.00103518
9030.8 220105 0.00109932
9330.49 233180 0.00116497
9590.04 246494 0.00123202
9815.21 260018 0.00130047
10011.7 273686 0.00137023
10184.8 287362 0.00144093
10338.5 300910 0.0015124
10475.8 314123 0.00158428
10599.4 326843 0.00165665
10711.4 338857 0.00172954
10812.7 350043 0.00180374
10905.5 360028 0.00187836
10991.1 368646 0.00195335
11070.4 375832 0.00202868
11143.9 381637 0.00210437
11212.1 386203 0.00218056
11276 389701 0.002257
11335.9 392336 0.00233367
11392.3 394298 0.00241055
11445.5 395751 0.00248762
11495.9 396824 0.00256487
11543.8 397615 0.00264227
11589.3 398201 0.00271982
11632.4 398637 0.00279768
11673.3 398963 0.0028759
11712.4 399207 0.00295425
11749.8 399390 0.00303272
11785.6 399529 0.00311128
11820.1 399635 0.00318994
11853.2 399717 0.00326867
11885.1 399779 0.00334748
11915.6 399828 0.0034269
11945 399866 0.00350674
11972.9 399896 0.00358675
11999.8 399920 0.00366685
12025.7 399939 0.00374701
12050.7 399954 0.00382734
12074.7 399966 0.00390833
12097.7 399976 0.0039893
12119.8 399984 0.00407014
12141.1 399990 0.00415102
12161.8 399996 0.00423193
12181.9 400000 0.00431285
12201.4 400004 0.00439379
12220.3 400007 0.00447474
12238.6 400010 0.00455571
12256.3 400012 0.00463668
12273.3 400014 0.00471781
12289.7 400016 0.00479902
12305.5 400017 0.00488024
12320.9 400019 0.00496145
12335.7 400020 0.0050425
12349.8 400021 0.00512311
12363.5 400022 0.0052037
12376.5 400023 0.0052855
12388.8 400024 0.00536821
12400.7 400025 0.00545091
12412.4 400026 0.0055336
12423.7 400027 0.00561628
12434.7 400027 0.00569894
12445.5 400028 0.00578158
12455.9 400029 0.0058642
12466.1 400030 0.00594682
12476 400030 0.00602941
12485.7 400031 0.006112
12495.1 400031 0.00619457
12504.3 400032 0.00627714
12513.2 400033 0.0063597
12521.8 400033 0.00644226
12530.3 400034 0.00652481
12538.4 400034 0.00660737
12546.4 400035 0.00668992
12554.2 400036 0.00677246
12561.7 400036 0.006855
12569 400037 0.00693754
12576.2 400037 0.00702007
12583.1 400038 0.00710259
12589.9 400038 0.0071851
12596.5 400039 0.00726759
12603 400039 0.00735007
12609.3 400040 0.00743253
12615.5 400040 0.00751496
12621.6 400041 0.00759738
12627.5 400041 0.00767977
12633.3 400042 0.00776236
12638.9 400042 0.00784545
12644.3 400043 0.00792932
12649.5 400044 0.00801354
12654.6 400044 0.00809765
12659.6 400045 0.00818147
12664.4 400045 0.00826527
12669.2 400046 0.00834906
12673.9 400046 0.00843283
12678.6 400047 0.0085166
12683.1 400047 0.00860036
12687.6 400047 0.00868411
12692 400048 0.00876786
12696.3 400048 0.00885161
12700.6 400049 0.00893536
12704.8 400049 0.00901912
12708.9 400050 0.00910288
12713 400050 0.00918665
12717 400051 0.00927043
12720.9 400051 0.00935423
12724.7 400052 0.00943804
12728.5 400052 0.00952187
12732.1 400053 0.00960549
12735.7 400053 0.00968889
12739.2 400053 0.0097723
12742.7 400054 0.00985571
12746 400054 0.00993914
12749.3 400055 0.0100226
12752.5 400055 0.0101059
12755.5 400056 0.010189
12758.3 400056 0.0102721
12761.2 400056 0.0103551
12763.9 400057 0.0104381
12766.6 400057 0.0105212
12769.2 400058 0.0106042
12771.7 400058 0.0106876
12774.1 400059 0.0107713
12776.4 400059 0.0108551
12778.6 400059 0.0109388
12780.8 400060 0.0110226
12783 400060 0.0111063
12785.1 400061 0.01119
12787.2 400061 0.0112737
12789.2 400061 0.0113574
12791.2 400062 0.0114411
12793.2 400062 0.0115247
12795.1 400062 0.0116084
12797 400063 0.011692
12798.8 400063 0.0117756
12800.6 400064 0.0118591
12802.4 400064 0.0119427
12804.2 400064 0.0120262
12805.9 400065 0.0121097
12807.7 400065 0.0121932
12809.4 400065 0.0122767
12811 400066 0.0123601
12812.7 400066 0.0124436
12814.3 400066 0.012527
12815.9 400067 0.0126104
12817.5 400067 0.0126938
12819.1 400067 0.0127771
12820.7 400068 0.0128605
12822.2 400068 0.0129438
12823.7 400068 0.0130271
12825.2 400069 0.0131104
12826.7 400069 0.0131936
12828.2 400069 0.0132769
12829.7 400070 0.0133601
12831.1 400070 0.0134434
12832.6 400070 0.0135266
12834 400071 0.0136098
12835.4 400071 0.0136929
12836.8 400071 0.0137761
12838.2 400072 0.0138592
12839.5 400072 0.0139424
12840.9 400072 0.0140255
12842.2 400073 0.0141086
12843.6 400073 0.0141917
12844.9 400073 0.0142747
12846.2 400073 0.0143578
12847.5 400074 0.0144409
12848.7 400074 0.0145239
12850 400074 0.0146069
12851.3 400075 0.01469
12852.5 400075 0.014773
12853.7 400075 0.014856
12855 400075 0.014939
12856.2 400076 0.015022
12857.4 400076 0.015105
12858.5 400076 0.0151879
12859.7 400076 0.0152709
12860.9 400077 0.0153538
12862 400077 0.0154367
12863.1 400077 0.0155196
12864.3 400077 0.0156025
12865.4 400078 0.0156854
12866.4 400078 0.0157683
12867.5 400078 0.0158512
12868.6 400078 0.0159341
12869.6 400079 0.016017
12870.7 400079 0.0160999
12871.7 400079 0.0161828
12872.7 400079 0.0162657
12873.7 400079 0.0163485
12874.7 400080 0.0164314
12875.7 400080 0.0165143
12876.6 400080 0.0165972
12877.5 400080 0.0166801
12878.5 400080 0.016763
12879.4 400081 0.0168459
12880.3 400081 0.0169288
12881.2 400081 0.0170117
12882 400081 0.0170945
12882.9 400081 0.0171774
12883.7 400082 0.0172604
12884.6 400082 0.0173433
12885.4 400082 0.0174262
12886.2 400082 0.0175091
12886.9 400082 0.017592
12887.7 400083 0.0176749
12888.5 400083 0.0177578
12889.2 400083 0.0178407
12889.9 400083 0.0179237
12890.6 400083 0.0180066
12891.3 400083 0.0180895
12892 400084 0.0181724
12892.7 400084 0.0182553
12893.3 400084 0.0183383
12894 400084 0.0184212
12894.6 400084 0.0185041
12895.2 400084 0.018587
12895.8 400084 0.0186699
12896.4 400085 0.0187529
12897 400085 0.0188358
12897.6 400085 0.0189187
12898.1 400085 0.0190016
12898.7 400085 0.0190845
12899.2 400085 0.0191674
12899.8 400085 0.0192503
12900.3 400086 0.0193333
12900.7 400086 0.019417
12901.2 400086 0.0195008
12901.6 400086 0.0195845
12902 400086 0.0196683
12902.5 400086 0.019752
12902.9 400086 0.0198358
12903.3 400086 0.0199195
12903.7 400086 0.0200033
12904.1 400087 0.0200871
12904.5 400087 0.0201708
12904.8 400087 0.0202546
12905.2 400087 0.0203383
12905.5 400087 0.0204221
12905.9 400087 0.0205058
12906.2 400087 0.0205896
12906.6 400087 0.0206733
12906.9 400087 0.020757
12907.2 400087 0.0208408
12907.5 400087 0.0209245
12907.9 400087 0.0210082
12908.2 400087 0.021092
12908.5 400088 0.0211757
12908.8 400088 0.0212594
12909 400088 0.0213431
12909.3 400088 0.0214268
12909.6 400088 0.0215105
12909.9 400088 0.0215942
12910.2 400088 0.0216779
12910.4 400088 0.0217616
12910.7 400088 0.0218453
12910.9 400088 0.0219289
12911.2 400088 0.0220126
12911.4 400088 0.0220963
12911.7 400088 0.0221799
12911.9 400088 0.0222636
12912.2 400088 0.0223472
12912.4 400088 0.0224309
12912.6 400088 0.0225145
12912.9 400088 0.0225982
12913.1 400088 0.0226818
12913.3 400088 0.0227654
12913.5 400088 0.022849
12913.7 400088 0.0229326
12913.9 400088 0.0230162
12914.1 400088 0.0230998
12914.3 400088 0.0231834
12914.5 400088 0.023267
12914.7 400088 0.0233506
12914.9 400088 0.0234341
12915.1 400088 0.0235177
12915.3 400088 0.0236013
12915.5 400088 0.0236848
12915.7 400088 0.0237684
12915.9 400088 0.0238519
12916 400088 0.0239354
12916.2 400088 0.024019
12916.4 400088 0.0241025
12916.6 400088 0.024186
12916.7 400088 0.0242695
12916.9 400088 0.024353
12917 400088 0.0244365
12917.2 400088 0.02452
12917.4 400088 0.0246035
12917.5 400088 0.024687
12917.7 400088 0.0247705
12917.8 400088 0.0248539
12918 400088 0.0249374
12918.1 400088 0.0250208
12918.2 400088 0.0251043
12918.4 400087 0.0251877
12918.5 400087 0.0252712
12918.7 400087 0.0253546
12918.8 400087 0.025438
12918.9 400087 0.0255215
12919.1 400087 0.0256049
12919.3 400087 0.0256882
12919.6 400087 0.0257716
12920.2 400087 0.0258549
12921.1 400087 0.0259381
12922.2 400087 0.0260212
12923.4 400087 0.0261043
12924.8 400087 0.0261874
12926.3 400086 0.0262705
12927.9 400086 0.0263535
12929.8 400086 0.0264364
12931.8 400086 0.0265193
12933.7 400086 0.0266022
12935.7 400086 0.0266851
12937.6 400086 0.0267679
12939.6 400086 0.0268508
12941.8 400086 0.0269336
12944.1 400085 0.0270164
12946.6 400085 0.027099
12949.3 400085 0.0271817
12951.9 400085 0.0272644
12954.5 400085 0.027347
12957.1 400085 0.0274297
12959.7 400085 0.0275123
12962.3 400084 0.027595
12964.9 400084 0.0276776
12967.5 400084 0.0277602
12970.2 400084 0.0278428
12973 400084 0.0279253
12976 400084 0.0280078
12979.1 400084 0.0280903
12982.4 400083 0.0281727
12985.6 400083 0.0282551
12988.8 400083 0.0283373
12992 400083 0.0284194
12995.2 400083 0.0285016
12998.4 400083 0.0285837
13001.6 400082 0.0286659
13004.8 400082 0.028748
13008 400082 0.0288301
13011.2 400082 0.0289122
13014.4 400082 0.0289943
13017.6 400082 0.0290764
13020.9 400081 0.0291585
13024.2 400081 0.0292405
13027.7 400081 0.0293224
13031.3 400081 0.0294043
13035 400081 0.0294861
13038.8 400080 0.0295679
13042.5 400080 0.0296497
13046.3 400080 0.0297315
13050 400080 0.0298133
13053.7 400080 0.029895
13057.5 400079 0.0299768
13061.2 400079 0.0300585
13064.9 400079 0.0301402
13068.7 400079 0.030222
13072.4 400079 0.0303037
13076.1 400078 0.0303853
13079.8 400078 0.030467
13083.5 400078 0.0305487
13087.2 400078 0.0306303
13090.9 400077 0.030712
13094.6 400077 0.0307936
13098.4 400077 0.0308752
13102.2 400077 0.0309567
13106.1 400076 0.0310382
13110 400076 0.0311196
13114.2 400076 0.031201
13118.4 400076 0.0312823
13122.6 400075 0.0313636
13126.8 400075 0.0314449
13130.9 400075 0.0315262
13135.1 400075 0.0316075
13139.3 400074 0.0316887
13143.5 400074 0.03177
13147.6 400074 0.0318512
13151.8 400074 0.0319324
13155.9 400073 0.0320136
13160.1 400073 0.0320948
13164.3 400073 0.032176
13168.4 400073 0.0322571
13172.5 400072 0.0323382
13176.7 400072 0.0324194
13180.8 400072 0.0325005
13185 400071 0.0325815
13189.1 400071 0.0326626
13193.2 400071 0.0327436
13197.4 400071 0.0328247
13201.5 400070 0.0329057
13205.6 400070 0.0329867
13209.7 400070 0.0330677
13213.9 400069 0.0331486
13218.1 400069 0.0332295
13222.4 400069 0.0333103
13226.7 400068 0.0333911
13231.2 400068 0.0334717
13235.7 400068 0.0335524
13240.2 400068 0.033633
13244.8 400067 0.0337137
13249.3 400067 0.0337943
13253.8 400067 0.0338748
13258.3 400066 0.0339554
13262.8 400066 0.034036
13267.3 400066 0.0341165
13271.8 400065 0.034197
13276.3 400065 0.0342775
13280.8 400065 0.0343579
13285.3 400064 0.0344384
13289.8 400064 0.0345188
13294.3 400064 0.0345992
13298.7 400063 0.0346796
13303.2 400063 0.0347599
13307.7 400063 0.0348403
13312.2 400062 0.0349206
13316.6 400062 0.0350009
13321.1 400061 0.0350812
13325.5 400061 0.0351614
13330 400061 0.0352417
13334.4 400060 0.0353219
13338.9 400060 0.035402
13343.3 400060 0.0354822
13347.7 400059 0.0355624
13352.2 400059 0.0356425
13356.6 400059 0.0357226
13361 400058 0.0358026
13365.5 400058 0.0358827
13369.9 400057 0.0359627
13374.3 400057 0.0360427
13378.8 400057 0.0361226
13383.3 400056 0.0362024
13387.9 400056 0.0362822
13392.5 400056 0.036362
13397.2 400055 0.0364415
13402 400055 0.0365212
13406.7 400054 0.0366008
13411.5 400054 0.0366804
13416.2 400054 0.03676
13420.9 400053 0.0368395
13425.7 400053 0.036919
13430.4 400052 0.0369985
13435.1 400052 0.037078
13439.8 400051 0.0371574
13444.5 400051 0.0372368
13449.3 400051 0.0373162
13454 400050 0.0373956
13458.7 400050 0.0374749
13463.4 400049 0.0375542
13468.1 400049 0.0376335
13472.8 400049 0.0377128
13477.4 400048 0.037792
13482.1 400048 0.0378712
13486.8 400047 0.0379504
13491.5 400047 0.0380295
13496.2 400046 0.0381086
13500.8 400046 0.0381877
13505.5 400046 0.0382668
13510.1 400045 0.0383459
13514.8 400045 0.0384249
13519.5 400044 0.0385039
13524.1 400044 0.0385828
13528.8 400043 0.0386618
13533.4 400043 0.0387407
13538 400042 0.0388196
13542.7 400042 0.0388984
13547.3 400041 0.0389772
13551.9 400041 0.039056
13556.6 400041 0.0391348
13561.2 400040 0.0392136
13565.8 400040 0.0392923
13570.4 400039 0.039371
13575 400039 0.0394496
13579.6 400038 0.0395283
13584.2 400038 0.0396069
13588.8 400037 0.0396855
13593.4 400037 0.039764
13598 400036 0.0398425
13602.7 400036 0.0399208
13607.4 400035 0.0399991
13612.1 400035 0.0400774
13616.8 400034 0.0401556
13621.6 400034 0.0402335
13410.3 391450 0.0401784
13470.1 397241 0.0402156
13494.5 400034 0.0402676
