0 -453.597 -2.26119e-06
634.56 8972.1 4.47293e-05
1173.57 19345.2 9.64503e-05
1709.92 29704.8 0.000148112
2243.81 40031.9 0.00019962
2775.24 50312.2 0.000250902
3304.22 60544.5 0.000301953
3830.74 70727.9 0.000352768
4354.77 80862 0.000403344
4876.15 90947 0.000453683
5394.56 100985 0.000503793
5909.16 110980 0.000553699
6418.2 120944 0.000603456
6918.36 130899 0.000653176
7403.99 140884 0.000703055
7866.83 150957 0.000753381
8297.18 161190 0.000804517
8686.59 171650 0.0008568
9030.8 182379 0.000910443
9330.49 193406 0.0009656
9590.04 204707 0.00102216
9815.21 216278 0.00108013
10011.7 228092 0.0011394
10184.8 240068 0.00119962
10338.5 252152 0.00126061
10475.8 264248 0.00132199
10599.4 276339 0.00138386
10711.4 288380 0.00144624
10812.7 300450 0.00150994
10905.5 312277 0.00157407
10991.1 323729 0.00163856
11070.4 334652 0.00170339
11143.9 344889 0.00176859
11212.1 354292 0.00183427
11276 362690 0.00190021
11335.9 369994 0.00196638
11392.3 376180 0.00203276
11445.5 381292 0.00209933
11495.9 385424 0.00216607
11543.8 388705 0.00223297
11589.3 391273 0.00230002
11632.4 393269 0.00236738
11673.3 394810 0.0024351
11712.4 395991 0.00250295
11749.8 396895 0.00257092
11785.6 397586 0.00263898
11820.1 398117 0.00270713
11853.2 398525 0.00277537
11885.1 398840 0.00284368
11915.6 399086 0.00291261
11945 399277 0.00298196
11972.9 399427 0.00305149
11999.8 399544 0.0031211
12025.7 399636 0.00319077
12050.7 399709 0.00326062
12074.7 399767 0.00333113
12097.7 399814 0.00340162
12119.8 399851 0.00347197
12141.1 399881 0.00354236
12161.8 399905 0.00361278
12181.9 399924 0.00368321
12201.4 399940 0.00375366
12220.3 399953 0.00382413
12238.6 399964 0.0038946
12256.3 399973 0.00396508
12273.3 399981 0.00403572
12289.7 399987 0.00410644
12305.5 399992 0.00417717
12320.9 399996 0.00424789
12335.7 400000 0.00431844
12349.8 400004 0.00438854
12363.5 400006 0.00445861
12376.5 400009 0.00452991
12388.8 400011 0.00460214
12400.7 400013 0.00467437
12412.4 400015 0.00474658
12423.7 400016 0.00481878
12434.7 400018 0.00489096
12445.5 400019 0.00496312
12455.9 400020 0.00503527
12466.1 400021 0.0051074
12476 400022 0.00517952
12485.7 400023 0.00525163
12495.1 400024 0.00532372
12504.3 400024 0.00539581
12513.2 400025 0.0054679
12521.8 400026 0.00553998
12530.3 400027 0.00561206
12538.4 400027 0.00568413
12546.4 400028 0.00575621
12554.2 400029 0.00582828
12561.7 400029 0.00590035
12569 400030 0.00597241
12576.2 400030 0.00604446
12583.1 400031 0.0061165
12589.9 400031 0.00618854
12596.5 400032 0.00626055
12603 400033 0.00633256
12609.3 400033 0.00640454
12615.5 400034 0.0064765
12621.6 400034 0.00654844
12627.5 400035 0.00662036
12633.3 400035 0.00669248
12638.9 400036 0.00676511
12644.3 400036 0.00683853
12649.5 400037 0.0069123
12654.6 400037 0.00698598
12659.6 400038 0.00705933
12664.4 400038 0.00713268
12669.2 400038 0.00720601
12673.9 400039 0.00727933
12678.6 400039 0.00735264
12683.1 400040 0.00742594
12687.6 400040 0.00749924
12692 400041 0.00757253
12696.3 400041 0.00764583
12700.6 400042 0.00771912
12704.8 400042 0.00779242
12708.9 400043 0.00786573
12713 400043 0.00793905
12717 400044 0.00801238
12720.9 400044 0.00808573
12724.7 400044 0.00815909
12728.5 400045 0.00823247
12732.1 400045 0.00830563
12735.7 400046 0.00837856
12739.2 400046 0.0084515
12742.7 400047 0.00852445
12746 400047 0.00859741
12749.3 400047 0.00867038
12752.5 400048 0.00874328
12755.5 400048 0.00881586
12758.3 400049 0.00888841
12761.2 400049 0.00896096
12763.9 400049 0.0090335
12766.6 400050 0.00910603
12769.2 400050 0.00917855
12771.7 400051 0.0092514
12774.1 400051 0.00932468
12776.4 400051 0.00939795
12778.6 400052 0.00947121
12780.8 400052 0.00954446
12783 400053 0.00961769
12785.1 400053 0.00969091
12787.2 400053 0.00976411
12789.2 400054 0.0098373
12791.2 400054 0.00991047
12793.2 400055 0.00998361
12795.1 400055 0.0100567
12797 400055 0.0101299
12798.8 400056 0.0102029
12800.6 400056 0.010276
12802.4 400056 0.0103491
12804.2 400057 0.0104221
12805.9 400057 0.0104951
12807.7 400058 0.0105681
12809.4 400058 0.0106411
12811 400058 0.010714
12812.7 400059 0.010787
12814.3 400059 0.0108599
12815.9 400059 0.0109328
12817.5 400060 0.0110056
12819.1 400060 0.0110785
12820.7 400060 0.0111513
12822.2 400061 0.0112241
12823.7 400061 0.011297
12825.2 400061 0.0113697
12826.7 400062 0.0114425
12828.2 400062 0.0115153
12829.7 400062 0.011588
12831.1 400063 0.0116607
12832.6 400063 0.0117334
12834 400063 0.0118061
12835.4 400064 0.0118788
12836.8 400064 0.0119514
12838.2 400064 0.0120241
12839.5 400065 0.0120967
12840.9 400065 0.0121693
12842.2 400065 0.0122419
12843.6 400066 0.0123145
12844.9 400066 0.0123871
12846.2 400066 0.0124596
12847.5 400066 0.0125322
12848.7 400067 0.0126047
12850 400067 0.0126773
12851.3 400067 0.0127498
12852.5 400068 0.0128223
12853.7 400068 0.0128948
12855 400068 0.0129673
12856.2 400069 0.0130398
12857.4 400069 0.0131123
12858.5 400069 0.0131847
12859.7 400069 0.0132572
12860.9 400070 0.0133296
12862 400070 0.013402
12863.1 400070 0.0134744
12864.3 400070 0.0135468
12865.4 400071 0.0136192
12866.4 400071 0.0136916
12867.5 400071 0.013764
12868.6 400072 0.0138364
12869.6 400072 0.0139088
12870.7 400072 0.0139812
12871.7 400072 0.0140536
12872.7 400073 0.014126
12873.7 400073 0.0141983
12874.7 400073 0.0142707
12875.7 400073 0.0143431
12876.6 400074 0.0144155
12877.5 400074 0.0144879
12878.5 400074 0.0145603
12879.4 400074 0.0146327
12880.3 400075 0.0147051
12881.2 400075 0.0147775
12882 400075 0.0148499
12882.9 400075 0.0149222
12883.7 400075 0.0149947
12884.6 400076 0.0150671
12885.4 400076 0.0151395
12886.2 400076 0.0152119
12886.9 400076 0.0152843
12887.7 400077 0.0153567
12888.5 400077 0.0154291
12889.2 400077 0.0155015
12889.9 400077 0.0155739
12890.6 400077 0.0156464
12891.3 400078 0.0157188
12892 400078 0.0157912
12892.7 400078 0.0158636
12893.3 400078 0.015936
12894 400078 0.0160085
12894.6 400079 0.0160809
12895.2 400079 0.0161533
12895.8 400079 0.0162257
12896.4 400079 0.0162981
12897 400079 0.0163705
12897.6 400080 0.0164429
12898.1 400080 0.0165153
12898.7 400080 0.0165877
12899.2 400080 0.0166601
12899.8 400080 0.0167325
12900.3 400081 0.016805
12900.7 400081 0.0168782
12901.2 400081 0.0169515
12901.6 400081 0.0170248
12902 400081 0.017098
12902.5 400081 0.0171713
12902.9 400082 0.0172445
12903.3 400082 0.0173178
12903.7 400082 0.0173911
12904.1 400082 0.0174643
12904.5 400082 0.0175376
12904.8 400082 0.0176108
12905.2 400083 0.0176841
12905.5 400083 0.0177573
12905.9 400083 0.0178306
12906.2 400083 0.0179038
12906.6 400083 0.0179771
12906.9 400083 0.0180503
12907.2 400083 0.0181236
12907.5 400084 0.0181968
12907.9 400084 0.01827
12908.2 400084 0.0183433
12908.5 400084 0.0184165
12908.8 400084 0.0184897
12909 400084 0.0185629
12909.3 400084 0.0186361
12909.6 400085 0.0187093
12909.9 400085 0.0187825
12910.2 400085 0.0188557
12910.4 400085 0.0189289
12910.7 400085 0.0190021
12910.9 400085 0.0190753
12911.2 400085 0.0191484
12911.4 400085 0.0192216
12911.7 400085 0.0192948
12911.9 400086 0.0193679
12912.2 400086 0.0194411
12912.4 400086 0.0195142
12912.6 400086 0.0195874
12912.9 400086 0.0196605
12913.1 400086 0.0197336
12913.3 400086 0.0198067
12913.5 400086 0.0198799
12913.7 400086 0.019953
12913.9 400086 0.0200261
12914.1 400087 0.0200992
12914.3 400087 0.0201723
12914.5 400087 0.0202454
12914.7 400087 0.0203184
12914.9 400087 0.0203915
12915.1 400087 0.0204646
12915.3 400087 0.0205376
12915.5 400087 0.0206107
12915.7 400087 0.0206837
12915.9 400087 0.0207568
12916 400087 0.0208298
12916.2 400087 0.0209029
12916.4 400087 0.0209759
12916.6 400087 0.0210489
12916.7 400088 0.0211219
12916.9 400088 0.0211949
12917 400088 0.0212679
12917.2 400088 0.0213409
12917.4 400088 0.0214139
12917.5 400088 0.0214869
12917.7 400088 0.0215599
12917.8 400088 0.0216328
12918 400088 0.0217058
12918.1 400088 0.0217788
12918.2 400088 0.0218517
12918.4 400088 0.0219247
12918.5 400088 0.0219976
12918.7 400088 0.0220705
12918.8 400088 0.0221435
12918.9 400088 0.0222164
12919.1 400088 0.0222893
12919.3 400088 0.0223622
12919.6 400088 0.022435
12920.2 400088 0.0225078
12921.1 400088 0.0225805
12922.2 400088 0.0226532
12923.4 400088 0.0227258
12924.8 400088 0.0227984
12926.3 400088 0.0228709
12927.9 400088 0.0229434
12929.8 400088 0.0230159
12931.8 400088 0.0230883
12933.7 400088 0.0231607
12935.7 400088 0.0232331
12937.6 400088 0.0233055
12939.6 400088 0.0233778
12941.8 400088 0.0234501
12944.1 400088 0.0235224
12946.6 400088 0.0235946
12949.3 400088 0.0236668
12951.9 400088 0.023739
12954.5 400088 0.0238111
12957.1 400088 0.0238833
12959.7 400088 0.0239554
12962.3 400088 0.0240276
12964.9 400088 0.0240997
12967.5 400088 0.0241719
12970.2 400088 0.0242439
12973 400088 0.024316
12976 400088 0.024388
12979.1 400088 0.02446
12982.4 400088 0.0245319
12985.6 400088 0.0246038
12988.8 400088 0.0246755
12992 400088 0.0247472
12995.2 400088 0.0248188
12998.4 400088 0.0248905
13001.6 400088 0.0249621
13004.8 400088 0.0250338
13008 400088 0.0251054
13011.2 400087 0.025177
13014.4 400087 0.0252486
13017.6 400087 0.0253202
13020.9 400087 0.0253917
13024.2 400087 0.0254632
13027.7 400087 0.0255347
13031.3 400087 0.0256061
13035 400087 0.0256774
13038.8 400087 0.0257487
13042.5 400087 0.02582
13046.3 400087 0.0258913
13050 400087 0.0259626
13053.7 400087 0.0260339
13057.5 400087 0.0261052
13061.2 400087 0.0261764
13064.9 400086 0.0262476
13068.7 400086 0.0263189
13072.4 400086 0.0263901
13076.1 400086 0.0264613
13079.8 400086 0.0265325
13083.5 400086 0.0266036
13087.2 400086 0.0266748
13090.9 400086 0.0267459
13094.6 400086 0.0268171
13098.4 400086 0.0268882
13102.2 400085 0.0269592
13106.1 400085 0.0270302
13110 400085 0.0271012
13114.2 400085 0.027172
13118.4 400085 0.0272428
13122.6 400085 0.0273137
13126.8 400085 0.0273845
13130.9 400085 0.0274553
13135.1 400085 0.0275261
13139.3 400084 0.0275969
13143.5 400084 0.0276676
13147.6 400084 0.0277384
13151.8 400084 0.0278091
13155.9 400084 0.0278798
13160.1 400084 0.0279505
13164.3 400084 0.0280212
13168.4 400084 0.0280918
13172.5 400083 0.0281625
13176.7 400083 0.0282331
13180.8 400083 0.0283037
13185 400083 0.0283743
13189.1 400083 0.0284449
13193.2 400083 0.0285154
13197.4 400083 0.028586
13201.5 400082 0.0286565
13205.6 400082 0.028727
13209.7 400082 0.0287975
13213.9 400082 0.028868
13218.1 400082 0.0289383
13222.4 400082 0.0290087
13226.7 400082 0.029079
13231.2 400081 0.0291491
13235.7 400081 0.0292193
13240.2 400081 0.0292895
13244.8 400081 0.0293596
13249.3 400081 0.0294298
13253.8 400081 0.0294999
13258.3 400080 0.0295699
13262.8 400080 0.02964
13267.3 400080 0.02971
13271.8 400080 0.0297801
13276.3 400080 0.0298501
13280.8 400080 0.02992
13285.3 400079 0.02999
13289.8 400079 0.03006
13294.3 400079 0.0301299
13298.7 400079 0.0301998
13303.2 400079 0.0302696
13307.7 400078 0.0303395
13312.2 400078 0.0304093
13316.6 400078 0.0304792
13321.1 400078 0.0305489
13325.5 400078 0.0306187
13330 400077 0.0306885
13334.4 400077 0.0307582
13338.9 400077 0.0308279
13343.3 400077 0.0308976
13347.7 400077 0.0309672
13352.2 400076 0.0310369
13356.6 400076 0.0311065
13361 400076 0.0311761
13365.5 400076 0.0312457
13369.9 400076 0.0313152
13374.3 400075 0.0313847
13378.8 400075 0.0314541
13383.3 400075 0.0315235
13387.9 400075 0.0315928
13392.5 400075 0.0316621
13397.2 400074 0.0317312
13402 400074 0.0318003
13406.7 400074 0.0318695
13411.5 400074 0.0319386
13416.2 400073 0.0320077
13420.9 400073 0.0320767
13425.7 400073 0.0321458
13430.4 400073 0.0322148
13435.1 400072 0.0322838
13439.8 400072 0.0323527
13444.5 400072 0.0324217
13449.3 400072 0.0324906
13454 400072 0.0325595
13458.7 400071 0.0326283
13463.4 400071 0.0326972
13468.1 400071 0.032766
13472.8 400071 0.0328348
13477.4 400070 0.0329035
13482.1 400070 0.0329722
13486.8 400070 0.0330409
13491.5 400070 0.0331096
13496.2 400069 0.0331783
13500.8 400069 0.0332469
13505.5 400069 0.0333155
13510.1 400069 0.0333841
13514.8 400068 0.0334526
13519.5 400068 0.0335211
13524.1 400068 0.0335896
13528.8 400067 0.0336581
13533.4 400067 0.0337265
13538 400067 0.0337949
13542.7 400067 0.0338633
13547.3 400066 0.0339317
13551.9 400066 0.034
13556.6 400066 0.0340683
13561.2 400066 0.0341366
13565.8 400065 0.0342048
13570.4 400065 0.034273
13575 400065 0.0343412
13579.6 400064 0.0344094
13584.2 400064 0.0344775
13588.8 400064 0.0345456
13593.4 400064 0.0346137
13598 400063 0.0346817
13602.7 400063 0.0347495
13607.4 400063 0.0348174
13612.1 400062 0.0348852
13616.8 400062 0.0349529
13621.6 400062 0.0350204
13410.3 389717 0.0349548
13470.1 393936 0.0349816
13494.5 400062 0.0350231
