0 -453.597 -2.26119e-06
634.56 6830.61 3.40526e-05
1173.57 15063 7.5098e-05
1709.92 23282.5 0.000116084
2243.81 31470.1 0.000156916
2775.24 39611.4 0.000197523
3304.22 47705.4 0.000237898
3830.74 55751 0.000278037
4354.77 63747.8 0.000317937
4876.15 71696.1 0.0003576
5394.56 79597.7 0.000397034
5909.16 87457.4 0.000436264
6418.2 95286.5 0.000475345
6918.36 103107 0.00051439
7403.99 110959 0.000553592
7866.83 118899 0.000593243
8297.18 127000 0.000633703
8686.59 135330 0.00067531
9030.8 143931 0.000718277
9330.49 152834 0.000762758
9590.04 162016 0.000808646
9815.21 171478 0.000855938
10011.7 181198 0.000904536
10184.8 191105 0.000954086
10338.5 201159 0.0010044
10475.8 211284 0.0010551
10599.4 221495 0.00110629
10711.4 231794 0.001158
10812.7 242330 0.00121102
10905.5 252915 0.00126447
10991.1 263520 0.00131828
11070.4 274116 0.00137243
11143.9 284676 0.00142695
11212.1 295181 0.00148196
11276 305527 0.00153722
11335.9 315639 0.00159271
11392.3 325431 0.00164841
11445.5 334801 0.0017043
11495.9 343645 0.00176037
11543.8 351858 0.00181659
11589.3 359352 0.00187296
11632.4 366079 0.00192963
11673.3 372006 0.00198668
11712.4 377106 0.00204386
11749.8 381417 0.00210114
11785.6 385003 0.00215853
11820.1 387946 0.002216
11853.2 390336 0.00227356
11885.1 392262 0.00233119
11915.6 393817 0.00238944
11945 395062 0.00244813
11972.9 396052 0.00250698
11999.8 396836 0.00256591
12025.7 397458 0.00262491
12050.7 397953 0.00268408
12074.7 398350 0.00274392
12097.7 398666 0.00280374
12119.8 398917 0.00286342
12141.1 399118 0.00292314
12161.8 399280 0.00298288
12181.9 399410 0.00304264
12201.4 399515 0.00310241
12220.3 399601 0.0031622
12238.6 399671 0.003222
12256.3 399728 0.00328181
12273.3 399775 0.00334178
12289.7 399814 0.00340182
12305.5 399846 0.00346187
12320.9 399873 0.00352191
12335.7 399895 0.00358179
12349.8 399913 0.0036412
12363.5 399929 0.00370059
12376.5 399942 0.00376122
12388.8 399953 0.00382278
12400.7 399963 0.00388433
12412.4 399971 0.00394587
12423.7 399978 0.0040074
12434.7 399984 0.00406891
12445.5 399989 0.0041304
12455.9 399993 0.00419188
12466.1 399997 0.00425334
12476 400000 0.00431479
12485.7 400003 0.00437622
12495.1 400006 0.00443765
12504.3 400008 0.00449907
12513.2 400010 0.00456048
12521.8 400012 0.00462189
12530.3 400013 0.0046833
12538.4 400015 0.00474471
12546.4 400016 0.00480611
12554.2 400017 0.00486751
12561.7 400018 0.00492891
12569 400019 0.0049903
12576.2 400020 0.00505168
12583.1 400021 0.00511306
12589.9 400022 0.00517442
12596.5 400023 0.00523577
12603 400023 0.0052971
12609.3 400024 0.00535841
12615.5 400025 0.0054197
12621.6 400025 0.00548098
12627.5 400026 0.00554222
12633.3 400027 0.00560367
12638.9 400027 0.00566563
12644.3 400028 0.0057284
12649.5 400028 0.00579151
12654.6 400029 0.00585452
12659.6 400029 0.00591722
12664.4 400030 0.0059799
12669.2 400030 0.00604256
12673.9 400031 0.00610522
12678.6 400031 0.00616787
12683.1 400032 0.00623051
12687.6 400032 0.00629314
12692 400033 0.00635577
12696.3 400033 0.0064184
12700.6 400034 0.00648104
12704.8 400034 0.00654367
12708.9 400034 0.00660632
12713 400035 0.00666898
12717 400035 0.00673164
12720.9 400036 0.00679433
12724.7 400036 0.00685703
12728.5 400037 0.00691974
12732.1 400037 0.00698224
12735.7 400037 0.0070445
12739.2 400038 0.00710678
12742.7 400038 0.00716906
12746 400039 0.00723135
12749.3 400039 0.00729366
12752.5 400039 0.00735589
12755.5 400040 0.00741779
12758.3 400040 0.00747967
12761.2 400041 0.00754154
12763.9 400041 0.0076034
12766.6 400041 0.00766525
12769.2 400042 0.00772709
12771.7 400042 0.00778927
12774.1 400043 0.00785188
12776.4 400043 0.00791447
12778.6 400043 0.00797705
12780.8 400044 0.00803962
12783 400044 0.00810218
12785.1 400044 0.00816472
12787.2 400045 0.00822724
12789.2 400045 0.00828975
12791.2 400046 0.00835224
12793.2 400046 0.00841471
12795.1 400046 0.00847716
12797 400047 0.00853959
12798.8 400047 0.00860201
12800.6 400047 0.0086644
12802.4 400048 0.00872677
12804.2 400048 0.00878912
12805.9 400048 0.00885146
12807.7 400049 0.00891377
12809.4 400049 0.00897606
12811 400049 0.00903833
12812.7 400050 0.00910059
12814.3 400050 0.00916282
12815.9 400051 0.00922504
12817.5 400051 0.00928723
12819.1 400051 0.00934941
12820.7 400052 0.00941157
12822.2 400052 0.00947371
12823.7 400052 0.00953583
12825.2 400053 0.00959794
12826.7 400053 0.00966003
12828.2 400053 0.0097221
12829.7 400054 0.00978415
12831.1 400054 0.00984619
12832.6 400054 0.00990821
12834 400054 0.00997022
12835.4 400055 0.0100322
12836.8 400055 0.0100942
12838.2 400055 0.0101562
12839.5 400056 0.0102181
12840.9 400056 0.01028
12842.2 400056 0.010342
12843.6 400057 0.0104039
12844.9 400057 0.0104658
12846.2 400057 0.0105277
12847.5 400058 0.0105895
12848.7 400058 0.0106514
12850 400058 0.0107132
12851.3 400059 0.0107751
12852.5 400059 0.0108369
12853.7 400059 0.0108987
12855 400059 0.0109606
12856.2 400060 0.0110224
12857.4 400060 0.0110842
12858.5 400060 0.011146
12859.7 400061 0.0112078
12860.9 400061 0.0112695
12862 400061 0.0113312
12863.1 400061 0.011393
12864.3 400062 0.0114547
12865.4 400062 0.0115164
12866.4 400062 0.0115781
12867.5 400063 0.0116398
12868.6 400063 0.0117015
12869.6 400063 0.0117633
12870.7 400063 0.011825
12871.7 400064 0.0118867
12872.7 400064 0.0119484
12873.7 400064 0.0120101
12874.7 400065 0.0120718
12875.7 400065 0.0121335
12876.6 400065 0.0121952
12877.5 400065 0.0122569
12878.5 400066 0.0123186
12879.4 400066 0.0123803
12880.3 400066 0.012442
12881.2 400066 0.0125038
12882 400067 0.0125655
12882.9 400067 0.0126272
12883.7 400067 0.0126889
12884.6 400067 0.0127506
12885.4 400068 0.0128124
12886.2 400068 0.0128741
12886.9 400068 0.0129358
12887.7 400068 0.0129976
12888.5 400069 0.0130593
12889.2 400069 0.013121
12889.9 400069 0.0131828
12890.6 400069 0.0132445
12891.3 400070 0.0133063
12892 400070 0.013368
12892.7 400070 0.0134297
12893.3 400070 0.0134915
12894 400071 0.0135532
12894.6 400071 0.013615
12895.2 400071 0.0136767
12895.8 400071 0.0137384
12896.4 400071 0.0138002
12897 400072 0.0138619
12897.6 400072 0.0139236
12898.1 400072 0.0139853
12898.7 400072 0.0140471
12899.2 400073 0.0141088
12899.8 400073 0.0141705
12900.3 400073 0.0142323
12900.7 400073 0.0142948
12901.2 400073 0.0143574
12901.6 400074 0.01442
12902 400074 0.0144826
12902.5 400074 0.0145452
12902.9 400074 0.0146078
12903.3 400074 0.0146704
12903.7 400075 0.0147329
12904.1 400075 0.0147955
12904.5 400075 0.0148581
12904.8 400075 0.0149207
12905.2 400075 0.0149833
12905.5 400076 0.0150458
12905.9 400076 0.0151084
12906.2 400076 0.015171
12906.6 400076 0.0152335
12906.9 400076 0.0152961
12907.2 400077 0.0153587
12907.5 400077 0.0154212
12907.9 400077 0.0154838
12908.2 400077 0.0155463
12908.5 400077 0.0156089
12908.8 400078 0.0156714
12909 400078 0.0157339
12909.3 400078 0.0157965
12909.6 400078 0.015859
12909.9 400078 0.0159215
12910.2 400078 0.015984
12910.4 400079 0.0160466
12910.7 400079 0.0161091
12910.9 400079 0.0161716
12911.2 400079 0.0162341
12911.4 400079 0.0162965
12911.7 400079 0.016359
12911.9 400080 0.0164215
12912.2 400080 0.016484
12912.4 400080 0.0165464
12912.6 400080 0.0166089
12912.9 400080 0.0166714
12913.1 400080 0.0167338
12913.3 400081 0.0167963
12913.5 400081 0.0168587
12913.7 400081 0.0169211
12913.9 400081 0.0169836
12914.1 400081 0.017046
12914.3 400081 0.0171084
12914.5 400081 0.0171708
12914.7 400082 0.0172332
12914.9 400082 0.0172956
12915.1 400082 0.017358
12915.3 400082 0.0174204
12915.5 400082 0.0174828
12915.7 400082 0.0175451
12915.9 400082 0.0176075
12916 400083 0.0176699
12916.2 400083 0.0177322
12916.4 400083 0.0177946
12916.6 400083 0.0178569
12916.7 400083 0.0179192
12916.9 400083 0.0179816
12917 400083 0.0180439
12917.2 400083 0.0181062
12917.4 400084 0.0181685
12917.5 400084 0.0182308
12917.7 400084 0.0182931
12917.8 400084 0.0183554
12918 400084 0.0184177
12918.1 400084 0.01848
12918.2 400084 0.0185423
12918.4 400084 0.0186045
12918.5 400084 0.0186668
12918.7 400085 0.0187291
12918.8 400085 0.0187913
12918.9 400085 0.0188536
12919.1 400085 0.0189158
12919.3 400085 0.018978
12919.6 400085 0.0190402
12920.2 400085 0.0191023
12921.1 400085 0.0191643
12922.2 400085 0.0192263
12923.4 400085 0.0192882
12924.8 400086 0.0193502
12926.3 400086 0.019412
12927.9 400086 0.0194738
12929.8 400086 0.0195356
12931.8 400086 0.0195973
12933.7 400086 0.019659
12935.7 400086 0.0197208
12937.6 400086 0.0197825
12939.6 400086 0.0198442
12941.8 400086 0.0199058
12944.1 400086 0.0199674
12946.6 400086 0.0200289
12949.3 400087 0.0200904
12951.9 400087 0.0201519
12954.5 400087 0.0202134
12957.1 400087 0.0202749
12959.7 400087 0.0203364
12962.3 400087 0.0203979
12964.9 400087 0.0204593
12967.5 400087 0.0205208
12970.2 400087 0.0205822
12973 400087 0.0206436
12976 400087 0.0207049
12979.1 400087 0.0207662
12982.4 400087 0.0208274
12985.6 400087 0.0208887
12988.8 400087 0.0209497
12992 400087 0.0210107
12995.2 400087 0.0210717
12998.4 400088 0.0211327
13001.6 400088 0.0211936
13004.8 400088 0.0212546
13008 400088 0.0213155
13011.2 400088 0.0213765
13014.4 400088 0.0214374
13017.6 400088 0.0214983
13020.9 400088 0.0215592
13024.2 400088 0.02162
13027.7 400088 0.0216808
13031.3 400088 0.0217415
13035 400088 0.0218022
13038.8 400088 0.0218628
13042.5 400088 0.0219234
13046.3 400088 0.0219841
13050 400088 0.0220447
13053.7 400088 0.0221053
13057.5 400088 0.0221659
13061.2 400088 0.0222264
13064.9 400088 0.022287
13068.7 400088 0.0223475
13072.4 400088 0.0224081
13076.1 400088 0.0224686
13079.8 400088 0.0225291
13083.5 400088 0.0225896
13087.2 400088 0.0226501
13090.9 400088 0.0227106
13094.6 400088 0.022771
13098.4 400088 0.0228314
13102.2 400088 0.0228918
13106.1 400088 0.0229521
13110 400088 0.0230124
13114.2 400088 0.0230726
13118.4 400088 0.0231327
13122.6 400088 0.0231929
13126.8 400088 0.023253
13130.9 400088 0.0233132
13135.1 400088 0.0233733
13139.3 400088 0.0234334
13143.5 400088 0.0234935
13147.6 400088 0.0235535
13151.8 400088 0.0236136
13155.9 400088 0.0236736
13160.1 400088 0.0237336
13164.3 400088 0.0237936
13168.4 400088 0.0238536
13172.5 400088 0.0239136
13176.7 400088 0.0239736
13180.8 400088 0.0240335
13185 400088 0.0240934
13189.1 400088 0.0241533
13193.2 400088 0.0242132
13197.4 400088 0.0242731
13201.5 400088 0.0243329
13205.6 400088 0.0243928
13209.7 400088 0.0244526
13213.9 400088 0.0245124
13218.1 400088 0.0245721
13222.4 400088 0.0246317
13226.7 400088 0.0246914
13231.2 400088 0.0247509
13235.7 400088 0.0248104
13240.2 400088 0.0248699
13244.8 400088 0.0249293
13249.3 400088 0.0249888
13253.8 400088 0.0250482
13258.3 400088 0.0251076
13262.8 400087 0.025167
13267.3 400087 0.0252264
13271.8 400087 0.0252857
13276.3 400087 0.0253451
13280.8 400087 0.0254044
13285.3 400087 0.0254637
13289.8 400087 0.0255229
13294.3 400087 0.0255822
13298.7 400087 0.0256414
13303.2 400087 0.0257006
13307.7 400087 0.0257598
13312.2 400087 0.0258189
13316.6 400087 0.0258781
13321.1 400087 0.0259372
13325.5 400087 0.0259963
13330 400087 0.0260554
13334.4 400087 0.0261144
13338.9 400087 0.0261735
13343.3 400086 0.0262325
13347.7 400086 0.0262915
13352.2 400086 0.0263505
13356.6 400086 0.0264094
13361 400086 0.0264683
13365.5 400086 0.0265272
13369.9 400086 0.0265861
13374.3 400086 0.0266449
13378.8 400086 0.0267037
13383.3 400086 0.0267624
13387.9 400086 0.026821
13392.5 400086 0.0268796
13397.2 400086 0.026938
13402 400085 0.0269965
13406.7 400085 0.027055
13411.5 400085 0.0271134
13416.2 400085 0.0271718
13420.9 400085 0.0272302
13425.7 400085 0.0272886
13430.4 400085 0.027347
13435.1 400085 0.0274053
13439.8 400085 0.0274636
13444.5 400085 0.0275218
13449.3 400085 0.0275801
13454 400084 0.0276383
13458.7 400084 0.0276965
13463.4 400084 0.0277546
13468.1 400084 0.0278128
13472.8 400084 0.0278709
13477.4 400084 0.027929
13482.1 400084 0.027987
13486.8 400084 0.0280451
13491.5 400084 0.0281031
13496.2 400083 0.028161
13500.8 400083 0.028219
13505.5 400083 0.0282769
13510.1 400083 0.0283348
13514.8 400083 0.0283927
13519.5 400083 0.0284505
13524.1 400083 0.0285084
13528.8 400083 0.0285662
13533.4 400083 0.0286239
13538 400082 0.0286817
13542.7 400082 0.0287394
13547.3 400082 0.0287971
13551.9 400082 0.0288547
13556.6 400082 0.0289123
13561.2 400082 0.02897
13565.8 400082 0.0290275
13570.4 400082 0.0290851
13575 400081 0.0291426
13579.6 400081 0.0292001
13584.2 400081 0.0292576
13588.8 400081 0.029315
13593.4 400081 0.0293724
13598 400081 0.0294297
13602.7 400081 0.0294869
13607.4 400080 0.0295441
13612.1 400080 0.0296012
13616.8 400080 0.0296582
13621.6 400080 0.0297151
13410.3 387876 0.0296389
13470.1 390449 0.0296549
13494.5 395397 0.0296858
