0 -453.597 -2.26119e-06
634.56 4689.3 2.33772e-05
1173.57 10780.6 5.37461e-05
1709.92 16859.5 8.4056e-05
2243.81 22907 0.000114212
2775.24 28908.7 0.000144142
3304.22 34863.4 0.000173841
3830.74 40770.3 0.000203303
4354.77 46628.8 0.000232527
4876.15 52439.2 0.000261514
5394.56 58203.3 0.000290272
5909.16 63926 0.000318826
6418.2 69618.4 0.000347231
6918.36 75302.9 0.000375599
7403.99 81018.6 0.000404125
7866.83 86823.6 0.0004331
8297.18 92790.2 0.000462884
8686.59 98986.1 0.000493815
9030.8 105454 0.000526106
9330.49 112224 0.00055991
9590.04 119275 0.000595121
9815.21 126606 0.000631736
10011.7 134198 0.000669654
10184.8 141979 0.000708524
10338.5 149912 0.000748159
10475.8 157922 0.000788184
10599.4 166029 0.000828702
10711.4 174238 0.000869739
10812.7 182708 0.000912086
10905.5 191258 0.000954855
10991.1 199880 0.000997997
11070.4 208563 0.00104147
11143.9 217313 0.00108532
11212.1 226151 0.00112965
11276 235024 0.00117424
11335.9 243924 0.00121906
11392.3 252839 0.00126408
11445.5 261754 0.0013093
11495.9 270654 0.00135469
11543.8 279518 0.00140024
11589.3 288321 0.00144594
11632.4 297066 0.00149194
11673.3 305729 0.00153832
11712.4 314220 0.00158481
11749.8 322488 0.00163142
11785.6 330477 0.00167814
11820.1 338127 0.00172494
11853.2 345375 0.00177182
11885.1 352164 0.00181878
11915.6 358514 0.00186635
11945 364347 0.00191436
11972.9 369601 0.00196254
11999.8 374257 0.00201079
12025.7 378330 0.00205911
12050.7 381856 0.0021076
12074.7 384902 0.00215676
12097.7 387472 0.0022059
12119.8 389617 0.0022549
12141.1 391404 0.00230394
12161.8 392886 0.002353
12181.9 394110 0.00240209
12201.4 395119 0.00245118
12220.3 395951 0.0025003
12238.6 396635 0.00254942
12256.3 397198 0.00259855
12273.3 397664 0.00264784
12289.7 398048 0.00269721
12305.5 398366 0.00274658
12320.9 398629 0.00279595
12335.7 398846 0.00284515
12349.8 399025 0.00289389
12363.5 399175 0.00294261
12376.5 399303 0.00299256
12388.8 399412 0.00304344
12400.7 399502 0.00309431
12412.4 399579 0.00314517
12423.7 399642 0.00319602
12434.7 399696 0.00324685
12445.5 399741 0.00329766
12455.9 399780 0.00334845
12466.1 399812 0.00339923
12476 399840 0.00345
12485.7 399864 0.00350076
12495.1 399884 0.0035515
12504.3 399901 0.00360224
12513.2 399916 0.00365297
12521.8 399929 0.0037037
12530.3 399940 0.00375443
12538.4 399950 0.00380515
12546.4 399958 0.00385587
12554.2 399966 0.00390659
12561.7 399972 0.00395731
12569 399978 0.00400801
12576.2 399983 0.00405872
12583.1 399987 0.00410941
12589.9 399991 0.00416009
12596.5 399994 0.00421075
12603 399997 0.0042614
12609.3 400000 0.00431203
12615.5 400002 0.00436265
12621.6 400005 0.00441324
12627.5 400007 0.0044638
12633.3 400008 0.00451456
12638.9 400010 0.00456584
12644.3 400011 0.00461791
12649.5 400013 0.00467034
12654.6 400014 0.00472265
12659.6 400015 0.00477466
12664.4 400016 0.00482665
12669.2 400017 0.00487863
12673.9 400018 0.0049306
12678.6 400019 0.00498256
12683.1 400020 0.00503451
12687.6 400021 0.00508645
12692 400021 0.0051384
12696.3 400022 0.00519034
12700.6 400023 0.00524228
12704.8 400023 0.00529423
12708.9 400024 0.00534619
12713 400024 0.00539815
12717 400025 0.00545013
12720.9 400026 0.00550212
12724.7 400026 0.00555413
12728.5 400027 0.00560616
12732.1 400027 0.00565797
12735.7 400028 0.00570955
12739.2 400028 0.00576114
12742.7 400028 0.00581274
12746 400029 0.00586434
12749.3 400029 0.00591596
12752.5 400030 0.0059675
12755.5 400030 0.00601873
12758.3 400031 0.00606993
12761.2 400031 0.00612113
12763.9 400031 0.00617232
12766.6 400032 0.00622349
12769.2 400032 0.00627466
12771.7 400032 0.00632617
12774.1 400033 0.0063781
12776.4 400033 0.00643001
12778.6 400034 0.00648192
12780.8 400034 0.00653382
12783 400034 0.0065857
12785.1 400035 0.00663756
12787.2 400035 0.00668941
12789.2 400035 0.00674125
12791.2 400036 0.00679306
12793.2 400036 0.00684486
12795.1 400036 0.00689664
12797 400037 0.00694839
12798.8 400037 0.00700013
12800.6 400037 0.00705185
12802.4 400038 0.00710355
12804.2 400038 0.00715523
12805.9 400038 0.00720689
12807.7 400039 0.00725853
12809.4 400039 0.00731014
12811 400039 0.00736174
12812.7 400040 0.00741332
12814.3 400040 0.00746488
12815.9 400040 0.00751643
12817.5 400041 0.00756795
12819.1 400041 0.00761945
12820.7 400041 0.00767094
12822.2 400042 0.00772241
12823.7 400042 0.00777386
12825.2 400042 0.00782529
12826.7 400043 0.0078767
12828.2 400043 0.0079281
12829.7 400043 0.00797949
12831.1 400044 0.00803085
12832.6 400044 0.0080822
12834 400044 0.00813353
12835.4 400045 0.00818485
12836.8 400045 0.00823616
12838.2 400045 0.00828745
12839.5 400045 0.00833872
12840.9 400046 0.00838999
12842.2 400046 0.00844123
12843.6 400046 0.00849247
12844.9 400047 0.0085437
12846.2 400047 0.00859491
12847.5 400047 0.00864611
12848.7 400048 0.0086973
12850 400048 0.00874848
12851.3 400048 0.00879965
12852.5 400048 0.00885081
12853.7 400049 0.00890196
12855 400049 0.00895311
12856.2 400049 0.00900424
12857.4 400050 0.00905537
12858.5 400050 0.0091065
12859.7 400050 0.00915761
12860.9 400050 0.00920867
12862 400051 0.00925973
12863.1 400051 0.00931079
12864.3 400051 0.00936184
12865.4 400052 0.00941288
12866.4 400052 0.00946393
12867.5 400052 0.00951497
12868.6 400052 0.009566
12869.6 400053 0.00961704
12870.7 400053 0.00966807
12871.7 400053 0.0097191
12872.7 400053 0.00977013
12873.7 400054 0.00982117
12874.7 400054 0.0098722
12875.7 400054 0.00992323
12876.6 400055 0.00997426
12877.5 400055 0.0100253
12878.5 400055 0.0100763
12879.4 400055 0.0101274
12880.3 400056 0.0101784
12881.2 400056 0.0102295
12882 400056 0.0102805
12882.9 400056 0.0103316
12883.7 400057 0.0103826
12884.6 400057 0.0104337
12885.4 400057 0.0104847
12886.2 400057 0.0105358
12886.9 400058 0.0105868
12887.7 400058 0.0106379
12888.5 400058 0.0106889
12889.2 400058 0.01074
12889.9 400059 0.0107911
12890.6 400059 0.0108421
12891.3 400059 0.0108932
12892 400059 0.0109443
12892.7 400060 0.0109953
12893.3 400060 0.0110464
12894 400060 0.0110975
12894.6 400060 0.0111485
12895.2 400061 0.0111996
12895.8 400061 0.0112507
12896.4 400061 0.0113017
12897 400061 0.0113528
12897.6 400062 0.0114038
12898.1 400062 0.0114549
12898.7 400062 0.0115059
12899.2 400062 0.011557
12899.8 400062 0.011608
12900.3 400063 0.0116591
12900.7 400063 0.011711
12901.2 400063 0.0117629
12901.6 400063 0.0118148
12902 400064 0.0118668
12902.5 400064 0.0119187
12902.9 400064 0.0119706
12903.3 400064 0.0120225
12903.7 400065 0.0120744
12904.1 400065 0.0121263
12904.5 400065 0.0121782
12904.8 400065 0.0122301
12905.2 400065 0.012282
12905.5 400066 0.0123339
12905.9 400066 0.0123858
12906.2 400066 0.0124377
12906.6 400066 0.0124896
12906.9 400067 0.0125415
12907.2 400067 0.0125934
12907.5 400067 0.0126453
12907.9 400067 0.0126971
12908.2 400067 0.012749
12908.5 400068 0.0128009
12908.8 400068 0.0128527
12909 400068 0.0129046
12909.3 400068 0.0129565
12909.6 400068 0.0130083
12909.9 400069 0.0130602
12910.2 400069 0.013112
12910.4 400069 0.0131638
12910.7 400069 0.0132157
12910.9 400069 0.0132675
12911.2 400070 0.0133193
12911.4 400070 0.0133711
12911.7 400070 0.0134229
12911.9 400070 0.0134747
12912.2 400070 0.0135265
12912.4 400071 0.0135783
12912.6 400071 0.0136301
12912.9 400071 0.0136819
12913.1 400071 0.0137337
12913.3 400071 0.0137855
12913.5 400072 0.0138372
12913.7 400072 0.013889
12913.9 400072 0.0139407
12914.1 400072 0.0139925
12914.3 400072 0.0140442
12914.5 400072 0.014096
12914.7 400073 0.0141477
12914.9 400073 0.0141994
12915.1 400073 0.0142511
12915.3 400073 0.0143028
12915.5 400073 0.0143545
12915.7 400074 0.0144062
12915.9 400074 0.0144579
12916 400074 0.0145096
12916.2 400074 0.0145613
12916.4 400074 0.014613
12916.6 400074 0.0146646
12916.7 400075 0.0147163
12916.9 400075 0.0147679
12917 400075 0.0148196
12917.2 400075 0.0148712
12917.4 400075 0.0149229
12917.5 400075 0.0149745
12917.7 400076 0.0150261
12917.8 400076 0.0150777
12918 400076 0.0151294
12918.1 400076 0.015181
12918.2 400076 0.0152326
12918.4 400076 0.0152842
12918.5 400077 0.0153357
12918.7 400077 0.0153873
12918.8 400077 0.0154389
12918.9 400077 0.0154905
12919.1 400077 0.015542
12919.3 400077 0.0155936
12919.6 400077 0.0156451
12920.2 400078 0.0156965
12921.1 400078 0.0157479
12922.2 400078 0.0157992
12923.4 400078 0.0158504
12924.8 400078 0.0159017
12926.3 400078 0.0159529
12927.9 400078 0.016004
12929.8 400079 0.0160551
12931.8 400079 0.0161061
12933.7 400079 0.0161572
12935.7 400079 0.0162082
12937.6 400079 0.0162593
12939.6 400079 0.0163103
12941.8 400079 0.0163612
12944.1 400080 0.0164122
12946.6 400080 0.016463
12949.3 400080 0.0165138
12951.9 400080 0.0165647
12954.5 400080 0.0166155
12957.1 400080 0.0166663
12959.7 400080 0.0167171
12962.3 400080 0.0167679
12964.9 400081 0.0168187
12967.5 400081 0.0168694
12970.2 400081 0.0169202
12973 400081 0.0169709
12976 400081 0.0170215
12979.1 400081 0.0170721
12982.4 400081 0.0171227
12985.6 400081 0.0171733
12988.8 400082 0.0172236
12992 400082 0.0172739
12995.2 400082 0.0173242
12998.4 400082 0.0173745
13001.6 400082 0.0174248
13004.8 400082 0.0174751
13008 400082 0.0175254
13011.2 400082 0.0175757
13014.4 400082 0.0176259
13017.6 400083 0.0176762
13020.9 400083 0.0177263
13024.2 400083 0.0177765
13027.7 400083 0.0178266
13031.3 400083 0.0178766
13035 400083 0.0179266
13038.8 400083 0.0179766
13042.5 400083 0.0180265
13046.3 400083 0.0180765
13050 400083 0.0181264
13053.7 400084 0.0181763
13057.5 400084 0.0182262
13061.2 400084 0.0182761
13064.9 400084 0.018326
13068.7 400084 0.0183759
13072.4 400084 0.0184258
13076.1 400084 0.0184756
13079.8 400084 0.0185254
13083.5 400084 0.0185752
13087.2 400084 0.0186251
13090.9 400084 0.0186748
13094.6 400085 0.0187246
13098.4 400085 0.0187744
13102.2 400085 0.0188241
13106.1 400085 0.0188737
13110 400085 0.0189233
13114.2 400085 0.0189728
13118.4 400085 0.0190223
13122.6 400085 0.0190718
13126.8 400085 0.0191212
13130.9 400085 0.0191707
13135.1 400085 0.0192201
13139.3 400085 0.0192695
13143.5 400086 0.0193189
13147.6 400086 0.0193683
13151.8 400086 0.0194177
13155.9 400086 0.0194671
13160.1 400086 0.0195164
13164.3 400086 0.0195657
13168.4 400086 0.019615
13172.5 400086 0.0196643
13176.7 400086 0.0197136
13180.8 400086 0.0197629
13185 400086 0.0198121
13189.1 400086 0.0198613
13193.2 400086 0.0199105
13197.4 400086 0.0199597
13201.5 400086 0.0200089
13205.6 400086 0.0200581
13209.7 400087 0.0201072
13213.9 400087 0.0201563
13218.1 400087 0.0202053
13222.4 400087 0.0202543
13226.7 400087 0.0203033
13231.2 400087 0.0203521
13235.7 400087 0.0204009
13240.2 400087 0.0204497
13244.8 400087 0.0204985
13249.3 400087 0.0205473
13253.8 400087 0.020596
13258.3 400087 0.0206448
13262.8 400087 0.0206935
13267.3 400087 0.0207422
13271.8 400087 0.0207908
13276.3 400087 0.0208395
13280.8 400087 0.0208881
13285.3 400087 0.0209367
13289.8 400087 0.0209853
13294.3 400087 0.0210339
13298.7 400087 0.0210824
13303.2 400088 0.021131
13307.7 400088 0.0211795
13312.2 400088 0.0212279
13316.6 400088 0.0212764
13321.1 400088 0.0213248
13325.5 400088 0.0213733
13330 400088 0.0214217
13334.4 400088 0.02147
13338.9 400088 0.0215184
13343.3 400088 0.0215667
13347.7 400088 0.021615
13352.2 400088 0.0216633
13356.6 400088 0.0217116
13361 400088 0.0217598
13365.5 400088 0.0218081
13369.9 400088 0.0218563
13374.3 400088 0.0219044
13378.8 400088 0.0219525
13383.3 400088 0.0220005
13387.9 400088 0.0220484
13392.5 400088 0.0220963
13397.2 400088 0.0221441
13402 400088 0.0221919
13406.7 400088 0.0222397
13411.5 400088 0.0222874
13416.2 400088 0.0223352
13420.9 400088 0.0223829
13425.7 400088 0.0224306
13430.4 400088 0.0224782
13435.1 400088 0.0225259
13439.8 400088 0.0225735
13444.5 400088 0.0226211
13449.3 400088 0.0226686
13454 400088 0.0227162
13458.7 400088 0.0227637
13463.4 400088 0.0228112
13468.1 400088 0.0228586
13472.8 400088 0.022906
13477.4 400088 0.0229534
13482.1 400088 0.0230008
13486.8 400088 0.0230482
13491.5 400088 0.0230955
13496.2 400088 0.0231428
13500.8 400088 0.0231901
13505.5 400088 0.0232373
13510.1 400088 0.0232845
13514.8 400088 0.0233317
13519.5 400088 0.0233789
13524.1 400088 0.023426
13528.8 400088 0.0234731
13533.4 400088 0.0235202
13538 400088 0.0235673
13542.7 400088 0.0236143
13547.3 400088 0.0236613
13551.9 400088 0.0237083
13556.6 400088 0.0237552
13561.2 400088 0.0238021
13565.8 400088 0.023849
13570.4 400088 0.0238959
13575 400088 0.0239427
13579.6 400088 0.0239896
13584.2 400088 0.0240363
13588.8 400088 0.0240831
13593.4 400088 0.0241298
13598 400088 0.0241764
13602.7 400088 0.024223
13607.4 400088 0.0242694
13612.1 400088 0.0243159
13616.8 400088 0.0243622
13621.6 400088 0.0244084
13410.3 385942 0.0243215
13470.1 386817 0.0243269
13494.5 390106 0.0243471
