0 -453.597 -2.26119e-06
634.56 2584.81 1.28856e-05
1173.57 6571.31 3.27598e-05
1709.92 10545.8 5.25755e-05
2243.81 14489.1 7.22367e-05
2775.24 18387.1 9.16727e-05
3304.22 22238.4 0.000110878
3830.74 26042.2 0.000129846
4354.77 29797.9 0.000148577
4876.15 33505.8 0.000167069
5394.56 37167.6 0.000185333
5909.16 40788.3 0.000203393
6418.2 44379.1 0.000221305
6918.36 47962.2 0.000239179
7403.99 51576.8 0.000257211
7866.83 55281 0.000275692
8297.18 59147.2 0.000294982
8686.59 63243.2 0.000315419
9030.8 67611.5 0.000337216
9330.49 72282.5 0.000360526
9590.04 77235 0.000385242
9815.21 82467.5 0.000411357
10011.7 87960 0.000438772
10184.8 93642.3 0.000467138
10338.5 99477.5 0.000496268
10475.8 105393 0.000525802
10599.4 111408 0.000555835
10711.4 117527 0.00058639
10812.7 123906 0.000618248
10905.5 130369 0.000650528
10991.1 136906 0.000683183
11070.4 143510 0.000716171
11143.9 150186 0.000749529
11212.1 156960 0.000783377
11276 163783 0.000817477
11335.9 170651 0.000851808
11392.3 177560 0.000886348
11445.5 184506 0.00092108
11495.9 191485 0.000955987
11543.8 198492 0.000991052
11589.3 205526 0.00102626
11632.4 212617 0.00106178
11673.3 219776 0.00109767
11712.4 226953 0.00113368
11749.8 234142 0.0011698
11785.6 241339 0.00120603
11820.1 248539 0.00124234
11853.2 255734 0.00127874
11885.1 262918 0.00131522
11915.6 270185 0.00135229
11945 277491 0.00138979
11972.9 284776 0.00142747
11999.8 292004 0.00146522
12025.7 299156 0.00150305
12050.7 306232 0.00154104
12074.7 313295 0.00157969
12097.7 320191 0.00161832
12119.8 326873 0.00165682
12141.1 333337 0.00169536
12161.8 339550 0.00173393
12181.9 345478 0.00177251
12201.4 351090 0.00181112
12220.3 356358 0.00184973
12238.6 361261 0.00188836
12256.3 365783 0.00192699
12273.3 369932 0.00196578
12289.7 373698 0.00200465
12305.5 377079 0.00204353
12320.9 380091 0.0020824
12335.7 382744 0.00212111
12349.8 385051 0.00215939
12363.5 387070 0.00219764
12376.5 388882 0.00223709
12388.8 390481 0.00227747
12400.7 391853 0.00231783
12412.4 393027 0.00235818
12423.7 394029 0.00239852
12434.7 394884 0.00243884
12445.5 395612 0.00247914
12455.9 396233 0.00251943
12466.1 396762 0.0025597
12476 397213 0.00259996
12485.7 397597 0.0026402
12495.1 397926 0.00268044
12504.3 398207 0.00272067
12513.2 398447 0.00276089
12521.8 398653 0.00280111
12530.3 398830 0.00284133
12538.4 398983 0.00288154
12546.4 399114 0.00292175
12554.2 399227 0.00296196
12561.7 399325 0.00300216
12569 399409 0.00304236
12576.2 399483 0.00308255
12583.1 399547 0.00312273
12589.9 399602 0.0031629
12596.5 399650 0.00320305
12603 399693 0.00324319
12609.3 399729 0.00328331
12615.5 399762 0.00332341
12621.6 399790 0.00336349
12627.5 399815 0.00340354
12633.3 399837 0.00344379
12638.9 399857 0.00348454
12644.3 399874 0.00352607
12649.5 399890 0.00356795
12654.6 399904 0.00360973
12659.6 399916 0.0036512
12664.4 399927 0.00369266
12669.2 399936 0.00373411
12673.9 399945 0.00377555
12678.6 399952 0.00381698
12683.1 399959 0.0038584
12687.6 399965 0.00389981
12692 399970 0.00394122
12696.3 399975 0.00398263
12700.6 399979 0.00402405
12704.8 399983 0.00406546
12708.9 399987 0.00410689
12713 399990 0.00414832
12717 399993 0.00418976
12720.9 399996 0.00423122
12724.7 399998 0.00427269
12728.5 400000 0.00431418
12732.1 400002 0.00435546
12735.7 400004 0.00439652
12739.2 400006 0.0044376
12742.7 400007 0.00447867
12746 400008 0.00451975
12749.3 400010 0.00456085
12752.5 400011 0.00460188
12755.5 400012 0.00464262
12758.3 400013 0.00468333
12761.2 400014 0.00472403
12763.9 400015 0.00476473
12766.6 400016 0.00480542
12769.2 400017 0.0048461
12771.7 400017 0.00488712
12774.1 400018 0.00492855
12776.4 400019 0.00496998
12778.6 400020 0.0050114
12780.8 400020 0.0050528
12783 400021 0.00509419
12785.1 400021 0.00513557
12787.2 400022 0.00517693
12789.2 400022 0.00521827
12791.2 400023 0.0052596
12793.2 400023 0.00530091
12795.1 400024 0.0053422
12797 400024 0.00538347
12798.8 400025 0.00542472
12800.6 400025 0.00546595
12802.4 400026 0.00550716
12804.2 400026 0.00554836
12805.9 400026 0.00558953
12807.7 400027 0.00563068
12809.4 400027 0.00567182
12811 400028 0.00571293
12812.7 400028 0.00575403
12814.3 400028 0.0057951
12815.9 400029 0.00583616
12817.5 400029 0.0058772
12819.1 400029 0.00591822
12820.7 400030 0.00595922
12822.2 400030 0.0060002
12823.7 400030 0.00604117
12825.2 400031 0.00608212
12826.7 400031 0.00612305
12828.2 400031 0.00616396
12829.7 400032 0.00620486
12831.1 400032 0.00624574
12832.6 400032 0.0062866
12834 400032 0.00632745
12835.4 400033 0.00636829
12836.8 400033 0.00640911
12838.2 400033 0.00644991
12839.5 400034 0.0064907
12840.9 400034 0.00653148
12842.2 400034 0.00657224
12843.6 400035 0.006613
12844.9 400035 0.00665373
12846.2 400035 0.00669446
12847.5 400035 0.00673518
12848.7 400036 0.00677588
12850 400036 0.00681658
12851.3 400036 0.00685726
12852.5 400036 0.00689794
12853.7 400037 0.0069386
12855 400037 0.00697926
12856.2 400037 0.00701991
12857.4 400038 0.00706056
12858.5 400038 0.00710119
12859.7 400038 0.00714182
12860.9 400038 0.0071824
12862 400039 0.00722297
12863.1 400039 0.00726354
12864.3 400039 0.0073041
12865.4 400039 0.00734466
12866.4 400040 0.00738522
12867.5 400040 0.00742577
12868.6 400040 0.00746632
12869.6 400040 0.00750687
12870.7 400041 0.00754742
12871.7 400041 0.00758796
12872.7 400041 0.00762851
12873.7 400041 0.00766906
12874.7 400042 0.0077096
12875.7 400042 0.00775015
12876.6 400042 0.00779069
12877.5 400042 0.00783124
12878.5 400043 0.00787179
12879.4 400043 0.00791235
12880.3 400043 0.0079529
12881.2 400043 0.00799346
12882 400044 0.00803402
12882.9 400044 0.00807458
12883.7 400044 0.00811514
12884.6 400044 0.00815571
12885.4 400045 0.00819628
12886.2 400045 0.00823685
12886.9 400045 0.00827742
12887.7 400045 0.008318
12888.5 400046 0.00835857
12889.2 400046 0.00839915
12889.9 400046 0.00843973
12890.6 400046 0.00848031
12891.3 400047 0.0085209
12892 400047 0.00856148
12892.7 400047 0.00860206
12893.3 400047 0.00864264
12894 400047 0.00868323
12894.6 400048 0.00872381
12895.2 400048 0.00876439
12895.8 400048 0.00880497
12896.4 400048 0.00884554
12897 400049 0.00888612
12897.6 400049 0.00892669
12898.1 400049 0.00896726
12898.7 400049 0.00900783
12899.2 400050 0.00904839
12899.8 400050 0.00908895
12900.3 400050 0.00912957
12900.7 400050 0.00917098
12901.2 400050 0.0092124
12901.6 400051 0.00925381
12902 400051 0.00929523
12902.5 400051 0.00933665
12902.9 400051 0.00937807
12903.3 400052 0.00941949
12903.7 400052 0.00946091
12904.1 400052 0.00950232
12904.5 400052 0.00954374
12904.8 400052 0.00958516
12905.2 400053 0.00962657
12905.5 400053 0.00966798
12905.9 400053 0.00970939
12906.2 400053 0.00975079
12906.6 400054 0.00979219
12906.9 400054 0.00983359
12907.2 400054 0.00987499
12907.5 400054 0.00991638
12907.9 400054 0.00995777
12908.2 400055 0.00999915
12908.5 400055 0.0100405
12908.8 400055 0.0100819
12909 400055 0.0101233
12909.3 400056 0.0101646
12909.6 400056 0.010206
12909.9 400056 0.0102474
12910.2 400056 0.0102887
12910.4 400056 0.0103301
12910.7 400057 0.0103714
12910.9 400057 0.0104127
12911.2 400057 0.0104541
12911.4 400057 0.0104954
12911.7 400057 0.0105367
12911.9 400058 0.010578
12912.2 400058 0.0106194
12912.4 400058 0.0106607
12912.6 400058 0.010702
12912.9 400058 0.0107432
12913.1 400059 0.0107845
12913.3 400059 0.0108258
12913.5 400059 0.0108671
12913.7 400059 0.0109084
12913.9 400059 0.0109496
12914.1 400060 0.0109909
12914.3 400060 0.0110321
12914.5 400060 0.0110734
12914.7 400060 0.0111146
12914.9 400060 0.0111559
12915.1 400061 0.0111971
12915.3 400061 0.0112383
12915.5 400061 0.0112795
12915.7 400061 0.0113207
12915.9 400061 0.0113619
12916 400062 0.0114031
12916.2 400062 0.0114443
12916.4 400062 0.0114855
12916.6 400062 0.0115267
12916.7 400062 0.0115678
12916.9 400062 0.011609
12917 400063 0.0116502
12917.2 400063 0.0116913
12917.4 400063 0.0117325
12917.5 400063 0.0117736
12917.7 400063 0.0118147
12917.8 400064 0.0118559
12918 400064 0.011897
12918.1 400064 0.0119381
12918.2 400064 0.0119792
12918.4 400064 0.0120203
12918.5 400064 0.0120614
12918.7 400065 0.0121025
12918.8 400065 0.0121436
12918.9 400065 0.0121847
12919.1 400065 0.0122258
12919.3 400065 0.0122668
12919.6 400066 0.0123078
12920.2 400066 0.0123488
12921.1 400066 0.0123896
12922.2 400066 0.0124304
12923.4 400066 0.0124712
12924.8 400066 0.0125119
12926.3 400067 0.0125526
12927.9 400067 0.0125933
12929.8 400067 0.0126339
12931.8 400067 0.0126744
12933.7 400067 0.012715
12935.7 400067 0.0127555
12937.6 400068 0.0127961
12939.6 400068 0.0128366
12941.8 400068 0.0128771
12944.1 400068 0.0129175
12946.6 400068 0.0129578
12949.3 400068 0.0129982
12951.9 400069 0.0130385
12954.5 400069 0.0130788
12957.1 400069 0.0131191
12959.7 400069 0.0131594
12962.3 400069 0.0131997
12964.9 400069 0.01324
12967.5 400069 0.0132803
12970.2 400070 0.0133205
12973 400070 0.0133607
12976 400070 0.0134009
12979.1 400070 0.013441
12982.4 400070 0.0134811
12985.6 400070 0.0135211
12988.8 400071 0.013561
12992 400071 0.0136008
12995.2 400071 0.0136406
12998.4 400071 0.0136804
13001.6 400071 0.0137202
13004.8 400071 0.01376
13008 400071 0.0137998
13011.2 400072 0.0138396
13014.4 400072 0.0138793
13017.6 400072 0.0139191
13020.9 400072 0.0139588
13024.2 400072 0.0139984
13027.7 400072 0.014038
13031.3 400072 0.0140776
13035 400073 0.0141171
13038.8 400073 0.0141565
13042.5 400073 0.014196
13046.3 400073 0.0142354
13050 400073 0.0142749
13053.7 400073 0.0143143
13057.5 400073 0.0143537
13061.2 400074 0.0143931
13064.9 400074 0.0144325
13068.7 400074 0.0144719
13072.4 400074 0.0145112
13076.1 400074 0.0145506
13079.8 400074 0.0145899
13083.5 400074 0.0146292
13087.2 400074 0.0146685
13090.9 400075 0.0147078
13094.6 400075 0.0147471
13098.4 400075 0.0147864
13102.2 400075 0.0148256
13106.1 400075 0.0148647
13110 400075 0.0149038
13114.2 400075 0.0149428
13118.4 400075 0.0149818
13122.6 400076 0.0150208
13126.8 400076 0.0150597
13130.9 400076 0.0150987
13135.1 400076 0.0151376
13139.3 400076 0.0151766
13143.5 400076 0.0152155
13147.6 400076 0.0152543
13151.8 400076 0.0152932
13155.9 400077 0.0153321
13160.1 400077 0.0153709
13164.3 400077 0.0154097
13168.4 400077 0.0154485
13172.5 400077 0.0154873
13176.7 400077 0.0155261
13180.8 400077 0.0155649
13185 400077 0.0156036
13189.1 400077 0.0156423
13193.2 400078 0.0156811
13197.4 400078 0.0157197
13201.5 400078 0.0157584
13205.6 400078 0.0157971
13209.7 400078 0.0158357
13213.9 400078 0.0158743
13218.1 400078 0.0159128
13222.4 400078 0.0159513
13226.7 400078 0.0159898
13231.2 400079 0.0160281
13235.7 400079 0.0160664
13240.2 400079 0.0161047
13244.8 400079 0.016143
13249.3 400079 0.0161813
13253.8 400079 0.0162195
13258.3 400079 0.0162577
13262.8 400079 0.0162959
13267.3 400079 0.0163341
13271.8 400079 0.0163723
13276.3 400080 0.0164104
13280.8 400080 0.0164486
13285.3 400080 0.0164867
13289.8 400080 0.0165248
13294.3 400080 0.0165628
13298.7 400080 0.0166009
13303.2 400080 0.0166389
13307.7 400080 0.0166769
13312.2 400080 0.0167149
13316.6 400080 0.0167528
13321.1 400081 0.0167907
13325.5 400081 0.0168287
13330 400081 0.0168666
13334.4 400081 0.0169044
13338.9 400081 0.0169423
13343.3 400081 0.0169801
13347.7 400081 0.0170179
13352.2 400081 0.0170557
13356.6 400081 0.0170934
13361 400081 0.0171312
13365.5 400081 0.0171689
13369.9 400082 0.0172066
13374.3 400082 0.0172442
13378.8 400082 0.0172818
13383.3 400082 0.0173193
13387.9 400082 0.0173567
13392.5 400082 0.0173941
13397.2 400082 0.0174314
13402 400082 0.0174687
13406.7 400082 0.0175059
13411.5 400082 0.0175432
13416.2 400082 0.0175804
13420.9 400082 0.0176176
13425.7 400083 0.0176548
13430.4 400083 0.017692
13435.1 400083 0.0177291
13439.8 400083 0.0177662
13444.5 400083 0.0178033
13449.3 400083 0.0178403
13454 400083 0.0178773
13458.7 400083 0.0179143
13463.4 400083 0.0179513
13468.1 400083 0.0179882
13472.8 400083 0.0180252
13477.4 400083 0.018062
13482.1 400083 0.0180989
13486.8 400083 0.0181358
13491.5 400084 0.0181726
13496.2 400084 0.0182093
13500.8 400084 0.0182461
13505.5 400084 0.0182828
13510.1 400084 0.0183195
13514.8 400084 0.0183562
13519.5 400084 0.0183929
13524.1 400084 0.0184295
13528.8 400084 0.0184661
13533.4 400084 0.0185027
13538 400084 0.0185392
13542.7 400084 0.0185757
13547.3 400084 0.0186122
13551.9 400084 0.0186487
13556.6 400084 0.0186851
13561.2 400085 0.0187215
13565.8 400085 0.0187579
13570.4 400085 0.0187943
13575 400085 0.0188306
13579.6 400085 0.0188669
13584.2 400085 0.0189031
13588.8 400085 0.0189394
13593.4 400085 0.0189756
13598 400085 0.0190117
13602.7 400085 0.0190477
13607.4 400085 0.0190837
13612.1 400085 0.0191196
13616.8 400085 0.0191555
13621.6 400085 0.0191911
13410.3 383926 0.0190936
13470.1 383070 0.0190885
13494.5 384672 0.0190981
