0 -453.597 -2.26119e-06
634.56 553.181 2.75764e-06
1173.57 2507.15 1.24985e-05
1709.92 4449.5 2.21817e-05
2243.81 6360.74 3.171e-05
2775.24 8226.84 4.10136e-05
3304.22 10046.6 5.00866e-05
3830.74 11819.1 5.89237e-05
4354.77 13543.6 6.7522e-05
4876.15 15220.4 7.5883e-05
5394.56 16851.3 8.40151e-05
5909.16 18441.3 9.19431e-05
6418.2 20001.4 9.97226e-05
6918.36 21554 0.000107465
7403.99 23138.3 0.000115365
7866.83 24812.4 0.000123714
8297.18 26648.8 0.000132872
8686.59 28715.3 0.000143178
9030.8 31054.4 0.000154844
9330.49 33696.4 0.00016802
9590.04 36619.8 0.000182601
9815.21 39822.7 0.000198577
10011.7 43284.4 0.000215844
10184.8 46936 0.00023406
10338.5 50741 0.000253042
10475.8 54630.9 0.000272448
10599.4 58622.4 0.000292363
10711.4 62719.9 0.000312808
10812.7 67075.4 0.000334541
10905.5 71515.4 0.000356698
10991.1 76030.3 0.000379229
11070.4 80612 0.000402096
11143.9 85267.4 0.000425332
11212.1 90021.1 0.000449061
11276 94825.1 0.000473042
11335.9 99674.9 0.000497254
11392.3 104567 0.000521676
11445.5 109496 0.000546291
11495.9 114461 0.00057108
11543.8 119457 0.000596028
11589.3 124481 0.000621122
11632.4 129567 0.000646522
11673.3 134725 0.00067229
11712.4 139908 0.00069818
11749.8 145113 0.000724183
11785.6 150338 0.000750287
11820.1 155580 0.000776483
11853.2 160839 0.000802761
11885.1 166111 0.000829114
11915.6 171500 0.000856051
11945 176971 0.000883403
11972.9 182479 0.000910941
11999.8 188001 0.000938559
12025.7 193534 0.000966241
12050.7 199100 0.000994092
12074.7 204790 0.00102258
12097.7 210476 0.00105105
12119.8 216138 0.00107943
12141.1 221801 0.00110783
12161.8 227465 0.00113625
12181.9 233127 0.0011647
12201.4 238785 0.00119317
12220.3 244437 0.00122164
12238.6 250080 0.00125013
12256.3 255711 0.00127862
12273.3 261357 0.00130728
12289.7 267000 0.00133602
12305.5 272620 0.00136476
12320.9 278210 0.00139349
12335.7 283739 0.00142208
12349.8 289149 0.00145026
12363.5 294510 0.00147842
12376.5 300038 0.00150775
12388.8 305665 0.00153797
12400.7 311207 0.00156818
12412.4 316653 0.00159837
12423.7 321987 0.00162855
12434.7 327196 0.00165872
12445.5 332265 0.00168887
12455.9 337177 0.001719
12466.1 341919 0.00174911
12476 346476 0.00177921
12485.7 350834 0.0018093
12495.1 354981 0.00183938
12504.3 358908 0.00186945
12513.2 362607 0.00189952
12521.8 366072 0.00192958
12530.3 369301 0.00195963
12538.4 372295 0.00198969
12546.4 375055 0.00201974
12554.2 377589 0.00204979
12561.7 379903 0.00207983
12569 382007 0.00210987
12576.2 383914 0.0021399
12583.1 385635 0.00216992
12589.9 387183 0.00219992
12596.5 388572 0.00222992
12603 389814 0.00225989
12609.3 390924 0.00228985
12615.5 391914 0.00231979
12621.6 392795 0.00234971
12627.5 393579 0.0023796
12633.3 394279 0.00240968
12638.9 394911 0.00244025
12644.3 395484 0.00247158
12649.5 395995 0.00250323
12654.6 396445 0.0025348
12659.6 396838 0.00256608
12664.4 397186 0.00259736
12669.2 397493 0.00262861
12673.9 397764 0.00265986
12678.6 398004 0.0026911
12683.1 398217 0.00272232
12687.6 398406 0.00275355
12692 398573 0.00278476
12696.3 398722 0.00281598
12700.6 398854 0.00284719
12704.8 398972 0.00287841
12708.9 399076 0.00290964
12713 399170 0.00294087
12717 399253 0.00297212
12720.9 399328 0.00300338
12724.7 399394 0.00303465
12728.5 399454 0.00306594
12732.1 399507 0.00309703
12735.7 399554 0.00312791
12739.2 399597 0.00315881
12742.7 399635 0.00318971
12746 399670 0.00322062
12749.3 399701 0.00325154
12752.5 399729 0.00328239
12755.5 399754 0.003313
12758.3 399776 0.00334359
12761.2 399797 0.00337417
12763.9 399816 0.00340475
12766.6 399833 0.00343531
12769.2 399848 0.00346587
12771.7 399862 0.00349676
12774.1 399875 0.00352807
12776.4 399887 0.00355937
12778.6 399898 0.00359066
12780.8 399907 0.00362194
12783 399916 0.0036532
12785.1 399925 0.00368445
12787.2 399932 0.00371569
12789.2 399939 0.00374691
12791.2 399945 0.00377811
12793.2 399951 0.0038093
12795.1 399956 0.00384047
12797 399961 0.00387162
12798.8 399965 0.00390275
12800.6 399969 0.00393386
12802.4 399973 0.00396496
12804.2 399976 0.00399603
12805.9 399980 0.00402708
12807.7 399983 0.00405812
12809.4 399985 0.00408914
12811 399988 0.00412013
12812.7 399990 0.00415111
12814.3 399992 0.00418207
12815.9 399994 0.00421301
12817.5 399996 0.00424393
12819.1 399998 0.00427483
12820.7 400000 0.00430572
12822.2 400001 0.00433659
12823.7 400003 0.00436744
12825.2 400004 0.00439827
12826.7 400005 0.00442908
12828.2 400006 0.00445988
12829.7 400007 0.00449066
12831.1 400009 0.00452142
12832.6 400010 0.00455217
12834 400010 0.0045829
12835.4 400011 0.00461362
12836.8 400012 0.00464432
12838.2 400013 0.00467501
12839.5 400014 0.00470569
12840.9 400014 0.00473635
12842.2 400015 0.00476699
12843.6 400016 0.00479763
12844.9 400016 0.00482825
12846.2 400017 0.00485886
12847.5 400018 0.00488946
12848.7 400018 0.00492004
12850 400019 0.00495062
12851.3 400019 0.00498119
12852.5 400020 0.00501174
12853.7 400020 0.00504229
12855 400020 0.00507283
12856.2 400021 0.00510336
12857.4 400021 0.00513388
12858.5 400022 0.0051644
12859.7 400022 0.00519491
12860.9 400023 0.00522537
12862 400023 0.00525582
12863.1 400023 0.00528627
12864.3 400024 0.00531672
12865.4 400024 0.00534716
12866.4 400024 0.0053776
12867.5 400025 0.00540803
12868.6 400025 0.00543846
12869.6 400025 0.00546889
12870.7 400026 0.00549932
12871.7 400026 0.00552975
12872.7 400026 0.00556017
12873.7 400026 0.0055906
12874.7 400027 0.00562103
12875.7 400027 0.00565145
12876.6 400027 0.00568188
12877.5 400028 0.00571231
12878.5 400028 0.00574274
12879.4 400028 0.00577317
12880.3 400028 0.00580361
12881.2 400029 0.00583405
12882 400029 0.00586449
12882.9 400029 0.00589493
12883.7 400029 0.00592537
12884.6 400030 0.00595582
12885.4 400030 0.00598627
12886.2 400030 0.00601672
12886.9 400030 0.00604718
12887.7 400031 0.00607764
12888.5 400031 0.00610809
12889.2 400031 0.00613856
12889.9 400031 0.00616902
12890.6 400032 0.00619948
12891.3 400032 0.00622995
12892 400032 0.00626042
12892.7 400032 0.00629088
12893.3 400032 0.00632135
12894 400033 0.00635182
12894.6 400033 0.00638228
12895.2 400033 0.00641275
12895.8 400033 0.00644321
12896.4 400034 0.00647368
12897 400034 0.00650414
12897.6 400034 0.0065346
12898.1 400034 0.00656505
12898.7 400034 0.00659551
12899.2 400035 0.00662596
12899.8 400035 0.00665641
12900.3 400035 0.00668691
12900.7 400035 0.0067182
12901.2 400035 0.00674949
12901.6 400036 0.00678078
12902 400036 0.00681207
12902.5 400036 0.00684336
12902.9 400036 0.00687465
12903.3 400036 0.00690594
12903.7 400037 0.00693724
12904.1 400037 0.00696853
12904.5 400037 0.00699982
12904.8 400037 0.00703111
12905.2 400038 0.00706239
12905.5 400038 0.00709368
12905.9 400038 0.00712496
12906.2 400038 0.00715624
12906.6 400038 0.00718752
12906.9 400039 0.00721879
12907.2 400039 0.00725006
12907.5 400039 0.00728133
12907.9 400039 0.00731259
12908.2 400039 0.00734385
12908.5 400040 0.00737511
12908.8 400040 0.00740636
12909 400040 0.00743761
12909.3 400040 0.00746885
12909.6 400040 0.00750009
12909.9 400041 0.00753132
12910.2 400041 0.00756255
12910.4 400041 0.00759377
12910.7 400041 0.00762499
12910.9 400041 0.00765621
12911.2 400042 0.00768741
12911.4 400042 0.00771862
12911.7 400042 0.00774981
12911.9 400042 0.00778101
12912.2 400042 0.00781219
12912.4 400042 0.00784337
12912.6 400043 0.00787455
12912.9 400043 0.00790571
12913.1 400043 0.00793688
12913.3 400043 0.00796803
12913.5 400043 0.00799919
12913.7 400044 0.00803033
12913.9 400044 0.00806147
12914.1 400044 0.0080926
12914.3 400044 0.00812373
12914.5 400044 0.00815485
12914.7 400045 0.00818597
12914.9 400045 0.00821708
12915.1 400045 0.00824818
12915.3 400045 0.00827927
12915.5 400045 0.00831036
12915.7 400045 0.00834145
12915.9 400046 0.00837253
12916 400046 0.0084036
12916.2 400046 0.00843466
12916.4 400046 0.00846572
12916.6 400046 0.00849678
12916.7 400047 0.00852782
12916.9 400047 0.00855886
12917 400047 0.0085899
12917.2 400047 0.00862093
12917.4 400047 0.00865195
12917.5 400047 0.00868297
12917.7 400048 0.00871398
12917.8 400048 0.00874498
12918 400048 0.00877598
12918.1 400048 0.00880697
12918.2 400048 0.00883795
12918.4 400049 0.00886893
12918.5 400049 0.0088999
12918.7 400049 0.00893087
12918.8 400049 0.00896183
12918.9 400049 0.00899278
12919.1 400049 0.00902373
12919.3 400050 0.00905465
12919.6 400050 0.00908554
12920.2 400050 0.00911636
12921.1 400050 0.0091471
12922.2 400050 0.00917778
12923.4 400050 0.00920842
12924.8 400051 0.00923902
12926.3 400051 0.00926959
12927.9 400051 0.00930011
12929.8 400051 0.00933056
12931.8 400051 0.00936099
12933.7 400051 0.00939141
12935.7 400052 0.00942183
12937.6 400052 0.00945223
12939.6 400052 0.00948261
12941.8 400052 0.00951294
12944.1 400052 0.00954324
12946.6 400052 0.00957346
12949.3 400053 0.00960366
12951.9 400053 0.00963385
12954.5 400053 0.00966403
12957.1 400053 0.00969421
12959.7 400053 0.00972437
12962.3 400053 0.00975453
12964.9 400054 0.00978469
12967.5 400054 0.00981483
12970.2 400054 0.00984493
12973 400054 0.009875
12976 400054 0.00990503
12979.1 400054 0.00993498
12982.4 400054 0.00996492
12985.6 400055 0.00999482
12988.8 400055 0.0100245
12992 400055 0.0100542
12995.2 400055 0.0100839
12998.4 400055 0.0101136
13001.6 400055 0.0101433
13004.8 400056 0.0101729
13008 400056 0.0102026
13011.2 400056 0.0102322
13014.4 400056 0.0102618
13017.6 400056 0.0102914
13020.9 400056 0.010321
13024.2 400056 0.0103505
13027.7 400057 0.01038
13031.3 400057 0.0104094
13035 400057 0.0104387
13038.8 400057 0.0104681
13042.5 400057 0.0104974
13046.3 400057 0.0105267
13050 400057 0.010556
13053.7 400058 0.0105853
13057.5 400058 0.0106146
13061.2 400058 0.0106438
13064.9 400058 0.0106731
13068.7 400058 0.0107023
13072.4 400058 0.0107315
13076.1 400058 0.0107608
13079.8 400059 0.01079
13083.5 400059 0.0108191
13087.2 400059 0.0108483
13090.9 400059 0.0108775
13094.6 400059 0.0109066
13098.4 400059 0.0109357
13102.2 400059 0.0109648
13106.1 400060 0.0109938
13110 400060 0.0110227
13114.2 400060 0.0110516
13118.4 400060 0.0110805
13122.6 400060 0.0111093
13126.8 400060 0.0111381
13130.9 400060 0.0111669
13135.1 400061 0.0111957
13139.3 400061 0.0112245
13143.5 400061 0.0112533
13147.6 400061 0.011282
13151.8 400061 0.0113107
13155.9 400061 0.0113395
13160.1 400061 0.0113682
13164.3 400061 0.0113968
13168.4 400062 0.0114255
13172.5 400062 0.0114542
13176.7 400062 0.0114828
13180.8 400062 0.0115114
13185 400062 0.01154
13189.1 400062 0.0115686
13193.2 400062 0.0115972
13197.4 400063 0.0116257
13201.5 400063 0.0116542
13205.6 400063 0.0116828
13209.7 400063 0.0117112
13213.9 400063 0.0117397
13218.1 400063 0.0117681
13222.4 400063 0.0117964
13226.7 400063 0.0118247
13231.2 400064 0.0118529
13235.7 400064 0.0118811
13240.2 400064 0.0119092
13244.8 400064 0.0119374
13249.3 400064 0.0119655
13253.8 400064 0.0119936
13258.3 400064 0.0120217
13262.8 400064 0.0120497
13267.3 400065 0.0120777
13271.8 400065 0.0121058
13276.3 400065 0.0121338
13280.8 400065 0.0121617
13285.3 400065 0.0121897
13289.8 400065 0.0122176
13294.3 400065 0.0122455
13298.7 400065 0.0122734
13303.2 400066 0.0123013
13307.7 400066 0.0123291
13312.2 400066 0.012357
13316.6 400066 0.0123848
13321.1 400066 0.0124126
13325.5 400066 0.0124403
13330 400066 0.0124681
13334.4 400066 0.0124958
13338.9 400066 0.0125235
13343.3 400067 0.0125511
13347.7 400067 0.0125788
13352.2 400067 0.0126064
13356.6 400067 0.012634
13361 400067 0.0126616
13365.5 400067 0.0126892
13369.9 400067 0.0127167
13374.3 400067 0.0127442
13378.8 400067 0.0127716
13383.3 400068 0.0127989
13387.9 400068 0.0128262
13392.5 400068 0.0128535
13397.2 400068 0.0128806
13402 400068 0.0129077
13406.7 400068 0.0129348
13411.5 400068 0.0129619
13416.2 400068 0.012989
13420.9 400068 0.013016
13425.7 400069 0.0130431
13430.4 400069 0.0130701
13435.1 400069 0.013097
13439.8 400069 0.013124
13444.5 400069 0.0131509
13449.3 400069 0.0131778
13454 400069 0.0132046
13458.7 400069 0.0132315
13463.4 400069 0.0132583
13468.1 400069 0.0132851
13472.8 400070 0.0133118
13477.4 400070 0.0133385
13482.1 400070 0.0133652
13486.8 400070 0.0133919
13491.5 400070 0.0134186
13496.2 400070 0.0134452
13500.8 400070 0.0134718
13505.5 400070 0.0134984
13510.1 400070 0.0135249
13514.8 400071 0.0135514
13519.5 400071 0.0135779
13524.1 400071 0.0136044
13528.8 400071 0.0136308
13533.4 400071 0.0136572
13538 400071 0.0136836
13542.7 400071 0.0137099
13547.3 400071 0.0137363
13551.9 400071 0.0137626
13556.6 400071 0.0137888
13561.2 400071 0.0138151
13565.8 400072 0.0138413
13570.4 400072 0.0138675
13575 400072 0.0138937
13579.6 400072 0.0139198
13584.2 400072 0.0139459
13588.8 400072 0.013972
13593.4 400072 0.013998
13598 400072 0.0140239
13602.7 400072 0.0140498
13607.4 400072 0.0140756
13612.1 400072 0.0141014
13616.8 400073 0.0141271
13621.6 400073 0.0141525
13410.3 381820 0.0140448
13470.1 379217 0.0140295
13494.5 379126 0.014029
