0 -453.597 -2.26119e-06
634.56 -1370.86 -6.83374e-06
1173.57 -1342.34 -6.69157e-06
1709.92 -1325.17 -6.60597e-06
2243.81 -1339.15 -6.67566e-06
2775.24 -1398.09 -6.96947e-06
3304.22 -1503.16 -7.49321e-06
3830.74 -1655.5 -8.25264e-06
4354.77 -1855.76 -9.25091e-06
4876.15 -2103.66 -1.04866e-05
5394.56 -2397.45 -1.19512e-05
5909.16 -2732.24 -1.362e-05
6418.2 -3096.82 -1.54374e-05
6918.36 -3468.89 -1.72921e-05
7403.99 -3809.15 -1.89882e-05
7866.83 -4059.56 -2.02365e-05
8297.18 -4147.58 -2.06752e-05
8686.59 -4005.24 -1.99657e-05
9030.8 -3590.02 -1.78959e-05
9330.49 -2872.21 -1.43177e-05
9590.04 -1872.99 -9.33679e-06
9815.21 -595.649 -2.96932e-06
10011.7 938.802 4.67999e-06
10184.8 2662.76 1.32742e-05
10338.5 4540.61 2.26359e-05
10475.8 6509.55 3.24519e-05
10599.4 8582.87 4.27886e-05
10711.4 10764.6 5.36662e-05
10812.7 13200.9 6.58135e-05
10905.5 15722.2 7.83848e-05
10991.1 18318.8 9.13326e-05
11070.4 20982.8 0.000104617
11143.9 23721 0.000118271
11212.1 26558 0.000132419
11276 29445.8 0.000146821
11335.9 32379.8 0.000161454
11392.3 35356.2 0.000176298
11445.5 38371 0.000191336
11495.9 41420.8 0.000206548
11543.8 44502.5 0.000221921
11589.3 47613.4 0.000237439
11632.4 50785 0.000253261
11673.3 54029.4 0.000269447
11712.4 57298.3 0.000285757
11749.8 60589.6 0.000302178
11785.6 63901.1 0.000318702
11820.1 67230.8 0.000335317
11853.2 70577 0.000352015
11885.1 73938 0.000368788
11915.6 77411.1 0.00038612
11945 80963.8 0.000403852
11972.9 84556.4 0.000421784
11999.8 88164.8 0.000439795
12025.7 91785.8 0.00045787
12050.7 95439.4 0.000476109
12074.7 99215.5 0.00049496
12097.7 102991 0.000513809
12119.8 106750 0.000532576
12141.1 110514 0.000551373
12161.8 114284 0.000570196
12181.9 118057 0.000589038
12201.4 121833 0.000607897
12220.3 125612 0.000626768
12238.6 129392 0.00064565
12256.3 133174 0.000664539
12273.3 136988 0.00068359
12289.7 140819 0.000702728
12305.5 144650 0.000721868
12320.9 148480 0.000741004
12335.7 152283 0.000760008
12349.8 156013 0.000778645
12363.5 159738 0.00079726
12376.5 163686 0.000816993
12388.8 167806 0.000837584
12400.7 171923 0.000858165
12412.4 176037 0.000878734
12423.7 180148 0.000899286
12434.7 184254 0.000919821
12445.5 188357 0.000940339
12455.9 192455 0.00096084
12466.1 196549 0.000981324
12476 200639 0.00100179
12485.7 204725 0.00102225
12495.1 208808 0.0010427
12504.3 212888 0.00106314
12513.2 216964 0.00108357
12521.8 221038 0.001104
12530.3 225108 0.00112442
12538.4 229175 0.00114484
12546.4 233238 0.00116526
12554.2 237296 0.00118567
12561.7 241349 0.00120608
12569 245396 0.00122648
12576.2 249435 0.00124687
12583.1 253466 0.00126725
12589.9 257486 0.00128763
12596.5 261495 0.00130798
12603 265491 0.00132832
12609.3 269472 0.00134864
12615.5 273435 0.00136894
12621.6 277381 0.00138922
12627.5 281305 0.00140947
12633.3 285245 0.00142991
12638.9 289254 0.00145081
12644.3 293376 0.00147244
12649.5 297527 0.00149438
12654.6 301628 0.00151624
12659.6 305643 0.00153785
12664.4 309614 0.00155945
12669.2 313537 0.00158103
12673.9 317405 0.00160259
12678.6 321216 0.00162415
12683.1 324963 0.0016457
12687.6 328643 0.00166724
12692 332249 0.00168877
12696.3 335777 0.0017103
12700.6 339220 0.00173184
12704.8 342575 0.00175337
12708.9 345836 0.00177491
12713 348998 0.00179646
12717 352057 0.00181801
12720.9 355008 0.00183958
12724.7 357848 0.00186116
12728.5 360574 0.00188276
12732.1 363159 0.00190417
12735.7 365605 0.0019254
12739.2 367935 0.00194664
12742.7 370146 0.00196788
12746 372241 0.00198913
12749.3 374221 0.00201039
12752.5 376082 0.0020316
12755.5 377816 0.00205262
12758.3 379441 0.00207362
12761.2 380964 0.00209461
12763.9 382386 0.00211561
12766.6 383713 0.00213659
12769.2 384948 0.00215757
12771.7 386114 0.00217887
12774.1 387215 0.00220058
12776.4 388233 0.00222229
12778.6 389172 0.00224399
12780.8 390039 0.00226568
12783 390837 0.00228735
12785.1 391571 0.00230902
12787.2 392246 0.00233067
12789.2 392867 0.0023523
12791.2 393437 0.00237392
12793.2 393960 0.00239553
12795.1 394440 0.00241711
12797 394881 0.00243868
12798.8 395285 0.00246023
12800.6 395656 0.00248176
12802.4 395996 0.00250328
12804.2 396308 0.00252477
12805.9 396594 0.00254625
12807.7 396857 0.00256771
12809.4 397098 0.00258915
12811 397320 0.00261057
12812.7 397523 0.00263197
12814.3 397710 0.00265335
12815.9 397882 0.00267472
12817.5 398040 0.00269606
12819.1 398185 0.00271739
12820.7 398319 0.0027387
12822.2 398442 0.00275999
12823.7 398555 0.00278126
12825.2 398660 0.00280252
12826.7 398756 0.00282376
12828.2 398845 0.00284498
12829.7 398927 0.00286619
12831.1 399003 0.00288737
12832.6 399073 0.00290855
12834 399138 0.0029297
12835.4 399197 0.00295085
12836.8 399253 0.00297197
12838.2 399304 0.00299308
12839.5 399351 0.00301418
12840.9 399395 0.00303526
12842.2 399436 0.00305633
12843.6 399474 0.00307739
12844.9 399509 0.00309844
12846.2 399542 0.00311947
12847.5 399572 0.00314049
12848.7 399600 0.0031615
12850 399626 0.0031825
12851.3 399651 0.00320348
12852.5 399674 0.00322446
12853.7 399695 0.00324543
12855 399714 0.00326639
12856.2 399733 0.00328734
12857.4 399750 0.00330829
12858.5 399766 0.00332923
12859.7 399781 0.00335015
12860.9 399795 0.00337104
12862 399808 0.00339191
12863.1 399820 0.00341279
12864.3 399832 0.00343365
12865.4 399842 0.00345451
12866.4 399852 0.00347537
12867.5 399862 0.00349623
12868.6 399871 0.00351708
12869.6 399879 0.00353793
12870.7 399887 0.00355878
12871.7 399894 0.00357963
12872.7 399901 0.00360047
12873.7 399907 0.00362132
12874.7 399913 0.00364216
12875.7 399919 0.00366301
12876.6 399924 0.00368386
12877.5 399929 0.00370471
12878.5 399934 0.00372556
12879.4 399939 0.00374641
12880.3 399943 0.00376727
12881.2 399947 0.00378813
12882 399951 0.00380899
12882.9 399954 0.00382985
12883.7 399958 0.00385072
12884.6 399961 0.00387159
12885.4 399964 0.00389246
12886.2 399967 0.00391333
12886.9 399969 0.00393421
12887.7 399972 0.00395509
12888.5 399974 0.00397597
12889.2 399977 0.00399685
12889.9 399979 0.00401774
12890.6 399981 0.00403863
12891.3 399983 0.00405952
12892 399985 0.00408041
12892.7 399986 0.0041013
12893.3 399988 0.0041222
12894 399990 0.00414309
12894.6 399991 0.00416398
12895.2 399993 0.00418487
12895.8 399994 0.00420577
12896.4 399995 0.00422666
12897 399996 0.00424755
12897.6 399998 0.00426844
12898.1 399999 0.00428932
12898.7 400000 0.00431021
12899.2 400001 0.00433109
12899.8 400002 0.00435197
12900.3 400003 0.00437291
12900.7 400004 0.0043946
12901.2 400005 0.0044163
12901.6 400006 0.004438
12902 400006 0.0044597
12902.5 400007 0.0044814
12902.9 400008 0.0045031
12903.3 400009 0.00452481
12903.7 400009 0.00454651
12904.1 400010 0.00456821
12904.5 400011 0.00458991
12904.8 400011 0.00461161
12905.2 400012 0.00463331
12905.5 400012 0.00465501
12905.9 400013 0.0046767
12906.2 400014 0.00469839
12906.6 400014 0.00472008
12906.9 400015 0.00474177
12907.2 400015 0.00476346
12907.5 400015 0.00478514
12907.9 400016 0.00480681
12908.2 400016 0.00482849
12908.5 400017 0.00485016
12908.8 400017 0.00487182
12909 400018 0.00489348
12909.3 400018 0.00491514
12909.6 400018 0.00493679
12909.9 400019 0.00495844
12910.2 400019 0.00498008
12910.4 400019 0.00500172
12910.7 400020 0.00502335
12910.9 400020 0.00504498
12911.2 400020 0.0050666
12911.4 400021 0.00508822
12911.7 400021 0.00510983
12911.9 400021 0.00513143
12912.2 400022 0.00515303
12912.4 400022 0.00517463
12912.6 400022 0.00519622
12912.9 400022 0.0052178
12913.1 400023 0.00523938
12913.3 400023 0.00526095
12913.5 400023 0.00528251
12913.7 400023 0.00530407
12913.9 400024 0.00532562
12914.1 400024 0.00534717
12914.3 400024 0.00536871
12914.5 400024 0.00539025
12914.7 400025 0.00541178
12914.9 400025 0.0054333
12915.1 400025 0.00545481
12915.3 400025 0.00547632
12915.5 400026 0.00549783
12915.7 400026 0.00551933
12915.9 400026 0.00554082
12916 400026 0.0055623
12916.2 400026 0.00558378
12916.4 400027 0.00560525
12916.6 400027 0.00562672
12916.7 400027 0.00564818
12916.9 400027 0.00566964
12917 400027 0.00569108
12917.2 400028 0.00571252
12917.4 400028 0.00573396
12917.5 400028 0.00575539
12917.7 400028 0.00577681
12917.8 400028 0.00579823
12918 400028 0.00581964
12918.1 400029 0.00584104
12918.2 400029 0.00586244
12918.4 400029 0.00588383
12918.5 400029 0.00590521
12918.7 400029 0.00592659
12918.8 400030 0.00594796
12918.9 400030 0.00596933
12919.1 400030 0.00599069
12919.3 400030 0.00601202
12919.6 400030 0.00603331
12920.2 400030 0.00605455
12921.1 400031 0.0060757
12922.2 400031 0.00609678
12923.4 400031 0.00611783
12924.8 400031 0.00613884
12926.3 400031 0.00615981
12927.9 400031 0.00618074
12929.8 400032 0.00620159
12931.8 400032 0.00622242
12933.7 400032 0.00624324
12935.7 400032 0.00626406
12937.6 400032 0.00628487
12939.6 400032 0.00630564
12941.8 400032 0.00632638
12944.1 400033 0.00634707
12946.6 400033 0.0063677
12949.3 400033 0.00638829
12951.9 400033 0.00640888
12954.5 400033 0.00642946
12957.1 400033 0.00645003
12959.7 400033 0.0064706
12962.3 400034 0.00649116
12964.9 400034 0.00651171
12967.5 400034 0.00653224
12970.2 400034 0.00655274
12973 400034 0.00657321
12976 400034 0.00659363
12979.1 400035 0.00661398
12982.4 400035 0.00663431
12985.6 400035 0.0066546
12988.8 400035 0.00667472
12992 400035 0.00669482
12995.2 400035 0.00671491
12998.4 400035 0.00673499
13001.6 400035 0.00675505
13004.8 400036 0.00677511
13008 400036 0.00679516
13011.2 400036 0.00681519
13014.4 400036 0.00683521
13017.6 400036 0.00685522
13020.9 400036 0.00687519
13024.2 400036 0.00689511
13027.7 400037 0.00691498
13031.3 400037 0.00693476
13035 400037 0.00695452
13038.8 400037 0.00697425
13042.5 400037 0.00699398
13046.3 400037 0.00701369
13050 400037 0.00703338
13053.7 400037 0.00705307
13057.5 400038 0.00707274
13061.2 400038 0.0070924
13064.9 400038 0.00711204
13068.7 400038 0.00713167
13072.4 400038 0.00715129
13076.1 400038 0.0071709
13079.8 400038 0.00719049
13083.5 400039 0.00721007
13087.2 400039 0.00722964
13090.9 400039 0.00724919
13094.6 400039 0.00726873
13098.4 400039 0.00728823
13102.2 400039 0.00730768
13106.1 400039 0.00732708
13110 400039 0.00734644
13114.2 400040 0.0073657
13118.4 400040 0.00738494
13122.6 400040 0.00740417
13126.8 400040 0.00742339
13130.9 400040 0.00744259
13135.1 400040 0.00746178
13139.3 400040 0.00748094
13143.5 400040 0.0075001
13147.6 400040 0.00751923
13151.8 400041 0.00753835
13155.9 400041 0.00755746
13160.1 400041 0.00757655
13164.3 400041 0.00759562
13168.4 400041 0.00761467
13172.5 400041 0.00763371
13176.7 400041 0.00765273
13180.8 400041 0.00767174
13185 400042 0.00769072
13189.1 400042 0.00770969
13193.2 400042 0.00772865
13197.4 400042 0.00774758
13201.5 400042 0.0077665
13205.6 400042 0.0077854
13209.7 400042 0.00780428
13213.9 400042 0.00782311
13218.1 400042 0.00784188
13222.4 400043 0.00786061
13226.7 400043 0.00787928
13231.2 400043 0.00789785
13235.7 400043 0.00791641
13240.2 400043 0.00793495
13244.8 400043 0.00795347
13249.3 400043 0.00797197
13253.8 400043 0.00799045
13258.3 400043 0.00800891
13262.8 400044 0.00802734
13267.3 400044 0.00804576
13271.8 400044 0.00806416
13276.3 400044 0.00808253
13280.8 400044 0.00810089
13285.3 400044 0.00811922
13289.8 400044 0.00813753
13294.3 400044 0.00815582
13298.7 400044 0.00817409
13303.2 400045 0.00819234
13307.7 400045 0.00821056
13312.2 400045 0.00822877
13316.6 400045 0.00824695
13321.1 400045 0.00826511
13325.5 400045 0.00828324
13330 400045 0.00830136
13334.4 400045 0.00831945
13338.9 400045 0.00833752
13343.3 400046 0.00835557
13347.7 400046 0.00837359
13352.2 400046 0.00839159
13356.6 400046 0.00840957
13361 400046 0.00842752
13365.5 400046 0.00844546
13369.9 400046 0.00846336
13374.3 400046 0.00848121
13378.8 400046 0.00849899
13383.3 400047 0.00851672
13387.9 400047 0.00853439
13392.5 400047 0.00855201
13397.2 400047 0.00856947
13402 400047 0.00858698
13406.7 400047 0.00860447
13411.5 400047 0.00862193
13416.2 400047 0.00863937
13420.9 400047 0.00865678
13425.7 400047 0.00867417
13430.4 400048 0.00869153
13435.1 400048 0.00870886
13439.8 400048 0.00872617
13444.5 400048 0.00874345
13449.3 400048 0.0087607
13454 400048 0.00877793
13458.7 400048 0.00879513
13463.4 400048 0.0088123
13468.1 400048 0.00882945
13472.8 400048 0.00884657
13477.4 400048 0.00886366
13482.1 400049 0.00888073
13486.8 400049 0.00889777
13491.5 400049 0.00891478
13496.2 400049 0.00893176
13500.8 400049 0.00894872
13505.5 400049 0.00896565
13510.1 400049 0.00898256
13514.8 400049 0.00899944
13519.5 400049 0.00901629
13524.1 400049 0.00903311
13528.8 400050 0.0090499
13533.4 400050 0.00906667
13538 400050 0.00908341
13542.7 400050 0.00910012
13547.3 400050 0.00911681
13551.9 400050 0.00913347
13556.6 400050 0.0091501
13561.2 400050 0.0091667
13565.8 400050 0.00918327
13570.4 400050 0.00919982
13575 400050 0.00921634
13579.6 400051 0.00923283
13584.2 400051 0.00924929
13588.8 400051 0.00926573
13593.4 400051 0.00928212
13598 400051 0.00929843
13602.7 400051 0.00931466
13607.4 400051 0.00933083
13612.1 400051 0.00934694
13616.8 400051 0.00936299
13621.6 400051 0.00937884
13410.3 379583 0.0092614
13470.1 375219 0.00923635
13494.5 373437 0.00922613
