0 -453.597 -2.26119e-06
634.56 -3154.37 -1.57243e-05
1173.57 -4911.24 -2.44818e-05
1709.92 -6679.22 -3.32945e-05
2243.81 -8478.54 -4.22632e-05
2775.24 -10322.7 -5.14551e-05
3304.22 -12212.9 -6.0876e-05
3830.74 -14150.3 -7.05325e-05
4354.77 -16135.8 -8.04278e-05
4876.15 -18169 -9.05607e-05
5394.56 -20248.2 -0.000100923
5909.16 -22368.4 -0.000111489
6418.2 -24518.5 -0.000122203
6918.36 -26676.3 -0.000132956
7403.99 -28802.1 -0.000143549
7866.83 -30838.3 -0.000153694
8297.18 -32711.9 -0.00016303
8686.59 -34355.1 -0.000171218
9030.8 -35725.3 -0.000178044
9330.49 -36793.3 -0.000183365
9590.04 -37580.2 -0.000187286
9815.21 -38090.8 -0.00018983
10011.7 -38346.8 -0.000191105
10184.8 -38413.8 -0.000191439
10338.5 -38326.5 -0.000191004
10475.8 -38140.5 -0.000190077
10599.4 -37846.8 -0.000188614
10711.4 -37441.9 -0.000186597
10812.7 -36786.9 -0.000183334
10905.5 -36046.6 -0.000179645
10991.1 -35230.4 -0.000175579
11070.4 -34346.5 -0.000171175
11143.9 -33388 -0.000166399
11212.1 -32330.1 -0.000161128
11276 -31221 -0.000155601
11335.9 -30065.2 -0.000149843
11392.3 -28866.9 -0.000143871
11445.5 -27629.7 -0.000137707
11495.9 -26357.3 -0.000131366
11543.8 -25052.7 -0.000124865
11589.3 -23718.6 -0.000118217
11632.4 -22324.2 -0.000111269
11673.3 -20857.8 -0.000103961
11712.4 -19366.6 -9.65292e-05
11749.8 -17852.9 -8.89852e-05
11785.6 -16318.7 -8.13392e-05
11820.1 -14766 -7.36012e-05
11853.2 -13196.8 -6.578e-05
11885.1 -11612.5 -5.78836e-05
11915.6 -9921.8 -4.94568e-05
11945 -8155.28 -4.06519e-05
11972.9 -6345.37 -3.16304e-05
11999.8 -4519.37 -2.25285e-05
12025.7 -2680.84 -1.33638e-05
12050.7 -810.644 -4.04106e-06
12074.7 1176.27 5.86379e-06
12097.7 3165.02 1.57781e-05
12119.8 5142.81 2.56381e-05
12141.1 7126.68 3.55286e-05
12161.8 9115.43 4.54439e-05
12181.9 11108.1 5.53789e-05
12201.4 13103.9 6.53297e-05
12220.3 15102.2 7.52933e-05
12238.6 17102.4 8.52668e-05
12256.3 19104 9.52475e-05
12273.3 21138.7 0.000105394
12289.7 23191.4 0.00011563
12305.5 25244.3 0.000125867
12320.9 27296.3 0.000136101
12335.7 29325.6 0.000146221
12349.8 31292.2 0.000156029
12363.5 33254.2 0.000165815
12376.5 35427.2 0.000176653
12388.8 37764 0.000188308
12400.7 40098.6 0.000199953
12412.4 42430.3 0.000211584
12423.7 44758.7 0.000223198
12434.7 47083.5 0.000234796
12445.5 49404.6 0.000246375
12455.9 51722.1 0.000257937
12466.1 54036.2 0.000269481
12476 56347.2 0.000281011
12485.7 58655.5 0.000292528
12495.1 60961.5 0.000304034
12504.3 63265.7 0.000315531
12513.2 65568.3 0.000327021
12521.8 67869.7 0.000338505
12530.3 70170.2 0.000349984
12538.4 72469.7 0.00036146
12546.4 74768.4 0.000372932
12554.2 77066.1 0.000384399
12561.7 79362.6 0.00039586
12569 81657.7 0.000407315
12576.2 83950.9 0.000418761
12583.1 86241.9 0.000430197
12589.9 88530.3 0.000441619
12596.5 90815.7 0.000453027
12603 93097.6 0.000464418
12609.3 95375.7 0.000475791
12615.5 97649.6 0.000487143
12621.6 99919 0.000498472
12627.5 102184 0.000509779
12633.3 104482 0.000521254
12638.9 106869 0.000533173
12644.3 109393 0.000545776
12649.5 111976 0.000558675
12654.6 114545 0.000571499
12659.6 117070 0.000584109
12664.4 119592 0.000596704
12669.2 122111 0.000609284
12673.9 124627 0.000621851
12678.6 127141 0.000634406
12683.1 129653 0.000646951
12687.6 132163 0.000659488
12692 134671 0.000672019
12696.3 137179 0.000684546
12700.6 139686 0.000697071
12704.8 142194 0.000709598
12708.9 144702 0.000722127
12713 147211 0.000734662
12717 149721 0.000747205
12720.9 152233 0.000759757
12724.7 154747 0.000772321
12728.5 157264 0.000784898
12732.1 159750 0.00079732
12735.7 162202 0.000809575
12739.2 164657 0.000821843
12742.7 167111 0.000834109
12746 169566 0.000846384
12749.3 172024 0.00085867
12752.5 174474 0.000870917
12755.5 176899 0.00088304
12758.3 179322 0.000895156
12761.2 181744 0.00090727
12763.9 184166 0.000919379
12766.6 186586 0.000931483
12769.2 189004 0.000943579
12771.7 191487 0.000955998
12774.1 194049 0.000968819
12776.4 196611 0.000981634
12778.6 199170 0.000994443
12780.8 201727 0.00100724
12783 204282 0.00102003
12785.1 206834 0.00103281
12787.2 209383 0.00104558
12789.2 211929 0.00105833
12791.2 214471 0.00107107
12793.2 217009 0.00108379
12795.1 219543 0.0010965
12797 222073 0.00110919
12798.8 224599 0.00112187
12800.6 227120 0.00113452
12802.4 229637 0.00114716
12804.2 232149 0.00115978
12805.9 234655 0.00117239
12807.7 237157 0.00118497
12809.4 239653 0.00119754
12811 242144 0.00121008
12812.7 244630 0.00122261
12814.3 247109 0.00123512
12815.9 249583 0.00124762
12817.5 252050 0.00126009
12819.1 254511 0.00127255
12820.7 256966 0.00128499
12822.2 259414 0.00129741
12823.7 261855 0.00130981
12825.2 264289 0.0013222
12826.7 266715 0.00133456
12828.2 269134 0.00134692
12829.7 271545 0.00135925
12831.1 273947 0.00137157
12832.6 276341 0.00138387
12834 278727 0.00139616
12835.4 281102 0.00140843
12836.8 283468 0.00142068
12838.2 285825 0.00143292
12839.5 288170 0.00144515
12840.9 290505 0.00145736
12842.2 292828 0.00146956
12843.6 295139 0.00148174
12844.9 297438 0.00149391
12846.2 299724 0.00150607
12847.5 301997 0.00151822
12848.7 304255 0.00153036
12850 306498 0.00154248
12851.3 308726 0.0015546
12852.5 310938 0.0015667
12853.7 313133 0.00157879
12855 315311 0.00159088
12856.2 317470 0.00160296
12857.4 319611 0.00161503
12858.5 321731 0.00162709
12859.7 323830 0.00163914
12860.9 325901 0.00165115
12862 327950 0.00166315
12863.1 329977 0.00167515
12864.3 331979 0.00168714
12865.4 333956 0.00169913
12866.4 335907 0.00171111
12867.5 337832 0.00172309
12868.6 339730 0.00173507
12869.6 341599 0.00174705
12870.7 343439 0.00175902
12871.7 345250 0.00177099
12872.7 347029 0.00178296
12873.7 348778 0.00179493
12874.7 350494 0.0018069
12875.7 352177 0.00181887
12876.6 353826 0.00183084
12877.5 355442 0.00184282
12878.5 357022 0.00185479
12879.4 358568 0.00186677
12880.3 360077 0.00187875
12881.2 361551 0.00189073
12882 362987 0.00190272
12882.9 364388 0.00191471
12883.7 365751 0.0019267
12884.6 367076 0.00193869
12885.4 368365 0.00195069
12886.2 369616 0.00196269
12886.9 370830 0.00197469
12887.7 372007 0.0019867
12888.5 373147 0.00199871
12889.2 374251 0.00201072
12889.9 375318 0.00202273
12890.6 376349 0.00203475
12891.3 377344 0.00204677
12892 378304 0.00205879
12892.7 379230 0.00207081
12893.3 380122 0.00208284
12894 380981 0.00209486
12894.6 381807 0.00210689
12895.2 382602 0.00211891
12895.8 383365 0.00213094
12896.4 384098 0.00214296
12897 384801 0.00215499
12897.6 385476 0.00216701
12898.1 386123 0.00217904
12898.7 386742 0.00219106
12899.2 387336 0.00220308
12899.8 387904 0.00221509
12900.3 388450 0.00222717
12900.7 389004 0.00223997
12901.2 389532 0.00225278
12901.6 390035 0.00226559
12902 390515 0.0022784
12902.5 390972 0.00229121
12902.9 391407 0.00230403
12903.3 391822 0.00231684
12903.7 392216 0.00232966
12904.1 392591 0.00234247
12904.5 392948 0.00235529
12904.8 393288 0.0023681
12905.2 393611 0.00238091
12905.5 393918 0.00239372
12905.9 394210 0.00240653
12906.2 394487 0.00241934
12906.6 394751 0.00243214
12906.9 395002 0.00244494
12907.2 395240 0.00245774
12907.5 395466 0.00247054
12907.9 395682 0.00248333
12908.2 395886 0.00249612
12908.5 396080 0.0025089
12908.8 396265 0.00252168
12909 396440 0.00253446
12909.3 396607 0.00254723
12909.6 396765 0.00256
12909.9 396916 0.00257276
12910.2 397059 0.00258552
12910.4 397195 0.00259828
12910.7 397324 0.00261103
12910.9 397447 0.00262377
12911.2 397564 0.00263651
12911.4 397676 0.00264924
12911.7 397781 0.00266197
12911.9 397882 0.00267469
12912.2 397978 0.00268741
12912.4 398069 0.00270012
12912.6 398155 0.00271282
12912.9 398238 0.00272552
12913.1 398316 0.00273821
12913.3 398391 0.0027509
12913.5 398462 0.00276358
12913.7 398530 0.00277626
12913.9 398594 0.00278893
12914.1 398656 0.00280159
12914.3 398714 0.00281425
12914.5 398770 0.0028269
12914.7 398823 0.00283954
12914.9 398874 0.00285218
12915.1 398922 0.00286482
12915.3 398968 0.00287744
12915.5 399012 0.00289006
12915.7 399054 0.00290267
12915.9 399094 0.00291528
12916 399132 0.00292788
12916.2 399169 0.00294048
12916.4 399203 0.00295306
12916.6 399237 0.00296565
12916.7 399268 0.00297822
12916.9 399299 0.00299079
12917 399327 0.00300335
12917.2 399355 0.00301591
12917.4 399382 0.00302846
12917.5 399407 0.003041
12917.7 399431 0.00305354
12917.8 399454 0.00306607
12918 399476 0.00307859
12918.1 399497 0.00309111
12918.2 399517 0.00310362
12918.4 399537 0.00311613
12918.5 399555 0.00312863
12918.7 399573 0.00314112
12918.8 399590 0.0031536
12918.9 399606 0.00316608
12919.1 399622 0.00317855
12919.3 399637 0.003191
12919.6 399651 0.00320341
12920.2 399664 0.00321575
12921.1 399677 0.00322801
12922.2 399690 0.0032402
12923.4 399701 0.00325235
12924.8 399713 0.00326447
12926.3 399724 0.00327655
12927.9 399734 0.00328858
12929.8 399744 0.00330053
12931.8 399753 0.00331246
12933.7 399762 0.00332439
12935.7 399771 0.00333631
12937.6 399780 0.00334822
12939.6 399788 0.00336009
12941.8 399796 0.00337193
12944.1 399803 0.00338372
12946.6 399810 0.00339544
12949.3 399817 0.00340713
12951.9 399824 0.00341882
12954.5 399830 0.00343049
12957.1 399836 0.00344216
12959.7 399842 0.00345382
12962.3 399848 0.00346547
12964.9 399853 0.00347712
12967.5 399859 0.00348875
12970.2 399864 0.00350034
12973 399869 0.0035119
12976 399873 0.00352341
12979.1 399878 0.00353485
12982.4 399882 0.00354627
12985.6 399886 0.00355766
12988.8 399890 0.00356887
12992 399894 0.00358007
12995.2 399898 0.00359126
12998.4 399901 0.00360244
13001.6 399905 0.00361361
13004.8 399908 0.00362476
13008 399912 0.00363591
13011.2 399915 0.00364704
13014.4 399918 0.00365816
13017.6 399921 0.00366927
13020.9 399924 0.00368033
13024.2 399926 0.00369135
13027.7 399929 0.00370232
13031.3 399931 0.0037132
13035 399934 0.00372405
13038.8 399936 0.00373488
13042.5 399939 0.0037457
13046.3 399941 0.00375651
13050 399943 0.0037673
13053.7 399945 0.00377808
13057.5 399947 0.00378884
13061.2 399949 0.0037996
13064.9 399951 0.00381034
13068.7 399953 0.00382106
13072.4 399955 0.00383178
13076.1 399956 0.00384247
13079.8 399958 0.00385316
13083.5 399960 0.00386383
13087.2 399961 0.00387449
13090.9 399963 0.00388514
13094.6 399964 0.00389577
13098.4 399966 0.00390636
13102.2 399967 0.0039169
13106.1 399968 0.0039274
13110 399970 0.00393784
13114.2 399971 0.00394819
13118.4 399972 0.00395852
13122.6 399973 0.00396884
13126.8 399975 0.00397915
13130.9 399976 0.00398944
13135.1 399977 0.00399971
13139.3 399978 0.00400996
13143.5 399979 0.0040202
13147.6 399980 0.00403043
13151.8 399981 0.00404063
13155.9 399982 0.00405082
13160.1 399983 0.00406099
13164.3 399984 0.00407115
13168.4 399985 0.00408129
13172.5 399986 0.00409141
13176.7 399986 0.00410152
13180.8 399987 0.00411161
13185 399988 0.00412168
13189.1 399989 0.00413173
13193.2 399990 0.00414176
13197.4 399990 0.00415178
13201.5 399991 0.00416178
13205.6 399992 0.00417176
13209.7 399992 0.00418172
13213.9 399993 0.00419163
13218.1 399994 0.00420149
13222.4 399994 0.0042113
13226.7 399995 0.00422105
13231.2 399995 0.00423069
13235.7 399996 0.00424033
13240.2 399997 0.00424995
13244.8 399997 0.00425954
13249.3 399998 0.00426912
13253.8 399998 0.00427867
13258.3 399999 0.00428821
13262.8 399999 0.00429772
13267.3 400000 0.00430721
13271.8 400000 0.00431668
13276.3 400001 0.00432613
13280.8 400001 0.00433555
13285.3 400002 0.00434496
13289.8 400002 0.00435434
13294.3 400002 0.0043637
13298.7 400003 0.00437304
13303.2 400003 0.00438236
13307.7 400004 0.00439165
13312.2 400004 0.00440093
13316.6 400004 0.00441018
13321.1 400005 0.0044194
13325.5 400005 0.00442861
13330 400006 0.00443779
13334.4 400006 0.00444695
13338.9 400006 0.00445608
13343.3 400007 0.0044652
13347.7 400007 0.00447429
13352.2 400007 0.00448335
13356.6 400008 0.0044924
13361 400008 0.00450141
13365.5 400008 0.00451041
13369.9 400008 0.00451938
13374.3 400009 0.00452829
13378.8 400009 0.00453714
13383.3 400009 0.00454593
13387.9 400010 0.00455467
13392.5 400010 0.00456335
13397.2 400010 0.00457188
13402 400010 0.00458045
13406.7 400011 0.004589
13411.5 400011 0.00459752
13416.2 400011 0.00460601
13420.9 400011 0.00461448
13425.7 400012 0.00462292
13430.4 400012 0.00463134
13435.1 400012 0.00463973
13439.8 400012 0.00464809
13444.5 400012 0.00465642
13449.3 400013 0.00466473
13454 400013 0.00467301
13458.7 400013 0.00468127
13463.4 400013 0.00468949
13468.1 400014 0.00469769
13472.8 400014 0.00470587
13477.4 400014 0.00471401
13482.1 400014 0.00472213
13486.8 400014 0.00473022
13491.5 400014 0.00473829
13496.2 400015 0.00474632
13500.8 400015 0.00475433
13505.5 400015 0.00476231
13510.1 400015 0.00477027
13514.8 400015 0.0047782
13519.5 400016 0.00478609
13524.1 400016 0.00479397
13528.8 400016 0.00480181
13533.4 400016 0.00480963
13538 400016 0.00481742
13542.7 400016 0.00482518
13547.3 400016 0.00483291
13551.9 400017 0.00484061
13556.6 400017 0.00484829
13561.2 400017 0.00485594
13565.8 400017 0.00486356
13570.4 400017 0.00487116
13575 400017 0.00487872
13579.6 400017 0.00488626
13584.2 400018 0.00489377
13588.8 400018 0.00490125
13593.4 400018 0.00490869
13598 400018 0.00491604
13602.7 400018 0.00492333
13607.4 400018 0.00493055
13612.1 400018 0.00493771
13616.8 400018 0.00494481
13621.6 400019 0.00495172
13410.3 377062 0.00482519
13470.1 370884 0.00479114
13494.5 367394 0.0047719
