0 -453.597 -2.26119e-06
634.56 13137.1 6.54956e-05
1173.57 27625.2 0.000137741
1709.92 42105.7 0.000209964
2243.81 56548.7 0.000282016
2775.24 70947.8 0.000353865
3304.22 85302.1 0.000425506
3830.74 99607.3 0.000496916
4354.77 113861 0.000568086
4876.15 128064 0.000639016
5394.56 142217 0.000709715
5909.16 156326 0.000780208
6418.2 170400 0.00085055
6918.36 184461 0.000920855
7403.99 198547 0.000991326
7866.83 212708 0.00106224
8297.18 227009 0.00113396
8686.59 241503 0.00120685
9030.8 256200 0.0012811
9330.49 271065 0.00135679
9590.04 285999 0.00143383
9815.21 300836 0.00151201
10011.7 315361 0.00159116
10184.8 329305 0.00167115
10338.5 342358 0.00175196
10475.8 354273 0.00183413
10599.4 364676 0.00191721
10711.4 373376 0.00200117
10812.7 380337 0.0020858
10905.5 385687 0.00217089
10991.1 389677 0.0022564
11070.4 392586 0.00234227
11143.9 394678 0.00242855
11212.1 396175 0.00251537
11276 397238 0.00260247
11335.9 397995 0.00268983
11392.3 398536 0.00277743
11445.5 398924 0.00286523
11495.9 399204 0.00295323
11543.8 399408 0.00304141
11589.3 399557 0.00312974
11632.4 399667 0.00321831
11673.3 399749 0.00330713
11712.4 399811 0.00339608
11749.8 399857 0.00348515
11785.6 399892 0.00357433
11820.1 399919 0.00366361
11853.2 399940 0.00375297
11885.1 399956 0.00384242
11915.6 399969 0.0039317
11945 399979 0.00402087
11972.9 399987 0.00411065
11999.8 399994 0.00420052
12025.7 399999 0.00429045
12050.7 400003 0.00438038
12074.7 400007 0.00447018
12097.7 400010 0.00456027
12119.8 400012 0.00465097
12141.1 400015 0.00474169
12161.8 400016 0.00483243
12181.9 400018 0.00492319
12201.4 400020 0.00501395
12220.3 400021 0.00510473
12238.6 400022 0.0051955
12256.3 400023 0.00528628
12273.3 400024 0.00537732
12289.7 400025 0.0054685
12305.5 400026 0.00555968
12320.9 400027 0.00565085
12335.7 400028 0.00574235
12349.8 400029 0.00583482
12363.5 400029 0.00592728
12376.5 400030 0.00601924
12388.8 400031 0.00611103
12400.7 400032 0.00620281
12412.4 400032 0.00629456
12423.7 400033 0.00638628
12434.7 400034 0.00647797
12445.5 400034 0.00656963
12455.9 400035 0.00666127
12466.1 400035 0.00675288
12476 400036 0.00684446
12485.7 400037 0.00693601
12495.1 400037 0.00702754
12504.3 400038 0.00711904
12513.2 400039 0.00721052
12521.8 400039 0.00730198
12530.3 400040 0.00739343
12538.4 400040 0.00748485
12546.4 400041 0.00757625
12554.2 400041 0.00766764
12561.7 400042 0.007759
12569 400043 0.00785035
12576.2 400043 0.00794169
12583.1 400044 0.008033
12589.9 400044 0.00812429
12596.5 400045 0.00821556
12603 400045 0.00830681
12609.3 400046 0.00839804
12615.5 400046 0.00848924
12621.6 400047 0.00858042
12627.5 400047 0.00867157
12633.3 400048 0.00876265
12638.9 400048 0.00885357
12644.3 400049 0.0089442
12649.5 400049 0.00903466
12654.6 400050 0.0091253
12659.6 400050 0.00921658
12664.4 400051 0.00930784
12669.2 400051 0.00939906
12673.9 400052 0.00949025
12678.6 400052 0.00958141
12683.1 400053 0.00967253
12687.6 400053 0.00976363
12692 400054 0.00985469
12696.3 400054 0.00994572
12700.6 400055 0.0100367
12704.8 400055 0.0101277
12708.9 400056 0.0102186
12713 400056 0.0103095
12717 400057 0.0104004
12720.9 400057 0.0104912
12724.7 400058 0.010582
12728.5 400058 0.0106728
12732.1 400058 0.0107639
12735.7 400059 0.0108555
12739.2 400059 0.010947
12742.7 400060 0.0110386
12746 400060 0.0111301
12749.3 400061 0.0112216
12752.5 400061 0.0113133
12755.5 400062 0.0114066
12758.3 400062 0.0115001
12761.2 400062 0.0115936
12763.9 400063 0.0116872
12766.6 400063 0.0117807
12769.2 400064 0.0118743
12771.7 400064 0.0119681
12774.1 400064 0.012062
12776.4 400065 0.0121561
12778.6 400065 0.0122501
12780.8 400066 0.0123442
12783 400066 0.0124383
12785.1 400066 0.0125324
12787.2 400067 0.0126266
12789.2 400067 0.0127207
12791.2 400068 0.0128149
12793.2 400068 0.0129091
12795.1 400068 0.0130033
12797 400069 0.0130975
12798.8 400069 0.0131917
12800.6 400069 0.0132859
12802.4 400070 0.0133802
12804.2 400070 0.0134744
12805.9 400071 0.0135686
12807.7 400071 0.0136628
12809.4 400071 0.013757
12811 400072 0.0138512
12812.7 400072 0.0139454
12814.3 400072 0.0140396
12815.9 400073 0.0141337
12817.5 400073 0.0142279
12819.1 400073 0.014322
12820.7 400074 0.0144162
12822.2 400074 0.0145103
12823.7 400074 0.0146044
12825.2 400075 0.0146985
12826.7 400075 0.0147925
12828.2 400075 0.0148866
12829.7 400075 0.0149806
12831.1 400076 0.0150746
12832.6 400076 0.0151686
12834 400076 0.0152625
12835.4 400077 0.0153565
12836.8 400077 0.0154504
12838.2 400077 0.0155443
12839.5 400077 0.0156382
12840.9 400078 0.0157321
12842.2 400078 0.015826
12843.6 400078 0.0159198
12844.9 400079 0.0160136
12846.2 400079 0.0161074
12847.5 400079 0.0162012
12848.7 400079 0.0162949
12850 400080 0.0163887
12851.3 400080 0.0164824
12852.5 400080 0.0165761
12853.7 400080 0.0166698
12855 400080 0.0167635
12856.2 400081 0.0168571
12857.4 400081 0.0169508
12858.5 400081 0.0170444
12859.7 400081 0.017138
12860.9 400082 0.0172317
12862 400082 0.0173253
12863.1 400082 0.0174189
12864.3 400082 0.0175125
12865.4 400082 0.0176061
12866.4 400083 0.0176996
12867.5 400083 0.0177932
12868.6 400083 0.0178868
12869.6 400083 0.0179803
12870.7 400083 0.0180739
12871.7 400084 0.0181674
12872.7 400084 0.018261
12873.7 400084 0.0183545
12874.7 400084 0.018448
12875.7 400084 0.0185416
12876.6 400084 0.0186351
12877.5 400085 0.0187286
12878.5 400085 0.0188222
12879.4 400085 0.0189157
12880.3 400085 0.0190093
12881.2 400085 0.0191028
12882 400085 0.0191964
12882.9 400085 0.01929
12883.7 400086 0.0193836
12884.6 400086 0.0194771
12885.4 400086 0.0195707
12886.2 400086 0.0196643
12886.9 400086 0.019758
12887.7 400086 0.0198516
12888.5 400086 0.0199452
12889.2 400086 0.0200389
12889.9 400087 0.0201326
12890.6 400087 0.0202263
12891.3 400087 0.02032
12892 400087 0.0204137
12892.7 400087 0.0205074
12893.3 400087 0.0206012
12894 400087 0.0206949
12894.6 400087 0.0207887
12895.2 400087 0.0208825
12895.8 400087 0.0209763
12896.4 400087 0.0210702
12897 400088 0.021164
12897.6 400088 0.0212579
12898.1 400088 0.0213517
12898.7 400088 0.0214456
12899.2 400088 0.0215395
12899.8 400088 0.0216334
12900.3 400088 0.0217274
12900.7 400088 0.0218214
12901.2 400088 0.0219155
12901.6 400088 0.0220095
12902 400088 0.0221036
12902.5 400088 0.0221976
12902.9 400088 0.0222917
12903.3 400088 0.0223858
12903.7 400088 0.0224799
12904.1 400088 0.022574
12904.5 400088 0.0226681
12904.8 400088 0.0227623
12905.2 400088 0.0228564
12905.5 400088 0.0229505
12905.9 400088 0.0230447
12906.2 400088 0.0231388
12906.6 400088 0.0232329
12906.9 400088 0.0233271
12907.2 400088 0.0234212
12907.5 400088 0.0235154
12907.9 400088 0.0236095
12908.2 400088 0.0237037
12908.5 400088 0.0237978
12908.8 400088 0.023892
12909 400088 0.0239861
12909.3 400088 0.0240802
12909.6 400088 0.0241744
12909.9 400088 0.0242685
12910.2 400088 0.0243627
12910.4 400088 0.0244568
12910.7 400088 0.0245509
12910.9 400088 0.024645
12911.2 400088 0.0247392
12911.4 400088 0.0248333
12911.7 400088 0.0249274
12911.9 400088 0.0250215
12912.2 400088 0.0251156
12912.4 400087 0.0252097
12912.6 400087 0.0253038
12912.9 400087 0.0253979
12913.1 400087 0.0254919
12913.3 400087 0.025586
12913.5 400087 0.0256801
12913.7 400087 0.0257741
12913.9 400087 0.0258682
12914.1 400087 0.0259622
12914.3 400087 0.0260562
12914.5 400087 0.0261503
12914.7 400086 0.0262443
12914.9 400086 0.0263383
12915.1 400086 0.0264323
12915.3 400086 0.0265263
12915.5 400086 0.0266203
12915.7 400086 0.0267143
12915.9 400086 0.0268082
12916 400086 0.0269022
12916.2 400085 0.0269962
12916.4 400085 0.0270901
12916.6 400085 0.027184
12916.7 400085 0.027278
12916.9 400085 0.0273719
12917 400085 0.0274658
12917.2 400085 0.0275597
12917.4 400084 0.0276536
12917.5 400084 0.0277475
12917.7 400084 0.0278414
12917.8 400084 0.0279352
12918 400084 0.0280291
12918.1 400084 0.0281229
12918.2 400083 0.0282168
12918.4 400083 0.0283106
12918.5 400083 0.0284044
12918.7 400083 0.0284982
12918.8 400083 0.028592
12918.9 400082 0.0286858
12919.1 400082 0.0287796
12919.3 400082 0.0288734
12919.6 400082 0.028967
12920.2 400082 0.0290606
12921.1 400081 0.0291541
12922.2 400081 0.0292475
12923.4 400081 0.0293408
12924.8 400081 0.029434
12926.3 400081 0.0295272
12927.9 400080 0.0296203
12929.8 400080 0.0297133
12931.8 400080 0.0298063
12933.7 400080 0.0298993
12935.7 400079 0.0299922
12937.6 400079 0.0300852
12939.6 400079 0.030178
12941.8 400079 0.0302709
12944.1 400078 0.0303636
12946.6 400078 0.0304563
12949.3 400078 0.0305489
12951.9 400078 0.0306414
12954.5 400077 0.030734
12957.1 400077 0.0308266
12959.7 400077 0.0309191
12962.3 400077 0.0310116
12964.9 400076 0.0311041
12967.5 400076 0.0311966
12970.2 400076 0.0312891
12973 400075 0.0313814
12976 400075 0.0314737
12979.1 400075 0.0315659
12982.4 400075 0.0316581
12985.6 400074 0.0317502
12988.8 400074 0.0318424
12992 400074 0.0319346
12995.2 400073 0.0320268
12998.4 400073 0.032119
13001.6 400073 0.0322112
13004.8 400072 0.0323033
13008 400072 0.0323954
13011.2 400072 0.0324875
13014.4 400071 0.0325796
13017.6 400071 0.0326717
13020.9 400071 0.0327637
13024.2 400070 0.0328557
13027.7 400070 0.0329476
13031.3 400070 0.0330395
13035 400069 0.0331312
13038.8 400069 0.0332229
13042.5 400069 0.0333146
13046.3 400068 0.0334063
13050 400068 0.033498
13053.7 400068 0.0335896
13057.5 400067 0.0336812
13061.2 400067 0.0337728
13064.9 400067 0.0338644
13068.7 400066 0.033956
13072.4 400066 0.0340476
13076.1 400066 0.0341391
13079.8 400065 0.0342306
13083.5 400065 0.0343221
13087.2 400064 0.0344136
13090.9 400064 0.034505
13094.6 400064 0.0345965
13098.4 400063 0.0346879
13102.2 400063 0.0347792
13106.1 400062 0.0348705
13110 400062 0.0349617
13114.2 400062 0.0350529
13118.4 400061 0.0351439
13122.6 400061 0.035235
13126.8 400060 0.035326
13130.9 400060 0.035417
13135.1 400060 0.0355079
13139.3 400059 0.0355989
13143.5 400059 0.0356898
13147.6 400058 0.0357807
13151.8 400058 0.0358715
13155.9 400057 0.0359624
13160.1 400057 0.0360532
13164.3 400057 0.036144
13168.4 400056 0.0362347
13172.5 400056 0.0363255
13176.7 400055 0.0364162
13180.8 400055 0.0365069
13185 400054 0.0365976
13189.1 400054 0.0366882
13193.2 400053 0.0367788
13197.4 400053 0.0368694
13201.5 400053 0.03696
13205.6 400052 0.0370505
13209.7 400052 0.037141
13213.9 400051 0.0372315
13218.1 400051 0.0373219
13222.4 400050 0.0374123
13226.7 400050 0.0375025
13231.2 400049 0.0375927
13235.7 400049 0.0376828
13240.2 400048 0.0377728
13244.8 400048 0.0378629
13249.3 400047 0.0379528
13253.8 400047 0.0380428
13258.3 400046 0.0381327
13262.8 400046 0.0382226
13267.3 400045 0.0383125
13271.8 400045 0.0384023
13276.3 400044 0.0384921
13280.8 400044 0.0385819
13285.3 400043 0.0386716
13289.8 400043 0.0387613
13294.3 400042 0.038851
13298.7 400042 0.0389406
13303.2 400041 0.0390302
13307.7 400041 0.0391198
13312.2 400040 0.0392093
13316.6 400040 0.0392988
13321.1 400039 0.0393883
13325.5 400039 0.0394777
13330 400038 0.0395671
13334.4 400037 0.0396565
13338.9 400037 0.0397459
13343.3 400036 0.0398352
13347.7 400036 0.0399244
13352.2 400035 0.0400137
13356.6 400035 0.0401029
13361 400034 0.0401921
13365.5 400034 0.0402812
13369.9 400033 0.0403703
13374.3 400032 0.0404594
13378.8 400032 0.0405485
13383.3 400031 0.0406374
13387.9 400031 0.0407263
13392.5 400030 0.0408151
13397.2 400030 0.0409039
13402 400029 0.0409925
13406.7 400028 0.041081
13411.5 400028 0.0411695
13416.2 400027 0.041258
13420.9 400027 0.0413465
13425.7 400026 0.0414349
13430.4 400025 0.0415232
13435.1 400025 0.0416116
13439.8 400024 0.0416999
13444.5 400024 0.0417881
13449.3 400023 0.0418764
13454 400022 0.0419646
13458.7 400022 0.0420527
13463.4 400021 0.0421409
13468.1 400021 0.0422289
13472.8 400020 0.042317
13477.4 400019 0.042405
13482.1 400019 0.042493
13486.8 400018 0.0425809
13491.5 400018 0.0426689
13496.2 400017 0.0427567
13500.8 400016 0.0428446
13505.5 400016 0.0429324
13510.1 400015 0.0430202
13514.8 400014 0.0431079
13519.5 400014 0.0431956
13524.1 400013 0.0432833
13528.8 400012 0.0433709
13533.4 400012 0.0434585
13538 400011 0.0435461
13542.7 400011 0.0436336
13547.3 400010 0.0437211
13551.9 400009 0.0438086
13556.6 400009 0.043896
13561.2 400008 0.0439834
13565.8 400007 0.0440708
13570.4 400007 0.0441581
13575 400006 0.0442454
13579.6 400005 0.0443326
13584.2 400005 0.0444199
13588.8 400004 0.0445071
13593.4 400003 0.0445942
13598 400003 0.0446814
13602.7 400014 0.0447685
13607.4 400046 0.0448556
13612.1 400100 0.0449426
13616.8 400175 0.0450295
13621.6 400271 0.0451165
13410.3 392587 0.0450665
13470.1 399417 0.0451109
13494.5 400341 0.0451699
