0 -453.597 -2.26119e-06
634.56 -4766.79 -2.37618e-05
1173.57 -8138.4 -4.05677e-05
1709.92 -11520.9 -5.74272e-05
2243.81 -14935 -7.44433e-05
2775.24 -18393.9 -9.16818e-05
3304.22 -21898.8 -0.000109148
3830.74 -25451 -0.00012685
4354.77 -29051.3 -0.00014479
4876.15 -32699.6 -0.000162969
5394.56 -36394 -0.000181376
5909.16 -40129.7 -0.000199988
6418.2 -43895.4 -0.000218748
6918.36 -47668.8 -0.000237546
7403.99 -51410.5 -0.000256185
7866.83 -55062.6 -0.000274376
8297.18 -58552.2 -0.000291757
8686.59 -61811.3 -0.000307989
9030.8 -64797.3 -0.000322861
9330.49 -67481.9 -0.00033623
9590.04 -69885.8 -0.000348201
9815.21 -72015.7 -0.000358808
10011.7 -73893.9 -0.00036816
10184.8 -75584 -0.000376576
10338.5 -77119.4 -0.000384222
10475.8 -78547.3 -0.000391331
10599.4 -79863.6 -0.000397885
10711.4 -81065.5 -0.00040387
10812.7 -82022.9 -0.000408636
10905.5 -82894.5 -0.000412976
10991.1 -83689.9 -0.000416936
11070.4 -84417.2 -0.000420557
11143.9 -85069.4 -0.000423805
11212.1 -85621.8 -0.000426555
11276 -86122.6 -0.000429048
11335.9 -86576.4 -0.000431307
11392.3 -86987.4 -0.000433353
11445.5 -87359.3 -0.000435205
11495.9 -87695.7 -0.00043688
11543.8 -87999.8 -0.000438394
11589.3 -88274.2 -0.00043976
11632.4 -88488.8 -0.000440828
11673.3 -88632.5 -0.000441543
11712.4 -88751.2 -0.000442135
11749.8 -88847.2 -0.000442613
11785.6 -88922.7 -0.000442988
11820.1 -88979.6 -0.000443272
11853.2 -89019.8 -0.000443472
11885.1 -89044.8 -0.000443596
11915.6 -88970.4 -0.000443226
11945 -88824.8 -0.000442501
11972.9 -88631.8 -0.00044154
11999.8 -88422.5 -0.000440498
12025.7 -88200.8 -0.000439395
12050.7 -87948.8 -0.00043814
12074.7 -87587 -0.000436339
12097.7 -87220.6 -0.000434515
12119.8 -86858.4 -0.000432711
12141.1 -86490.1 -0.000430878
12161.8 -86116.9 -0.00042902
12181.9 -85739.8 -0.000427142
12201.4 -85359.6 -0.000425249
12220.3 -84976.9 -0.000423344
12238.6 -84592.3 -0.000421429
12256.3 -84206.2 -0.000419507
12273.3 -83786 -0.000417415
12289.7 -83347.1 -0.00041523
12305.5 -82908.1 -0.000413044
12320.9 -82469.9 -0.000410862
12335.7 -82049.9 -0.000408771
12349.8 -81679.9 -0.000406929
12363.5 -81314.1 -0.000405107
12376.5 -80752.6 -0.000402312
12388.8 -80036.9 -0.000398748
12400.7 -79323.4 -0.000395196
12412.4 -78612.9 -0.000391658
12423.7 -77905.6 -0.000388136
12434.7 -77202.1 -0.000384633
12445.5 -76502.2 -0.000381148
12455.9 -75806.1 -0.000377682
12466.1 -75113.4 -0.000374233
12476 -74423.8 -0.000370799
12485.7 -73737 -0.000367379
12495.1 -73052.6 -0.000363971
12504.3 -72370.1 -0.000360572
12513.2 -71689.2 -0.000357182
12521.8 -71009.6 -0.000353798
12530.3 -70331.1 -0.000350419
12538.4 -69653.5 -0.000347045
12546.4 -68976.9 -0.000343675
12554.2 -68301.4 -0.000340311
12561.7 -67627 -0.000336953
12569 -66954.2 -0.000333602
12576.2 -66283.3 -0.000330261
12583.1 -65614.5 -0.00032693
12589.9 -64948.4 -0.000323613
12596.5 -64285.3 -0.000320311
12603 -63625.7 -0.000317025
12609.3 -62969.8 -0.000313759
12615.5 -62318.2 -0.000310514
12621.6 -61671 -0.00030729
12627.5 -61028.5 -0.00030409
12633.3 -60354.6 -0.000300734
12638.9 -59597.5 -0.000296963
12644.3 -58713.2 -0.000292559
12649.5 -57774 -0.000287881
12654.6 -56847.3 -0.000283266
12659.6 -55955 -0.000278821
12664.4 -55065.8 -0.000274392
12669.2 -54179.8 -0.000269979
12673.9 -53296.6 -0.00026558
12678.6 -52416.1 -0.000261194
12683.1 -51537.7 -0.000256819
12687.6 -50661.3 -0.000252453
12692 -49786.4 -0.000248095
12696.3 -48912.6 -0.000243742
12700.6 -48039.4 -0.000239392
12704.8 -47166.3 -0.000235043
12708.9 -46293 -0.000230693
12713 -45419 -0.000226339
12717 -44543.9 -0.000221979
12720.9 -43667.2 -0.000217611
12724.7 -42788.6 -0.000213235
12728.5 -41907.8 -0.000208847
12732.1 -41053 -0.000204588
12735.7 -40225.6 -0.000200466
12739.2 -39396.2 -0.000196334
12742.7 -38567.3 -0.000192204
12746 -37736.9 -0.000188067
12749.3 -36904.3 -0.000183919
12752.5 -36076.4 -0.000179794
12755.5 -35257.1 -0.000175712
12758.3 -34437 -0.000171626
12761.2 -33617.1 -0.00016754
12763.9 -32797.7 -0.000163458
12766.6 -31979.3 -0.00015938
12769.2 -31162.1 -0.000155308
12771.7 -30281.5 -0.00015092
12774.1 -29322.1 -0.00014614
12776.4 -28363.3 -0.000141362
12778.6 -27405.6 -0.00013659
12780.8 -26449.3 -0.000131825
12783 -25494.6 -0.000127067
12785.1 -24541.9 -0.00012232
12787.2 -23591.4 -0.000117583
12789.2 -22643.2 -0.000112858
12791.2 -21697.7 -0.000108146
12793.2 -20754.9 -0.000103448
12795.1 -19815.1 -9.87645e-05
12797 -18878.4 -9.40961e-05
12798.8 -17944.8 -8.94436e-05
12800.6 -17014.5 -8.48073e-05
12802.4 -16087.6 -8.01877e-05
12804.2 -15164.1 -7.55852e-05
12805.9 -14244.1 -7.1e-05
12807.7 -13327.7 -6.64324e-05
12809.4 -12414.8 -6.18824e-05
12811 -11505.5 -5.73503e-05
12812.7 -10599.8 -5.28362e-05
12814.3 -9697.73 -4.834e-05
12815.9 -8799.27 -4.38618e-05
12817.5 -7904.44 -3.94016e-05
12819.1 -7013.2 -3.49592e-05
12820.7 -6125.56 -3.05347e-05
12822.2 -5241.47 -2.61279e-05
12823.7 -4360.93 -2.17387e-05
12825.2 -3483.9 -1.73669e-05
12826.7 -2610.33 -1.30123e-05
12828.2 -1740.2 -8.67483e-06
12829.7 -873.449 -4.35415e-06
12831.1 -10.0388 -5.00438e-08
12832.6 850.085 4.23773e-06
12834 1706.98 8.50947e-06
12835.4 2560.7 1.27655e-05
12836.8 3411.32 1.7006e-05
12838.2 4258.9 2.12315e-05
12839.5 5103.51 2.54422e-05
12840.9 5945.22 2.96385e-05
12842.2 6784.12 3.38208e-05
12843.6 7620.27 3.79895e-05
12844.9 8453.77 4.2145e-05
12846.2 9284.7 4.62878e-05
12847.5 10113.2 5.04182e-05
12848.7 10939.2 5.45368e-05
12850 11763 5.86441e-05
12851.3 12584.6 6.27404e-05
12852.5 13404.1 6.68264e-05
12853.7 14221.6 7.09025e-05
12855 15037.2 7.49693e-05
12856.2 15851 7.90272e-05
12857.4 16663.2 8.30769e-05
12858.5 17473.8 8.71189e-05
12859.7 18281.8 9.11481e-05
12860.9 19082.6 9.51408e-05
12862 19881.9 9.91268e-05
12863.1 20680 0.000103106
12864.3 21476.9 0.000107081
12865.4 22272.9 0.00011105
12866.4 23067.9 0.000115014
12867.5 23862.2 0.000118975
12868.6 24655.9 0.000122933
12869.6 25449 0.000126888
12870.7 26241.7 0.000130842
12871.7 27034.1 0.000134793
12872.7 27826.3 0.000138744
12873.7 28618.4 0.000142694
12874.7 29410.5 0.000146645
12875.7 30202.8 0.000150596
12876.6 30995.2 0.000154548
12877.5 31787.9 0.000158501
12878.5 32580.9 0.000162457
12879.4 33374.4 0.000166414
12880.3 34168.3 0.000170374
12881.2 34962.8 0.000174336
12882 35757.9 0.000178302
12882.9 36553.5 0.00018227
12883.7 37349.8 0.000186242
12884.6 38146.8 0.000190218
12885.4 38944.5 0.000194196
12886.2 39742.9 0.000198179
12886.9 40542 0.000202164
12887.7 41341.7 0.000206154
12888.5 42142.1 0.000210146
12889.2 42943.2 0.000214142
12889.9 43744.9 0.000218141
12890.6 44547.1 0.000222143
12891.3 45349.9 0.000226148
12892 46153.2 0.000230155
12892.7 46957 0.000234165
12893.3 47761.1 0.000238176
12894 48565.6 0.000242189
12894.6 49370.4 0.000246204
12895.2 50175.4 0.00025022
12895.8 50980.6 0.000254237
12896.4 51785.8 0.000258254
12897 52591.1 0.000262272
12897.6 53396.4 0.000266289
12898.1 54201.6 0.000270307
12898.7 55006.6 0.000274323
12899.2 55811.5 0.000278338
12899.8 56616 0.000282352
12900.3 57431.4 0.000286421
12900.7 58386.9 0.000291188
12901.2 59343.1 0.000295959
12901.6 60299.8 0.000300732
12902 61256.9 0.000305508
12902.5 62214.4 0.000310286
12902.9 63172.2 0.000315065
12903.3 64130.2 0.000319845
12903.7 65088.3 0.000324625
12904.1 66046.4 0.000329406
12904.5 67004.4 0.000334187
12904.8 67962.4 0.000338967
12905.2 68920.1 0.000343747
12905.5 69877.6 0.000348525
12905.9 70834.8 0.000353301
12906.2 71791.6 0.000358076
12906.6 72748 0.000362849
12906.9 73703.8 0.000367619
12907.2 74659.1 0.000372387
12907.5 75613.9 0.000377151
12907.9 76567.9 0.000381913
12908.2 77521.3 0.000386671
12908.5 78473.9 0.000391425
12908.8 79425.8 0.000396176
12909 80376.8 0.000400922
12909.3 81327 0.000405665
12909.6 82276.3 0.000410403
12909.9 83224.7 0.000415137
12910.2 84172.2 0.000419866
12910.4 85118.6 0.00042459
12910.7 86064.1 0.000429309
12910.9 87008.5 0.000434023
12911.2 87951.9 0.000438732
12911.4 88894.2 0.000443435
12911.7 89835.4 0.000448134
12911.9 90775.5 0.000452826
12912.2 91714.4 0.000457514
12912.4 92652.2 0.000462195
12912.6 93588.9 0.000466871
12912.9 94524.3 0.000471541
12913.1 95458.6 0.000476205
12913.3 96391.7 0.000480863
12913.5 97323.5 0.000485515
12913.7 98254.1 0.000490161
12913.9 99183.5 0.0004948
12914.1 100112 0.000499434
12914.3 101039 0.000504062
12914.5 101964 0.000508683
12914.7 102888 0.000513298
12914.9 103812 0.000517907
12915.1 104733 0.000522509
12915.3 105654 0.000527105
12915.5 106573 0.000531694
12915.7 107491 0.000536278
12915.9 108408 0.000540854
12916 109323 0.000545425
12916.2 110237 0.000549988
12916.4 111150 0.000554546
12916.6 112061 0.000559097
12916.7 112971 0.000563641
12916.9 113880 0.000568179
12917 114787 0.00057271
12917.2 115693 0.000577235
12917.4 116598 0.000581754
12917.5 117502 0.000586266
12917.7 118404 0.000590771
12917.8 119305 0.00059527
12918 120204 0.000599762
12918.1 121102 0.000604248
12918.2 121999 0.000608727
12918.4 122895 0.0006132
12918.5 123789 0.000617666
12918.7 124682 0.000622126
12918.8 125574 0.000626579
12918.9 126464 0.000631026
12919.1 127353 0.000635464
12919.3 128236 0.000639878
12919.6 129112 0.000644249
12920.2 129974 0.000648555
12921.1 130819 0.000652777
12922.2 131650 0.00065693
12923.4 132473 0.000661041
12924.8 133289 0.000665117
12926.3 134096 0.000669148
12927.9 134895 0.000673135
12929.8 135677 0.000677043
12931.8 136455 0.00068093
12933.7 137231 0.000684808
12935.7 138006 0.00068868
12937.6 138780 0.000692542
12939.6 139546 0.000696371
12941.8 140304 0.000700156
12944.1 141053 0.000703898
12946.6 141787 0.000707567
12949.3 142515 0.000711205
12951.9 143242 0.000714835
12954.5 143967 0.000718456
12957.1 144690 0.00072207
12959.7 145412 0.000725675
12962.3 146132 0.000729272
12964.9 146850 0.000732861
12967.5 147566 0.000736437
12970.2 148274 0.000739976
12973 148974 0.000743473
12976 149665 0.000746928
12979.1 150342 0.000750307
12982.4 151013 0.000753662
12985.6 151679 0.000756988
12988.8 152312 0.000760152
12992 152943 0.000763304
12995.2 153571 0.000766445
12998.4 154198 0.000769575
13001.6 154822 0.000772693
13004.8 155444 0.000775799
13008 156063 0.000778895
13011.2 156680 0.000781978
13014.4 157295 0.00078505
13017.6 157907 0.000788108
13020.9 158510 0.000791122
13024.2 159103 0.000794088
13027.7 159687 0.000797005
13031.3 160254 0.000799839
13035 160813 0.000802634
13038.8 161369 0.000805411
13042.5 161922 0.000808175
13046.3 162472 0.000810925
13050 163020 0.000813662
13053.7 163565 0.000816386
13057.5 164107 0.000819096
13061.2 164647 0.000821793
13064.9 165184 0.000824477
13068.7 165718 0.000827147
13072.4 166249 0.000829803
13076.1 166778 0.000832446
13079.8 167304 0.000835074
13083.5 167827 0.000837689
13087.2 168347 0.00084029
13090.9 168865 0.000842877
13094.6 169379 0.000845449
13098.4 169886 0.000847983
13102.2 170384 0.000850469
13106.1 170871 0.000852904
13110 171348 0.00085529
13114.2 171806 0.000857577
13118.4 172260 0.00085985
13122.6 172712 0.000862106
13126.8 173160 0.000864347
13130.9 173605 0.000866571
13135.1 174046 0.000868778
13139.3 174484 0.00087097
13143.5 174919 0.000873144
13147.6 175351 0.000875302
13151.8 175779 0.000877442
13155.9 176204 0.000879566
13160.1 176625 0.000881673
13164.3 177043 0.000883762
13168.4 177458 0.000885834
13172.5 177869 0.000887889
13176.7 178276 0.000889926
13180.8 178680 0.000891946
13185 179080 0.000893947
13189.1 179477 0.000895931
13193.2 179870 0.000897897
13197.4 180260 0.000899844
13201.5 180645 0.000901773
13205.6 181027 0.000903684
13209.7 181405 0.000905574
13213.9 181773 0.000907412
13218.1 182130 0.000909199
13222.4 182477 0.000910933
13226.7 182813 0.000912615
13231.2 183128 0.000914188
13235.7 183440 0.000915748
13240.2 183748 0.000917287
13244.8 184051 0.000918805
13249.3 184350 0.000920302
13253.8 184645 0.000921777
13258.3 184936 0.000923231
13262.8 185223 0.000924664
13267.3 185505 0.000926074
13271.8 185782 0.000927463
13276.3 186056 0.00092883
13280.8 186324 0.000930175
13285.3 186589 0.000931497
13289.8 186849 0.000932798
13294.3 187104 0.000934075
13298.7 187355 0.000935331
13303.2 187602 0.000936563
13307.7 187844 0.000937773
13312.2 188081 0.00093896
13316.6 188314 0.000940124
13321.1 188542 0.000941265
13325.5 188765 0.000942382
13330 188984 0.000943477
13334.4 189198 0.000944548
13338.9 189407 0.000945595
13343.3 189612 0.000946619
13347.7 189812 0.000947619
13352.2 190007 0.000948596
13356.6 190198 0.000949548
13361 190383 0.000950477
13365.5 190564 0.000951381
13369.9 190740 0.000952261
13374.3 190904 0.00095308
13378.8 191056 0.00095384
13383.3 191196 0.000954543
13387.9 191325 0.000955189
13392.5 191443 0.000955777
13397.2 191531 0.000956218
13402 191626 0.000956693
13406.7 191715 0.000957141
13411.5 191800 0.000957563
13416.2 191879 0.000957958
13420.9 191952 0.000958326
13425.7 192020 0.000958667
13430.4 192083 0.000958981
13435.1 192140 0.000959267
13439.8 192192 0.000959527
13444.5 192239 0.00095976
13449.3 192280 0.000959965
13454 192315 0.000960143
13458.7 192346 0.000960294
13463.4 192370 0.000960417
13468.1 192389 0.000960513
13472.8 192403 0.000960581
13477.4 192411 0.000960622
13482.1 192414 0.000960635
13486.8 192411 0.00096062
13491.5 192402 0.000960578
13496.2 192388 0.000960508
13500.8 192369 0.00096041
13505.5 192344 0.000960285
13510.1 192313 0.000960131
13514.8 192277 0.00095995
13519.5 192235 0.00095974
13524.1 192188 0.000959503
13528.8 192135 0.000959238
13533.4 192076 0.000958945
13538 192012 0.000958623
13542.7 191942 0.000958274
13547.3 191866 0.000957897
13551.9 191785 0.000957491
13556.6 191699 0.000957057
13561.2 191606 0.000956595
13565.8 191508 0.000956105
13570.4 191405 0.000955586
13575 191295 0.000955039
13579.6 191180 0.000954464
13584.2 191060 0.00095386
13588.8 190933 0.000953228
13593.4 190799 0.000952555
13598 190648 0.000951802
13602.7 190483 0.000950977
13607.4 190306 0.000950092
13612.1 190117 0.000949146
13616.8 189916 0.000948139
13621.6 189679 0.000946952
13410.3 162718 0.000812151
13470.1 154267 0.000769921
13494.5 148778 0.000742496
