0 -453.597 -2.26119e-06
634.56 -6180.53 -3.08087e-05
1173.57 -10968.5 -5.46741e-05
1709.92 -15767.2 -7.8591e-05
2243.81 -20597.9 -0.000102666
2775.24 -25473.3 -0.000126961
3304.22 -30394.6 -0.000151484
3830.74 -35363.4 -0.000176241
4354.77 -40380.5 -0.000201238
4876.15 -45445.8 -0.000226472
5394.56 -50557.4 -0.000251935
5909.16 -55710.5 -0.000277603
6418.2 -60893.8 -0.00030342
6918.36 -66085.1 -0.000329274
7403.99 -71244.7 -0.000354968
7866.83 -76315 -0.000380216
8297.18 -81222.9 -0.000404653
8686.59 -85900.2 -0.000427941
9030.8 -90304.4 -0.000449867
9330.49 -94407.9 -0.000470295
9590.04 -98231.6 -0.000489329
9815.21 -101784 -0.00050701
10011.7 -105088 -0.000523456
10184.8 -108205 -0.000538969
10338.5 -111167 -0.000553711
10475.8 -114011 -0.000567865
10599.4 -116740 -0.000581444
10711.4 -119350 -0.000594434
10812.7 -121722 -0.000606239
10905.5 -124009 -0.000617615
10991.1 -126218 -0.00062861
11070.4 -128359 -0.000639264
11143.9 -130425 -0.000649542
11212.1 -132391 -0.00065932
11276 -134304 -0.00066884
11335.9 -136170 -0.000678124
11392.3 -137993 -0.000687194
11445.5 -139777 -0.000696069
11495.9 -141525 -0.000704765
11543.8 -143241 -0.0007133
11589.3 -144927 -0.000721686
11632.4 -146554 -0.000729779
11673.3 -148111 -0.000737524
11712.4 -149643 -0.000745145
11749.8 -151152 -0.000752653
11785.6 -152641 -0.000760057
11820.1 -154111 -0.00076737
11853.2 -155564 -0.000774598
11885.1 -157002 -0.00078175
11915.6 -158349 -0.000788448
11945 -159630 -0.000794819
11972.9 -160859 -0.000800932
11999.8 -162071 -0.000806963
12025.7 -163271 -0.000812932
12050.7 -164443 -0.000818759
12074.7 -165513 -0.000824081
12097.7 -166575 -0.000829364
12119.8 -167634 -0.000834629
12141.1 -168687 -0.000839864
12161.8 -169735 -0.000845076
12181.9 -170779 -0.000850269
12201.4 -171820 -0.000855446
12220.3 -172858 -0.000860611
12238.6 -173895 -0.000865767
12256.3 -174930 -0.000870916
12273.3 -175930 -0.000875889
12289.7 -176911 -0.000880767
12305.5 -177892 -0.000885645
12320.9 -178873 -0.000890526
12335.7 -179868 -0.000895472
12349.8 -180898 -0.000900595
12363.5 -181932 -0.000905737
12376.5 -182787 -0.000909994
12388.8 -183500 -0.000913539
12400.7 -184215 -0.000917096
12412.4 -184934 -0.000920668
12423.7 -185655 -0.000924257
12434.7 -186381 -0.000927865
12445.5 -187110 -0.000931493
12455.9 -187843 -0.000935139
12466.1 -188580 -0.000938803
12476 -189320 -0.000942483
12485.7 -190063 -0.000946178
12495.1 -190808 -0.000949885
12504.3 -191555 -0.000953603
12513.2 -192305 -0.00095733
12521.8 -193055 -0.000961064
12530.3 -193807 -0.000964804
12538.4 -194560 -0.00096855
12546.4 -195314 -0.000972301
12554.2 -196069 -0.000976058
12561.7 -196826 -0.000979823
12569 -197584 -0.000983595
12576.2 -198345 -0.000987377
12583.1 -199107 -0.00099117
12589.9 -199872 -0.000994977
12596.5 -200640 -0.000998799
12603 -201412 -0.00100264
12609.3 -202188 -0.0010065
12615.5 -202967 -0.00101038
12621.6 -203752 -0.00101428
12627.5 -204541 -0.00101821
12633.3 -205301 -0.00102199
12638.9 -205985 -0.00102539
12644.3 -206552 -0.00102822
12649.5 -207070 -0.0010308
12654.6 -207598 -0.00103342
12659.6 -208150 -0.00103617
12664.4 -208706 -0.00103894
12669.2 -209265 -0.00104172
12673.9 -209826 -0.00104451
12678.6 -210391 -0.00104732
12683.1 -210958 -0.00105015
12687.6 -211527 -0.00105298
12692 -212098 -0.00105582
12696.3 -212671 -0.00105867
12700.6 -213244 -0.00106153
12704.8 -213818 -0.00106439
12708.9 -214392 -0.00106724
12713 -214966 -0.0010701
12717 -215539 -0.00107295
12720.9 -216110 -0.0010758
12724.7 -216681 -0.00107864
12728.5 -217249 -0.00108147
12732.1 -217838 -0.0010844
12735.7 -218447 -0.00108744
12739.2 -219055 -0.00109047
12742.7 -219663 -0.0010935
12746 -220270 -0.00109652
12749.3 -220875 -0.00109953
12752.5 -221480 -0.00110255
12755.5 -222076 -0.00110552
12758.3 -222668 -0.00110847
12761.2 -223261 -0.00111142
12763.9 -223853 -0.00111438
12766.6 -224446 -0.00111733
12769.2 -225040 -0.00112029
12771.7 -225572 -0.00112294
12774.1 -226027 -0.00112521
12776.4 -226482 -0.00112748
12778.6 -226938 -0.00112976
12780.8 -227395 -0.00113204
12783 -227853 -0.00113432
12785.1 -228313 -0.00113661
12787.2 -228774 -0.00113891
12789.2 -229238 -0.00114123
12791.2 -229703 -0.00114355
12793.2 -230171 -0.00114588
12795.1 -230642 -0.00114823
12797 -231115 -0.00115059
12798.8 -231591 -0.00115297
12800.6 -232070 -0.00115536
12802.4 -232553 -0.00115777
12804.2 -233038 -0.00116019
12805.9 -233527 -0.00116263
12807.7 -234019 -0.00116508
12809.4 -234514 -0.00116756
12811 -235013 -0.00117005
12812.7 -235515 -0.00117255
12814.3 -236020 -0.00117508
12815.9 -236529 -0.00117762
12817.5 -237042 -0.00118018
12819.1 -237558 -0.00118276
12820.7 -238077 -0.00118536
12822.2 -238600 -0.00118797
12823.7 -239127 -0.0011906
12825.2 -239656 -0.00119325
12826.7 -240190 -0.00119591
12828.2 -240726 -0.0011986
12829.7 -241266 -0.00120129
12831.1 -241809 -0.00120401
12832.6 -242355 -0.00120674
12834 -242905 -0.00120949
12835.4 -243457 -0.00121226
12836.8 -244013 -0.00121504
12838.2 -244571 -0.00121783
12839.5 -245133 -0.00122064
12840.9 -245697 -0.00122347
12842.2 -246264 -0.00122631
12843.6 -246834 -0.00122916
12844.9 -247406 -0.00123203
12846.2 -247981 -0.00123491
12847.5 -248558 -0.0012378
12848.7 -249138 -0.00124071
12850 -249720 -0.00124362
12851.3 -250303 -0.00124655
12852.5 -250889 -0.00124949
12853.7 -251477 -0.00125244
12855 -252067 -0.0012554
12856.2 -252658 -0.00125837
12857.4 -253251 -0.00126134
12858.5 -253845 -0.00126433
12859.7 -254442 -0.00126733
12860.9 -255046 -0.00127036
12862 -255650 -0.0012734
12863.1 -256256 -0.00127644
12864.3 -256863 -0.00127949
12865.4 -257470 -0.00128255
12866.4 -258078 -0.00128561
12867.5 -258687 -0.00128868
12868.6 -259297 -0.00129174
12869.6 -259907 -0.00129482
12870.7 -260517 -0.00129789
12871.7 -261127 -0.00130096
12872.7 -261737 -0.00130404
12873.7 -262347 -0.00130712
12874.7 -262957 -0.00131019
12875.7 -263566 -0.00131327
12876.6 -264175 -0.00131634
12877.5 -264784 -0.00131942
12878.5 -265392 -0.00132249
12879.4 -265999 -0.00132556
12880.3 -266606 -0.00132863
12881.2 -267211 -0.00133169
12882 -267816 -0.00133475
12882.9 -268420 -0.00133781
12883.7 -269023 -0.00134086
12884.6 -269625 -0.00134391
12885.4 -270226 -0.00134696
12886.2 -270826 -0.00135
12886.9 -271424 -0.00135304
12887.7 -272022 -0.00135608
12888.5 -272618 -0.00135911
12889.2 -273214 -0.00136213
12889.9 -273808 -0.00136516
12890.6 -274402 -0.00136818
12891.3 -274994 -0.00137119
12892 -275586 -0.0013742
12892.7 -276176 -0.00137721
12893.3 -276766 -0.00138022
12894 -277355 -0.00138322
12894.6 -277943 -0.00138622
12895.2 -278530 -0.00138922
12895.8 -279116 -0.00139222
12896.4 -279702 -0.00139522
12897 -280288 -0.00139821
12897.6 -280872 -0.00140121
12898.1 -281457 -0.0014042
12898.7 -282040 -0.00140719
12899.2 -282624 -0.00141019
12899.8 -283207 -0.00141318
12900.3 -283780 -0.00141612
12900.7 -284223 -0.0014184
12901.2 -284665 -0.00142068
12901.6 -285107 -0.00142295
12902 -285548 -0.00142522
12902.5 -285988 -0.00142749
12902.9 -286427 -0.00142975
12903.3 -286866 -0.00143202
12903.7 -287304 -0.00143428
12904.1 -287742 -0.00143654
12904.5 -288180 -0.0014388
12904.8 -288617 -0.00144106
12905.2 -289054 -0.00144333
12905.5 -289491 -0.00144559
12905.9 -289928 -0.00144785
12906.2 -290366 -0.00145012
12906.6 -290803 -0.00145239
12906.9 -291240 -0.00145466
12907.2 -291677 -0.00145693
12907.5 -292115 -0.0014592
12907.9 -292553 -0.00146148
12908.2 -292991 -0.00146376
12908.5 -293429 -0.00146605
12908.8 -293868 -0.00146833
12909 -294307 -0.00147063
12909.3 -294747 -0.00147292
12909.6 -295187 -0.00147522
12909.9 -295628 -0.00147753
12910.2 -296069 -0.00147983
12910.4 -296511 -0.00148215
12910.7 -296953 -0.00148447
12910.9 -297396 -0.00148679
12911.2 -297839 -0.00148912
12911.4 -298284 -0.00149145
12911.7 -298728 -0.00149379
12911.9 -299174 -0.00149614
12912.2 -299620 -0.00149849
12912.4 -300066 -0.00150084
12912.6 -300514 -0.00150321
12912.9 -300962 -0.00150557
12913.1 -301411 -0.00150795
12913.3 -301860 -0.00151033
12913.5 -302310 -0.00151271
12913.7 -302761 -0.00151511
12913.9 -303213 -0.0015175
12914.1 -303665 -0.00151991
12914.3 -304118 -0.00152232
12914.5 -304571 -0.00152473
12914.7 -305026 -0.00152716
12914.9 -305481 -0.00152959
12915.1 -305936 -0.00153202
12915.3 -306393 -0.00153447
12915.5 -306850 -0.00153691
12915.7 -307308 -0.00153937
12915.9 -307766 -0.00154183
12916 -308225 -0.0015443
12916.2 -308685 -0.00154678
12916.4 -309145 -0.00154926
12916.6 -309606 -0.00155175
12916.7 -310068 -0.00155424
12916.9 -310530 -0.00155674
12917 -310993 -0.00155925
12917.2 -311456 -0.00156177
12917.4 -311920 -0.00156429
12917.5 -312385 -0.00156682
12917.7 -312850 -0.00156935
12917.8 -313316 -0.00157189
12918 -313782 -0.00157444
12918.1 -314249 -0.00157699
12918.2 -314716 -0.00157956
12918.4 -315184 -0.00158212
12918.5 -315652 -0.0015847
12918.7 -316120 -0.00158728
12918.8 -316590 -0.00158987
12918.9 -317059 -0.00159246
12919.1 -317529 -0.00159507
12919.3 -318003 -0.00159769
12919.6 -318485 -0.00160037
12920.2 -318977 -0.00160311
12921.1 -319484 -0.00160593
12922.2 -320002 -0.00160883
12923.4 -320527 -0.00161177
12924.8 -321058 -0.00161475
12926.3 -321595 -0.00161777
12927.9 -322139 -0.00162083
12929.8 -322697 -0.00162398
12931.8 -323257 -0.00162715
12933.7 -323817 -0.00163033
12935.7 -324377 -0.00163352
12937.6 -324938 -0.00163671
12939.6 -325502 -0.00163995
12941.8 -326074 -0.00164322
12944.1 -326651 -0.00164654
12946.6 -327240 -0.00164993
12949.3 -327832 -0.00165336
12951.9 -328425 -0.0016568
12954.5 -329017 -0.00166024
12957.1 -329608 -0.00166369
12959.7 -330200 -0.00166716
12962.3 -330790 -0.00167063
12964.9 -331381 -0.0016741
12967.5 -331971 -0.0016776
12970.2 -332566 -0.00168112
12973 -333167 -0.0016847
12976 -333772 -0.00168831
12979.1 -334388 -0.00169201
12982.4 -335006 -0.00169573
12985.6 -335626 -0.00169948
12988.8 -336268 -0.00170337
12992 -336909 -0.00170728
12995.2 -337549 -0.0017112
12998.4 -338188 -0.00171513
13001.6 -338827 -0.00171907
13004.8 -339464 -0.00172302
13008 -340100 -0.00172699
13011.2 -340735 -0.00173097
13014.4 -341369 -0.00173496
13017.6 -342002 -0.00173896
13020.9 -342639 -0.00174301
13024.2 -343280 -0.0017471
13027.7 -343925 -0.00175125
13031.3 -344579 -0.00175548
13035 -345236 -0.00175975
13038.8 -345893 -0.00176404
13042.5 -346547 -0.00176834
13046.3 -347199 -0.00177266
13050 -347850 -0.00177699
13053.7 -348498 -0.00178133
13057.5 -349144 -0.00178569
13061.2 -349788 -0.00179006
13064.9 -350429 -0.00179444
13068.7 -351069 -0.00179884
13072.4 -351705 -0.00180325
13076.1 -352340 -0.00180768
13079.8 -352971 -0.00181212
13083.5 -353600 -0.00181657
13087.2 -354227 -0.00182104
13090.9 -354850 -0.00182553
13094.6 -355471 -0.00183003
13098.4 -356092 -0.00183456
13102.2 -356715 -0.00183915
13106.1 -357339 -0.00184378
13110 -357965 -0.00184847
13114.2 -358598 -0.00185325
13118.4 -359228 -0.00185806
13122.6 -359854 -0.00186288
13126.8 -360476 -0.00186771
13130.9 -361095 -0.00187257
13135.1 -361709 -0.00187744
13139.3 -362320 -0.00188232
13143.5 -362926 -0.00188723
13147.6 -363529 -0.00189215
13151.8 -364127 -0.00189708
13155.9 -364721 -0.00190204
13160.1 -365311 -0.00190701
13164.3 -365896 -0.001912
13168.4 -366477 -0.00191701
13172.5 -367053 -0.00192204
13176.7 -367624 -0.00192708
13180.8 -368191 -0.00193215
13185 -368753 -0.00193723
13189.1 -369311 -0.00194233
13193.2 -369863 -0.00194745
13197.4 -370411 -0.00195258
13201.5 -370953 -0.00195774
13205.6 -371491 -0.00196291
13209.7 -372023 -0.00196811
13213.9 -372554 -0.00197335
13218.1 -373082 -0.00197865
13222.4 -373609 -0.001984
13226.7 -374133 -0.00198941
13231.2 -374660 -0.00199492
13235.7 -375180 -0.00200045
13240.2 -375695 -0.00200601
13244.8 -376204 -0.00201158
13249.3 -376707 -0.00201718
13253.8 -377203 -0.0020228
13258.3 -377694 -0.00202844
13262.8 -378179 -0.0020341
13267.3 -378657 -0.00203978
13271.8 -379130 -0.00204549
13276.3 -379596 -0.00205122
13280.8 -380056 -0.00205697
13285.3 -380510 -0.00206275
13289.8 -380957 -0.00206855
13294.3 -381399 -0.00207437
13298.7 -381834 -0.00208021
13303.2 -382263 -0.00208608
13307.7 -382685 -0.00209197
13312.2 -383102 -0.00209789
13316.6 -383512 -0.00210383
13321.1 -383916 -0.00210979
13325.5 -384313 -0.00211577
13330 -384705 -0.00212178
13334.4 -385090 -0.00212782
13338.9 -385469 -0.00213387
13343.3 -385842 -0.00213996
13347.7 -386208 -0.00214606
13352.2 -386569 -0.00215219
13356.6 -386923 -0.00215835
13361 -387271 -0.00216453
13365.5 -387614 -0.00217073
13369.9 -387950 -0.00217696
13374.3 -388282 -0.00218325
13378.8 -388610 -0.00218959
13383.3 -388933 -0.002196
13387.9 -389252 -0.00220246
13392.5 -389567 -0.00220898
13397.2 -389880 -0.00221564
13402 -390186 -0.00222228
13406.7 -390485 -0.00222895
13411.5 -390778 -0.00223565
13416.2 -391066 -0.00224237
13420.9 -391347 -0.00224912
13425.7 -391623 -0.0022559
13430.4 -391893 -0.0022627
13435.1 -392157 -0.00226954
13439.8 -392415 -0.0022764
13444.5 -392668 -0.00228328
13449.3 -392916 -0.0022902
13454 -393158 -0.00229714
13458.7 -393395 -0.00230412
13463.4 -393627 -0.00231112
13468.1 -393854 -0.00231814
13472.8 -394075 -0.0023252
13477.4 -394292 -0.00233228
13482.1 -394503 -0.00233939
13486.8 -394710 -0.00234653
13491.5 -394912 -0.0023537
13496.2 -395109 -0.0023609
13500.8 -395302 -0.00236812
13505.5 -395490 -0.00237537
13510.1 -395674 -0.00238265
13514.8 -395854 -0.00238996
13519.5 -396029 -0.0023973
13524.1 -396200 -0.00240467
13528.8 -396367 -0.00241206
13533.4 -396529 -0.00241948
13538 -396688 -0.00242693
13542.7 -396843 -0.00243441
13547.3 -396994 -0.00244192
13551.9 -397142 -0.00244946
13556.6 -397286 -0.00245702
13561.2 -397426 -0.00246462
13565.8 -397563 -0.00247224
13570.4 -397696 -0.00247989
13575 -397826 -0.00248757
13579.6 -397953 -0.00249528
13584.2 -398076 -0.00250301
13588.8 -398197 -0.00251078
13593.4 -398314 -0.00251858
13598 -398429 -0.00252646
13602.7 -398542 -0.00253441
13607.4 -398653 -0.00254242
13612.1 -398761 -0.0025505
13616.8 -398866 -0.00255863
13621.6 -398970 -0.00256693
13410.3 -400345 -0.00270905
13470.1 -400683 -0.00275848
13494.5 -400889 -0.00279312
