0 -453.597 -2.26119e-06
634.56 -7371.41 -3.67447e-05
1173.57 -13353.3 -6.65598e-05
1709.92 -19345.6 -9.64243e-05
2243.81 -25370.2 -0.000126447
2775.24 -31439.6 -0.000156691
3304.22 -37554.7 -0.000187159
3830.74 -43717.5 -0.000217862
4354.77 -49928.8 -0.000248804
4876.15 -56188.6 -0.000279984
5394.56 -62494.9 -0.000311394
5909.16 -68842.9 -0.000343008
6418.2 -75221.4 -0.000374771
6918.36 -81608.1 -0.000406571
7403.99 -87963.2 -0.000438212
7866.83 -94229.2 -0.000469405
8297.18 -100333 -0.000499789
8686.59 -106206 -0.000529021
9030.8 -111806 -0.000556893
9330.49 -117107 -0.00058327
9590.04 -122128 -0.000608256
9815.21 -126880 -0.000631905
10011.7 -131389 -0.000654337
10184.8 -135712 -0.000675843
10338.5 -139879 -0.000696574
10475.8 -143917 -0.000716663
10599.4 -147835 -0.000736152
10711.4 -151631 -0.000755033
10812.7 -155196 -0.000772765
10905.5 -158674 -0.000790065
10991.1 -162075 -0.000806982
11070.4 -165407 -0.000823556
11143.9 -168664 -0.000839752
11212.1 -171819 -0.000855445
11276 -174923 -0.000870879
11335.9 -177978 -0.000886075
11392.3 -180990 -0.000901055
11445.5 -183963 -0.000915839
11495.9 -186899 -0.000930444
11543.8 -189803 -0.000944886
11589.3 -192676 -0.000959178
11632.4 -195491 -0.000973182
11673.3 -198237 -0.000986844
11712.4 -200959 -0.00100038
11749.8 -203656 -0.00101381
11785.6 -206333 -0.00102713
11820.1 -208991 -0.00104036
11853.2 -211631 -0.0010535
11885.1 -214256 -0.00106657
11915.6 -216798 -0.00107922
11945 -219279 -0.00109158
11972.9 -221703 -0.00110366
11999.8 -224110 -0.00111566
12025.7 -226504 -0.00112759
12050.7 -228871 -0.00113939
12074.7 -231144 -0.00115073
12097.7 -233405 -0.00116202
12119.8 -235653 -0.00117325
12141.1 -237894 -0.00118444
12161.8 -240130 -0.00119561
12181.9 -242360 -0.00120677
12201.4 -244586 -0.00121791
12220.3 -246808 -0.00122903
12238.6 -249027 -0.00124015
12256.3 -251243 -0.00125126
12273.3 -253420 -0.00126219
12289.7 -255576 -0.00127303
12305.5 -257730 -0.00128386
12320.9 -259882 -0.00129469
12335.7 -262039 -0.00130556
12349.8 -264212 -0.00131653
12363.5 -266386 -0.00132752
12376.5 -268402 -0.00133772
12388.8 -270286 -0.00134727
12400.7 -272170 -0.00135683
12412.4 -274054 -0.00136641
12423.7 -275939 -0.001376
12434.7 -277824 -0.00138562
12445.5 -279709 -0.00139525
12455.9 -281595 -0.00140491
12466.1 -283479 -0.00141458
12476 -285363 -0.00142427
12485.7 -287246 -0.00143398
12495.1 -289126 -0.0014437
12504.3 -291003 -0.00145343
12513.2 -292877 -0.00146317
12521.8 -294746 -0.00147292
12530.3 -296610 -0.00148267
12538.4 -298470 -0.00149243
12546.4 -300324 -0.0015022
12554.2 -302171 -0.00151198
12561.7 -304013 -0.00152176
12569 -305848 -0.00153155
12576.2 -307677 -0.00154136
12583.1 -309500 -0.00155117
12589.9 -311315 -0.001561
12596.5 -313124 -0.00157084
12603 -314925 -0.00158071
12609.3 -316720 -0.00159059
12615.5 -318506 -0.00160049
12621.6 -320285 -0.00161041
12627.5 -322056 -0.00162036
12633.3 -323791 -0.00163018
12638.9 -325453 -0.00163966
12644.3 -327013 -0.00164863
12649.5 -328524 -0.00165737
12654.6 -330028 -0.00166615
12659.6 -331532 -0.001675
12664.4 -333026 -0.00168386
12669.2 -334510 -0.00169274
12673.9 -335982 -0.00170164
12678.6 -337443 -0.00171055
12683.1 -338892 -0.00171948
12687.6 -340328 -0.00172841
12692 -341750 -0.00173736
12696.3 -343157 -0.00174632
12700.6 -344550 -0.00175529
12704.8 -345926 -0.00176426
12708.9 -347285 -0.00177323
12713 -348627 -0.0017822
12717 -349952 -0.00179117
12720.9 -351257 -0.00180014
12724.7 -352544 -0.00180911
12728.5 -353810 -0.00181807
12732.1 -355067 -0.00182709
12735.7 -356313 -0.00183619
12739.2 -357538 -0.00184527
12742.7 -358744 -0.00185436
12746 -359927 -0.00186345
12749.3 -361089 -0.00187252
12752.5 -362228 -0.00188159
12755.5 -363327 -0.00189049
12758.3 -364402 -0.00189937
12761.2 -365456 -0.00190825
12763.9 -366490 -0.00191712
12766.6 -367502 -0.001926
12769.2 -368494 -0.00193488
12771.7 -369434 -0.00194346
12774.1 -370314 -0.00195167
12776.4 -371176 -0.00195988
12778.6 -372021 -0.00196808
12780.8 -372848 -0.0019763
12783 -373658 -0.00198451
12785.1 -374451 -0.00199273
12787.2 -375227 -0.00200096
12789.2 -375987 -0.00200919
12791.2 -376730 -0.00201744
12793.2 -377456 -0.00202569
12795.1 -378167 -0.00203396
12797 -378861 -0.00204224
12798.8 -379540 -0.00205053
12800.6 -380203 -0.00205883
12802.4 -380850 -0.00206715
12804.2 -381483 -0.00207549
12805.9 -382100 -0.00208384
12807.7 -382702 -0.00209221
12809.4 -383289 -0.00210059
12811 -383862 -0.00210899
12812.7 -384420 -0.0021174
12814.3 -384964 -0.00212583
12815.9 -385494 -0.00213428
12817.5 -386010 -0.00214275
12819.1 -386513 -0.00215124
12820.7 -387002 -0.00215974
12822.2 -387478 -0.00216826
12823.7 -387941 -0.00217679
12825.2 -388391 -0.00218535
12826.7 -388829 -0.00219392
12828.2 -389255 -0.00220251
12829.7 -389668 -0.00221111
12831.1 -390069 -0.00221974
12832.6 -390459 -0.00222837
12834 -390838 -0.00223703
12835.4 -391205 -0.0022457
12836.8 -391562 -0.00225439
12838.2 -391908 -0.00226309
12839.5 -392243 -0.00227181
12840.9 -392569 -0.00228054
12842.2 -392884 -0.00228929
12843.6 -393190 -0.00229806
12844.9 -393486 -0.00230683
12846.2 -393773 -0.00231562
12847.5 -394051 -0.00232442
12848.7 -394321 -0.00233324
12850 -394581 -0.00234207
12851.3 -394834 -0.00235091
12852.5 -395079 -0.00235976
12853.7 -395315 -0.00236862
12855 -395544 -0.00237749
12856.2 -395766 -0.00238637
12857.4 -395981 -0.00239526
12858.5 -396188 -0.00240416
12859.7 -396389 -0.00241307
12860.9 -396584 -0.00242201
12862 -396772 -0.00243096
12863.1 -396955 -0.00243992
12864.3 -397131 -0.00244888
12865.4 -397301 -0.00245785
12866.4 -397466 -0.00246682
12867.5 -397625 -0.0024758
12868.6 -397779 -0.00248478
12869.6 -397928 -0.00249377
12870.7 -398072 -0.00250276
12871.7 -398211 -0.00251174
12872.7 -398346 -0.00252073
12873.7 -398476 -0.00252972
12874.7 -398602 -0.00253871
12875.7 -398724 -0.00254771
12876.6 -398841 -0.00255669
12877.5 -398955 -0.00256568
12878.5 -399065 -0.00257467
12879.4 -399171 -0.00258365
12880.3 -399274 -0.00259263
12881.2 -399374 -0.00260161
12882 -399470 -0.00261058
12882.9 -399563 -0.00261956
12883.7 -399653 -0.00262852
12884.6 -399740 -0.00263748
12885.4 -399825 -0.00264644
12886.2 -399906 -0.0026554
12886.9 -399985 -0.00266435
12887.7 -400062 -0.00267329
12888.5 -400136 -0.00268223
12889.2 -400208 -0.00269117
12889.9 -400277 -0.0027001
12890.6 -400345 -0.00270902
12891.3 -400410 -0.00271795
12892 -400474 -0.00272686
12892.7 -400535 -0.00273578
12893.3 -400594 -0.00274469
12894 -400652 -0.0027536
12894.6 -400708 -0.0027625
12895.2 -400763 -0.0027714
12895.8 -400815 -0.0027803
12896.4 -400867 -0.00278919
12897 -400916 -0.00279809
12897.6 -400965 -0.00280698
12898.1 -401012 -0.00281587
12898.7 -401057 -0.00282475
12899.2 -401102 -0.00283364
12899.8 -401145 -0.00284253
12900.3 -401187 -0.00285137
12900.7 -401224 -0.00285958
12901.2 -401261 -0.00286779
12901.6 -401297 -0.002876
12902 -401332 -0.0028842
12902.5 -401366 -0.0028924
12902.9 -401400 -0.0029006
12903.3 -401432 -0.0029088
12903.7 -401464 -0.00291699
12904.1 -401495 -0.00292518
12904.5 -401525 -0.00293338
12904.8 -401555 -0.00294157
12905.2 -401583 -0.00294976
12905.5 -401612 -0.00295795
12905.9 -401639 -0.00296615
12906.2 -401666 -0.00297434
12906.6 -401693 -0.00298254
12906.9 -401718 -0.00299074
12907.2 -401744 -0.00299894
12907.5 -401768 -0.00300714
12907.9 -401793 -0.00301534
12908.2 -401816 -0.00302355
12908.5 -401840 -0.00303176
12908.8 -401862 -0.00303998
12909 -401885 -0.0030482
12909.3 -401907 -0.00305642
12909.6 -401928 -0.00306464
12909.9 -401949 -0.00307287
12910.2 -401970 -0.00308111
12910.4 -401990 -0.00308935
12910.7 -402010 -0.00309759
12910.9 -402029 -0.00310584
12911.2 -402048 -0.0031141
12911.4 -402067 -0.00312236
12911.7 -402086 -0.00313062
12911.9 -402104 -0.00313889
12912.2 -402122 -0.00314717
12912.4 -402139 -0.00315545
12912.6 -402156 -0.00316374
12912.9 -402173 -0.00317203
12913.1 -402190 -0.00318033
12913.3 -402206 -0.00318864
12913.5 -402223 -0.00319695
12913.7 -402239 -0.00320527
12913.9 -402254 -0.00321359
12914.1 -402270 -0.00322192
12914.3 -402285 -0.00323026
12914.5 -402300 -0.0032386
12914.7 -402315 -0.00324695
12914.9 -402329 -0.0032553
12915.1 -402344 -0.00326367
12915.3 -402358 -0.00327204
12915.5 -402372 -0.00328041
12915.7 -402385 -0.00328879
12915.9 -402399 -0.00329718
12916 -402413 -0.00330558
12916.2 -402426 -0.00331398
12916.4 -402439 -0.00332239
12916.6 -402452 -0.00333081
12916.7 -402465 -0.00333923
12916.9 -402477 -0.00334766
12917 -402490 -0.00335609
12917.2 -402502 -0.00336454
12917.4 -402514 -0.00337299
12917.5 -402526 -0.00338144
12917.7 -402538 -0.00338991
12917.8 -402550 -0.00339838
12918 -402562 -0.00340685
12918.1 -402573 -0.00341534
12918.2 -402585 -0.00342383
12918.4 -402596 -0.00343232
12918.5 -402607 -0.00344083
12918.7 -402619 -0.00344934
12918.8 -402630 -0.00345786
12918.9 -402640 -0.00346638
12919.1 -402651 -0.00347492
12919.3 -402662 -0.00348347
12919.6 -402673 -0.00349208
12920.2 -402683 -0.00350075
12921.1 -402694 -0.00350952
12922.2 -402705 -0.00351835
12923.4 -402716 -0.00352723
12924.8 -402726 -0.00353615
12926.3 -402737 -0.00354511
12927.9 -402747 -0.00355412
12929.8 -402758 -0.00356322
12931.8 -402768 -0.00357234
12933.7 -402779 -0.00358146
12935.7 -402789 -0.0035906
12937.6 -402799 -0.00359974
12939.6 -402810 -0.00360892
12941.8 -402820 -0.00361815
12944.1 -402830 -0.00362742
12946.6 -402840 -0.00363677
12949.3 -402850 -0.00364615
12951.9 -402861 -0.00365555
12954.5 -402871 -0.00366495
12957.1 -402881 -0.00367436
12959.7 -402891 -0.00368378
12962.3 -402900 -0.0036932
12964.9 -402910 -0.00370264
12967.5 -402920 -0.00371209
12970.2 -402930 -0.00372158
12973 -402940 -0.00373111
12976 -402949 -0.00374069
12979.1 -402959 -0.00375035
12982.4 -402969 -0.00376004
12985.6 -402979 -0.00376975
12988.8 -402989 -0.0037796
12992 -402998 -0.00378945
12995.2 -403008 -0.00379932
12998.4 -403018 -0.00380921
13001.6 -403027 -0.0038191
13004.8 -403037 -0.003829
13008 -403047 -0.00383892
13011.2 -403056 -0.00384885
13014.4 -403066 -0.00385879
13017.6 -403075 -0.00386875
13020.9 -403085 -0.00387874
13024.2 -403094 -0.00388879
13027.7 -403104 -0.00389889
13031.3 -403114 -0.00390907
13035 -403123 -0.0039193
13038.8 -403133 -0.00392955
13042.5 -403142 -0.00393981
13046.3 -403152 -0.00395008
13050 -403161 -0.00396037
13053.7 -403171 -0.00397067
13057.5 -403180 -0.00398099
13061.2 -403190 -0.00399132
13064.9 -403199 -0.00400166
13068.7 -403209 -0.00401202
13072.4 -403218 -0.00402239
13076.1 -403227 -0.00403278
13079.8 -403237 -0.00404318
13083.5 -403246 -0.00405359
13087.2 -403256 -0.00406402
13090.9 -403265 -0.00407447
13094.6 -403274 -0.00408493
13098.4 -403284 -0.00409543
13102.2 -403293 -0.00410597
13106.1 -403303 -0.00411657
13110 -403312 -0.00412722
13114.2 -403321 -0.00413797
13118.4 -403331 -0.00414874
13122.6 -403340 -0.00415953
13126.8 -403350 -0.00417034
13130.9 -403359 -0.00418116
13135.1 -403369 -0.004192
13139.3 -403378 -0.00420285
13143.5 -403388 -0.00421373
13147.6 -403397 -0.00422462
13151.8 -403407 -0.00423553
13155.9 -403416 -0.00424646
13160.1 -403426 -0.0042574
13164.3 -403435 -0.00426837
13168.4 -403445 -0.00427935
13172.5 -403454 -0.00429035
13176.7 -403464 -0.00430137
13180.8 -403473 -0.00431241
13185 -403483 -0.00432346
13189.1 -403492 -0.00433454
13193.2 -403502 -0.00434563
13197.4 -403511 -0.00435675
13201.5 -403521 -0.00436788
13205.6 -403530 -0.00437903
13209.7 -403540 -0.00439021
13213.9 -403549 -0.00440143
13218.1 -403559 -0.00441271
13222.4 -403569 -0.00442404
13226.7 -403578 -0.00443542
13231.2 -403588 -0.00444691
13235.7 -403598 -0.00445843
13240.2 -403608 -0.00446997
13244.8 -403617 -0.00448153
13249.3 -403627 -0.00449311
13253.8 -403637 -0.00450472
13258.3 -403647 -0.00451635
13262.8 -403657 -0.004528
13267.3 -403666 -0.00453968
13271.8 -403676 -0.00455138
13276.3 -403686 -0.0045631
13280.8 -403696 -0.00457484
13285.3 -403706 -0.00458661
13289.8 -403716 -0.0045984
13294.3 -403726 -0.00461022
13298.7 -403736 -0.00462205
13303.2 -403746 -0.00463392
13307.7 -403756 -0.0046458
13312.2 -403766 -0.00465771
13316.6 -403776 -0.00466965
13321.1 -403786 -0.00468161
13325.5 -403796 -0.00469359
13330 -403806 -0.0047056
13334.4 -403816 -0.00471763
13338.9 -403826 -0.00472969
13343.3 -403836 -0.00474177
13347.7 -403846 -0.00475388
13352.2 -403856 -0.00476601
13356.6 -403866 -0.00477817
13361 -403876 -0.00479035
13365.5 -403886 -0.00480256
13369.9 -403897 -0.0048148
13374.3 -403907 -0.00482708
13378.8 -403917 -0.00483943
13383.3 -403927 -0.00485184
13387.9 -403938 -0.0048643
13392.5 -403948 -0.00487683
13397.2 -403959 -0.00488949
13402 -403969 -0.00490215
13406.7 -403980 -0.00491483
13411.5 -403990 -0.00492754
13416.2 -404001 -0.00494027
13420.9 -404011 -0.00495304
13425.7 -404022 -0.00496583
13430.4 -404032 -0.00497865
13435.1 -404043 -0.0049915
13439.8 -404054 -0.00500438
13444.5 -404064 -0.00501728
13449.3 -404075 -0.00503022
13454 -404086 -0.00504318
13458.7 -404097 -0.00505617
13463.4 -404107 -0.00506919
13468.1 -404118 -0.00508224
13472.8 -404129 -0.00509531
13477.4 -404140 -0.00510842
13482.1 -404151 -0.00512155
13486.8 -404162 -0.00513472
13491.5 -404172 -0.00514791
13496.2 -404183 -0.00516112
13500.8 -404194 -0.00517437
13505.5 -404205 -0.00518765
13510.1 -404216 -0.00520095
13514.8 -404227 -0.00521429
13519.5 -404238 -0.00522765
13524.1 -404249 -0.00524104
13528.8 -404260 -0.00525446
13533.4 -404271 -0.00526791
13538 -404283 -0.00528139
13542.7 -404294 -0.0052949
13547.3 -404305 -0.00530843
13551.9 -404316 -0.005322
13556.6 -404327 -0.00533559
13561.2 -404338 -0.00534922
13565.8 -404350 -0.00536287
13570.4 -404361 -0.00537655
13575 -404372 -0.00539026
13579.6 -404384 -0.005404
13584.2 -404395 -0.00541776
13588.8 -404406 -0.00543156
13593.4 -404418 -0.0054454
13598 -404429 -0.0054593
13602.7 -404441 -0.00547328
13607.4 -404452 -0.00548731
13612.1 -404464 -0.0055014
13616.8 -404476 -0.00551556
13621.6 -404487 -0.00552988
13410.3 -404609 -0.00567822
13470.1 -404655 -0.00573377
13494.5 -404689 -0.00577453
