0 -453.597 -2.26119e-06
634.56 -8319.04 -4.14681e-05
1173.57 -15251.7 -7.60215e-05
1709.92 -22194.5 -0.000110622
2243.81 -29170.1 -0.000145382
2775.24 -36190.2 -0.000180361
3304.22 -43256.1 -0.000215564
3830.74 -50369.7 -0.000251
4354.77 -57532.2 -0.000286677
4876.15 -64743.2 -0.000322591
5394.56 -72001 -0.000358735
5909.16 -79300.8 -0.000395083
6418.2 -86631.3 -0.000431581
6918.36 -93970.1 -0.000468116
7403.99 -101277 -0.00050449
7866.83 -108496 -0.000540418
8297.18 -115552 -0.000575536
8686.59 -122378 -0.000609502
9030.8 -128931 -0.000642106
9330.49 -135185 -0.000673221
9590.04 -141160 -0.000702949
9815.21 -146870 -0.000731355
10011.7 -152341 -0.000758564
10184.8 -157626 -0.000784855
10338.5 -162756 -0.000810368
10475.8 -167744 -0.000835178
10599.4 -172607 -0.000859363
10711.4 -177344 -0.000882918
10812.7 -181856 -0.000905363
10905.5 -186282 -0.000927375
10991.1 -190630 -0.000949
11070.4 -194908 -0.00097028
11143.9 -199109 -0.00099118
11212.1 -203208 -0.00101158
11276 -207254 -0.00103171
11335.9 -211250 -0.0010516
11392.3 -215202 -0.00107128
11445.5 -219113 -0.00109076
11495.9 -222986 -0.00111005
11543.8 -226824 -0.00112919
11589.3 -230630 -0.00114817
11632.4 -234377 -0.00116687
11673.3 -238054 -0.00118524
11712.4 -241702 -0.00120348
11749.8 -245325 -0.0012216
11785.6 -248922 -0.00123963
11820.1 -252497 -0.00125756
11853.2 -256049 -0.0012754
11885.1 -259580 -0.00129317
11915.6 -263033 -0.00131058
11945 -266426 -0.00132772
11972.9 -269751 -0.00134455
11999.8 -273050 -0.0013613
12025.7 -276329 -0.00137799
12050.7 -279573 -0.00139456
12074.7 -282726 -0.00141071
12097.7 -285853 -0.00142679
12119.8 -288947 -0.00144277
12141.1 -292021 -0.00145871
12161.8 -295075 -0.00147464
12181.9 -298110 -0.00149054
12201.4 -301124 -0.00150643
12220.3 -304116 -0.00152231
12238.6 -307086 -0.00153818
12256.3 -310031 -0.00155404
12273.3 -312918 -0.00156972
12289.7 -315760 -0.00158529
12305.5 -318574 -0.00160087
12320.9 -321360 -0.00161644
12335.7 -324115 -0.00163203
12349.8 -326839 -0.00164762
12363.5 -329529 -0.00166323
12376.5 -332067 -0.00167816
12388.8 -334471 -0.00169251
12400.7 -336841 -0.00170687
12412.4 -339177 -0.00172124
12423.7 -341477 -0.00173564
12434.7 -343739 -0.00175005
12445.5 -345962 -0.00176449
12455.9 -348143 -0.00177895
12466.1 -350281 -0.00179342
12476 -352374 -0.00180792
12485.7 -354420 -0.00182243
12495.1 -356417 -0.00183695
12504.3 -358365 -0.00185149
12513.2 -360261 -0.00186604
12521.8 -362105 -0.00188059
12530.3 -363895 -0.00189516
12538.4 -365630 -0.00190973
12546.4 -367311 -0.00192431
12554.2 -368937 -0.0019389
12561.7 -370507 -0.0019535
12569 -372023 -0.0019681
12576.2 -373483 -0.00198272
12583.1 -374889 -0.00199735
12589.9 -376241 -0.00201199
12596.5 -377540 -0.00202665
12603 -378786 -0.00204133
12609.3 -379981 -0.00205603
12615.5 -381125 -0.00207075
12621.6 -382220 -0.00208549
12627.5 -383266 -0.00210026
12633.3 -384257 -0.00211491
12638.9 -385181 -0.00212927
12644.3 -386036 -0.00214317
12649.5 -386840 -0.00215689
12654.6 -387608 -0.00217063
12659.6 -388340 -0.00218437
12664.4 -389039 -0.00219813
12669.2 -389705 -0.00221191
12673.9 -390340 -0.00222571
12678.6 -390945 -0.00223952
12683.1 -391520 -0.00225335
12687.6 -392067 -0.0022672
12692 -392587 -0.00228105
12696.3 -393081 -0.00229492
12700.6 -393551 -0.0023088
12704.8 -393997 -0.00232268
12708.9 -394420 -0.00233657
12713 -394821 -0.00235046
12717 -395202 -0.00236435
12720.9 -395564 -0.00237825
12724.7 -395906 -0.00239214
12728.5 -396231 -0.00240603
12732.1 -396539 -0.00241995
12735.7 -396833 -0.00243389
12739.2 -397110 -0.00244784
12742.7 -397374 -0.00246178
12746 -397624 -0.00247573
12749.3 -397861 -0.00248967
12752.5 -398085 -0.00250357
12755.5 -398294 -0.0025172
12758.3 -398491 -0.00253079
12761.2 -398679 -0.00254438
12763.9 -398858 -0.00255797
12766.6 -399027 -0.00257155
12769.2 -399189 -0.00258513
12771.7 -399339 -0.00259843
12774.1 -399478 -0.00261136
12776.4 -399611 -0.0026243
12778.6 -399738 -0.00263723
12780.8 -399859 -0.00265016
12783 -399974 -0.00266309
12785.1 -400085 -0.00267602
12787.2 -400190 -0.00268896
12789.2 -400291 -0.00270191
12791.2 -400388 -0.00271486
12793.2 -400480 -0.00272782
12795.1 -400569 -0.0027408
12797 -400653 -0.00275378
12798.8 -400735 -0.00276677
12800.6 -400812 -0.00277978
12802.4 -400887 -0.00279279
12804.2 -400959 -0.00280583
12805.9 -401027 -0.00281887
12807.7 -401093 -0.00283193
12809.4 -401157 -0.00284501
12811 -401218 -0.0028581
12812.7 -401276 -0.00287121
12814.3 -401333 -0.00288434
12815.9 -401387 -0.00289748
12817.5 -401439 -0.00291064
12819.1 -401490 -0.00292382
12820.7 -401538 -0.00293701
12822.2 -401585 -0.00295022
12823.7 -401630 -0.00296345
12825.2 -401674 -0.00297669
12826.7 -401716 -0.00298996
12828.2 -401757 -0.00300324
12829.7 -401796 -0.00301653
12831.1 -401834 -0.00302985
12832.6 -401871 -0.00304318
12834 -401907 -0.00305652
12835.4 -401941 -0.00306989
12836.8 -401975 -0.00308327
12838.2 -402007 -0.00309666
12839.5 -402039 -0.00311007
12840.9 -402070 -0.0031235
12842.2 -402100 -0.00313694
12843.6 -402128 -0.0031504
12844.9 -402157 -0.00316387
12846.2 -402184 -0.00317735
12847.5 -402211 -0.00319085
12848.7 -402237 -0.00320436
12850 -402262 -0.00321789
12851.3 -402287 -0.00323142
12852.5 -402311 -0.00324497
12853.7 -402335 -0.00325853
12855 -402358 -0.0032721
12856.2 -402380 -0.00328568
12857.4 -402402 -0.00329927
12858.5 -402424 -0.00331287
12859.7 -402445 -0.00332648
12860.9 -402466 -0.00334012
12862 -402486 -0.00335376
12863.1 -402506 -0.00336742
12864.3 -402526 -0.00338108
12865.4 -402545 -0.00339474
12866.4 -402564 -0.00340841
12867.5 -402582 -0.00342209
12868.6 -402601 -0.00343577
12869.6 -402619 -0.00344945
12870.7 -402636 -0.00346314
12871.7 -402654 -0.00347683
12872.7 -402671 -0.00349052
12873.7 -402688 -0.00350421
12874.7 -402704 -0.0035179
12875.7 -402721 -0.00353159
12876.6 -402737 -0.00354528
12877.5 -402753 -0.00355896
12878.5 -402769 -0.00357265
12879.4 -402784 -0.00358633
12880.3 -402800 -0.00360001
12881.2 -402815 -0.00361369
12882 -402830 -0.00362736
12882.9 -402845 -0.00364103
12883.7 -402860 -0.0036547
12884.6 -402874 -0.00366836
12885.4 -402889 -0.00368202
12886.2 -402903 -0.00369567
12886.9 -402917 -0.00370931
12887.7 -402931 -0.00372295
12888.5 -402945 -0.00373659
12889.2 -402959 -0.00375022
12889.9 -402973 -0.00376384
12890.6 -402986 -0.00377746
12891.3 -403000 -0.00379107
12892 -403013 -0.00380468
12892.7 -403027 -0.00381829
12893.3 -403040 -0.00383189
12894 -403053 -0.00384548
12894.6 -403066 -0.00385907
12895.2 -403079 -0.00387266
12895.8 -403092 -0.00388624
12896.4 -403105 -0.00389982
12897 -403118 -0.00391339
12897.6 -403130 -0.00392697
12898.1 -403143 -0.00394054
12898.7 -403156 -0.0039541
12899.2 -403168 -0.00396767
12899.8 -403181 -0.00398123
12900.3 -403193 -0.00399475
12900.7 -403205 -0.00400769
12901.2 -403216 -0.00402062
12901.6 -403228 -0.00403355
12902 -403240 -0.00404647
12902.5 -403251 -0.00405939
12902.9 -403263 -0.00407231
12903.3 -403275 -0.00408523
12903.7 -403286 -0.00409814
12904.1 -403298 -0.00411105
12904.5 -403309 -0.00412396
12904.8 -403320 -0.00413687
12905.2 -403332 -0.00414978
12905.5 -403343 -0.00416269
12905.9 -403355 -0.0041756
12906.2 -403366 -0.00418851
12906.6 -403377 -0.00420142
12906.9 -403388 -0.00421434
12907.2 -403400 -0.00422725
12907.5 -403411 -0.00424017
12907.9 -403422 -0.00425309
12908.2 -403433 -0.00426601
12908.5 -403444 -0.00427893
12908.8 -403456 -0.00429186
12909 -403467 -0.00430479
12909.3 -403478 -0.00431773
12909.6 -403489 -0.00433067
12909.9 -403500 -0.00434361
12910.2 -403511 -0.00435656
12910.4 -403522 -0.00436951
12910.7 -403533 -0.00438247
12910.9 -403544 -0.00439543
12911.2 -403555 -0.0044084
12911.4 -403566 -0.00442137
12911.7 -403577 -0.00443435
12911.9 -403588 -0.00444733
12912.2 -403599 -0.00446032
12912.4 -403610 -0.00447331
12912.6 -403621 -0.00448631
12912.9 -403632 -0.00449932
12913.1 -403643 -0.00451233
12913.3 -403654 -0.00452535
12913.5 -403665 -0.00453837
12913.7 -403676 -0.0045514
12913.9 -403687 -0.00456444
12914.1 -403698 -0.00457748
12914.3 -403709 -0.00459053
12914.5 -403720 -0.00460359
12914.7 -403731 -0.00461665
12914.9 -403742 -0.00462972
12915.1 -403753 -0.00464279
12915.3 -403764 -0.00465587
12915.5 -403775 -0.00466896
12915.7 -403786 -0.00468206
12915.9 -403797 -0.00469516
12916 -403808 -0.00470827
12916.2 -403819 -0.00472139
12916.4 -403830 -0.00473451
12916.6 -403841 -0.00474764
12916.7 -403852 -0.00476078
12916.9 -403863 -0.00477392
12917 -403873 -0.00478707
12917.2 -403884 -0.00480023
12917.4 -403895 -0.00481339
12917.5 -403906 -0.00482656
12917.7 -403917 -0.00483974
12917.8 -403928 -0.00485293
12918 -403939 -0.00486612
12918.1 -403950 -0.00487932
12918.2 -403961 -0.00489253
12918.4 -403972 -0.00490574
12918.5 -403983 -0.00491896
12918.7 -403994 -0.00493219
12918.8 -404005 -0.00494542
12918.9 -404016 -0.00495867
12919.1 -404027 -0.00497192
12919.3 -404038 -0.00498519
12919.6 -404049 -0.00499852
12920.2 -404060 -0.00501191
12921.1 -404071 -0.0050254
12922.2 -404082 -0.00503896
12923.4 -404094 -0.00505257
12924.8 -404105 -0.00506622
12926.3 -404116 -0.00507991
12927.9 -404128 -0.00509365
12929.8 -404139 -0.00510748
12931.8 -404150 -0.00512134
12933.7 -404162 -0.0051352
12935.7 -404173 -0.00514907
12937.6 -404185 -0.00516295
12939.6 -404196 -0.00517687
12941.8 -404208 -0.00519084
12944.1 -404219 -0.00520485
12946.6 -404231 -0.00521894
12949.3 -404243 -0.00523307
12951.9 -404254 -0.00524721
12954.5 -404266 -0.00526135
12957.1 -404278 -0.00527551
12959.7 -404289 -0.00528968
12962.3 -404301 -0.00530385
12964.9 -404313 -0.00531804
12967.5 -404325 -0.00533223
12970.2 -404336 -0.00534647
12973 -404348 -0.00536076
12976 -404360 -0.00537509
12979.1 -404372 -0.0053895
12982.4 -404384 -0.00540395
12985.6 -404396 -0.00541841
12988.8 -404408 -0.005433
12992 -404420 -0.0054476
12995.2 -404432 -0.0054622
12998.4 -404444 -0.00547682
13001.6 -404456 -0.00549146
13004.8 -404468 -0.0055061
13008 -404480 -0.00552076
13011.2 -404492 -0.00553543
13014.4 -404504 -0.00555011
13017.6 -404516 -0.0055648
13020.9 -404528 -0.00557954
13024.2 -404540 -0.00559433
13027.7 -404553 -0.00560918
13031.3 -404565 -0.00562409
13035 -404577 -0.00563907
13038.8 -404590 -0.00565407
13042.5 -404602 -0.00566907
13046.3 -404614 -0.00568409
13050 -404627 -0.00569913
13053.7 -404639 -0.00571418
13057.5 -404651 -0.00572924
13061.2 -404664 -0.00574432
13064.9 -404676 -0.00575941
13068.7 -404689 -0.00577451
13072.4 -404701 -0.00578964
13076.1 -404714 -0.00580477
13079.8 -404726 -0.00581992
13083.5 -404738 -0.00583509
13087.2 -404751 -0.00585027
13090.9 -404763 -0.00586547
13094.6 -404776 -0.00588068
13098.4 -404789 -0.00589593
13102.2 -404801 -0.00591123
13106.1 -404814 -0.00592658
13110 -404826 -0.00594198
13114.2 -404839 -0.00595749
13118.4 -404852 -0.00597302
13122.6 -404865 -0.00598856
13126.8 -404878 -0.00600412
13130.9 -404890 -0.00601971
13135.1 -404903 -0.0060353
13139.3 -404916 -0.00605092
13143.5 -404929 -0.00606656
13147.6 -404942 -0.00608221
13151.8 -404955 -0.00609788
13155.9 -404968 -0.00611357
13160.1 -404981 -0.00612928
13164.3 -404993 -0.006145
13168.4 -405006 -0.00616075
13172.5 -405019 -0.00617652
13176.7 -405032 -0.0061923
13180.8 -405045 -0.0062081
13185 -405058 -0.00622392
13189.1 -405071 -0.00623977
13193.2 -405084 -0.00625563
13197.4 -405098 -0.00627151
13201.5 -405111 -0.00628741
13205.6 -405124 -0.00630333
13209.7 -405137 -0.00631928
13213.9 -405150 -0.00633527
13218.1 -405163 -0.00635131
13222.4 -405176 -0.00636741
13226.7 -405190 -0.00638357
13231.2 -405203 -0.00639983
13235.7 -405217 -0.00641612
13240.2 -405230 -0.00643244
13244.8 -405243 -0.00644878
13249.3 -405257 -0.00646514
13253.8 -405270 -0.00648153
13258.3 -405284 -0.00649794
13262.8 -405297 -0.00651437
13267.3 -405311 -0.00653083
13271.8 -405325 -0.00654731
13276.3 -405338 -0.00656381
13280.8 -405352 -0.00658034
13285.3 -405365 -0.00659689
13289.8 -405379 -0.00661347
13294.3 -405393 -0.00663007
13298.7 -405406 -0.0066467
13303.2 -405420 -0.00666335
13307.7 -405434 -0.00668002
13312.2 -405448 -0.00669672
13316.6 -405461 -0.00671344
13321.1 -405475 -0.00673019
13325.5 -405489 -0.00674697
13330 -405503 -0.00676377
13334.4 -405517 -0.00678059
13338.9 -405530 -0.00679744
13343.3 -405544 -0.00681432
13347.7 -405558 -0.00683122
13352.2 -405572 -0.00684815
13356.6 -405586 -0.0068651
13361 -405600 -0.00688208
13365.5 -405614 -0.00689908
13369.9 -405628 -0.00691611
13374.3 -405642 -0.0069332
13378.8 -405656 -0.00695034
13383.3 -405671 -0.00696754
13387.9 -405685 -0.0069848
13392.5 -405699 -0.00700212
13397.2 -405713 -0.00701958
13402 -405728 -0.00703704
13406.7 -405742 -0.00705453
13411.5 -405757 -0.00707204
13416.2 -405771 -0.00708959
13420.9 -405786 -0.00710716
13425.7 -405800 -0.00712476
13430.4 -405815 -0.00714239
13435.1 -405829 -0.00716005
13439.8 -405844 -0.00717774
13444.5 -405858 -0.00719546
13449.3 -405873 -0.0072132
13454 -405888 -0.00723098
13458.7 -405902 -0.00724878
13463.4 -405917 -0.00726662
13468.1 -405932 -0.00728448
13472.8 -405947 -0.00730237
13477.4 -405961 -0.00732029
13482.1 -405976 -0.00733824
13486.8 -405991 -0.00735622
13491.5 -406006 -0.00737422
13496.2 -406021 -0.00739226
13500.8 -406036 -0.00741033
13505.5 -406050 -0.00742842
13510.1 -406065 -0.00744655
13514.8 -406080 -0.0074647
13519.5 -406095 -0.00748288
13524.1 -406110 -0.0075011
13528.8 -406125 -0.00751934
13533.4 -406141 -0.00753761
13538 -406156 -0.00755591
13542.7 -406171 -0.00757424
13547.3 -406186 -0.0075926
13551.9 -406201 -0.00761098
13556.6 -406216 -0.0076294
13561.2 -406231 -0.00764785
13565.8 -406247 -0.00766633
13570.4 -406262 -0.00768483
13575 -406277 -0.00770337
13579.6 -406293 -0.00772193
13584.2 -406308 -0.00774052
13588.8 -406323 -0.00775915
13593.4 -406339 -0.00777781
13598 -406354 -0.00779653
13602.7 -406370 -0.00781532
13607.4 -406385 -0.00783417
13612.1 -406401 -0.00785309
13616.8 -406417 -0.00787206
13621.6 -406432 -0.00789118
13410.3 -406559 -0.00804457
13470.1 -406609 -0.00810503
13494.5 -406647 -0.00815071
