0 -453.597 -2.26119e-06
634.56 -9007.16 -4.4898e-05
1173.57 -16631.2 -8.28968e-05
1709.92 -24265.1 -0.00012094
2243.81 -31932.1 -0.000159145
2775.24 -39643.6 -0.000197566
3304.22 -47400.6 -0.00023621
3830.74 -55205.5 -0.000275088
4354.77 -63059.4 -0.000314205
4876.15 -70962 -0.000353561
5394.56 -78911.7 -0.000393146
5909.16 -86903.4 -0.000432936
6418.2 -94926.1 -0.000472875
6918.36 -102957 -0.000512851
7403.99 -110957 -0.000552667
7866.83 -118868 -0.000592036
8297.18 -126617 -0.000630595
8686.59 -134135 -0.000668001
9030.8 -141381 -0.000704046
9330.49 -148328 -0.000738606
9590.04 -154998 -0.000771782
9815.21 -161406 -0.000803654
10011.7 -167578 -0.000834351
10184.8 -173567 -0.000864135
10338.5 -179399 -0.000893139
10475.8 -185076 -0.000921378
10599.4 -190623 -0.000948964
10711.4 -196037 -0.000975897
10812.7 -201236 -0.00100176
10905.5 -206346 -0.00102719
10991.1 -211376 -0.00105223
11070.4 -216335 -0.00107692
11143.9 -221215 -0.00110123
11212.1 -225990 -0.00112503
11276 -230709 -0.00114857
11335.9 -235376 -0.00117186
11392.3 -239995 -0.00119494
11445.5 -244568 -0.00121782
11495.9 -249099 -0.00124051
11543.8 -253590 -0.00126305
11589.3 -258042 -0.00128543
11632.4 -262428 -0.00130753
11673.3 -266739 -0.0013293
11712.4 -271012 -0.00135095
11749.8 -275248 -0.00137248
11785.6 -279448 -0.00139391
11820.1 -283610 -0.00141525
11853.2 -287735 -0.0014365
11885.1 -291821 -0.00145768
11915.6 -295821 -0.00147854
11945 -299749 -0.00149917
11972.9 -303582 -0.00151947
11999.8 -307365 -0.00153968
12025.7 -311100 -0.00155983
12050.7 -314774 -0.00157987
12074.7 -318338 -0.00159955
12097.7 -321839 -0.00161914
12119.8 -325262 -0.00163857
12141.1 -328627 -0.00165797
12161.8 -331931 -0.00167736
12181.9 -335170 -0.00169672
12201.4 -338341 -0.00171607
12220.3 -341440 -0.00173541
12238.6 -344465 -0.00175474
12256.3 -347411 -0.00177406
12273.3 -350247 -0.00179319
12289.7 -352985 -0.00181221
12305.5 -355637 -0.00183124
12320.9 -358203 -0.00185027
12335.7 -360675 -0.00186927
12349.8 -363045 -0.00188819
12363.5 -365323 -0.00190712
12376.5 -367444 -0.00192549
12388.8 -369421 -0.00194334
12400.7 -371315 -0.00196121
12412.4 -373126 -0.0019791
12423.7 -374856 -0.001997
12434.7 -376505 -0.00201493
12445.5 -378075 -0.00203288
12455.9 -379565 -0.00205084
12466.1 -380979 -0.00206883
12476 -382318 -0.00208684
12485.7 -383583 -0.00210487
12495.1 -384777 -0.00212291
12504.3 -385902 -0.00214096
12513.2 -386962 -0.00215903
12521.8 -387958 -0.0021771
12530.3 -388893 -0.00219519
12538.4 -389770 -0.00221328
12546.4 -390592 -0.00223139
12554.2 -391363 -0.0022495
12561.7 -392083 -0.00226762
12569 -392758 -0.00228575
12576.2 -393388 -0.00230389
12583.1 -393977 -0.00232205
12589.9 -394528 -0.00234022
12596.5 -395042 -0.00235841
12603 -395522 -0.00237662
12609.3 -395971 -0.00239484
12615.5 -396389 -0.00241309
12621.6 -396781 -0.00243136
12627.5 -397146 -0.00244966
12633.3 -397485 -0.00246786
12638.9 -397796 -0.0024858
12644.3 -398082 -0.00250337
12649.5 -398347 -0.00252078
12654.6 -398595 -0.00253819
12659.6 -398826 -0.00255555
12664.4 -399044 -0.00257292
12669.2 -399248 -0.00259032
12673.9 -399440 -0.00260773
12678.6 -399620 -0.00262517
12683.1 -399789 -0.00264262
12687.6 -399948 -0.00266008
12692 -400098 -0.00267756
12696.3 -400238 -0.00269506
12700.6 -400371 -0.00271256
12704.8 -400496 -0.00273007
12708.9 -400614 -0.0027476
12713 -400724 -0.00276512
12717 -400829 -0.00278266
12720.9 -400928 -0.00280019
12724.7 -401021 -0.00281773
12728.5 -401110 -0.00283527
12732.1 -401193 -0.00285279
12735.7 -401272 -0.00287031
12739.2 -401347 -0.00288782
12742.7 -401419 -0.00290534
12746 -401486 -0.00292286
12749.3 -401550 -0.00294037
12752.5 -401611 -0.00295782
12755.5 -401668 -0.00297489
12758.3 -401722 -0.0029919
12761.2 -401774 -0.00300891
12763.9 -401823 -0.00302591
12766.6 -401870 -0.0030429
12769.2 -401916 -0.0030599
12771.7 -401958 -0.00307662
12774.1 -401999 -0.00309298
12776.4 -402037 -0.00310935
12778.6 -402075 -0.00312571
12780.8 -402111 -0.00314206
12783 -402145 -0.00315842
12785.1 -402179 -0.00317477
12787.2 -402211 -0.00319113
12789.2 -402243 -0.00320749
12791.2 -402273 -0.00322386
12793.2 -402303 -0.00324023
12795.1 -402331 -0.00325662
12797 -402359 -0.00327301
12798.8 -402386 -0.00328941
12800.6 -402413 -0.00330582
12802.4 -402439 -0.00332224
12804.2 -402464 -0.00333867
12805.9 -402488 -0.00335512
12807.7 -402512 -0.00337158
12809.4 -402536 -0.00338806
12811 -402559 -0.00340455
12812.7 -402581 -0.00342106
12814.3 -402603 -0.00343758
12815.9 -402625 -0.00345412
12817.5 -402646 -0.00347068
12819.1 -402667 -0.00348725
12820.7 -402687 -0.00350384
12822.2 -402707 -0.00352044
12823.7 -402727 -0.00353707
12825.2 -402747 -0.00355371
12826.7 -402766 -0.00357037
12828.2 -402785 -0.00358704
12829.7 -402804 -0.00360373
12831.1 -402822 -0.00362044
12832.6 -402841 -0.00363717
12834 -402859 -0.00365391
12835.4 -402877 -0.00367068
12836.8 -402894 -0.00368745
12838.2 -402912 -0.00370425
12839.5 -402929 -0.00372105
12840.9 -402947 -0.00373788
12842.2 -402964 -0.00375472
12843.6 -402981 -0.00377157
12844.9 -402997 -0.00378844
12846.2 -403014 -0.00380533
12847.5 -403030 -0.00382223
12848.7 -403047 -0.00383914
12850 -403063 -0.00385606
12851.3 -403079 -0.003873
12852.5 -403095 -0.00388995
12853.7 -403111 -0.00390691
12855 -403127 -0.00392389
12856.2 -403143 -0.00394087
12857.4 -403159 -0.00395786
12858.5 -403175 -0.00397486
12859.7 -403190 -0.00399188
12860.9 -403206 -0.00400892
12862 -403221 -0.00402597
12863.1 -403237 -0.00404302
12864.3 -403252 -0.00406009
12865.4 -403267 -0.00407716
12866.4 -403283 -0.00409423
12867.5 -403298 -0.00411131
12868.6 -403313 -0.00412839
12869.6 -403328 -0.00414548
12870.7 -403343 -0.00416257
12871.7 -403358 -0.00417966
12872.7 -403373 -0.00419676
12873.7 -403388 -0.00421385
12874.7 -403403 -0.00423095
12875.7 -403418 -0.00424804
12876.6 -403433 -0.00426514
12877.5 -403447 -0.00428223
12878.5 -403462 -0.00429932
12879.4 -403477 -0.00431641
12880.3 -403491 -0.00433349
12881.2 -403506 -0.00435057
12882 -403521 -0.00436765
12882.9 -403535 -0.00438472
12883.7 -403550 -0.00440179
12884.6 -403564 -0.00441886
12885.4 -403579 -0.00443591
12886.2 -403593 -0.00445297
12886.9 -403608 -0.00447001
12887.7 -403622 -0.00448705
12888.5 -403636 -0.00450409
12889.2 -403651 -0.00452112
12889.9 -403665 -0.00453814
12890.6 -403680 -0.00455516
12891.3 -403694 -0.00457217
12892 -403708 -0.00458917
12892.7 -403722 -0.00460617
12893.3 -403737 -0.00462316
12894 -403751 -0.00464015
12894.6 -403765 -0.00465713
12895.2 -403779 -0.00467411
12895.8 -403793 -0.00469108
12896.4 -403808 -0.00470804
12897 -403822 -0.004725
12897.6 -403836 -0.00474196
12898.1 -403850 -0.00475892
12898.7 -403864 -0.00477587
12899.2 -403878 -0.00479281
12899.8 -403892 -0.00480976
12900.3 -403906 -0.00482666
12900.7 -403920 -0.00484303
12901.2 -403934 -0.00485939
12901.6 -403947 -0.00487575
12902 -403961 -0.0048921
12902.5 -403974 -0.00490845
12902.9 -403988 -0.00492479
12903.3 -404001 -0.00494113
12903.7 -404015 -0.00495747
12904.1 -404028 -0.00497381
12904.5 -404042 -0.00499014
12904.8 -404056 -0.00500647
12905.2 -404069 -0.00502281
12905.5 -404083 -0.00503914
12905.9 -404096 -0.00505547
12906.2 -404110 -0.0050718
12906.6 -404123 -0.00508813
12906.9 -404137 -0.00510447
12907.2 -404150 -0.0051208
12907.5 -404164 -0.00513714
12907.9 -404177 -0.00515348
12908.2 -404191 -0.00516982
12908.5 -404204 -0.00518617
12908.8 -404218 -0.00520251
12909 -404231 -0.00521887
12909.3 -404245 -0.00523522
12909.6 -404258 -0.00525158
12909.9 -404271 -0.00526794
12910.2 -404285 -0.00528431
12910.4 -404298 -0.00530068
12910.7 -404312 -0.00531705
12910.9 -404325 -0.00533343
12911.2 -404339 -0.00534982
12911.4 -404353 -0.00536621
12911.7 -404366 -0.0053826
12911.9 -404380 -0.005399
12912.2 -404393 -0.00541541
12912.4 -404407 -0.00543182
12912.6 -404420 -0.00544824
12912.9 -404434 -0.00546466
12913.1 -404447 -0.00548109
12913.3 -404461 -0.00549753
12913.5 -404474 -0.00551397
12913.7 -404488 -0.00553042
12913.9 -404501 -0.00554687
12914.1 -404515 -0.00556334
12914.3 -404528 -0.0055798
12914.5 -404542 -0.00559628
12914.7 -404556 -0.00561276
12914.9 -404569 -0.00562925
12915.1 -404583 -0.00564574
12915.3 -404596 -0.00566224
12915.5 -404610 -0.00567875
12915.7 -404623 -0.00569527
12915.9 -404637 -0.00571179
12916 -404651 -0.00572832
12916.2 -404664 -0.00574485
12916.4 -404678 -0.0057614
12916.6 -404691 -0.00577794
12916.7 -404705 -0.0057945
12916.9 -404719 -0.00581107
12917 -404732 -0.00582764
12917.2 -404746 -0.00584422
12917.4 -404760 -0.0058608
12917.5 -404773 -0.00587739
12917.7 -404787 -0.00589399
12917.8 -404801 -0.0059106
12918 -404814 -0.00592721
12918.1 -404828 -0.00594384
12918.2 -404842 -0.00596046
12918.4 -404855 -0.0059771
12918.5 -404869 -0.00599374
12918.7 -404883 -0.00601039
12918.8 -404896 -0.00602705
12918.9 -404910 -0.00604372
12919.1 -404924 -0.00606039
12919.3 -404938 -0.00607709
12919.6 -404951 -0.00609384
12920.2 -404965 -0.00611066
12921.1 -404979 -0.00612758
12922.2 -404993 -0.00614458
12923.4 -405007 -0.00616162
12924.8 -405021 -0.0061787
12926.3 -405035 -0.00619583
12927.9 -405049 -0.00621302
12929.8 -405064 -0.00623029
12931.8 -405078 -0.00624759
12933.7 -405092 -0.00626489
12935.7 -405106 -0.00628221
12937.6 -405121 -0.00629953
12939.6 -405135 -0.00631689
12941.8 -405149 -0.00633431
12944.1 -405164 -0.00635177
12946.6 -405178 -0.00636931
12949.3 -405193 -0.00638689
12951.9 -405207 -0.00640448
12954.5 -405221 -0.00642208
12957.1 -405236 -0.00643969
12959.7 -405250 -0.00645731
12962.3 -405265 -0.00647494
12964.9 -405279 -0.00649258
12967.5 -405294 -0.00651024
12970.2 -405309 -0.00652793
12973 -405323 -0.00654568
12976 -405338 -0.00656347
12979.1 -405353 -0.00658134
12982.4 -405367 -0.00659925
12985.6 -405382 -0.00661718
12988.8 -405397 -0.00663521
12992 -405412 -0.00665326
12995.2 -405427 -0.00667131
12998.4 -405441 -0.00668938
13001.6 -405456 -0.00670746
13004.8 -405471 -0.00672555
13008 -405486 -0.00674365
13011.2 -405501 -0.00676177
13014.4 -405516 -0.0067799
13017.6 -405531 -0.00679804
13020.9 -405546 -0.00681623
13024.2 -405561 -0.00683447
13027.7 -405576 -0.00685276
13031.3 -405591 -0.00687113
13035 -405606 -0.00688956
13038.8 -405622 -0.00690801
13042.5 -405637 -0.00692647
13046.3 -405652 -0.00694494
13050 -405667 -0.00696343
13053.7 -405682 -0.00698194
13057.5 -405698 -0.00700045
13061.2 -405713 -0.00701899
13064.9 -405728 -0.00703754
13068.7 -405744 -0.0070561
13072.4 -405759 -0.00707468
13076.1 -405774 -0.00709327
13079.8 -405790 -0.00711188
13083.5 -405805 -0.00713051
13087.2 -405820 -0.00714915
13090.9 -405836 -0.0071678
13094.6 -405851 -0.00718647
13098.4 -405866 -0.00720518
13102.2 -405882 -0.00722394
13106.1 -405897 -0.00724275
13110 -405913 -0.00726162
13114.2 -405929 -0.00728058
13118.4 -405944 -0.00729958
13122.6 -405960 -0.00731859
13126.8 -405976 -0.00733762
13130.9 -405991 -0.00735667
13135.1 -406007 -0.00737573
13139.3 -406023 -0.00739482
13143.5 -406039 -0.00741392
13147.6 -406054 -0.00743305
13151.8 -406070 -0.00745219
13155.9 -406086 -0.00747135
13160.1 -406102 -0.00749053
13164.3 -406118 -0.00750973
13168.4 -406133 -0.00752895
13172.5 -406149 -0.00754818
13176.7 -406165 -0.00756744
13180.8 -406181 -0.00758672
13185 -406197 -0.00760602
13189.1 -406213 -0.00762533
13193.2 -406229 -0.00764467
13197.4 -406245 -0.00766403
13201.5 -406261 -0.00768341
13205.6 -406277 -0.00770281
13209.7 -406293 -0.00772223
13213.9 -406309 -0.0077417
13218.1 -406325 -0.00776122
13222.4 -406341 -0.0077808
13226.7 -406357 -0.00780044
13231.2 -406374 -0.00782017
13235.7 -406390 -0.00783995
13240.2 -406406 -0.00785976
13244.8 -406423 -0.00787959
13249.3 -406439 -0.00789944
13253.8 -406456 -0.00791931
13258.3 -406472 -0.00793921
13262.8 -406488 -0.00795913
13267.3 -406505 -0.00797908
13271.8 -406521 -0.00799905
13276.3 -406538 -0.00801905
13280.8 -406554 -0.00803907
13285.3 -406571 -0.00805912
13289.8 -406588 -0.00807919
13294.3 -406604 -0.00809929
13298.7 -406621 -0.00811941
13303.2 -406637 -0.00813956
13307.7 -406654 -0.00815973
13312.2 -406671 -0.00817993
13316.6 -406687 -0.00820015
13321.1 -406704 -0.0082204
13325.5 -406721 -0.00824067
13330 -406738 -0.00826097
13334.4 -406755 -0.0082813
13338.9 -406771 -0.00830166
13343.3 -406788 -0.00832203
13347.7 -406805 -0.00834244
13352.2 -406822 -0.00836287
13356.6 -406839 -0.00838333
13361 -406856 -0.00840382
13365.5 -406873 -0.00842433
13369.9 -406890 -0.00844487
13374.3 -406907 -0.00846545
13378.8 -406924 -0.0084861
13383.3 -406941 -0.00850681
13387.9 -406958 -0.00852758
13392.5 -406975 -0.00854841
13397.2 -406993 -0.00856936
13402 -407010 -0.00859034
13406.7 -407027 -0.00861134
13411.5 -407045 -0.00863238
13416.2 -407062 -0.00865344
13420.9 -407080 -0.00867453
13425.7 -407097 -0.00869566
13430.4 -407115 -0.00871681
13435.1 -407132 -0.00873799
13439.8 -407150 -0.0087592
13444.5 -407167 -0.00878044
13449.3 -407185 -0.00880171
13454 -407203 -0.00882301
13458.7 -407220 -0.00884434
13463.4 -407238 -0.00886569
13468.1 -407256 -0.00888708
13472.8 -407273 -0.0089085
13477.4 -407291 -0.00892995
13482.1 -407309 -0.00895142
13486.8 -407327 -0.00897293
13491.5 -407344 -0.00899447
13496.2 -407362 -0.00901603
13500.8 -407380 -0.00903763
13505.5 -407398 -0.00905925
13510.1 -407416 -0.00908091
13514.8 -407434 -0.0091026
13519.5 -407452 -0.00912431
13524.1 -407470 -0.00914606
13528.8 -407488 -0.00916783
13533.4 -407506 -0.00918963
13538 -407524 -0.00921147
13542.7 -407542 -0.00923333
13547.3 -407560 -0.00925523
13551.9 -407579 -0.00927715
13556.6 -407597 -0.0092991
13561.2 -407615 -0.00932109
13565.8 -407633 -0.0093431
13570.4 -407651 -0.00936514
13575 -407670 -0.00938721
13579.6 -407688 -0.00940932
13584.2 -407706 -0.00943145
13588.8 -407725 -0.00945361
13593.4 -407743 -0.00947581
13598 -407762 -0.00949806
13602.7 -407780 -0.00952038
13607.4 -407799 -0.00954276
13612.1 -407817 -0.0095652
13616.8 -407836 -0.00958771
13621.6 -407855 -0.00961034
13410.3 -407985 -0.0097675
13470.1 -408038 -0.00983159
13494.5 -408079 -0.00988091
