0 -453.597 -2.26119e-06
634.56 -9424.02 -4.69758e-05
1173.57 -17468.3 -8.70686e-05
1709.92 -25522 -0.000127204
2243.81 -33609.1 -0.000167501
2775.24 -41740.6 -0.000208013
3304.22 -49917.4 -0.000248747
3830.74 -58142 -0.000289714
4354.77 -66415.7 -0.000330921
4876.15 -74738.4 -0.000372366
5394.56 -83108.2 -0.00041404
5909.16 -91520.3 -0.00045592
6418.2 -99963.4 -0.000497949
6918.36 -108415 -0.000540016
7403.99 -116835 -0.00058192
7866.83 -125167 -0.00062338
8297.18 -133337 -0.000664029
8686.59 -141276 -0.000703524
9030.8 -148941 -0.000741656
9330.49 -156310 -0.000778309
9590.04 -163402 -0.000813584
9815.21 -170236 -0.00084757
10011.7 -176838 -0.000880404
10184.8 -183258 -0.000912332
10338.5 -189520 -0.000943478
10475.8 -195614 -0.000973793
10599.4 -201570 -0.00100343
10711.4 -207390 -0.00103238
10812.7 -213000 -0.00106031
10905.5 -218521 -0.00108781
10991.1 -223960 -0.00111491
11070.4 -229325 -0.00114166
11143.9 -234608 -0.00116802
11212.1 -239783 -0.00119388
11276 -244898 -0.00121947
11335.9 -249956 -0.00124481
11392.3 -254961 -0.00126994
11445.5 -259916 -0.00129486
11495.9 -264820 -0.0013196
11543.8 -269677 -0.00134418
11589.3 -274485 -0.0013686
11632.4 -279220 -0.00139275
11673.3 -283868 -0.00141658
11712.4 -288466 -0.00144028
11749.8 -293012 -0.00146387
11785.6 -297504 -0.00148736
11820.1 -301939 -0.00151075
11853.2 -306316 -0.00153405
11885.1 -310629 -0.00155728
11915.6 -314842 -0.00158025
11945 -318962 -0.00160302
11972.9 -322953 -0.00162543
11999.8 -326862 -0.00164775
12025.7 -330687 -0.00167002
12050.7 -334417 -0.00169218
12074.7 -338011 -0.00171404
12097.7 -341500 -0.00173578
12119.8 -344863 -0.00175732
12141.1 -348125 -0.00177883
12161.8 -351282 -0.00180032
12181.9 -354331 -0.00182179
12201.4 -357267 -0.00184325
12220.3 -360088 -0.00186469
12238.6 -362792 -0.00188613
12256.3 -365376 -0.00190757
12273.3 -367817 -0.0019288
12289.7 -370128 -0.00194992
12305.5 -372321 -0.00197104
12320.9 -374397 -0.00199217
12335.7 -376353 -0.00201324
12349.8 -378181 -0.00203413
12363.5 -379901 -0.00205503
12376.5 -381482 -0.00207548
12388.8 -382934 -0.00209549
12400.7 -384297 -0.00211552
12412.4 -385573 -0.00213557
12423.7 -386768 -0.00215563
12434.7 -387884 -0.00217572
12445.5 -388925 -0.00219583
12455.9 -389895 -0.00221596
12466.1 -390799 -0.00223612
12476 -391638 -0.00225629
12485.7 -392419 -0.00227648
12495.1 -393143 -0.00229669
12504.3 -393815 -0.00231691
12513.2 -394437 -0.00233715
12521.8 -395014 -0.0023574
12530.3 -395549 -0.00237765
12538.4 -396043 -0.00239792
12546.4 -396502 -0.0024182
12554.2 -396926 -0.00243848
12561.7 -397319 -0.00245878
12569 -397682 -0.00247909
12576.2 -398019 -0.00249941
12583.1 -398331 -0.00251975
12589.9 -398621 -0.0025401
12596.5 -398889 -0.00256046
12603 -399139 -0.00258085
12609.3 -399370 -0.00260126
12615.5 -399585 -0.00262168
12621.6 -399784 -0.00264213
12627.5 -399970 -0.00266261
12633.3 -400142 -0.00268301
12638.9 -400301 -0.0027032
12644.3 -400447 -0.00272308
12649.5 -400582 -0.00274284
12654.6 -400709 -0.00276259
12659.6 -400827 -0.00278221
12664.4 -400937 -0.00280185
12669.2 -401041 -0.00282152
12673.9 -401139 -0.00284121
12678.6 -401231 -0.00286091
12683.1 -401317 -0.00288064
12687.6 -401399 -0.00290038
12692 -401476 -0.00292014
12696.3 -401549 -0.00293991
12700.6 -401618 -0.0029597
12704.8 -401683 -0.0029795
12708.9 -401745 -0.00299931
12713 -401804 -0.00301913
12717 -401860 -0.00303896
12720.9 -401913 -0.00305879
12724.7 -401963 -0.00307863
12728.5 -402012 -0.00309847
12732.1 -402058 -0.00311826
12735.7 -402102 -0.00313799
12739.2 -402144 -0.00315773
12742.7 -402184 -0.00317748
12746 -402223 -0.00319722
12749.3 -402261 -0.00321696
12752.5 -402296 -0.00323662
12755.5 -402330 -0.00325577
12758.3 -402362 -0.00327484
12761.2 -402394 -0.00329391
12763.9 -402424 -0.00331298
12766.6 -402454 -0.00333203
12769.2 -402482 -0.00335108
12771.7 -402510 -0.00336987
12774.1 -402536 -0.00338832
12776.4 -402562 -0.00340676
12778.6 -402587 -0.0034252
12780.8 -402611 -0.00344363
12783 -402635 -0.00346205
12785.1 -402658 -0.00348048
12787.2 -402681 -0.0034989
12789.2 -402704 -0.00351733
12791.2 -402726 -0.00353576
12793.2 -402747 -0.00355419
12795.1 -402769 -0.00357263
12797 -402790 -0.00359107
12798.8 -402810 -0.00360953
12800.6 -402831 -0.00362799
12802.4 -402851 -0.00364646
12804.2 -402871 -0.00366495
12805.9 -402890 -0.00368344
12807.7 -402910 -0.00370195
12809.4 -402929 -0.00372048
12811 -402948 -0.00373901
12812.7 -402966 -0.00375757
12814.3 -402985 -0.00377613
12815.9 -403003 -0.00379471
12817.5 -403022 -0.00381331
12819.1 -403040 -0.00383193
12820.7 -403058 -0.00385056
12822.2 -403076 -0.00386921
12823.7 -403094 -0.00388788
12825.2 -403111 -0.00390656
12826.7 -403129 -0.00392526
12828.2 -403146 -0.00394398
12829.7 -403163 -0.00396271
12831.1 -403181 -0.00398147
12832.6 -403198 -0.00400024
12834 -403215 -0.00401902
12835.4 -403232 -0.00403783
12836.8 -403249 -0.00405665
12838.2 -403266 -0.00407549
12839.5 -403283 -0.00409434
12840.9 -403300 -0.00411321
12842.2 -403316 -0.00413209
12843.6 -403333 -0.004151
12844.9 -403350 -0.00416991
12846.2 -403366 -0.00418884
12847.5 -403383 -0.00420779
12848.7 -403399 -0.00422675
12850 -403416 -0.00424572
12851.3 -403432 -0.00426471
12852.5 -403449 -0.00428371
12853.7 -403465 -0.00430272
12855 -403481 -0.00432174
12856.2 -403498 -0.00434077
12857.4 -403514 -0.00435982
12858.5 -403530 -0.00437887
12859.7 -403546 -0.00439794
12860.9 -403563 -0.00441703
12862 -403579 -0.00443612
12863.1 -403595 -0.00445523
12864.3 -403611 -0.00447434
12865.4 -403628 -0.00449346
12866.4 -403644 -0.00451258
12867.5 -403660 -0.00453171
12868.6 -403676 -0.00455085
12869.6 -403692 -0.00456998
12870.7 -403708 -0.00458913
12871.7 -403724 -0.00460827
12872.7 -403740 -0.00462742
12873.7 -403756 -0.00464656
12874.7 -403772 -0.00466571
12875.7 -403788 -0.00468486
12876.6 -403804 -0.004704
12877.5 -403820 -0.00472315
12878.5 -403836 -0.00474229
12879.4 -403852 -0.00476143
12880.3 -403868 -0.00478057
12881.2 -403884 -0.0047997
12882 -403900 -0.00481883
12882.9 -403916 -0.00483795
12883.7 -403932 -0.00485707
12884.6 -403948 -0.00487618
12885.4 -403963 -0.00489529
12886.2 -403979 -0.00491439
12886.9 -403995 -0.00493349
12887.7 -404011 -0.00495258
12888.5 -404027 -0.00497166
12889.2 -404043 -0.00499073
12889.9 -404058 -0.0050098
12890.6 -404074 -0.00502886
12891.3 -404090 -0.00504791
12892 -404106 -0.00506696
12892.7 -404121 -0.005086
12893.3 -404137 -0.00510503
12894 -404153 -0.00512406
12894.6 -404168 -0.00514308
12895.2 -404184 -0.00516209
12895.8 -404200 -0.00518109
12896.4 -404216 -0.0052001
12897 -404231 -0.00521909
12897.6 -404247 -0.00523808
12898.1 -404263 -0.00525706
12898.7 -404278 -0.00527604
12899.2 -404294 -0.00529502
12899.8 -404309 -0.00531399
12900.3 -404325 -0.00533292
12900.7 -404340 -0.00535137
12901.2 -404355 -0.00536981
12901.6 -404371 -0.00538824
12902 -404386 -0.00540667
12902.5 -404401 -0.00542509
12902.9 -404416 -0.00544351
12903.3 -404431 -0.00546192
12903.7 -404447 -0.00548033
12904.1 -404462 -0.00549874
12904.5 -404477 -0.00551715
12904.8 -404492 -0.00553555
12905.2 -404507 -0.00555396
12905.5 -404522 -0.00557236
12905.9 -404537 -0.00559076
12906.2 -404553 -0.00560916
12906.6 -404568 -0.00562756
12906.9 -404583 -0.00564597
12907.2 -404598 -0.00566437
12907.5 -404613 -0.00568277
12907.9 -404628 -0.00570118
12908.2 -404643 -0.00571959
12908.5 -404659 -0.005738
12908.8 -404674 -0.00575642
12909 -404689 -0.00577483
12909.3 -404704 -0.00579325
12909.6 -404719 -0.00581168
12909.9 -404734 -0.00583011
12910.2 -404750 -0.00584854
12910.4 -404765 -0.00586698
12910.7 -404780 -0.00588542
12910.9 -404795 -0.00590386
12911.2 -404810 -0.00592231
12911.4 -404825 -0.00594077
12911.7 -404841 -0.00595923
12911.9 -404856 -0.0059777
12912.2 -404871 -0.00599617
12912.4 -404886 -0.00601465
12912.6 -404901 -0.00603313
12912.9 -404917 -0.00605162
12913.1 -404932 -0.00607012
12913.3 -404947 -0.00608862
12913.5 -404962 -0.00610712
12913.7 -404978 -0.00612564
12913.9 -404993 -0.00614416
12914.1 -405008 -0.00616269
12914.3 -405023 -0.00618122
12914.5 -405039 -0.00619976
12914.7 -405054 -0.00621831
12914.9 -405069 -0.00623686
12915.1 -405084 -0.00625542
12915.3 -405100 -0.00627399
12915.5 -405115 -0.00629257
12915.7 -405130 -0.00631115
12915.9 -405145 -0.00632974
12916 -405161 -0.00634833
12916.2 -405176 -0.00636694
12916.4 -405191 -0.00638555
12916.6 -405207 -0.00640416
12916.7 -405222 -0.00642279
12916.9 -405237 -0.00644142
12917 -405253 -0.00646006
12917.2 -405268 -0.00647871
12917.4 -405283 -0.00649736
12917.5 -405299 -0.00651602
12917.7 -405314 -0.00653469
12917.8 -405330 -0.00655337
12918 -405345 -0.00657205
12918.1 -405360 -0.00659074
12918.2 -405376 -0.00660944
12918.4 -405391 -0.00662815
12918.5 -405406 -0.00664686
12918.7 -405422 -0.00666558
12918.8 -405437 -0.00668431
12918.9 -405453 -0.00670304
12919.1 -405468 -0.00672179
12919.3 -405484 -0.00674056
12919.6 -405499 -0.00675938
12920.2 -405515 -0.00677828
12921.1 -405530 -0.00679728
12922.2 -405546 -0.00681635
12923.4 -405562 -0.00683548
12924.8 -405578 -0.00685465
12926.3 -405593 -0.00687387
12927.9 -405609 -0.00689314
12929.8 -405625 -0.0069125
12931.8 -405641 -0.00693189
12933.7 -405657 -0.00695128
12935.7 -405673 -0.00697069
12937.6 -405689 -0.00699011
12939.6 -405705 -0.00700956
12941.8 -405721 -0.00702907
12944.1 -405737 -0.00704863
12946.6 -405754 -0.00706827
12949.3 -405770 -0.00708796
12951.9 -405786 -0.00710765
12954.5 -405802 -0.00712735
12957.1 -405819 -0.00714707
12959.7 -405835 -0.00716679
12962.3 -405851 -0.00718652
12964.9 -405867 -0.00720627
12967.5 -405884 -0.00722602
12970.2 -405900 -0.00724583
12973 -405916 -0.00726568
12976 -405933 -0.00728558
12979.1 -405949 -0.00730557
12982.4 -405966 -0.00732559
12985.6 -405982 -0.00734563
12988.8 -405999 -0.00736576
12992 -406015 -0.00738589
12995.2 -406032 -0.00740604
12998.4 -406049 -0.00742621
13001.6 -406065 -0.00744638
13004.8 -406082 -0.00746657
13008 -406099 -0.00748677
13011.2 -406115 -0.00750698
13014.4 -406132 -0.00752721
13017.6 -406149 -0.00754745
13020.9 -406165 -0.00756773
13024.2 -406182 -0.00758807
13027.7 -406199 -0.00760846
13031.3 -406216 -0.00762892
13035 -406233 -0.00764946
13038.8 -406250 -0.00767001
13042.5 -406267 -0.00769057
13046.3 -406284 -0.00771115
13050 -406301 -0.00773174
13053.7 -406318 -0.00775235
13057.5 -406335 -0.00777297
13061.2 -406352 -0.00779361
13064.9 -406369 -0.00781426
13068.7 -406386 -0.00783493
13072.4 -406403 -0.00785562
13076.1 -406420 -0.00787632
13079.8 -406437 -0.00789703
13083.5 -406454 -0.00791777
13087.2 -406471 -0.00793851
13090.9 -406489 -0.00795928
13094.6 -406506 -0.00798006
13098.4 -406523 -0.00800087
13102.2 -406540 -0.00802174
13106.1 -406557 -0.00804266
13110 -406575 -0.00806364
13114.2 -406592 -0.00808472
13118.4 -406610 -0.00810583
13122.6 -406627 -0.00812695
13126.8 -406644 -0.0081481
13130.9 -406662 -0.00816927
13135.1 -406679 -0.00819045
13139.3 -406697 -0.00821165
13143.5 -406715 -0.00823287
13147.6 -406732 -0.00825412
13151.8 -406750 -0.00827538
13155.9 -406767 -0.00829666
13160.1 -406785 -0.00831796
13164.3 -406802 -0.00833928
13168.4 -406820 -0.00836062
13172.5 -406838 -0.00838198
13176.7 -406855 -0.00840336
13180.8 -406873 -0.00842476
13185 -406891 -0.00844618
13189.1 -406909 -0.00846763
13193.2 -406926 -0.00848909
13197.4 -406944 -0.00851057
13201.5 -406962 -0.00853208
13205.6 -406980 -0.0085536
13209.7 -406997 -0.00857515
13213.9 -407015 -0.00859675
13218.1 -407033 -0.0086184
13222.4 -407051 -0.00864011
13226.7 -407069 -0.00866188
13231.2 -407087 -0.00868374
13235.7 -407105 -0.00870566
13240.2 -407124 -0.0087276
13244.8 -407142 -0.00874956
13249.3 -407160 -0.00877155
13253.8 -407178 -0.00879357
13258.3 -407196 -0.00881561
13262.8 -407215 -0.00883767
13267.3 -407233 -0.00885976
13271.8 -407251 -0.00888187
13276.3 -407270 -0.00890401
13280.8 -407288 -0.00892618
13285.3 -407306 -0.00894837
13289.8 -407325 -0.00897059
13294.3 -407343 -0.00899283
13298.7 -407362 -0.0090151
13303.2 -407380 -0.00903739
13307.7 -407398 -0.00905971
13312.2 -407417 -0.00908206
13316.6 -407435 -0.00910443
13321.1 -407454 -0.00912683
13325.5 -407473 -0.00914926
13330 -407491 -0.00917171
13334.4 -407510 -0.00919419
13338.9 -407528 -0.0092167
13343.3 -407547 -0.00923923
13347.7 -407566 -0.00926179
13352.2 -407585 -0.00928438
13356.6 -407603 -0.009307
13361 -407622 -0.00932964
13365.5 -407641 -0.00935231
13369.9 -407660 -0.009375
13374.3 -407678 -0.00939775
13378.8 -407697 -0.00942055
13383.3 -407716 -0.00944341
13387.9 -407735 -0.00946634
13392.5 -407754 -0.00948933
13397.2 -407774 -0.00951244
13402 -407793 -0.00953558
13406.7 -407812 -0.00955875
13411.5 -407831 -0.00958196
13416.2 -407850 -0.00960519
13420.9 -407870 -0.00962845
13425.7 -407889 -0.00965175
13430.4 -407908 -0.00967507
13435.1 -407928 -0.00969842
13439.8 -407947 -0.00972181
13444.5 -407967 -0.00974522
13449.3 -407986 -0.00976867
13454 -408005 -0.00979214
13458.7 -408025 -0.00981565
13463.4 -408044 -0.00983918
13468.1 -408064 -0.00986275
13472.8 -408084 -0.00988634
13477.4 -408103 -0.00990997
13482.1 -408123 -0.00993362
13486.8 -408142 -0.00995731
13491.5 -408162 -0.00998103
13496.2 -408182 -0.0100048
13500.8 -408202 -0.0100286
13505.5 -408221 -0.0100524
13510.1 -408241 -0.0100762
13514.8 -408261 -0.0101001
13519.5 -408281 -0.010124
13524.1 -408301 -0.0101479
13528.8 -408321 -0.0101718
13533.4 -408340 -0.0101958
13538 -408360 -0.0102199
13542.7 -408380 -0.0102439
13547.3 -408400 -0.010268
13551.9 -408420 -0.0102921
13556.6 -408440 -0.0103162
13561.2 -408461 -0.0103404
13565.8 -408481 -0.0103646
13570.4 -408501 -0.0103888
13575 -408521 -0.0104131
13579.6 -408541 -0.0104374
13584.2 -408561 -0.0104617
13588.8 -408582 -0.0104861
13593.4 -408602 -0.0105105
13598 -408622 -0.0105349
13602.7 -408643 -0.0105594
13607.4 -408663 -0.010584
13612.1 -408683 -0.0106086
13616.8 -408704 -0.0106333
13621.6 -408725 -0.0106581
13410.3 -408857 -0.0108176
13470.1 -408912 -0.010884
13494.5 -408955 -0.0109356
