0 -453.597 -2.26119e-06
634.56 -9562.47 -4.76659e-05
1173.57 -17748.5 -8.84653e-05
1709.92 -25943.5 -0.000129304
2243.81 -34172.3 -0.000170307
2775.24 -42445.1 -0.000211523
3304.22 -50762.9 -0.000252959
3830.74 -59128.5 -0.000294627
4354.77 -67543.3 -0.000336536
4876.15 -76007.1 -0.000378683
5394.56 -84518.1 -0.00042106
5909.16 -93071.4 -0.000463642
6418.2 -101656 -0.000506373
6918.36 -110249 -0.000549142
7403.99 -118810 -0.000591749
7866.83 -127284 -0.000633911
8297.18 -135595 -0.000675262
8686.59 -143675 -0.000715458
9030.8 -151482 -0.000754291
9330.49 -158993 -0.000791651
9590.04 -166228 -0.000827635
9815.21 -173208 -0.000862349
10011.7 -179960 -0.000895934
10184.8 -186532 -0.00092862
10338.5 -192946 -0.000960521
10475.8 -199178 -0.000991523
10599.4 -205266 -0.00102182
10711.4 -211212 -0.00105141
10812.7 -216957 -0.00108002
10905.5 -222611 -0.00110819
10991.1 -228182 -0.00113596
11070.4 -233678 -0.00116338
11143.9 -239090 -0.00119042
11212.1 -244393 -0.00121694
11276 -249633 -0.00124319
11335.9 -254814 -0.00126919
11392.3 -259939 -0.00129498
11445.5 -265010 -0.00132056
11495.9 -270028 -0.00134596
11543.8 -274994 -0.00137119
11589.3 -279907 -0.00139627
11632.4 -284743 -0.00142108
11673.3 -289489 -0.00144557
11712.4 -294177 -0.00146995
11749.8 -298806 -0.0014942
11785.6 -303372 -0.00151835
11820.1 -307873 -0.00154241
11853.2 -312305 -0.00156638
11885.1 -316663 -0.00159027
11915.6 -320917 -0.00161396
11945 -325073 -0.00163749
11972.9 -329082 -0.00166062
11999.8 -332994 -0.00168367
12025.7 -336807 -0.00170666
12050.7 -340511 -0.00172956
12074.7 -344073 -0.0017522
12097.7 -347509 -0.00177472
12119.8 -350798 -0.00179697
12141.1 -353969 -0.0018192
12161.8 -357020 -0.00184141
12181.9 -359948 -0.0018636
12201.4 -362748 -0.00188578
12220.3 -365421 -0.00190795
12238.6 -367964 -0.00193011
12256.3 -370377 -0.00195227
12273.3 -372640 -0.00197421
12289.7 -374766 -0.00199605
12305.5 -376769 -0.00201788
12320.9 -378652 -0.00203972
12335.7 -380409 -0.00206146
12349.8 -382034 -0.00208293
12363.5 -383552 -0.00210442
12376.5 -384947 -0.00212557
12388.8 -386225 -0.00214635
12400.7 -387417 -0.00216715
12412.4 -388527 -0.00218797
12423.7 -389559 -0.00220881
12434.7 -390517 -0.00222968
12445.5 -391406 -0.00225056
12455.9 -392230 -0.00227147
12466.1 -392994 -0.0022924
12476 -393700 -0.00231336
12485.7 -394353 -0.00233433
12495.1 -394957 -0.00235532
12504.3 -395515 -0.00237632
12513.2 -396030 -0.00239734
12521.8 -396505 -0.00241837
12530.3 -396944 -0.00243942
12538.4 -397350 -0.00246047
12546.4 -397724 -0.00248154
12554.2 -398070 -0.00250261
12561.7 -398389 -0.0025237
12569 -398685 -0.0025448
12576.2 -398958 -0.00256591
12583.1 -399210 -0.00258704
12589.9 -399444 -0.00260818
12596.5 -399661 -0.00262934
12603 -399862 -0.00265052
12609.3 -400049 -0.00267172
12615.5 -400222 -0.00269294
12621.6 -400383 -0.00271419
12627.5 -400533 -0.00273546
12633.3 -400672 -0.00275667
12638.9 -400800 -0.00277771
12644.3 -400919 -0.00279853
12649.5 -401029 -0.00281926
12654.6 -401133 -0.00283995
12659.6 -401228 -0.00286046
12664.4 -401319 -0.00288099
12669.2 -401403 -0.00290154
12673.9 -401483 -0.00292212
12678.6 -401559 -0.00294271
12683.1 -401630 -0.00296333
12687.6 -401697 -0.00298396
12692 -401761 -0.00300462
12696.3 -401821 -0.00302529
12700.6 -401879 -0.00304597
12704.8 -401933 -0.00306668
12708.9 -401985 -0.00308739
12713 -402034 -0.00310812
12717 -402082 -0.00312885
12720.9 -402127 -0.0031496
12724.7 -402170 -0.00317035
12728.5 -402211 -0.00319111
12732.1 -402251 -0.00321178
12735.7 -402289 -0.00323235
12739.2 -402325 -0.00325293
12742.7 -402360 -0.00327351
12746 -402394 -0.0032941
12749.3 -402427 -0.00331468
12752.5 -402458 -0.00333516
12755.5 -402488 -0.003355
12758.3 -402517 -0.00337476
12761.2 -402545 -0.0033945
12763.9 -402572 -0.00341424
12766.6 -402598 -0.00343397
12769.2 -402624 -0.00345369
12771.7 -402649 -0.00347316
12774.1 -402673 -0.0034923
12776.4 -402697 -0.00351143
12778.6 -402720 -0.00353056
12780.8 -402742 -0.00354967
12783 -402764 -0.00356878
12785.1 -402786 -0.00358789
12787.2 -402808 -0.00360699
12789.2 -402829 -0.00362609
12791.2 -402849 -0.0036452
12793.2 -402870 -0.0036643
12795.1 -402890 -0.00368341
12797 -402910 -0.00370252
12798.8 -402930 -0.00372164
12800.6 -402949 -0.00374077
12802.4 -402969 -0.0037599
12804.2 -402988 -0.00377905
12805.9 -403007 -0.0037982
12807.7 -403026 -0.00381737
12809.4 -403044 -0.00383655
12811 -403063 -0.00385575
12812.7 -403081 -0.00387496
12814.3 -403099 -0.00389418
12815.9 -403118 -0.00391342
12817.5 -403136 -0.00393267
12819.1 -403154 -0.00395194
12820.7 -403171 -0.00397123
12822.2 -403189 -0.00399053
12823.7 -403207 -0.00400985
12825.2 -403224 -0.00402919
12826.7 -403242 -0.00404854
12828.2 -403259 -0.00406792
12829.7 -403276 -0.00408731
12831.1 -403294 -0.00410671
12832.6 -403311 -0.00412614
12834 -403328 -0.00414558
12835.4 -403345 -0.00416504
12836.8 -403362 -0.00418452
12838.2 -403379 -0.00420401
12839.5 -403396 -0.00422352
12840.9 -403413 -0.00424304
12842.2 -403430 -0.00426259
12843.6 -403447 -0.00428215
12844.9 -403464 -0.00430172
12846.2 -403481 -0.00432131
12847.5 -403498 -0.00434091
12848.7 -403515 -0.00436053
12850 -403531 -0.00438016
12851.3 -403548 -0.00439981
12852.5 -403565 -0.00441947
12853.7 -403582 -0.00443914
12855 -403598 -0.00445883
12856.2 -403615 -0.00447852
12857.4 -403632 -0.00449823
12858.5 -403648 -0.00451795
12859.7 -403665 -0.00453768
12860.9 -403681 -0.00455743
12862 -403698 -0.00457718
12863.1 -403715 -0.00459695
12864.3 -403731 -0.00461672
12865.4 -403748 -0.0046365
12866.4 -403764 -0.00465629
12867.5 -403781 -0.00467608
12868.6 -403797 -0.00469588
12869.6 -403814 -0.00471568
12870.7 -403831 -0.00473548
12871.7 -403847 -0.00475529
12872.7 -403864 -0.0047751
12873.7 -403880 -0.00479491
12874.7 -403896 -0.00481472
12875.7 -403913 -0.00483453
12876.6 -403929 -0.00485434
12877.5 -403946 -0.00487415
12878.5 -403962 -0.00489396
12879.4 -403979 -0.00491376
12880.3 -403995 -0.00493356
12881.2 -404012 -0.00495335
12882 -404028 -0.00497315
12882.9 -404044 -0.00499293
12883.7 -404061 -0.00501271
12884.6 -404077 -0.00503249
12885.4 -404093 -0.00505226
12886.2 -404110 -0.00507202
12886.9 -404126 -0.00509177
12887.7 -404142 -0.00511152
12888.5 -404159 -0.00513126
12889.2 -404175 -0.00515099
12889.9 -404191 -0.00517072
12890.6 -404208 -0.00519044
12891.3 -404224 -0.00521014
12892 -404240 -0.00522984
12892.7 -404256 -0.00524954
12893.3 -404273 -0.00526922
12894 -404289 -0.0052889
12894.6 -404305 -0.00530856
12895.2 -404321 -0.00532822
12895.8 -404337 -0.00534788
12896.4 -404354 -0.00536752
12897 -404370 -0.00538716
12897.6 -404386 -0.0054068
12898.1 -404402 -0.00542642
12898.7 -404418 -0.00544604
12899.2 -404434 -0.00546566
12899.8 -404451 -0.00548527
12900.3 -404467 -0.00550484
12900.7 -404482 -0.00552398
12901.2 -404498 -0.0055431
12901.6 -404514 -0.00556222
12902 -404530 -0.00558134
12902.5 -404545 -0.00560045
12902.9 -404561 -0.00561955
12903.3 -404577 -0.00563865
12903.7 -404593 -0.00565775
12904.1 -404608 -0.00567684
12904.5 -404624 -0.00569593
12904.8 -404640 -0.00571502
12905.2 -404655 -0.00573411
12905.5 -404671 -0.00575319
12905.9 -404687 -0.00577228
12906.2 -404703 -0.00579136
12906.6 -404718 -0.00581044
12906.9 -404734 -0.00582953
12907.2 -404750 -0.00584861
12907.5 -404765 -0.0058677
12907.9 -404781 -0.00588678
12908.2 -404797 -0.00590587
12908.5 -404812 -0.00592496
12908.8 -404828 -0.00594405
12909 -404844 -0.00596315
12909.3 -404860 -0.00598225
12909.6 -404875 -0.00600135
12909.9 -404891 -0.00602046
12910.2 -404907 -0.00603957
12910.4 -404922 -0.00605868
12910.7 -404938 -0.0060778
12910.9 -404954 -0.00609693
12911.2 -404970 -0.00611606
12911.4 -404985 -0.00613519
12911.7 -405001 -0.00615433
12911.9 -405017 -0.00617347
12912.2 -405033 -0.00619262
12912.4 -405048 -0.00621178
12912.6 -405064 -0.00623094
12912.9 -405080 -0.00625011
12913.1 -405096 -0.00626928
12913.3 -405112 -0.00628846
12913.5 -405127 -0.00630764
12913.7 -405143 -0.00632684
12913.9 -405159 -0.00634603
12914.1 -405175 -0.00636524
12914.3 -405190 -0.00638445
12914.5 -405206 -0.00640367
12914.7 -405222 -0.0064229
12914.9 -405238 -0.00644213
12915.1 -405254 -0.00646137
12915.3 -405270 -0.00648062
12915.5 -405285 -0.00649987
12915.7 -405301 -0.00651913
12915.9 -405317 -0.0065384
12916 -405333 -0.00655767
12916.2 -405349 -0.00657696
12916.4 -405365 -0.00659625
12916.6 -405381 -0.00661554
12916.7 -405397 -0.00663485
12916.9 -405413 -0.00665416
12917 -405428 -0.00667348
12917.2 -405444 -0.00669281
12917.4 -405460 -0.00671214
12917.5 -405476 -0.00673148
12917.7 -405492 -0.00675083
12917.8 -405508 -0.00677019
12918 -405524 -0.00678956
12918.1 -405540 -0.00680893
12918.2 -405556 -0.00682831
12918.4 -405572 -0.0068477
12918.5 -405588 -0.00686709
12918.7 -405604 -0.00688649
12918.8 -405620 -0.00690591
12918.9 -405636 -0.00692532
12919.1 -405652 -0.00694475
12919.3 -405668 -0.00696421
12919.6 -405684 -0.00698372
12920.2 -405700 -0.0070033
12921.1 -405716 -0.00702299
12922.2 -405733 -0.00704276
12923.4 -405749 -0.00706258
12924.8 -405765 -0.00708244
12926.3 -405782 -0.00710236
12927.9 -405798 -0.00712233
12929.8 -405815 -0.0071424
12931.8 -405831 -0.00716249
12933.7 -405848 -0.00718259
12935.7 -405864 -0.0072027
12937.6 -405881 -0.00722283
12939.6 -405898 -0.00724299
12941.8 -405914 -0.0072632
12944.1 -405931 -0.00728347
12946.6 -405948 -0.00730383
12949.3 -405965 -0.00732422
12951.9 -405981 -0.00734463
12954.5 -405998 -0.00736505
12957.1 -406015 -0.00738548
12959.7 -406032 -0.00740592
12962.3 -406049 -0.00742637
12964.9 -406066 -0.00744683
12967.5 -406083 -0.0074673
12970.2 -406099 -0.00748782
12973 -406116 -0.0075084
12976 -406133 -0.00752902
12979.1 -406151 -0.00754973
12982.4 -406168 -0.00757048
12985.6 -406185 -0.00759125
12988.8 -406202 -0.00761208
12992 -406219 -0.00763293
12995.2 -406236 -0.00765378
12998.4 -406254 -0.00767465
13001.6 -406271 -0.00769553
13004.8 -406288 -0.00771643
13008 -406305 -0.00773734
13011.2 -406323 -0.00775826
13014.4 -406340 -0.0077792
13017.6 -406357 -0.00780015
13020.9 -406374 -0.00782114
13024.2 -406392 -0.00784219
13027.7 -406409 -0.00786329
13031.3 -406427 -0.00788446
13035 -406444 -0.00790571
13038.8 -406462 -0.00792698
13042.5 -406479 -0.00794826
13046.3 -406497 -0.00796955
13050 -406515 -0.00799086
13053.7 -406532 -0.00801218
13057.5 -406550 -0.00803352
13061.2 -406567 -0.00805488
13064.9 -406585 -0.00807625
13068.7 -406603 -0.00809764
13072.4 -406620 -0.00811904
13076.1 -406638 -0.00814046
13079.8 -406656 -0.0081619
13083.5 -406674 -0.00818335
13087.2 -406691 -0.00820482
13090.9 -406709 -0.0082263
13094.6 -406727 -0.0082478
13098.4 -406745 -0.00826934
13102.2 -406763 -0.00829093
13106.1 -406780 -0.00831257
13110 -406798 -0.00833428
13114.2 -406816 -0.00835608
13118.4 -406834 -0.00837791
13122.6 -406852 -0.00839977
13126.8 -406871 -0.00842165
13130.9 -406889 -0.00844354
13135.1 -406907 -0.00846545
13139.3 -406925 -0.00848739
13143.5 -406943 -0.00850934
13147.6 -406961 -0.00853132
13151.8 -406979 -0.00855331
13155.9 -406998 -0.00857532
13160.1 -407016 -0.00859736
13164.3 -407034 -0.00861941
13168.4 -407052 -0.00864149
13172.5 -407071 -0.00866358
13176.7 -407089 -0.0086857
13180.8 -407107 -0.00870784
13185 -407126 -0.00873
13189.1 -407144 -0.00875218
13193.2 -407162 -0.00877438
13197.4 -407181 -0.0087966
13201.5 -407199 -0.00881885
13205.6 -407217 -0.00884112
13209.7 -407236 -0.00886341
13213.9 -407254 -0.00888574
13218.1 -407273 -0.00890813
13222.4 -407292 -0.00893058
13226.7 -407310 -0.00895309
13231.2 -407329 -0.0089757
13235.7 -407348 -0.00899837
13240.2 -407366 -0.00902106
13244.8 -407385 -0.00904377
13249.3 -407404 -0.00906652
13253.8 -407423 -0.00908928
13258.3 -407442 -0.00911208
13262.8 -407461 -0.00913489
13267.3 -407480 -0.00915774
13271.8 -407499 -0.00918061
13276.3 -407518 -0.0092035
13280.8 -407537 -0.00922643
13285.3 -407556 -0.00924937
13289.8 -407575 -0.00927235
13294.3 -407594 -0.00929535
13298.7 -407613 -0.00931838
13303.2 -407632 -0.00934143
13307.7 -407651 -0.00936452
13312.2 -407670 -0.00938763
13316.6 -407689 -0.00941076
13321.1 -407708 -0.00943393
13325.5 -407728 -0.00945712
13330 -407747 -0.00948034
13334.4 -407766 -0.00950358
13338.9 -407785 -0.00952686
13343.3 -407805 -0.00955016
13347.7 -407824 -0.00957349
13352.2 -407843 -0.00959684
13356.6 -407863 -0.00962023
13361 -407882 -0.00964364
13365.5 -407902 -0.00966708
13369.9 -407921 -0.00969055
13374.3 -407941 -0.00971406
13378.8 -407960 -0.00973763
13383.3 -407980 -0.00976127
13387.9 -407999 -0.00978497
13392.5 -408019 -0.00980873
13397.2 -408039 -0.0098326
13402 -408059 -0.00985653
13406.7 -408079 -0.00988048
13411.5 -408099 -0.00990447
13416.2 -408119 -0.00992849
13420.9 -408139 -0.00995253
13425.7 -408159 -0.00997661
13430.4 -408179 -0.0100007
13435.1 -408199 -0.0100249
13439.8 -408219 -0.010049
13444.5 -408239 -0.0100732
13449.3 -408259 -0.0100975
13454 -408279 -0.0101217
13458.7 -408299 -0.010146
13463.4 -408319 -0.0101704
13468.1 -408340 -0.0101947
13472.8 -408360 -0.0102191
13477.4 -408380 -0.0102435
13482.1 -408400 -0.010268
13486.8 -408421 -0.0102924
13491.5 -408441 -0.010317
13496.2 -408461 -0.0103415
13500.8 -408482 -0.0103661
13505.5 -408502 -0.0103907
13510.1 -408523 -0.0104153
13514.8 -408543 -0.01044
13519.5 -408564 -0.0104647
13524.1 -408584 -0.0104894
13528.8 -408605 -0.0105142
13533.4 -408626 -0.0105389
13538 -408646 -0.0105638
13542.7 -408667 -0.0105886
13547.3 -408687 -0.0106135
13551.9 -408708 -0.0106384
13556.6 -408729 -0.0106633
13561.2 -408750 -0.0106883
13565.8 -408770 -0.0107133
13570.4 -408791 -0.0107384
13575 -408812 -0.0107634
13579.6 -408833 -0.0107885
13584.2 -408854 -0.0108136
13588.8 -408875 -0.0108388
13593.4 -408896 -0.010864
13598 -408917 -0.0108892
13602.7 -408938 -0.0109145
13607.4 -408959 -0.0109399
13612.1 -408980 -0.0109653
13616.8 -409001 -0.0109908
13621.6 -409023 -0.0110164
13410.3 -409156 -0.011177
13470.1 -409212 -0.0112443
13494.5 -409256 -0.0112968
