0 -453.597 -2.26119e-06
634.56 -9420.15 -4.69565e-05
1173.57 -17467.1 -8.70629e-05
1709.92 -25522.6 -0.000127207
2243.81 -33611.9 -0.000167515
2775.24 -41745 -0.000208035
3304.22 -49922.7 -0.000248774
3830.74 -58148.1 -0.000289744
4354.77 -66422.7 -0.000330955
4876.15 -74746.3 -0.000372405
5394.56 -83117.1 -0.000414084
5909.16 -91530.2 -0.000455969
6418.2 -99974.3 -0.000498004
6918.36 -108427 -0.000540076
7403.99 -116848 -0.000581985
7866.83 -125181 -0.00062345
8297.18 -133352 -0.000664103
8686.59 -141291 -0.000703601
9030.8 -148957 -0.000741735
9330.49 -156329 -0.000778401
9590.04 -163425 -0.000813696
9815.21 -170270 -0.000847738
10011.7 -176892 -0.000880674
10184.8 -183335 -0.000912718
10338.5 -189620 -0.000943975
10475.8 -195709 -0.000974266
10599.4 -201649 -0.00100382
10711.4 -207443 -0.00103265
10812.7 -213045 -0.00106054
10905.5 -218556 -0.00108798
10991.1 -223984 -0.00111503
11070.4 -229338 -0.00114172
11143.9 -234608 -0.00116803
11212.1 -239770 -0.00119381
11276 -244870 -0.00121933
11335.9 -249913 -0.00124459
11392.3 -254902 -0.00126964
11445.5 -259840 -0.00129448
11495.9 -264728 -0.00131914
11543.8 -269567 -0.00134362
11589.3 -274358 -0.00136795
11632.4 -279078 -0.00139202
11673.3 -283715 -0.00141579
11712.4 -288301 -0.00143943
11749.8 -292835 -0.00146295
11785.6 -297316 -0.00148637
11820.1 -301740 -0.00150969
11853.2 -306106 -0.00153293
11885.1 -310409 -0.00155609
11915.6 -314631 -0.00157909
11945 -318774 -0.00160198
11972.9 -322777 -0.00162444
11999.8 -326697 -0.00164681
12025.7 -330535 -0.00166912
12050.7 -334280 -0.00169136
12074.7 -337907 -0.0017134
12097.7 -341420 -0.00173528
12119.8 -344792 -0.00175686
12141.1 -348062 -0.00177841
12161.8 -351227 -0.00179994
12181.9 -354283 -0.00182145
12201.4 -357227 -0.00184295
12220.3 -360055 -0.00186444
12238.6 -362766 -0.00188592
12256.3 -365356 -0.0019074
12273.3 -367802 -0.00192866
12289.7 -370116 -0.00194981
12305.5 -372312 -0.00197095
12320.9 -374391 -0.0019921
12335.7 -376343 -0.00201313
12349.8 -378151 -0.00203378
12363.5 -379854 -0.00205444
12376.5 -381437 -0.00207489
12388.8 -382902 -0.00209504
12400.7 -384277 -0.00211522
12412.4 -385564 -0.00213541
12423.7 -386767 -0.00215563
12434.7 -387892 -0.00217587
12445.5 -388940 -0.00219613
12455.9 -389916 -0.00221642
12466.1 -390825 -0.00223673
12476 -391669 -0.00225706
12485.7 -392453 -0.00227741
12495.1 -393180 -0.00229778
12504.3 -393855 -0.00231817
12513.2 -394479 -0.00233858
12521.8 -395058 -0.00235899
12530.3 -395593 -0.00237942
12538.4 -396089 -0.00239986
12546.4 -396547 -0.00242032
12554.2 -396972 -0.00244078
12561.7 -397364 -0.00246126
12569 -397728 -0.00248175
12576.2 -398064 -0.00250225
12583.1 -398376 -0.00252277
12589.9 -398665 -0.00254331
12596.5 -398932 -0.00256386
12603 -399180 -0.00258444
12609.3 -399411 -0.00260503
12615.5 -399625 -0.00262565
12621.6 -399823 -0.00264629
12627.5 -400008 -0.00266695
12633.3 -400179 -0.00268758
12638.9 -400338 -0.00270808
12644.3 -400484 -0.00272844
12649.5 -400621 -0.00274873
12654.6 -400748 -0.00276897
12659.6 -400865 -0.00278897
12664.4 -400976 -0.00280898
12669.2 -401079 -0.00282902
12673.9 -401176 -0.00284908
12678.6 -401267 -0.00286917
12683.1 -401353 -0.00288927
12687.6 -401435 -0.0029094
12692 -401511 -0.00292955
12696.3 -401583 -0.00294972
12700.6 -401652 -0.0029699
12704.8 -401717 -0.00299011
12708.9 -401778 -0.00301033
12713 -401836 -0.00303056
12717 -401892 -0.00305081
12720.9 -401944 -0.00307107
12724.7 -401995 -0.00309134
12728.5 -402043 -0.00311162
12732.1 -402088 -0.00313177
12735.7 -402131 -0.00315178
12739.2 -402173 -0.00317179
12742.7 -402213 -0.00319181
12746 -402251 -0.00321184
12749.3 -402288 -0.00323187
12752.5 -402323 -0.00325176
12755.5 -402356 -0.0032709
12758.3 -402387 -0.00328994
12761.2 -402418 -0.00330896
12763.9 -402447 -0.00332797
12766.6 -402476 -0.00334697
12769.2 -402504 -0.00336597
12771.7 -402531 -0.00338472
12774.1 -402557 -0.00340315
12776.4 -402582 -0.00342158
12778.6 -402606 -0.00343999
12780.8 -402630 -0.00345839
12783 -402654 -0.00347678
12785.1 -402677 -0.00349517
12787.2 -402699 -0.00351355
12789.2 -402721 -0.00353193
12791.2 -402743 -0.00355031
12793.2 -402764 -0.00356868
12795.1 -402785 -0.00358706
12797 -402806 -0.00360544
12798.8 -402826 -0.00362383
12800.6 -402846 -0.00364222
12802.4 -402866 -0.00366062
12804.2 -402886 -0.00367902
12805.9 -402905 -0.00369744
12807.7 -402924 -0.00371587
12809.4 -402943 -0.00373431
12811 -402962 -0.00375276
12812.7 -402980 -0.00377123
12814.3 -402999 -0.00378971
12815.9 -403017 -0.0038082
12817.5 -403035 -0.00382671
12819.1 -403053 -0.00384523
12820.7 -403071 -0.00386378
12822.2 -403088 -0.00388233
12823.7 -403106 -0.00390091
12825.2 -403123 -0.0039195
12826.7 -403141 -0.00393811
12828.2 -403158 -0.00395674
12829.7 -403175 -0.00397538
12831.1 -403192 -0.00399404
12832.6 -403209 -0.00401272
12834 -403226 -0.00403142
12835.4 -403243 -0.00405014
12836.8 -403260 -0.00406887
12838.2 -403277 -0.00408762
12839.5 -403293 -0.00410638
12840.9 -403310 -0.00412517
12842.2 -403327 -0.00414397
12843.6 -403343 -0.00416278
12844.9 -403360 -0.00418162
12846.2 -403376 -0.00420047
12847.5 -403393 -0.00421933
12848.7 -403409 -0.00423821
12850 -403426 -0.0042571
12851.3 -403442 -0.00427601
12852.5 -403458 -0.00429493
12853.7 -403475 -0.00431386
12855 -403491 -0.00433281
12856.2 -403507 -0.00435177
12857.4 -403523 -0.00437074
12858.5 -403539 -0.00438972
12859.7 -403556 -0.00440872
12860.9 -403572 -0.00442772
12862 -403588 -0.00444674
12863.1 -403604 -0.00446577
12864.3 -403620 -0.0044848
12865.4 -403636 -0.00450385
12866.4 -403652 -0.00452289
12867.5 -403668 -0.00454195
12868.6 -403684 -0.00456101
12869.6 -403700 -0.00458007
12870.7 -403716 -0.00459914
12871.7 -403732 -0.00461821
12872.7 -403748 -0.00463728
12873.7 -403764 -0.00465636
12874.7 -403780 -0.00467543
12875.7 -403796 -0.00469451
12876.6 -403812 -0.00471358
12877.5 -403828 -0.00473266
12878.5 -403844 -0.00475173
12879.4 -403860 -0.00477079
12880.3 -403876 -0.00478986
12881.2 -403892 -0.00480892
12882 -403908 -0.00482797
12882.9 -403923 -0.00484702
12883.7 -403939 -0.00486607
12884.6 -403955 -0.0048851
12885.4 -403971 -0.00490413
12886.2 -403987 -0.00492316
12886.9 -404002 -0.00494217
12887.7 -404018 -0.00496118
12888.5 -404034 -0.00498018
12889.2 -404049 -0.00499917
12889.9 -404065 -0.00501815
12890.6 -404081 -0.00503712
12891.3 -404097 -0.00505609
12892 -404112 -0.00507504
12892.7 -404128 -0.00509399
12893.3 -404144 -0.00511292
12894 -404159 -0.00513185
12894.6 -404175 -0.00515077
12895.2 -404190 -0.00516968
12895.8 -404206 -0.00518858
12896.4 -404222 -0.00520747
12897 -404237 -0.00522635
12897.6 -404253 -0.00524523
12898.1 -404268 -0.0052641
12898.7 -404284 -0.00528296
12899.2 -404299 -0.00530182
12899.8 -404315 -0.00532067
12900.3 -404330 -0.00533948
12900.7 -404346 -0.0053579
12901.2 -404361 -0.00537632
12901.6 -404376 -0.00539473
12902 -404391 -0.00541313
12902.5 -404406 -0.00543153
12902.9 -404421 -0.00544992
12903.3 -404437 -0.00546831
12903.7 -404452 -0.00548669
12904.1 -404467 -0.00550507
12904.5 -404482 -0.00552344
12904.8 -404497 -0.00554182
12905.2 -404512 -0.00556019
12905.5 -404527 -0.00557855
12905.9 -404542 -0.00559692
12906.2 -404558 -0.00561528
12906.6 -404573 -0.00563365
12906.9 -404588 -0.00565201
12907.2 -404603 -0.00567038
12907.5 -404618 -0.00568875
12907.9 -404633 -0.00570711
12908.2 -404648 -0.00572548
12908.5 -404663 -0.00574385
12908.8 -404679 -0.00576222
12909 -404694 -0.0057806
12909.3 -404709 -0.00579898
12909.6 -404724 -0.00581736
12909.9 -404739 -0.00583575
12910.2 -404754 -0.00585413
12910.4 -404769 -0.00587253
12910.7 -404784 -0.00589093
12910.9 -404800 -0.00590933
12911.2 -404815 -0.00592773
12911.4 -404830 -0.00594615
12911.7 -404845 -0.00596456
12911.9 -404860 -0.00598299
12912.2 -404875 -0.00600141
12912.4 -404890 -0.00601985
12912.6 -404906 -0.00603829
12912.9 -404921 -0.00605673
12913.1 -404936 -0.00607518
12913.3 -404951 -0.00609364
12913.5 -404966 -0.0061121
12913.7 -404982 -0.00613057
12913.9 -404997 -0.00614905
12914.1 -405012 -0.00616754
12914.3 -405027 -0.00618603
12914.5 -405042 -0.00620452
12914.7 -405058 -0.00622303
12914.9 -405073 -0.00624154
12915.1 -405088 -0.00626006
12915.3 -405103 -0.00627859
12915.5 -405119 -0.00629712
12915.7 -405134 -0.00631566
12915.9 -405149 -0.00633421
12916 -405164 -0.00635276
12916.2 -405180 -0.00637132
12916.4 -405195 -0.00638989
12916.6 -405210 -0.00640847
12916.7 -405226 -0.00642706
12916.9 -405241 -0.00644565
12917 -405256 -0.00646425
12917.2 -405271 -0.00648286
12917.4 -405287 -0.00650147
12917.5 -405302 -0.0065201
12917.7 -405317 -0.00653873
12917.8 -405333 -0.00655737
12918 -405348 -0.00657602
12918.1 -405364 -0.00659467
12918.2 -405379 -0.00661333
12918.4 -405394 -0.006632
12918.5 -405410 -0.00665068
12918.7 -405425 -0.00666937
12918.8 -405440 -0.00668806
12918.9 -405456 -0.00670676
12919.1 -405471 -0.00672547
12919.3 -405487 -0.00674421
12919.6 -405502 -0.00676301
12920.2 -405518 -0.00678188
12921.1 -405533 -0.00680086
12922.2 -405549 -0.00681993
12923.4 -405565 -0.00683904
12924.8 -405581 -0.0068582
12926.3 -405596 -0.00687742
12927.9 -405612 -0.00689669
12929.8 -405628 -0.00691606
12931.8 -405644 -0.00693545
12933.7 -405660 -0.00695486
12935.7 -405676 -0.00697428
12937.6 -405692 -0.00699371
12939.6 -405708 -0.00701318
12941.8 -405724 -0.0070327
12944.1 -405740 -0.00705228
12946.6 -405757 -0.00707194
12949.3 -405773 -0.00709166
12951.9 -405789 -0.00711138
12954.5 -405805 -0.00713111
12957.1 -405822 -0.00715086
12959.7 -405838 -0.00717061
12962.3 -405854 -0.00719038
12964.9 -405871 -0.00721016
12967.5 -405887 -0.00722995
12970.2 -405903 -0.00724979
12973 -405920 -0.00726969
12976 -405936 -0.00728963
12979.1 -405953 -0.00730967
12982.4 -405969 -0.00732975
12985.6 -405986 -0.00734984
12988.8 -406002 -0.00736998
12992 -406019 -0.00739013
12995.2 -406036 -0.0074103
12998.4 -406052 -0.00743047
13001.6 -406069 -0.00745066
13004.8 -406085 -0.00747087
13008 -406102 -0.00749109
13011.2 -406119 -0.00751132
13014.4 -406136 -0.00753156
13017.6 -406152 -0.00755182
13020.9 -406169 -0.00757213
13024.2 -406186 -0.00759248
13027.7 -406203 -0.0076129
13031.3 -406220 -0.00763337
13035 -406237 -0.00765395
13038.8 -406253 -0.00767453
13042.5 -406270 -0.00769512
13046.3 -406287 -0.00771573
13050 -406305 -0.00773636
13053.7 -406322 -0.007757
13057.5 -406339 -0.00777766
13061.2 -406356 -0.00779833
13064.9 -406373 -0.00781902
13068.7 -406390 -0.00783973
13072.4 -406407 -0.00786045
13076.1 -406424 -0.00788119
13079.8 -406441 -0.00790195
13083.5 -406458 -0.00792272
13087.2 -406476 -0.00794351
13090.9 -406493 -0.00796432
13094.6 -406510 -0.00798514
13098.4 -406527 -0.008006
13102.2 -406544 -0.00802691
13106.1 -406562 -0.00804788
13110 -406579 -0.0080689
13114.2 -406597 -0.00809003
13118.4 -406614 -0.00811119
13122.6 -406632 -0.00813238
13126.8 -406649 -0.00815358
13130.9 -406667 -0.00817481
13135.1 -406684 -0.00819605
13139.3 -406702 -0.00821732
13143.5 -406719 -0.00823861
13147.6 -406737 -0.00825991
13151.8 -406754 -0.00828124
13155.9 -406772 -0.00830259
13160.1 -406790 -0.00832395
13164.3 -406807 -0.00834534
13168.4 -406825 -0.00836675
13172.5 -406843 -0.00838819
13176.7 -406861 -0.00840964
13180.8 -406878 -0.00843112
13185 -406896 -0.00845261
13189.1 -406914 -0.00847413
13193.2 -406932 -0.00849567
13197.4 -406950 -0.00851724
13201.5 -406967 -0.00853882
13205.6 -406985 -0.00856043
13209.7 -407003 -0.00858206
13213.9 -407021 -0.00860374
13218.1 -407039 -0.00862547
13222.4 -407057 -0.00864726
13226.7 -407075 -0.00866912
13231.2 -407093 -0.00869107
13235.7 -407112 -0.00871308
13240.2 -407130 -0.00873512
13244.8 -407148 -0.00875719
13249.3 -407166 -0.00877929
13253.8 -407185 -0.00880141
13258.3 -407203 -0.00882355
13262.8 -407221 -0.00884572
13267.3 -407240 -0.00886792
13271.8 -407258 -0.00889015
13276.3 -407276 -0.0089124
13280.8 -407295 -0.00893468
13285.3 -407313 -0.00895699
13289.8 -407332 -0.00897932
13294.3 -407350 -0.00900168
13298.7 -407369 -0.00902407
13303.2 -407387 -0.00904649
13307.7 -407406 -0.00906893
13312.2 -407425 -0.00909141
13316.6 -407443 -0.00911391
13321.1 -407462 -0.00913644
13325.5 -407481 -0.00915899
13330 -407499 -0.00918158
13334.4 -407518 -0.00920419
13338.9 -407537 -0.00922683
13343.3 -407556 -0.0092495
13347.7 -407574 -0.0092722
13352.2 -407593 -0.00929493
13356.6 -407612 -0.00931768
13361 -407631 -0.00934047
13365.5 -407650 -0.00936328
13369.9 -407669 -0.00938612
13374.3 -407688 -0.009409
13378.8 -407707 -0.00943194
13383.3 -407726 -0.00945495
13387.9 -407745 -0.00947802
13392.5 -407764 -0.00950115
13397.2 -407783 -0.00952439
13402 -407803 -0.0095477
13406.7 -407822 -0.00957104
13411.5 -407841 -0.00959441
13416.2 -407861 -0.00961781
13420.9 -407880 -0.00964124
13425.7 -407900 -0.00966471
13430.4 -407919 -0.0096882
13435.1 -407939 -0.00971173
13439.8 -407958 -0.00973529
13444.5 -407978 -0.00975888
13449.3 -407997 -0.0097825
13454 -408017 -0.00980616
13458.7 -408037 -0.00982984
13463.4 -408056 -0.00985356
13468.1 -408076 -0.00987731
13472.8 -408096 -0.00990109
13477.4 -408116 -0.0099249
13482.1 -408135 -0.00994874
13486.8 -408155 -0.00997261
13491.5 -408175 -0.00999652
13496.2 -408195 -0.0100205
13500.8 -408215 -0.0100444
13505.5 -408235 -0.0100684
13510.1 -408255 -0.0100925
13514.8 -408275 -0.0101165
13519.5 -408295 -0.0101406
13524.1 -408315 -0.0101647
13528.8 -408335 -0.0101889
13533.4 -408355 -0.0102131
13538 -408375 -0.0102373
13542.7 -408395 -0.0102616
13547.3 -408415 -0.0102858
13551.9 -408435 -0.0103102
13556.6 -408456 -0.0103345
13561.2 -408476 -0.0103589
13565.8 -408496 -0.0103833
13570.4 -408516 -0.0104077
13575 -408537 -0.0104322
13579.6 -408557 -0.0104567
13584.2 -408578 -0.0104812
13588.8 -408598 -0.0105058
13593.4 -408618 -0.0105304
13598 -408639 -0.010555
13602.7 -408659 -0.0105797
13607.4 -408680 -0.0106044
13612.1 -408701 -0.0106293
13616.8 -408721 -0.0106541
13621.6 -408742 -0.0106791
13410.3 -408875 -0.0108394
13470.1 -408931 -0.0109062
13494.5 -408974 -0.0109582
