0 -453.597 -2.26119e-06
634.56 -8999.47 -4.48597e-05
1173.57 -16628.9 -8.28856e-05
1709.92 -24266.3 -0.000120946
2243.81 -31937.6 -0.000159172
2775.24 -39652.3 -0.000197609
3304.22 -47411.2 -0.000236263
3830.74 -55217.6 -0.000275148
4354.77 -63073.2 -0.000314274
4876.15 -70977.6 -0.000353638
5394.56 -78929.2 -0.000393233
5909.16 -86923 -0.000433033
6418.2 -94947.8 -0.000472983
6918.36 -102981 -0.00051297
7403.99 -110983 -0.000552794
7866.83 -118896 -0.000592175
8297.18 -126647 -0.000630743
8686.59 -134166 -0.000668155
9030.8 -141412 -0.000704203
9330.49 -148365 -0.000738787
9590.04 -155043 -0.000772005
9815.21 -161473 -0.000803988
10011.7 -167686 -0.000834887
10184.8 -173721 -0.0008649
10338.5 -179597 -0.000894124
10475.8 -185265 -0.000922316
10599.4 -190779 -0.000949742
10711.4 -196142 -0.000976421
10812.7 -201324 -0.0010022
10905.5 -206415 -0.00102754
10991.1 -211425 -0.00105247
11070.4 -216361 -0.00107705
11143.9 -221216 -0.00110123
11212.1 -225964 -0.0011249
11276 -230654 -0.00114829
11335.9 -235290 -0.00117143
11392.3 -239877 -0.00119435
11445.5 -244417 -0.00121706
11495.9 -248914 -0.00123959
11543.8 -253370 -0.00126194
11589.3 -257787 -0.00128414
11632.4 -262143 -0.00130609
11673.3 -266429 -0.00132773
11712.4 -270678 -0.00134925
11749.8 -274890 -0.00137066
11785.6 -279065 -0.00139196
11820.1 -283203 -0.00141316
11853.2 -287303 -0.00143427
11885.1 -291366 -0.00145531
11915.6 -295383 -0.00147624
11945 -299356 -0.0014971
11972.9 -303211 -0.00151749
11999.8 -307015 -0.0015378
12025.7 -310772 -0.00155806
12050.7 -314476 -0.00157824
12074.7 -318109 -0.00159828
12097.7 -321662 -0.00161814
12119.8 -325102 -0.00163765
12141.1 -328483 -0.00165713
12161.8 -331803 -0.0016766
12181.9 -335058 -0.00169604
12201.4 -338245 -0.00171547
12220.3 -341360 -0.0017349
12238.6 -344400 -0.00175432
12256.3 -347361 -0.00177373
12273.3 -350207 -0.00179292
12289.7 -352953 -0.00181199
12305.5 -355613 -0.00183106
12320.9 -358185 -0.00185013
12335.7 -360647 -0.00186905
12349.8 -362960 -0.00188749
12363.5 -365185 -0.00190595
12376.5 -367311 -0.00192431
12388.8 -369324 -0.00194245
12400.7 -371252 -0.00196061
12412.4 -373096 -0.00197879
12423.7 -374855 -0.00199699
12434.7 -376531 -0.00201522
12445.5 -378125 -0.00203347
12455.9 -379638 -0.00205175
12466.1 -381072 -0.00207005
12476 -382428 -0.00208837
12485.7 -383708 -0.00210671
12495.1 -384916 -0.00212508
12504.3 -386053 -0.00214346
12513.2 -387122 -0.00216186
12521.8 -388126 -0.00218027
12530.3 -389067 -0.00219869
12538.4 -389950 -0.00221713
12546.4 -390776 -0.00223559
12554.2 -391548 -0.00225405
12561.7 -392270 -0.00227253
12569 -392945 -0.00229102
12576.2 -393575 -0.00230953
12583.1 -394163 -0.00232805
12589.9 -394712 -0.0023466
12596.5 -395224 -0.00236515
12603 -395701 -0.00238373
12609.3 -396146 -0.00240233
12615.5 -396561 -0.00242095
12621.6 -396948 -0.0024396
12627.5 -397309 -0.00245827
12633.3 -397645 -0.00247692
12638.9 -397956 -0.00249549
12644.3 -398245 -0.00251399
12649.5 -398515 -0.00253246
12654.6 -398765 -0.00255086
12659.6 -398995 -0.00256895
12664.4 -399211 -0.00258706
12669.2 -399412 -0.00260519
12673.9 -399602 -0.00262335
12678.6 -399779 -0.00264153
12683.1 -399945 -0.00265974
12687.6 -400101 -0.00267797
12692 -400248 -0.00269622
12696.3 -400385 -0.0027145
12700.6 -400515 -0.00273279
12704.8 -400636 -0.00275111
12708.9 -400751 -0.00276944
12713 -400859 -0.00278779
12717 -400960 -0.00280616
12720.9 -401056 -0.00282454
12724.7 -401147 -0.00284293
12728.5 -401232 -0.00286134
12732.1 -401313 -0.00287958
12735.7 -401388 -0.00289764
12739.2 -401459 -0.0029157
12742.7 -401527 -0.00293377
12746 -401591 -0.00295185
12749.3 -401652 -0.00296994
12752.5 -401709 -0.00298786
12755.5 -401762 -0.0030049
12758.3 -401811 -0.00302183
12761.2 -401859 -0.00303874
12763.9 -401904 -0.00305564
12766.6 -401948 -0.00307253
12769.2 -401990 -0.00308941
12771.7 -402030 -0.00310605
12774.1 -402067 -0.00312239
12776.4 -402103 -0.00313872
12778.6 -402138 -0.00315504
12780.8 -402172 -0.00317134
12783 -402205 -0.00318763
12785.1 -402236 -0.00320391
12787.2 -402266 -0.00322018
12789.2 -402296 -0.00323645
12791.2 -402325 -0.00325271
12793.2 -402353 -0.00326897
12795.1 -402380 -0.00328523
12797 -402406 -0.00330149
12798.8 -402432 -0.00331776
12800.6 -402457 -0.00333403
12802.4 -402481 -0.0033503
12804.2 -402505 -0.00336659
12805.9 -402528 -0.00338288
12807.7 -402551 -0.00339918
12809.4 -402574 -0.00341549
12811 -402595 -0.00343181
12812.7 -402617 -0.00344815
12814.3 -402638 -0.0034645
12815.9 -402659 -0.00348086
12817.5 -402679 -0.00349724
12819.1 -402699 -0.00351363
12820.7 -402719 -0.00353004
12822.2 -402738 -0.00354647
12823.7 -402758 -0.00356291
12825.2 -402776 -0.00357937
12826.7 -402795 -0.00359585
12828.2 -402813 -0.00361234
12829.7 -402832 -0.00362885
12831.1 -402850 -0.00364539
12832.6 -402867 -0.00366193
12834 -402885 -0.0036785
12835.4 -402902 -0.00369508
12836.8 -402920 -0.00371168
12838.2 -402937 -0.0037283
12839.5 -402954 -0.00374494
12840.9 -402971 -0.00376159
12842.2 -402987 -0.00377826
12843.6 -403004 -0.00379495
12844.9 -403020 -0.00381166
12846.2 -403036 -0.00382838
12847.5 -403053 -0.00384511
12848.7 -403069 -0.00386186
12850 -403085 -0.00387863
12851.3 -403101 -0.00389541
12852.5 -403116 -0.00391221
12853.7 -403132 -0.00392902
12855 -403148 -0.00394584
12856.2 -403163 -0.00396267
12857.4 -403179 -0.00397952
12858.5 -403194 -0.00399638
12859.7 -403210 -0.00401325
12860.9 -403225 -0.00403013
12862 -403240 -0.00404702
12863.1 -403256 -0.00406392
12864.3 -403271 -0.00408083
12865.4 -403286 -0.00409775
12866.4 -403301 -0.00411468
12867.5 -403316 -0.00413161
12868.6 -403331 -0.00414854
12869.6 -403346 -0.00416548
12870.7 -403361 -0.00418243
12871.7 -403375 -0.00419937
12872.7 -403390 -0.00421632
12873.7 -403405 -0.00423328
12874.7 -403420 -0.00425023
12875.7 -403434 -0.00426718
12876.6 -403449 -0.00428413
12877.5 -403464 -0.00430108
12878.5 -403478 -0.00431803
12879.4 -403493 -0.00433498
12880.3 -403507 -0.00435192
12881.2 -403522 -0.00436885
12882 -403536 -0.00438578
12882.9 -403551 -0.00440271
12883.7 -403565 -0.00441963
12884.6 -403579 -0.00443654
12885.4 -403594 -0.00445345
12886.2 -403608 -0.00447034
12886.9 -403622 -0.00448723
12887.7 -403637 -0.00450411
12888.5 -403651 -0.00452098
12889.2 -403665 -0.00453785
12889.9 -403679 -0.0045547
12890.6 -403693 -0.00457154
12891.3 -403707 -0.00458837
12892 -403722 -0.00460519
12892.7 -403736 -0.00462201
12893.3 -403750 -0.00463881
12894 -403764 -0.0046556
12894.6 -403778 -0.00467238
12895.2 -403792 -0.00468915
12895.8 -403806 -0.00470591
12896.4 -403820 -0.00472266
12897 -403834 -0.00473941
12897.6 -403848 -0.00475614
12898.1 -403862 -0.00477287
12898.7 -403876 -0.00478958
12899.2 -403889 -0.00480629
12899.8 -403903 -0.00482299
12900.3 -403917 -0.00483966
12900.7 -403931 -0.00485599
12901.2 -403944 -0.00487231
12901.6 -403958 -0.00488862
12902 -403971 -0.00490492
12902.5 -403985 -0.00492122
12902.9 -403998 -0.00493751
12903.3 -404012 -0.0049538
12903.7 -404025 -0.00497008
12904.1 -404039 -0.00498635
12904.5 -404052 -0.00500263
12904.8 -404066 -0.00501889
12905.2 -404079 -0.00503516
12905.5 -404093 -0.00505142
12905.9 -404106 -0.00506769
12906.2 -404120 -0.00508395
12906.6 -404133 -0.0051002
12906.9 -404146 -0.00511646
12907.2 -404160 -0.00513272
12907.5 -404173 -0.00514898
12907.9 -404187 -0.00516524
12908.2 -404200 -0.0051815
12908.5 -404214 -0.00519777
12908.8 -404227 -0.00521403
12909 -404240 -0.0052303
12909.3 -404254 -0.00524657
12909.6 -404267 -0.00526284
12909.9 -404281 -0.00527912
12910.2 -404294 -0.0052954
12910.4 -404308 -0.00531168
12910.7 -404321 -0.00532797
12910.9 -404334 -0.00534427
12911.2 -404348 -0.00536056
12911.4 -404361 -0.00537687
12911.7 -404375 -0.00539318
12911.9 -404388 -0.00540949
12912.2 -404402 -0.00542581
12912.4 -404415 -0.00544213
12912.6 -404429 -0.00545846
12912.9 -404442 -0.0054748
12913.1 -404455 -0.00549114
12913.3 -404469 -0.00550749
12913.5 -404482 -0.00552385
12913.7 -404496 -0.00554021
12913.9 -404509 -0.00555658
12914.1 -404523 -0.00557295
12914.3 -404536 -0.00558933
12914.5 -404550 -0.00560572
12914.7 -404563 -0.00562212
12914.9 -404577 -0.00563852
12915.1 -404590 -0.00565493
12915.3 -404604 -0.00567135
12915.5 -404617 -0.00568778
12915.7 -404631 -0.00570421
12915.9 -404644 -0.00572065
12916 -404658 -0.0057371
12916.2 -404671 -0.00575355
12916.4 -404685 -0.00577002
12916.6 -404699 -0.00578649
12916.7 -404712 -0.00580296
12916.9 -404726 -0.00581945
12917 -404739 -0.00583594
12917.2 -404753 -0.00585245
12917.4 -404766 -0.00586896
12917.5 -404780 -0.00588547
12917.7 -404794 -0.005902
12917.8 -404807 -0.00591853
12918 -404821 -0.00593507
12918.1 -404834 -0.00595162
12918.2 -404848 -0.00596818
12918.4 -404862 -0.00598475
12918.5 -404875 -0.00600132
12918.7 -404889 -0.0060179
12918.8 -404903 -0.00603449
12918.9 -404916 -0.00605109
12919.1 -404930 -0.0060677
12919.3 -404944 -0.00608434
12919.6 -404957 -0.00610103
12920.2 -404971 -0.0061178
12921.1 -404985 -0.00613469
12922.2 -404999 -0.00615166
12923.4 -405013 -0.00616868
12924.8 -405027 -0.00618575
12926.3 -405041 -0.00620288
12927.9 -405055 -0.00622006
12929.8 -405069 -0.00623735
12931.8 -405084 -0.00625466
12933.7 -405098 -0.00627198
12935.7 -405112 -0.00628932
12937.6 -405126 -0.00630667
12939.6 -405141 -0.00632405
12941.8 -405155 -0.0063415
12944.1 -405170 -0.006359
12946.6 -405184 -0.00637659
12949.3 -405199 -0.00639423
12951.9 -405213 -0.00641188
12954.5 -405228 -0.00642954
12957.1 -405242 -0.00644721
12959.7 -405257 -0.0064649
12962.3 -405271 -0.00648259
12964.9 -405286 -0.0065003
12967.5 -405300 -0.00651803
12970.2 -405315 -0.0065358
12973 -405330 -0.00655362
12976 -405344 -0.00657151
12979.1 -405359 -0.00658948
12982.4 -405374 -0.0066075
12985.6 -405389 -0.00662553
12988.8 -405404 -0.00664359
12992 -405419 -0.00666166
12995.2 -405434 -0.00667974
12998.4 -405448 -0.00669784
13001.6 -405463 -0.00671595
13004.8 -405478 -0.00673408
13008 -405493 -0.00675222
13011.2 -405508 -0.00677037
13014.4 -405523 -0.00678854
13017.6 -405538 -0.00680672
13020.9 -405553 -0.00682494
13024.2 -405568 -0.00684322
13027.7 -405583 -0.00686156
13031.3 -405598 -0.00687996
13035 -405614 -0.00689847
13038.8 -405629 -0.00691697
13042.5 -405644 -0.0069355
13046.3 -405659 -0.00695403
13050 -405675 -0.00697259
13053.7 -405690 -0.00699116
13057.5 -405705 -0.00700975
13061.2 -405721 -0.00702835
13064.9 -405736 -0.00704697
13068.7 -405751 -0.00706561
13072.4 -405767 -0.00708426
13076.1 -405782 -0.00710294
13079.8 -405798 -0.00712162
13083.5 -405813 -0.00714033
13087.2 -405828 -0.00715905
13090.9 -405844 -0.00717779
13094.6 -405859 -0.00719655
13098.4 -405875 -0.00721534
13102.2 -405890 -0.00723419
13106.1 -405906 -0.00725309
13110 -405922 -0.00727205
13114.2 -405937 -0.00729111
13118.4 -405953 -0.00731022
13122.6 -405969 -0.00732935
13126.8 -405985 -0.00734849
13130.9 -406000 -0.00736766
13135.1 -406016 -0.00738685
13139.3 -406032 -0.00740606
13143.5 -406048 -0.00742529
13147.6 -406064 -0.00744454
13151.8 -406080 -0.00746381
13155.9 -406096 -0.0074831
13160.1 -406112 -0.00750242
13164.3 -406127 -0.00752175
13168.4 -406143 -0.00754111
13172.5 -406159 -0.00756049
13176.7 -406175 -0.00757989
13180.8 -406191 -0.00759932
13185 -406207 -0.00761876
13189.1 -406224 -0.00763823
13193.2 -406240 -0.00765773
13197.4 -406256 -0.00767724
13201.5 -406272 -0.00769678
13205.6 -406288 -0.00771634
13209.7 -406304 -0.00773593
13213.9 -406320 -0.00775555
13218.1 -406337 -0.00777524
13222.4 -406353 -0.00779499
13226.7 -406369 -0.0078148
13231.2 -406386 -0.0078347
13235.7 -406402 -0.00785468
13240.2 -406419 -0.00787468
13244.8 -406435 -0.00789471
13249.3 -406452 -0.00791477
13253.8 -406468 -0.00793485
13258.3 -406485 -0.00795496
13262.8 -406502 -0.0079751
13267.3 -406518 -0.00799527
13271.8 -406535 -0.00801546
13276.3 -406552 -0.00803568
13280.8 -406568 -0.00805593
13285.3 -406585 -0.00807621
13289.8 -406602 -0.00809651
13294.3 -406619 -0.00811685
13298.7 -406635 -0.00813721
13303.2 -406652 -0.0081576
13307.7 -406669 -0.00817801
13312.2 -406686 -0.00819846
13316.6 -406703 -0.00821894
13321.1 -406720 -0.00823944
13325.5 -406737 -0.00825997
13330 -406754 -0.00828054
13334.4 -406771 -0.00830113
13338.9 -406788 -0.00832175
13343.3 -406805 -0.0083424
13347.7 -406822 -0.00836308
13352.2 -406839 -0.00838378
13356.6 -406856 -0.00840452
13361 -406874 -0.00842529
13365.5 -406891 -0.00844608
13369.9 -406908 -0.00846691
13374.3 -406925 -0.00848777
13378.8 -406943 -0.00850869
13383.3 -406960 -0.00852968
13387.9 -406977 -0.00855073
13392.5 -406995 -0.00857185
13397.2 -407012 -0.00859307
13402 -407030 -0.00861437
13406.7 -407048 -0.0086357
13411.5 -407065 -0.00865707
13416.2 -407083 -0.00867846
13420.9 -407101 -0.00869989
13425.7 -407118 -0.00872135
13430.4 -407136 -0.00874285
13435.1 -407154 -0.00876437
13439.8 -407172 -0.00878593
13444.5 -407190 -0.00880752
13449.3 -407208 -0.00882914
13454 -407226 -0.0088508
13458.7 -407243 -0.00887248
13463.4 -407261 -0.0088942
13468.1 -407279 -0.00891595
13472.8 -407297 -0.00893774
13477.4 -407316 -0.00895955
13482.1 -407334 -0.0089814
13486.8 -407352 -0.00900328
13491.5 -407370 -0.00902519
13496.2 -407388 -0.00904713
13500.8 -407406 -0.00906911
13505.5 -407424 -0.00909112
13510.1 -407443 -0.00911315
13514.8 -407461 -0.00913523
13519.5 -407479 -0.00915733
13524.1 -407498 -0.00917946
13528.8 -407516 -0.00920163
13533.4 -407534 -0.00922383
13538 -407553 -0.00924606
13542.7 -407571 -0.00926832
13547.3 -407590 -0.00929062
13551.9 -407608 -0.00931294
13556.6 -407627 -0.0093353
13561.2 -407645 -0.00935769
13565.8 -407664 -0.00938011
13570.4 -407682 -0.00940256
13575 -407701 -0.00942504
13579.6 -407720 -0.00944756
13584.2 -407738 -0.00947011
13588.8 -407757 -0.00949268
13593.4 -407776 -0.00951529
13598 -407795 -0.00953793
13602.7 -407813 -0.00956062
13607.4 -407832 -0.00958338
13612.1 -407851 -0.0096062
13616.8 -407870 -0.00962909
13621.6 -407889 -0.00965205
13410.3 -408021 -0.00981056
13470.1 -408075 -0.00987546
13494.5 -408116 -0.00992562
