0 -453.597 -2.26119e-06
634.56 -8307.68 -4.14115e-05
1173.57 -15248.3 -7.60049e-05
1709.92 -22196.2 -0.000110631
2243.81 -29178.2 -0.000145423
2775.24 -36203.1 -0.000180425
3304.22 -43271.7 -0.000215641
3830.74 -50387.6 -0.00025109
4354.77 -57552.6 -0.000286778
4876.15 -64766.3 -0.000322706
5394.56 -72027 -0.000358864
5909.16 -79329.8 -0.000395227
6418.2 -86663.4 -0.000431741
6918.36 -94005.5 -0.000468292
7403.99 -101315 -0.000504679
7866.83 -108537 -0.000540623
8297.18 -115596 -0.000575754
8686.59 -122424 -0.000609728
9030.8 -128977 -0.000642339
9330.49 -135239 -0.00067349
9590.04 -141226 -0.000703279
9815.21 -146970 -0.000731848
10011.7 -152500 -0.000759357
10184.8 -157854 -0.000785986
10338.5 -163048 -0.000811823
10475.8 -168023 -0.000836565
10599.4 -172839 -0.000860515
10711.4 -177499 -0.000883694
10812.7 -181988 -0.000906016
10905.5 -186385 -0.000927888
10991.1 -190702 -0.00094936
11070.4 -194946 -0.000970472
11143.9 -199111 -0.000991188
11212.1 -203169 -0.00101138
11276 -207171 -0.0010313
11335.9 -211122 -0.00105096
11392.3 -215027 -0.0010704
11445.5 -218888 -0.00108964
11495.9 -222711 -0.00110868
11543.8 -226498 -0.00112756
11589.3 -230250 -0.00114628
11632.4 -233950 -0.00116474
11673.3 -237590 -0.00118292
11712.4 -241201 -0.00120097
11749.8 -244786 -0.0012189
11785.6 -248345 -0.00123673
11820.1 -251880 -0.00125446
11853.2 -255393 -0.00127211
11885.1 -258885 -0.00128967
11915.6 -262360 -0.00130718
11945 -265819 -0.00132465
11972.9 -269175 -0.00134163
11999.8 -272504 -0.00135852
12025.7 -275813 -0.00137536
12050.7 -279102 -0.00139215
12074.7 -282360 -0.00140883
12097.7 -285568 -0.00142532
12119.8 -288684 -0.00144141
12141.1 -291782 -0.00145747
12161.8 -294860 -0.00147351
12181.9 -297919 -0.00148954
12201.4 -300958 -0.00150555
12220.3 -303975 -0.00152156
12238.6 -306970 -0.00153756
12256.3 -309941 -0.00155355
12273.3 -312844 -0.00156932
12289.7 -315699 -0.00158496
12305.5 -318527 -0.0016006
12320.9 -321325 -0.00161625
12335.7 -324058 -0.0016317
12349.8 -326661 -0.0016466
12363.5 -329233 -0.0016615
12376.5 -331773 -0.00167642
12388.8 -334251 -0.00169119
12400.7 -336696 -0.00170598
12412.4 -339104 -0.00172079
12423.7 -341475 -0.00173562
12434.7 -343806 -0.00175048
12445.5 -346096 -0.00176537
12455.9 -348342 -0.00178028
12466.1 -350542 -0.00179522
12476 -352695 -0.00181018
12485.7 -354799 -0.00182516
12495.1 -356851 -0.00184016
12504.3 -358851 -0.00185518
12513.2 -360796 -0.00187022
12521.8 -362685 -0.00188527
12530.3 -364518 -0.00190034
12538.4 -366293 -0.00191542
12546.4 -368010 -0.00193052
12554.2 -369668 -0.00194563
12561.7 -371268 -0.00196076
12569 -372808 -0.0019759
12576.2 -374291 -0.00199105
12583.1 -375715 -0.00200623
12589.9 -377082 -0.00202141
12596.5 -378392 -0.00203662
12603 -379647 -0.00205185
12609.3 -380846 -0.0020671
12615.5 -381993 -0.00208238
12621.6 -383087 -0.00209767
12627.5 -384130 -0.00211299
12633.3 -385121 -0.00212831
12638.9 -386061 -0.00214359
12644.3 -386953 -0.00215887
12649.5 -387800 -0.00217416
12654.6 -388598 -0.00218936
12659.6 -389336 -0.00220418
12664.4 -390037 -0.00221902
12669.2 -390702 -0.0022339
12673.9 -391334 -0.0022488
12678.6 -391932 -0.00226372
12683.1 -392500 -0.00227867
12687.6 -393037 -0.00229364
12692 -393546 -0.00230864
12696.3 -394028 -0.00232366
12700.6 -394483 -0.00233871
12704.8 -394914 -0.00235378
12708.9 -395322 -0.00236886
12713 -395707 -0.00238397
12717 -396071 -0.0023991
12720.9 -396415 -0.00241425
12724.7 -396740 -0.00242941
12728.5 -397047 -0.00244459
12732.1 -397333 -0.00245956
12735.7 -397599 -0.0024743
12739.2 -397851 -0.00248906
12742.7 -398089 -0.00250383
12746 -398315 -0.0025186
12749.3 -398528 -0.00253338
12752.5 -398727 -0.00254797
12755.5 -398904 -0.00256158
12758.3 -399069 -0.00257504
12761.2 -399227 -0.0025885
12763.9 -399377 -0.00260193
12766.6 -399520 -0.00261536
12769.2 -399656 -0.00262876
12771.7 -399783 -0.00264195
12774.1 -399901 -0.00265485
12776.4 -400015 -0.00266773
12778.6 -400123 -0.00268059
12780.8 -400226 -0.00269344
12783 -400324 -0.00270628
12785.1 -400419 -0.0027191
12787.2 -400509 -0.00273192
12789.2 -400595 -0.00274472
12791.2 -400677 -0.00275752
12793.2 -400756 -0.00277032
12795.1 -400832 -0.00278311
12797 -400904 -0.0027959
12798.8 -400974 -0.00280869
12800.6 -401041 -0.00282149
12802.4 -401105 -0.00283429
12804.2 -401167 -0.0028471
12805.9 -401226 -0.00285991
12807.7 -401283 -0.00287273
12809.4 -401338 -0.00288557
12811 -401391 -0.00289841
12812.7 -401442 -0.00291127
12814.3 -401491 -0.00292413
12815.9 -401538 -0.00293702
12817.5 -401584 -0.00294991
12819.1 -401628 -0.00296283
12820.7 -401671 -0.00297575
12822.2 -401712 -0.0029887
12823.7 -401752 -0.00300166
12825.2 -401791 -0.00301464
12826.7 -401828 -0.00302763
12828.2 -401864 -0.00304064
12829.7 -401899 -0.00305367
12831.1 -401933 -0.00306672
12832.6 -401966 -0.00307979
12834 -401998 -0.00309287
12835.4 -402030 -0.00310598
12836.8 -402060 -0.0031191
12838.2 -402089 -0.00313223
12839.5 -402118 -0.00314539
12840.9 -402146 -0.00315856
12842.2 -402173 -0.00317176
12843.6 -402199 -0.00318496
12844.9 -402225 -0.00319819
12846.2 -402250 -0.00321143
12847.5 -402275 -0.00322469
12848.7 -402299 -0.00323796
12850 -402322 -0.00325125
12851.3 -402345 -0.00326456
12852.5 -402368 -0.00327788
12853.7 -402389 -0.00329121
12855 -402411 -0.00330456
12856.2 -402432 -0.00331792
12857.4 -402453 -0.00333129
12858.5 -402473 -0.00334468
12859.7 -402493 -0.00335807
12860.9 -402512 -0.00337148
12862 -402531 -0.0033849
12863.1 -402550 -0.00339832
12864.3 -402568 -0.00341175
12865.4 -402587 -0.0034252
12866.4 -402605 -0.00343865
12867.5 -402622 -0.0034521
12868.6 -402639 -0.00346556
12869.6 -402656 -0.00347903
12870.7 -402673 -0.0034925
12871.7 -402690 -0.00350597
12872.7 -402706 -0.00351945
12873.7 -402722 -0.00353293
12874.7 -402738 -0.00354641
12875.7 -402754 -0.00355989
12876.6 -402770 -0.00357337
12877.5 -402785 -0.00358684
12878.5 -402800 -0.00360032
12879.4 -402815 -0.00361379
12880.3 -402830 -0.00362726
12881.2 -402845 -0.00364072
12882 -402859 -0.00365418
12882.9 -402874 -0.00366763
12883.7 -402888 -0.00368107
12884.6 -402902 -0.00369451
12885.4 -402916 -0.00370794
12886.2 -402930 -0.00372136
12886.9 -402943 -0.00373477
12887.7 -402957 -0.00374818
12888.5 -402971 -0.00376157
12889.2 -402984 -0.00377495
12889.9 -402997 -0.00378832
12890.6 -403010 -0.00380169
12891.3 -403023 -0.00381504
12892 -403036 -0.00382837
12892.7 -403049 -0.0038417
12893.3 -403062 -0.00385502
12894 -403075 -0.00386832
12894.6 -403088 -0.00388162
12895.2 -403100 -0.0038949
12895.8 -403113 -0.00390817
12896.4 -403125 -0.00392144
12897 -403137 -0.00393469
12897.6 -403150 -0.00394793
12898.1 -403162 -0.00396116
12898.7 -403174 -0.00397438
12899.2 -403186 -0.00398759
12899.8 -403198 -0.0040008
12900.3 -403210 -0.00401397
12900.7 -403222 -0.00402685
12901.2 -403234 -0.00403972
12901.6 -403245 -0.00405258
12902 -403257 -0.00406544
12902.5 -403268 -0.00407828
12902.9 -403280 -0.00409112
12903.3 -403291 -0.00410396
12903.7 -403303 -0.00411678
12904.1 -403314 -0.00412961
12904.5 -403325 -0.00414242
12904.8 -403337 -0.00415524
12905.2 -403348 -0.00416805
12905.5 -403359 -0.00418086
12905.9 -403370 -0.00419366
12906.2 -403382 -0.00420647
12906.6 -403393 -0.00421927
12906.9 -403404 -0.00423207
12907.2 -403415 -0.00424487
12907.5 -403426 -0.00425767
12907.9 -403437 -0.00427048
12908.2 -403448 -0.00428328
12908.5 -403459 -0.00429608
12908.8 -403470 -0.00430889
12909 -403481 -0.0043217
12909.3 -403492 -0.00433451
12909.6 -403503 -0.00434733
12909.9 -403514 -0.00436014
12910.2 -403525 -0.00437296
12910.4 -403536 -0.00438579
12910.7 -403547 -0.00439862
12910.9 -403558 -0.00441145
12911.2 -403569 -0.00442429
12911.4 -403580 -0.00443713
12911.7 -403591 -0.00444998
12911.9 -403602 -0.00446283
12912.2 -403612 -0.00447569
12912.4 -403623 -0.00448856
12912.6 -403634 -0.00450143
12912.9 -403645 -0.0045143
12913.1 -403656 -0.00452719
12913.3 -403667 -0.00454007
12913.5 -403678 -0.00455297
12913.7 -403689 -0.00456587
12913.9 -403699 -0.00457878
12914.1 -403710 -0.0045917
12914.3 -403721 -0.00460462
12914.5 -403732 -0.00461755
12914.7 -403743 -0.00463049
12914.9 -403754 -0.00464343
12915.1 -403764 -0.00465638
12915.3 -403775 -0.00466934
12915.5 -403786 -0.00468231
12915.7 -403797 -0.00469528
12915.9 -403808 -0.00470826
12916 -403819 -0.00472125
12916.2 -403829 -0.00473425
12916.4 -403840 -0.00474726
12916.6 -403851 -0.00476027
12916.7 -403862 -0.00477329
12916.9 -403873 -0.00478632
12917 -403884 -0.00479935
12917.2 -403895 -0.0048124
12917.4 -403905 -0.00482545
12917.5 -403916 -0.00483851
12917.7 -403927 -0.00485158
12917.8 -403938 -0.00486466
12918 -403949 -0.00487774
12918.1 -403960 -0.00489084
12918.2 -403971 -0.00490394
12918.4 -403981 -0.00491705
12918.5 -403992 -0.00493016
12918.7 -404003 -0.00494329
12918.8 -404014 -0.00495643
12918.9 -404025 -0.00496957
12919.1 -404036 -0.00498272
12919.3 -404047 -0.00499591
12919.6 -404058 -0.00500915
12920.2 -404069 -0.00502247
12921.1 -404080 -0.00503591
12922.2 -404091 -0.00504943
12923.4 -404102 -0.00506302
12924.8 -404114 -0.00507664
12926.3 -404125 -0.00509033
12927.9 -404136 -0.00510407
12929.8 -404148 -0.00511792
12931.8 -404159 -0.0051318
12933.7 -404171 -0.00514569
12935.7 -404182 -0.00515959
12937.6 -404194 -0.0051735
12939.6 -404205 -0.00518746
12941.8 -404217 -0.00520147
12944.1 -404228 -0.00521554
12946.6 -404240 -0.0052297
12949.3 -404252 -0.00524392
12951.9 -404263 -0.00525814
12954.5 -404275 -0.00527238
12957.1 -404287 -0.00528663
12959.7 -404299 -0.00530089
12962.3 -404310 -0.00531517
12964.9 -404322 -0.00532945
12967.5 -404334 -0.00534375
12970.2 -404346 -0.0053581
12973 -404358 -0.00537251
12976 -404370 -0.00538697
12979.1 -404382 -0.00540153
12982.4 -404394 -0.00541614
12985.6 -404406 -0.00543076
12988.8 -404418 -0.00544538
12992 -404430 -0.00546002
12995.2 -404442 -0.00547467
12998.4 -404454 -0.00548934
13001.6 -404466 -0.00550402
13004.8 -404478 -0.00551871
13008 -404490 -0.00553342
13011.2 -404502 -0.00554814
13014.4 -404514 -0.00556288
13017.6 -404527 -0.00557763
13020.9 -404539 -0.00559243
13024.2 -404551 -0.00560728
13027.7 -404563 -0.00562219
13031.3 -404576 -0.00563715
13035 -404588 -0.00565224
13038.8 -404600 -0.00566732
13042.5 -404613 -0.00568242
13046.3 -404625 -0.00569754
13050 -404638 -0.00571267
13053.7 -404650 -0.00572782
13057.5 -404663 -0.00574298
13061.2 -404675 -0.00575816
13064.9 -404688 -0.00577336
13068.7 -404700 -0.00578858
13072.4 -404713 -0.00580381
13076.1 -404725 -0.00581906
13079.8 -404738 -0.00583433
13083.5 -404750 -0.00584962
13087.2 -404763 -0.00586492
13090.9 -404776 -0.00588024
13094.6 -404788 -0.00589558
13098.4 -404801 -0.00591095
13102.2 -404814 -0.00592638
13106.1 -404826 -0.00594186
13110 -404839 -0.00595741
13114.2 -404852 -0.00597305
13118.4 -404865 -0.00598875
13122.6 -404878 -0.00600446
13126.8 -404891 -0.0060202
13130.9 -404904 -0.00603596
13135.1 -404917 -0.00605174
13139.3 -404930 -0.00606753
13143.5 -404943 -0.00608336
13147.6 -404956 -0.0060992
13151.8 -404969 -0.00611506
13155.9 -404982 -0.00613095
13160.1 -404995 -0.00614686
13164.3 -405008 -0.00616279
13168.4 -405021 -0.00617874
13172.5 -405034 -0.00619471
13176.7 -405048 -0.00621071
13180.8 -405061 -0.00622673
13185 -405074 -0.00624277
13189.1 -405087 -0.00625884
13193.2 -405100 -0.00627493
13197.4 -405114 -0.00629105
13201.5 -405127 -0.00630718
13205.6 -405140 -0.00632334
13209.7 -405154 -0.00633953
13213.9 -405167 -0.00635575
13218.1 -405180 -0.00637204
13222.4 -405194 -0.00638839
13226.7 -405207 -0.0064048
13231.2 -405221 -0.0064213
13235.7 -405234 -0.00643789
13240.2 -405248 -0.0064545
13244.8 -405262 -0.00647114
13249.3 -405276 -0.00648781
13253.8 -405289 -0.00650451
13258.3 -405303 -0.00652123
13262.8 -405317 -0.00653798
13267.3 -405331 -0.00655476
13271.8 -405345 -0.00657157
13276.3 -405358 -0.0065884
13280.8 -405372 -0.00660527
13285.3 -405386 -0.00662216
13289.8 -405400 -0.00663908
13294.3 -405414 -0.00665603
13298.7 -405428 -0.00667301
13303.2 -405442 -0.00669002
13307.7 -405456 -0.00670706
13312.2 -405470 -0.00672413
13316.6 -405484 -0.00674122
13321.1 -405498 -0.00675835
13325.5 -405512 -0.0067755
13330 -405527 -0.00679269
13334.4 -405541 -0.0068099
13338.9 -405555 -0.00682715
13343.3 -405569 -0.00684442
13347.7 -405583 -0.00686173
13352.2 -405598 -0.00687907
13356.6 -405612 -0.00689643
13361 -405626 -0.00691383
13365.5 -405641 -0.00693125
13369.9 -405655 -0.00694871
13374.3 -405669 -0.00696619
13378.8 -405684 -0.00698374
13383.3 -405698 -0.00700136
13387.9 -405713 -0.00701904
13392.5 -405728 -0.00703679
13397.2 -405742 -0.00705463
13402 -405757 -0.00707257
13406.7 -405772 -0.00709054
13411.5 -405787 -0.00710855
13416.2 -405802 -0.00712658
13420.9 -405817 -0.00714465
13425.7 -405831 -0.00716276
13430.4 -405846 -0.00718089
13435.1 -405861 -0.00719906
13439.8 -405876 -0.00721726
13444.5 -405891 -0.0072355
13449.3 -405906 -0.00725377
13454 -405922 -0.00727207
13458.7 -405937 -0.0072904
13463.4 -405952 -0.00730877
13468.1 -405967 -0.00732716
13472.8 -405982 -0.0073456
13477.4 -405997 -0.00736406
13482.1 -406013 -0.00738256
13486.8 -406028 -0.00740109
13491.5 -406043 -0.00741965
13496.2 -406059 -0.00743824
13500.8 -406074 -0.00745687
13505.5 -406089 -0.00747553
13510.1 -406105 -0.00749422
13514.8 -406120 -0.00751295
13519.5 -406136 -0.0075317
13524.1 -406151 -0.00755049
13528.8 -406167 -0.00756932
13533.4 -406182 -0.00758817
13538 -406198 -0.00760706
13542.7 -406213 -0.00762597
13547.3 -406229 -0.00764493
13551.9 -406245 -0.00766391
13556.6 -406260 -0.00768292
13561.2 -406276 -0.00770197
13565.8 -406292 -0.00772105
13570.4 -406308 -0.00774016
13575 -406323 -0.0077593
13579.6 -406339 -0.00777848
13584.2 -406355 -0.00779769
13588.8 -406371 -0.00781692
13593.4 -406387 -0.00783619
13598 -406403 -0.00785549
13602.7 -406419 -0.00787483
13607.4 -406435 -0.00789423
13612.1 -406451 -0.00791371
13616.8 -406467 -0.00793325
13621.6 -406483 -0.00795284
13410.3 -406612 -0.00810825
13470.1 -406663 -0.0081699
13494.5 -406701 -0.00821682
