0 -453.597 -2.26119e-06
634.56 15060.8 7.50869e-05
1173.57 31473 0.000156931
1709.92 47876.6 0.000238752
2243.81 64241.9 0.000320402
2775.24 80562.3 0.000401848
3304.22 96836.9 0.000483085
3830.74 113061 0.000564093
4354.77 129234 0.000644859
4876.15 145354 0.000725386
5394.56 161423 0.000805681
5909.16 177445 0.000885771
6418.2 193428 0.00096571
6918.36 209390 0.00104561
7403.99 225359 0.00112568
7866.83 241371 0.00120619
8297.18 257464 0.00128751
8686.59 273641 0.00136999
9030.8 289833 0.00145384
9330.49 305880 0.00153913
9590.04 321499 0.00162577
9815.21 336302 0.00171356
10011.7 349841 0.00180232
10184.8 361697 0.00189194
10338.5 371587 0.00198236
10475.8 379480 0.00207413
10599.4 385463 0.00216679
10711.4 389831 0.00226031
10812.7 392928 0.00235453
10905.5 395082 0.00244921
10991.1 396569 0.00254429
11070.4 397593 0.00263975
11143.9 398300 0.00273561
11212.1 398792 0.00283201
11276 399135 0.00292869
11335.9 399376 0.00302563
11392.3 399547 0.0031228
11445.5 399669 0.00322019
11495.9 399757 0.00331776
11543.8 399822 0.00341551
11589.3 399869 0.00351343
11632.4 399904 0.00361157
11673.3 399931 0.00370997
11712.4 399951 0.00380851
11749.8 399966 0.00390716
11785.6 399978 0.00400592
11820.1 399987 0.00410477
11853.2 399994 0.00420372
11885.1 400000 0.00430275
11915.6 400004 0.00440163
11945 400008 0.00450042
11972.9 400011 0.00459981
11999.8 400014 0.00469929
12025.7 400016 0.00479882
12050.7 400018 0.00489836
12074.7 400019 0.0049978
12097.7 400021 0.00509752
12119.8 400022 0.00519782
12141.1 400023 0.00529815
12161.8 400025 0.00539849
12181.9 400026 0.00549885
12201.4 400027 0.00559922
12220.3 400027 0.0056996
12238.6 400028 0.00579998
12256.3 400029 0.00590037
12273.3 400030 0.00600101
12289.7 400031 0.00610179
12305.5 400032 0.00620256
12320.9 400032 0.00630334
12335.7 400033 0.00640443
12349.8 400034 0.00650643
12363.5 400034 0.00660844
12376.5 400035 0.00670999
12388.8 400036 0.00681142
12400.7 400037 0.00691282
12412.4 400037 0.0070142
12423.7 400038 0.00711555
12434.7 400039 0.00721687
12445.5 400039 0.00731816
12455.9 400040 0.00741943
12466.1 400040 0.00752066
12476 400041 0.00762187
12485.7 400042 0.00772306
12495.1 400042 0.00782422
12504.3 400043 0.00792536
12513.2 400044 0.00802647
12521.8 400044 0.00812756
12530.3 400045 0.00822864
12538.4 400045 0.0083297
12546.4 400046 0.00843073
12554.2 400047 0.00853176
12561.7 400047 0.00863276
12569 400048 0.00873374
12576.2 400048 0.00883471
12583.1 400049 0.00893566
12589.9 400049 0.00903659
12596.5 400050 0.0091375
12603 400051 0.00923838
12609.3 400051 0.00933925
12615.5 400052 0.00944009
12621.6 400052 0.0095409
12627.5 400053 0.00964169
12633.3 400053 0.00974242
12638.9 400054 0.00984301
12644.3 400054 0.00994333
12649.5 400055 0.0100435
12654.6 400055 0.0101439
12659.6 400056 0.0102448
12664.4 400056 0.0103457
12669.2 400057 0.0104466
12673.9 400057 0.0105475
12678.6 400058 0.0106484
12683.1 400058 0.0107492
12687.6 400059 0.0108499
12692 400059 0.0109507
12696.3 400060 0.0110514
12700.6 400060 0.0111521
12704.8 400061 0.0112527
12708.9 400061 0.0113533
12713 400062 0.0114539
12717 400062 0.0115545
12720.9 400063 0.011655
12724.7 400063 0.0117555
12728.5 400064 0.011856
12732.1 400064 0.0119568
12735.7 400064 0.012058
12739.2 400065 0.0121592
12742.7 400065 0.0122604
12746 400066 0.0123615
12749.3 400066 0.0124627
12752.5 400067 0.0125641
12755.5 400067 0.012667
12758.3 400067 0.0127701
12761.2 400068 0.0128732
12763.9 400068 0.0129763
12766.6 400069 0.0130794
12769.2 400069 0.0131826
12771.7 400069 0.0132859
12774.1 400070 0.0133895
12776.4 400070 0.0134932
12778.6 400071 0.0135968
12780.8 400071 0.0137005
12783 400071 0.0138041
12785.1 400072 0.0139079
12787.2 400072 0.0140116
12789.2 400073 0.0141153
12791.2 400073 0.0142191
12793.2 400073 0.0143229
12795.1 400074 0.0144266
12797 400074 0.0145304
12798.8 400074 0.0146342
12800.6 400075 0.014738
12802.4 400075 0.0148418
12804.2 400075 0.0149456
12805.9 400076 0.0150494
12807.7 400076 0.0151532
12809.4 400076 0.015257
12811 400077 0.0153608
12812.7 400077 0.0154645
12814.3 400077 0.0155683
12815.9 400078 0.015672
12817.5 400078 0.0157758
12819.1 400078 0.0158795
12820.7 400078 0.0159832
12822.2 400079 0.0160869
12823.7 400079 0.0161906
12825.2 400079 0.0162942
12826.7 400080 0.0163978
12828.2 400080 0.0165015
12829.7 400080 0.0166051
12831.1 400080 0.0167086
12832.6 400081 0.0168122
12834 400081 0.0169157
12835.4 400081 0.0170193
12836.8 400081 0.0171228
12838.2 400082 0.0172263
12839.5 400082 0.0173297
12840.9 400082 0.0174332
12842.2 400082 0.0175366
12843.6 400082 0.01764
12844.9 400083 0.0177434
12846.2 400083 0.0178468
12847.5 400083 0.0179501
12848.7 400083 0.0180535
12850 400084 0.0181568
12851.3 400084 0.0182601
12852.5 400084 0.0183634
12853.7 400084 0.0184667
12855 400084 0.0185699
12856.2 400084 0.0186732
12857.4 400085 0.0187764
12858.5 400085 0.0188796
12859.7 400085 0.0189828
12860.9 400085 0.019086
12862 400085 0.0191892
12863.1 400085 0.0192924
12864.3 400086 0.0193956
12865.4 400086 0.0194987
12866.4 400086 0.0196019
12867.5 400086 0.019705
12868.6 400086 0.0198082
12869.6 400086 0.0199113
12870.7 400086 0.0200144
12871.7 400087 0.0201175
12872.7 400087 0.0202207
12873.7 400087 0.0203238
12874.7 400087 0.0204269
12875.7 400087 0.02053
12876.6 400087 0.0206331
12877.5 400087 0.0207362
12878.5 400087 0.0208394
12879.4 400087 0.0209425
12880.3 400087 0.0210456
12881.2 400088 0.0211488
12882 400088 0.0212519
12882.9 400088 0.021355
12883.7 400088 0.0214582
12884.6 400088 0.0215614
12885.4 400088 0.0216645
12886.2 400088 0.0217677
12886.9 400088 0.0218709
12887.7 400088 0.0219741
12888.5 400088 0.0220774
12889.2 400088 0.0221806
12889.9 400088 0.0222839
12890.6 400088 0.0223871
12891.3 400088 0.0224904
12892 400088 0.0225937
12892.7 400088 0.022697
12893.3 400088 0.0228003
12894 400088 0.0229037
12894.6 400088 0.023007
12895.2 400088 0.0231104
12895.8 400088 0.0232138
12896.4 400088 0.0233172
12897 400088 0.0234206
12897.6 400088 0.023524
12898.1 400088 0.0236275
12898.7 400088 0.0237309
12899.2 400088 0.0238344
12899.8 400088 0.0239379
12900.3 400088 0.0240414
12900.7 400088 0.024145
12901.2 400088 0.0242486
12901.6 400088 0.0243523
12902 400088 0.0244559
12902.5 400088 0.0245596
12902.9 400088 0.0246633
12903.3 400088 0.024767
12903.7 400088 0.0248706
12904.1 400088 0.0249743
12904.5 400088 0.025078
12904.8 400087 0.0251818
12905.2 400087 0.0252855
12905.5 400087 0.0253892
12905.9 400087 0.0254929
12906.2 400087 0.0255966
12906.6 400087 0.0257004
12906.9 400087 0.0258041
12907.2 400087 0.0259078
12907.5 400087 0.0260116
12907.9 400087 0.0261153
12908.2 400086 0.026219
12908.5 400086 0.0263228
12908.8 400086 0.0264265
12909 400086 0.0265302
12909.3 400086 0.026634
12909.6 400086 0.0267377
12909.9 400086 0.0268414
12910.2 400086 0.0269451
12910.4 400085 0.0270489
12910.7 400085 0.0271526
12910.9 400085 0.0272563
12911.2 400085 0.02736
12911.4 400085 0.0274637
12911.7 400085 0.0275674
12911.9 400084 0.0276711
12912.2 400084 0.0277748
12912.4 400084 0.0278784
12912.6 400084 0.0279821
12912.9 400084 0.0280858
12913.1 400083 0.0281894
12913.3 400083 0.0282931
12913.5 400083 0.0283967
12913.7 400083 0.0285004
12913.9 400083 0.028604
12914.1 400082 0.0287076
12914.3 400082 0.0288113
12914.5 400082 0.0289149
12914.7 400082 0.0290185
12914.9 400081 0.0291221
12915.1 400081 0.0292257
12915.3 400081 0.0293293
12915.5 400081 0.0294328
12915.7 400081 0.0295364
12915.9 400080 0.0296399
12916 400080 0.0297435
12916.2 400080 0.029847
12916.4 400079 0.0299506
12916.6 400079 0.0300541
12916.7 400079 0.0301576
12916.9 400079 0.0302611
12917 400078 0.0303646
12917.2 400078 0.0304681
12917.4 400078 0.0305716
12917.5 400078 0.0306751
12917.7 400077 0.0307785
12917.8 400077 0.030882
12918 400077 0.0309854
12918.1 400076 0.0310889
12918.2 400076 0.0311923
12918.4 400076 0.0312957
12918.5 400075 0.0313991
12918.7 400075 0.0315025
12918.8 400075 0.0316059
12918.9 400074 0.0317093
12919.1 400074 0.0318127
12919.3 400074 0.031916
12919.6 400073 0.0320193
12920.2 400073 0.0321224
12921.1 400073 0.0322255
12922.2 400072 0.0323285
12923.4 400072 0.0324314
12924.8 400072 0.0325342
12926.3 400071 0.032637
12927.9 400071 0.0327397
12929.8 400071 0.0328423
12931.8 400070 0.0329449
12933.7 400070 0.0330474
12935.7 400069 0.03315
12937.6 400069 0.0332525
12939.6 400069 0.033355
12941.8 400068 0.0334574
12944.1 400068 0.0335598
12946.6 400067 0.033662
12949.3 400067 0.0337642
12951.9 400067 0.0338664
12954.5 400066 0.0339686
12957.1 400066 0.0340707
12959.7 400065 0.0341729
12962.3 400065 0.034275
12964.9 400065 0.0343771
12967.5 400064 0.0344792
12970.2 400064 0.0345812
12973 400063 0.0346832
12976 400063 0.0347851
12979.1 400062 0.034887
12982.4 400062 0.0349887
12985.6 400061 0.0350905
12988.8 400061 0.0351923
12992 400061 0.0352941
12995.2 400060 0.0353958
12998.4 400060 0.0354976
13001.6 400059 0.0355994
13004.8 400059 0.0357011
13008 400058 0.0358028
13011.2 400058 0.0359045
13014.4 400057 0.0360062
13017.6 400057 0.0361079
13020.9 400056 0.0362095
13024.2 400056 0.0363111
13027.7 400055 0.0364126
13031.3 400055 0.0365141
13035 400054 0.0366154
13038.8 400054 0.0367167
13042.5 400053 0.036818
13046.3 400053 0.0369193
13050 400052 0.0370206
13053.7 400052 0.0371218
13057.5 400051 0.0372231
13061.2 400051 0.0373243
13064.9 400050 0.0374255
13068.7 400050 0.0375267
13072.4 400049 0.0376278
13076.1 400048 0.037729
13079.8 400048 0.0378301
13083.5 400047 0.0379312
13087.2 400047 0.0380323
13090.9 400046 0.0381333
13094.6 400046 0.0382344
13098.4 400045 0.0383354
13102.2 400045 0.0384363
13106.1 400044 0.0385372
13110 400043 0.038638
13114.2 400043 0.0387388
13118.4 400042 0.0388394
13122.6 400042 0.0389401
13126.8 400041 0.0390407
13130.9 400041 0.0391413
13135.1 400040 0.0392419
13139.3 400039 0.0393424
13143.5 400039 0.0394429
13147.6 400038 0.0395434
13151.8 400038 0.0396439
13155.9 400037 0.0397444
13160.1 400036 0.0398448
13164.3 400036 0.0399452
13168.4 400035 0.0400456
13172.5 400034 0.0401459
13176.7 400034 0.0402463
13180.8 400033 0.0403466
13185 400033 0.0404469
13189.1 400032 0.0405471
13193.2 400031 0.0406473
13197.4 400031 0.0407475
13201.5 400030 0.0408477
13205.6 400029 0.0409479
13209.7 400029 0.041048
13213.9 400028 0.0411481
13218.1 400027 0.0412481
13222.4 400027 0.0413481
13226.7 400026 0.0414479
13231.2 400025 0.0415478
13235.7 400025 0.0416474
13240.2 400024 0.0417471
13244.8 400023 0.0418467
13249.3 400023 0.0419463
13253.8 400022 0.0420459
13258.3 400021 0.0421455
13262.8 400021 0.042245
13267.3 400020 0.0423444
13271.8 400019 0.0424439
13276.3 400018 0.0425433
13280.8 400018 0.0426427
13285.3 400017 0.0427421
13289.8 400016 0.0428414
13294.3 400016 0.0429407
13298.7 400015 0.0430399
13303.2 400014 0.0431392
13307.7 400013 0.0432384
13312.2 400013 0.0433375
13316.6 400012 0.0434366
13321.1 400011 0.0435357
13325.5 400011 0.0436348
13330 400010 0.0437338
13334.4 400009 0.0438328
13338.9 400008 0.0439318
13343.3 400008 0.0440307
13347.7 400007 0.0441296
13352.2 400006 0.0442285
13356.6 400005 0.0443274
13361 400004 0.0444262
13365.5 400004 0.0445249
13369.9 400003 0.0446237
13374.3 400005 0.0447224
13378.8 400031 0.0448211
13383.3 400084 0.0449196
13387.9 400164 0.0450182
13392.5 400271 0.0451166
13397.2 400430 0.045215
13402 400626 0.0453132
13406.7 400822 0.0454114
13411.5 401019 0.0455095
13416.2 401215 0.0456076
13420.9 401411 0.0457057
13425.7 401606 0.0458038
13430.4 401802 0.0459018
13435.1 401998 0.0459997
13439.8 402193 0.0460977
13444.5 402389 0.0461956
13449.3 402584 0.0462934
13454 402779 0.0463913
13458.7 402975 0.0464891
13463.4 403170 0.0465868
13468.1 403365 0.0466846
13472.8 403559 0.0467822
13477.4 403754 0.0468799
13482.1 403949 0.0469775
13486.8 404143 0.0470751
13491.5 404338 0.0471727
13496.2 404532 0.0472702
13500.8 404726 0.0473677
13505.5 404921 0.0474651
13510.1 405115 0.0475625
13514.8 405309 0.0476599
13519.5 405503 0.0477572
13524.1 405696 0.0478545
13528.8 405890 0.0479518
13533.4 406084 0.0480491
13538 406277 0.0481463
13542.7 406470 0.0482434
13547.3 406664 0.0483406
13551.9 406857 0.0484377
13556.6 407050 0.0485347
13561.2 407243 0.0486318
13565.8 407436 0.0487288
13570.4 407629 0.0488258
13575 407821 0.0489227
13579.6 408014 0.0490196
13584.2 408207 0.0491165
13588.8 408399 0.0492133
13593.4 408591 0.0493101
13598 408784 0.0494069
13602.7 408976 0.0495037
13607.4 409168 0.0496004
13612.1 409360 0.049697
13616.8 409552 0.0497936
13621.6 409743 0.0498902
13410.3 403627 0.0498499
13470.1 409771 0.049904
13494.5 409907 0.0499728
