0 -453.597 -2.26119e-06
634.56 -7356.56 -3.66707e-05
1173.57 -13348.9 -6.65381e-05
1709.92 -19347.8 -9.64356e-05
2243.81 -25380.9 -0.000126501
2775.24 -31456.3 -0.000156774
3304.22 -37575.1 -0.000187261
3830.74 -43740.9 -0.000217979
4354.77 -49955.5 -0.000248937
4876.15 -56218.7 -0.000280135
5394.56 -62528.8 -0.000311563
5909.16 -68880.8 -0.000343196
6418.2 -75263.4 -0.00037498
6918.36 -81654.3 -0.000406801
7403.99 -88012.7 -0.000438458
7866.83 -94282.9 -0.000469672
8297.18 -100390 -0.000500074
8686.59 -106266 -0.000529317
9030.8 -111867 -0.000557196
9330.49 -117177 -0.000583621
9590.04 -122214 -0.000608687
9815.21 -127010 -0.00063255
10011.7 -131597 -0.000655372
10184.8 -136009 -0.000677321
10338.5 -140261 -0.000698476
10475.8 -144281 -0.000718475
10599.4 -148137 -0.000737657
10711.4 -151834 -0.000756046
10812.7 -155367 -0.000773617
10905.5 -158809 -0.000790736
10991.1 -162170 -0.000807452
11070.4 -165458 -0.000823806
11143.9 -168666 -0.000839762
11212.1 -171769 -0.000855192
11276 -174815 -0.000870344
11335.9 -177811 -0.000885243
11392.3 -180761 -0.000899914
11445.5 -183669 -0.000914379
11495.9 -186539 -0.000928655
11543.8 -189375 -0.000942758
11589.3 -192178 -0.000956703
11632.4 -194932 -0.0009704
11673.3 -197629 -0.000983818
11712.4 -200300 -0.000997107
11749.8 -202947 -0.00101028
11785.6 -205573 -0.00102334
11820.1 -208179 -0.00103631
11853.2 -210766 -0.00104919
11885.1 -213337 -0.00106199
11915.6 -215908 -0.00107479
11945 -218474 -0.00108757
11972.9 -220938 -0.00109985
11999.8 -223382 -0.00111203
12025.7 -225816 -0.00112416
12050.7 -228239 -0.00113624
12074.7 -230651 -0.00114828
12097.7 -233020 -0.0011601
12119.8 -235298 -0.00117147
12141.1 -237570 -0.00118282
12161.8 -239836 -0.00119415
12181.9 -242099 -0.00120546
12201.4 -244357 -0.00121676
12220.3 -246613 -0.00122805
12238.6 -248865 -0.00123934
12256.3 -251115 -0.00125062
12273.3 -253316 -0.00126167
12289.7 -255489 -0.00127259
12305.5 -257661 -0.00128351
12320.9 -259831 -0.00129444
12335.7 -261955 -0.00130514
12349.8 -263948 -0.00131519
12363.5 -265939 -0.00132526
12376.5 -267952 -0.00133544
12388.8 -269946 -0.00134554
12400.7 -271941 -0.00135567
12412.4 -273938 -0.00136581
12423.7 -275935 -0.00137598
12434.7 -277934 -0.00138618
12445.5 -279934 -0.0013964
12455.9 -281934 -0.00140665
12466.1 -283935 -0.00141692
12476 -285936 -0.00142722
12485.7 -287936 -0.00143754
12495.1 -289935 -0.00144788
12504.3 -291931 -0.00145825
12513.2 -293925 -0.00146863
12521.8 -295915 -0.00147903
12530.3 -297901 -0.00148944
12538.4 -299882 -0.00149987
12546.4 -301858 -0.00151032
12554.2 -303828 -0.00152078
12561.7 -305792 -0.00153125
12569 -307749 -0.00154174
12576.2 -309699 -0.00155225
12583.1 -311641 -0.00156277
12589.9 -313575 -0.00157331
12596.5 -315501 -0.00158387
12603 -317418 -0.00159445
12609.3 -319326 -0.00160505
12615.5 -321224 -0.00161568
12621.6 -323111 -0.00162633
12627.5 -324988 -0.001637
12633.3 -326851 -0.00164769
12638.9 -328698 -0.00165838
12644.3 -330538 -0.00166914
12649.5 -332367 -0.00167994
12654.6 -334158 -0.00169063
12659.6 -335857 -0.00170088
12664.4 -337543 -0.00171116
12669.2 -339213 -0.00172147
12673.9 -340868 -0.0017318
12678.6 -342506 -0.00174217
12683.1 -344127 -0.00175255
12687.6 -345729 -0.00176297
12692 -347313 -0.00177341
12696.3 -348876 -0.00178388
12700.6 -350419 -0.00179437
12704.8 -351940 -0.00180489
12708.9 -353439 -0.00181543
12713 -354914 -0.00182599
12717 -356366 -0.00183657
12720.9 -357793 -0.00184718
12724.7 -359195 -0.0018578
12728.5 -360570 -0.00186845
12732.1 -361886 -0.00187885
12735.7 -363143 -0.00188898
12739.2 -364374 -0.00189913
12742.7 -365579 -0.00190929
12746 -366758 -0.00191946
12749.3 -367911 -0.00192964
12752.5 -369014 -0.00193961
12755.5 -369973 -0.00194847
12758.3 -370896 -0.00195719
12761.2 -371797 -0.00196589
12763.9 -372676 -0.00197457
12766.6 -373534 -0.00198324
12769.2 -374370 -0.00199188
12771.7 -375168 -0.00200032
12774.1 -375922 -0.00200849
12776.4 -376657 -0.00201663
12778.6 -377374 -0.00202475
12780.8 -378073 -0.00203285
12783 -378754 -0.00204094
12785.1 -379417 -0.00204901
12787.2 -380064 -0.00205708
12789.2 -380694 -0.00206513
12791.2 -381309 -0.00207317
12793.2 -381907 -0.00208121
12795.1 -382490 -0.00208924
12797 -383059 -0.00209727
12798.8 -383613 -0.0021053
12800.6 -384152 -0.00211334
12802.4 -384678 -0.00212137
12804.2 -385190 -0.00212941
12805.9 -385689 -0.00213746
12807.7 -386175 -0.00214551
12809.4 -386649 -0.00215357
12811 -387110 -0.00216165
12812.7 -387559 -0.00216973
12814.3 -387996 -0.00217783
12815.9 -388422 -0.00218594
12817.5 -388836 -0.00219407
12819.1 -389240 -0.0022022
12820.7 -389632 -0.00221036
12822.2 -390014 -0.00221853
12823.7 -390385 -0.00222672
12825.2 -390747 -0.00223492
12826.7 -391098 -0.00224315
12828.2 -391440 -0.00225138
12829.7 -391772 -0.00225964
12831.1 -392095 -0.00226792
12832.6 -392408 -0.00227621
12834 -392713 -0.00228452
12835.4 -393009 -0.00229285
12836.8 -393297 -0.0023012
12838.2 -393576 -0.00230957
12839.5 -393848 -0.00231795
12840.9 -394111 -0.00232636
12842.2 -394367 -0.00233478
12843.6 -394615 -0.00234322
12844.9 -394855 -0.00235167
12846.2 -395089 -0.00236014
12847.5 -395316 -0.00236863
12848.7 -395535 -0.00237714
12850 -395749 -0.00238566
12851.3 -395955 -0.0023942
12852.5 -396156 -0.00240275
12853.7 -396350 -0.00241132
12855 -396538 -0.0024199
12856.2 -396721 -0.00242849
12857.4 -396898 -0.0024371
12858.5 -397069 -0.00244572
12859.7 -397235 -0.00245435
12860.9 -397396 -0.00246299
12862 -397552 -0.00247164
12863.1 -397703 -0.0024803
12864.3 -397849 -0.00248896
12865.4 -397991 -0.00249764
12866.4 -398128 -0.00250632
12867.5 -398261 -0.00251501
12868.6 -398390 -0.00252371
12869.6 -398514 -0.00253241
12870.7 -398635 -0.00254112
12871.7 -398752 -0.00254982
12872.7 -398865 -0.00255854
12873.7 -398974 -0.00256725
12874.7 -399081 -0.00257596
12875.7 -399183 -0.00258468
12876.6 -399283 -0.00259339
12877.5 -399379 -0.00260211
12878.5 -399472 -0.00261082
12879.4 -399563 -0.00261952
12880.3 -399650 -0.00262823
12881.2 -399735 -0.00263692
12882 -399817 -0.00264562
12882.9 -399897 -0.0026543
12883.7 -399974 -0.00266298
12884.6 -400048 -0.00267165
12885.4 -400120 -0.00268032
12886.2 -400190 -0.00268897
12886.9 -400258 -0.00269761
12887.7 -400324 -0.00270625
12888.5 -400388 -0.00271487
12889.2 -400450 -0.00272348
12889.9 -400510 -0.00273209
12890.6 -400568 -0.00274068
12891.3 -400624 -0.00274925
12892 -400679 -0.00275782
12892.7 -400732 -0.00276637
12893.3 -400784 -0.00277491
12894 -400834 -0.00278344
12894.6 -400882 -0.00279196
12895.2 -400930 -0.00280046
12895.8 -400975 -0.00280896
12896.4 -401020 -0.00281744
12897 -401063 -0.00282591
12897.6 -401105 -0.00283437
12898.1 -401146 -0.00284281
12898.7 -401186 -0.00285125
12899.2 -401225 -0.00285968
12899.8 -401263 -0.00286809
12900.3 -401299 -0.00287648
12900.7 -401334 -0.00288462
12901.2 -401368 -0.00289275
12901.6 -401401 -0.00290087
12902 -401433 -0.00290898
12902.5 -401464 -0.00291708
12902.9 -401495 -0.00292518
12903.3 -401525 -0.00293327
12903.7 -401554 -0.00294135
12904.1 -401582 -0.00294942
12904.5 -401610 -0.0029575
12904.8 -401637 -0.00296556
12905.2 -401664 -0.00297363
12905.5 -401690 -0.00298169
12905.9 -401715 -0.00298975
12906.2 -401740 -0.0029978
12906.6 -401765 -0.00300585
12906.9 -401788 -0.00301391
12907.2 -401812 -0.00302196
12907.5 -401835 -0.00303001
12907.9 -401857 -0.00303806
12908.2 -401879 -0.00304612
12908.5 -401901 -0.00305417
12908.8 -401922 -0.00306223
12909 -401942 -0.00307028
12909.3 -401963 -0.00307834
12909.6 -401983 -0.00308641
12909.9 -402002 -0.00309447
12910.2 -402021 -0.00310254
12910.4 -402040 -0.00311062
12910.7 -402059 -0.00311869
12910.9 -402077 -0.00312677
12911.2 -402095 -0.00313486
12911.4 -402113 -0.00314295
12911.7 -402130 -0.00315105
12911.9 -402147 -0.00315915
12912.2 -402164 -0.00316726
12912.4 -402180 -0.00317537
12912.6 -402196 -0.00318349
12912.9 -402212 -0.00319161
12913.1 -402228 -0.00319974
12913.3 -402244 -0.00320788
12913.5 -402259 -0.00321602
12913.7 -402274 -0.00322417
12913.9 -402289 -0.00323233
12914.1 -402303 -0.00324049
12914.3 -402318 -0.00324867
12914.5 -402332 -0.00325684
12914.7 -402346 -0.00326503
12914.9 -402360 -0.00327322
12915.1 -402373 -0.00328142
12915.3 -402387 -0.00328963
12915.5 -402400 -0.00329785
12915.7 -402413 -0.00330607
12915.9 -402426 -0.0033143
12916 -402439 -0.00332254
12916.2 -402452 -0.00333079
12916.4 -402464 -0.00333904
12916.6 -402477 -0.00334731
12916.7 -402489 -0.00335558
12916.9 -402501 -0.00336386
12917 -402513 -0.00337214
12917.2 -402525 -0.00338044
12917.4 -402537 -0.00338874
12917.5 -402548 -0.00339705
12917.7 -402560 -0.00340537
12917.8 -402571 -0.0034137
12918 -402582 -0.00342204
12918.1 -402594 -0.00343038
12918.2 -402605 -0.00343873
12918.4 -402616 -0.0034471
12918.5 -402626 -0.00345547
12918.7 -402637 -0.00346384
12918.8 -402648 -0.00347223
12918.9 -402658 -0.00348063
12919.1 -402669 -0.00348903
12919.3 -402679 -0.00349747
12919.6 -402690 -0.00350597
12920.2 -402700 -0.00351455
12921.1 -402711 -0.00352325
12922.2 -402721 -0.00353203
12923.4 -402732 -0.00354088
12924.8 -402742 -0.00354977
12926.3 -402753 -0.00355872
12927.9 -402763 -0.00356774
12929.8 -402774 -0.00357685
12931.8 -402784 -0.00358601
12933.7 -402794 -0.00359517
12935.7 -402805 -0.00360434
12937.6 -402815 -0.00361352
12939.6 -402825 -0.00362275
12941.8 -402835 -0.00363204
12944.1 -402845 -0.00364139
12946.6 -402856 -0.00365083
12949.3 -402866 -0.00366033
12951.9 -402876 -0.00366983
12954.5 -402886 -0.00367935
12957.1 -402896 -0.00368888
12959.7 -402906 -0.00369843
12962.3 -402916 -0.00370798
12964.9 -402926 -0.00371755
12967.5 -402936 -0.00372714
12970.2 -402945 -0.00373677
12973 -402955 -0.00374647
12976 -402965 -0.00375622
12979.1 -402975 -0.00376607
12982.4 -402985 -0.00377597
12985.6 -402995 -0.00378588
12988.8 -403005 -0.00379578
12992 -403014 -0.00380569
12995.2 -403024 -0.00381562
12998.4 -403034 -0.00382556
13001.6 -403043 -0.00383551
13004.8 -403053 -0.00384548
13008 -403063 -0.00385546
13011.2 -403072 -0.00386546
13014.4 -403082 -0.00387548
13017.6 -403091 -0.0038855
13020.9 -403101 -0.00389558
13024.2 -403110 -0.00390571
13027.7 -403120 -0.00391589
13031.3 -403130 -0.00392614
13035 -403139 -0.0039365
13038.8 -403149 -0.00394687
13042.5 -403158 -0.00395725
13046.3 -403168 -0.00396765
13050 -403178 -0.00397806
13053.7 -403187 -0.00398849
13057.5 -403197 -0.00399894
13061.2 -403206 -0.00400941
13064.9 -403216 -0.00401989
13068.7 -403225 -0.00403039
13072.4 -403235 -0.00404091
13076.1 -403244 -0.00405145
13079.8 -403254 -0.004062
13083.5 -403263 -0.00407257
13087.2 -403273 -0.00408316
13090.9 -403282 -0.00409377
13094.6 -403292 -0.0041044
13098.4 -403301 -0.00411505
13102.2 -403311 -0.00412577
13106.1 -403320 -0.00413654
13110 -403330 -0.00414738
13114.2 -403339 -0.00415831
13118.4 -403349 -0.0041693
13122.6 -403359 -0.00418031
13126.8 -403368 -0.00419134
13130.9 -403378 -0.00420239
13135.1 -403388 -0.00421347
13139.3 -403397 -0.00422456
13143.5 -403407 -0.00423568
13147.6 -403417 -0.00424682
13151.8 -403426 -0.00425798
13155.9 -403436 -0.00426916
13160.1 -403446 -0.00428037
13164.3 -403455 -0.0042916
13168.4 -403465 -0.00430285
13172.5 -403475 -0.00431413
13176.7 -403484 -0.00432542
13180.8 -403494 -0.00433675
13185 -403504 -0.00434809
13189.1 -403514 -0.00435946
13193.2 -403523 -0.00437085
13197.4 -403533 -0.00438227
13201.5 -403543 -0.00439371
13205.6 -403553 -0.00440518
13209.7 -403562 -0.00441667
13213.9 -403572 -0.0044282
13218.1 -403582 -0.00443979
13222.4 -403592 -0.00445144
13226.7 -403602 -0.00446316
13231.2 -403612 -0.00447497
13235.7 -403622 -0.00448687
13240.2 -403632 -0.00449879
13244.8 -403642 -0.00451075
13249.3 -403652 -0.00452273
13253.8 -403662 -0.00453474
13258.3 -403672 -0.00454678
13262.8 -403683 -0.00455885
13267.3 -403693 -0.00457094
13271.8 -403703 -0.00458307
13276.3 -403713 -0.00459522
13280.8 -403723 -0.00460741
13285.3 -403734 -0.00461962
13289.8 -403744 -0.00463186
13294.3 -403754 -0.00464414
13298.7 -403764 -0.00465644
13303.2 -403775 -0.00466877
13307.7 -403785 -0.00468113
13312.2 -403795 -0.00469352
13316.6 -403806 -0.00470594
13321.1 -403816 -0.0047184
13325.5 -403827 -0.00473088
13330 -403837 -0.00474339
13334.4 -403848 -0.00475593
13338.9 -403858 -0.00476851
13343.3 -403869 -0.00478111
13347.7 -403879 -0.00479375
13352.2 -403890 -0.00480641
13356.6 -403900 -0.00481911
13361 -403911 -0.00483184
13365.5 -403921 -0.00484459
13369.9 -403932 -0.00485738
13374.3 -403943 -0.0048702
13378.8 -403953 -0.00488308
13383.3 -403964 -0.00489602
13387.9 -403975 -0.00490903
13392.5 -403986 -0.00492212
13397.2 -403997 -0.00493529
13402 -404008 -0.00494857
13406.7 -404019 -0.00496188
13411.5 -404030 -0.00497523
13416.2 -404041 -0.00498861
13420.9 -404052 -0.00500203
13425.7 -404063 -0.00501547
13430.4 -404074 -0.00502896
13435.1 -404085 -0.00504247
13439.8 -404097 -0.00505602
13444.5 -404108 -0.0050696
13449.3 -404119 -0.00508322
13454 -404130 -0.00509687
13458.7 -404142 -0.00511055
13463.4 -404153 -0.00512426
13468.1 -404164 -0.00513801
13472.8 -404176 -0.00515179
13477.4 -404187 -0.00516561
13482.1 -404198 -0.00517946
13486.8 -404210 -0.00519334
13491.5 -404221 -0.00520725
13496.2 -404233 -0.0052212
13500.8 -404244 -0.00523518
13505.5 -404256 -0.0052492
13510.1 -404268 -0.00526325
13514.8 -404279 -0.00527733
13519.5 -404291 -0.00529144
13524.1 -404303 -0.00530558
13528.8 -404314 -0.00531976
13533.4 -404326 -0.00533397
13538 -404338 -0.00534822
13542.7 -404349 -0.0053625
13547.3 -404361 -0.0053768
13551.9 -404373 -0.00539115
13556.6 -404385 -0.00540552
13561.2 -404397 -0.00541993
13565.8 -404409 -0.00543437
13570.4 -404421 -0.00544884
13575 -404433 -0.00546334
13579.6 -404444 -0.00547788
13584.2 -404456 -0.00549245
13588.8 -404469 -0.00550705
13593.4 -404481 -0.00552168
13598 -404493 -0.00553633
13602.7 -404505 -0.00555102
13607.4 -404517 -0.00556578
13612.1 -404529 -0.00558061
13616.8 -404541 -0.0055955
13621.6 -404554 -0.00561044
13410.3 -404678 -0.00576142
13470.1 -404725 -0.00581852
13494.5 -404760 -0.0058609
