0 -453.597 -2.26119e-06
634.56 -6162.45 -3.07186e-05
1173.57 -10963.2 -5.46477e-05
1709.92 -15770 -7.86047e-05
2243.81 -20610.9 -0.00010273
2775.24 -25493.8 -0.000127063
3304.22 -30419.5 -0.000151608
3830.74 -35391.9 -0.000176383
4354.77 -40413 -0.000201399
4876.15 -45482.5 -0.000226655
5394.56 -50598.6 -0.000252141
5909.16 -55756.6 -0.000277833
6418.2 -60944.9 -0.000303674
6918.36 -66141.3 -0.000329554
7403.99 -71305 -0.000355269
7866.83 -76380.2 -0.000380541
8297.18 -81292.5 -0.000405
8686.59 -85972.5 -0.000428301
9030.8 -90378.7 -0.000450237
9330.49 -94493.9 -0.000470723
9590.04 -98337 -0.000489853
9815.21 -101942 -0.000507795
10011.7 -105341 -0.000524716
10184.8 -108567 -0.000540769
10338.5 -111632 -0.000556026
10475.8 -114454 -0.000570071
10599.4 -117108 -0.000583275
10711.4 -119598 -0.000595667
10812.7 -121931 -0.000607276
10905.5 -124173 -0.000618432
10991.1 -126333 -0.000629182
11070.4 -128421 -0.000639568
11143.9 -130428 -0.000649554
11212.1 -132329 -0.000659012
11276 -134173 -0.000668189
11335.9 -135967 -0.000677112
11392.3 -137714 -0.000685805
11445.5 -139420 -0.000694291
11495.9 -141087 -0.000702587
11543.8 -142720 -0.00071071
11589.3 -144321 -0.000718673
11632.4 -145873 -0.000726392
11673.3 -147370 -0.000733839
11712.4 -148841 -0.000741157
11749.8 -150289 -0.000748358
11785.6 -151715 -0.000755451
11820.1 -153121 -0.000762447
11853.2 -154510 -0.000769355
11885.1 -155883 -0.000776182
11915.6 -157264 -0.000783052
11945 -158648 -0.000789936
11972.9 -159925 -0.000796287
11999.8 -161183 -0.000802545
12025.7 -162431 -0.000808752
12050.7 -163671 -0.000814921
12074.7 -164911 -0.000821088
12097.7 -166105 -0.000827025
12119.8 -167200 -0.000832469
12141.1 -168290 -0.000837889
12161.8 -169375 -0.00084329
12181.9 -170458 -0.000848676
12201.4 -171539 -0.00085405
12220.3 -172618 -0.000859417
12238.6 -173696 -0.000864779
12256.3 -174774 -0.000870137
12273.3 -175802 -0.000875253
12289.7 -176804 -0.000880237
12305.5 -177807 -0.000885222
12320.9 -178810 -0.000890213
12335.7 -179763 -0.000894953
12349.8 -180570 -0.000898967
12363.5 -181379 -0.000902987
12376.5 -182230 -0.000907223
12388.8 -183079 -0.000911442
12400.7 -183931 -0.000915682
12412.4 -184788 -0.000919946
12423.7 -185651 -0.000924235
12434.7 -186518 -0.00092855
12445.5 -187391 -0.000932892
12455.9 -188270 -0.000937261
12466.1 -189153 -0.000941656
12476 -190042 -0.000946076
12485.7 -190935 -0.00095052
12495.1 -191833 -0.000954986
12504.3 -192735 -0.000959473
12513.2 -193641 -0.00096398
12521.8 -194551 -0.000968505
12530.3 -195464 -0.000973047
12538.4 -196380 -0.000977606
12546.4 -197300 -0.00098218
12554.2 -198222 -0.00098677
12561.7 -199148 -0.000991375
12569 -200077 -0.000995997
12576.2 -201009 -0.00100064
12583.1 -201945 -0.00100529
12589.9 -202885 -0.00100997
12596.5 -203828 -0.00101466
12603 -204775 -0.00101937
12609.3 -205727 -0.00102411
12615.5 -206684 -0.00102887
12621.6 -207645 -0.00103366
12627.5 -208612 -0.00103847
12633.3 -209584 -0.00104331
12638.9 -210564 -0.00104819
12644.3 -211570 -0.00105319
12649.5 -212590 -0.00105827
12654.6 -213584 -0.00106322
12659.6 -214480 -0.00106768
12664.4 -215382 -0.00107217
12669.2 -216290 -0.00107669
12673.9 -217203 -0.00108124
12678.6 -218121 -0.00108582
12683.1 -219045 -0.00109042
12687.6 -219975 -0.00109505
12692 -220911 -0.00109971
12696.3 -221851 -0.0011044
12700.6 -222797 -0.00110911
12704.8 -223748 -0.00111385
12708.9 -224705 -0.00111862
12713 -225666 -0.00112341
12717 -226632 -0.00112823
12720.9 -227602 -0.00113307
12724.7 -228577 -0.00113793
12728.5 -229556 -0.00114281
12732.1 -230479 -0.00114742
12735.7 -231342 -0.00115172
12739.2 -232208 -0.00115605
12742.7 -233076 -0.00116038
12746 -233945 -0.00116472
12749.3 -234817 -0.00116907
12752.5 -235643 -0.00117319
12755.5 -236227 -0.00117611
12758.3 -236778 -0.00117887
12761.2 -237326 -0.0011816
12763.9 -237870 -0.00118432
12766.6 -238410 -0.00118702
12769.2 -238946 -0.0011897
12771.7 -239442 -0.00119218
12774.1 -239885 -0.00119439
12776.4 -240323 -0.00119658
12778.6 -240756 -0.00119875
12780.8 -241186 -0.0012009
12783 -241612 -0.00120303
12785.1 -242035 -0.00120514
12787.2 -242455 -0.00120724
12789.2 -242872 -0.00120933
12791.2 -243287 -0.00121141
12793.2 -243701 -0.00121348
12795.1 -244113 -0.00121554
12797 -244525 -0.0012176
12798.8 -244936 -0.00121966
12800.6 -245347 -0.00122172
12802.4 -245758 -0.00122378
12804.2 -246170 -0.00122584
12805.9 -246584 -0.00122791
12807.7 -246998 -0.00122998
12809.4 -247414 -0.00123207
12811 -247832 -0.00123416
12812.7 -248252 -0.00123627
12814.3 -248674 -0.00123838
12815.9 -249099 -0.00124051
12817.5 -249527 -0.00124266
12819.1 -249957 -0.00124482
12820.7 -250390 -0.00124699
12822.2 -250827 -0.00124918
12823.7 -251266 -0.00125138
12825.2 -251709 -0.00125361
12826.7 -252156 -0.00125585
12828.2 -252606 -0.0012581
12829.7 -253059 -0.00126038
12831.1 -253516 -0.00126267
12832.6 -253976 -0.00126499
12834 -254440 -0.00126732
12835.4 -254907 -0.00126967
12836.8 -255379 -0.00127203
12838.2 -255853 -0.00127442
12839.5 -256332 -0.00127682
12840.9 -256813 -0.00127925
12842.2 -257299 -0.00128169
12843.6 -257787 -0.00128415
12844.9 -258279 -0.00128662
12846.2 -258775 -0.00128912
12847.5 -259274 -0.00129163
12848.7 -259776 -0.00129416
12850 -260281 -0.0012967
12851.3 -260789 -0.00129926
12852.5 -261300 -0.00130184
12853.7 -261814 -0.00130443
12855 -262330 -0.00130703
12856.2 -262850 -0.00130965
12857.4 -263372 -0.00131229
12858.5 -263896 -0.00131493
12859.7 -264422 -0.00131759
12860.9 -264949 -0.00132025
12862 -265477 -0.00132292
12863.1 -266008 -0.0013256
12864.3 -266540 -0.00132829
12865.4 -267073 -0.00133099
12866.4 -267608 -0.0013337
12867.5 -268145 -0.00133642
12868.6 -268682 -0.00133914
12869.6 -269220 -0.00134186
12870.7 -269759 -0.00134459
12871.7 -270298 -0.00134733
12872.7 -270838 -0.00135007
12873.7 -271378 -0.00135281
12874.7 -271917 -0.00135555
12875.7 -272457 -0.00135829
12876.6 -272996 -0.00136103
12877.5 -273535 -0.00136377
12878.5 -274073 -0.0013665
12879.4 -274610 -0.00136923
12880.3 -275146 -0.00137196
12881.2 -275681 -0.00137469
12882 -276214 -0.00137741
12882.9 -276746 -0.00138012
12883.7 -277276 -0.00138282
12884.6 -277804 -0.00138552
12885.4 -278330 -0.0013882
12886.2 -278854 -0.00139088
12886.9 -279376 -0.00139355
12887.7 -279895 -0.0013962
12888.5 -280412 -0.00139885
12889.2 -280926 -0.00140148
12889.9 -281438 -0.0014041
12890.6 -281946 -0.00140671
12891.3 -282453 -0.00140931
12892 -282956 -0.00141189
12892.7 -283456 -0.00141446
12893.3 -283954 -0.00141702
12894 -284449 -0.00141956
12894.6 -284940 -0.00142209
12895.2 -285429 -0.00142461
12895.8 -285916 -0.00142711
12896.4 -286399 -0.00142961
12897 -286880 -0.00143209
12897.6 -287357 -0.00143455
12898.1 -287833 -0.00143701
12898.7 -288306 -0.00143945
12899.2 -288776 -0.00144188
12899.8 -289244 -0.00144431
12900.3 -289707 -0.0014467
12900.7 -290129 -0.00144889
12901.2 -290548 -0.00145107
12901.6 -290965 -0.00145323
12902 -291381 -0.00145539
12902.5 -291794 -0.00145754
12902.9 -292206 -0.00145968
12903.3 -292616 -0.00146181
12903.7 -293024 -0.00146393
12904.1 -293431 -0.00146605
12904.5 -293836 -0.00146817
12904.8 -294241 -0.00147028
12905.2 -294644 -0.00147238
12905.5 -295046 -0.00147449
12905.9 -295448 -0.00147658
12906.2 -295849 -0.00147868
12906.6 -296249 -0.00148077
12906.9 -296648 -0.00148287
12907.2 -297047 -0.00148496
12907.5 -297445 -0.00148705
12907.9 -297844 -0.00148914
12908.2 -298242 -0.00149123
12908.5 -298640 -0.00149333
12908.8 -299038 -0.00149542
12909 -299436 -0.00149752
12909.3 -299834 -0.00149962
12909.6 -300232 -0.00150172
12909.9 -300630 -0.00150382
12910.2 -301029 -0.00150593
12910.4 -301428 -0.00150804
12910.7 -301828 -0.00151016
12910.9 -302228 -0.00151228
12911.2 -302628 -0.0015144
12911.4 -303029 -0.00151653
12911.7 -303430 -0.00151866
12911.9 -303833 -0.0015208
12912.2 -304235 -0.00152294
12912.4 -304639 -0.00152509
12912.6 -305043 -0.00152725
12912.9 -305448 -0.00152941
12913.1 -305854 -0.00153158
12913.3 -306260 -0.00153376
12913.5 -306667 -0.00153594
12913.7 -307076 -0.00153813
12913.9 -307485 -0.00154032
12914.1 -307894 -0.00154252
12914.3 -308305 -0.00154473
12914.5 -308717 -0.00154695
12914.7 -309129 -0.00154917
12914.9 -309543 -0.0015514
12915.1 -309957 -0.00155364
12915.3 -310372 -0.00155589
12915.5 -310789 -0.00155814
12915.7 -311206 -0.00156041
12915.9 -311624 -0.00156268
12916 -312043 -0.00156495
12916.2 -312463 -0.00156724
12916.4 -312884 -0.00156953
12916.6 -313305 -0.00157184
12916.7 -313728 -0.00157415
12916.9 -314152 -0.00157646
12917 -314576 -0.00157879
12917.2 -315002 -0.00158113
12917.4 -315428 -0.00158347
12917.5 -315856 -0.00158582
12917.7 -316284 -0.00158818
12917.8 -316713 -0.00159055
12918 -317143 -0.00159293
12918.1 -317574 -0.00159531
12918.2 -318006 -0.00159771
12918.4 -318438 -0.00160011
12918.5 -318872 -0.00160252
12918.7 -319306 -0.00160494
12918.8 -319741 -0.00160737
12918.9 -320177 -0.00160981
12919.1 -320614 -0.00161226
12919.3 -321056 -0.00161474
12919.6 -321508 -0.00161728
12920.2 -321975 -0.00161991
12921.1 -322461 -0.00162265
12922.2 -322963 -0.00162549
12923.4 -323475 -0.00162839
12924.8 -323993 -0.00163133
12926.3 -324521 -0.00163434
12927.9 -325059 -0.00163741
12929.8 -325614 -0.00164058
12931.8 -326173 -0.00164379
12933.7 -326734 -0.00164702
12935.7 -327294 -0.00165025
12937.6 -327855 -0.00165349
12939.6 -328422 -0.00165678
12941.8 -328998 -0.00166013
12944.1 -329583 -0.00166355
12946.6 -330183 -0.00166706
12949.3 -330789 -0.00167062
12951.9 -331396 -0.00167419
12954.5 -332003 -0.00167778
12957.1 -332610 -0.00168138
12959.7 -333216 -0.001685
12962.3 -333823 -0.00168862
12964.9 -334430 -0.00169226
12967.5 -335037 -0.00169592
12970.2 -335650 -0.00169962
12973 -336271 -0.00170339
12976 -336899 -0.00170722
12979.1 -337540 -0.00171114
12982.4 -338187 -0.00171512
12985.6 -338833 -0.00171911
12988.8 -339471 -0.00172307
12992 -340109 -0.00172704
12995.2 -340746 -0.00173103
12998.4 -341382 -0.00173504
13001.6 -342017 -0.00173905
13004.8 -342651 -0.00174309
13008 -343284 -0.00174713
13011.2 -343916 -0.0017512
13014.4 -344547 -0.00175527
13017.6 -345177 -0.00175936
13020.9 -345810 -0.0017635
13024.2 -346449 -0.00176769
13027.7 -347092 -0.00177195
13031.3 -347740 -0.00177625
13035 -348403 -0.00178069
13038.8 -349061 -0.00178512
13042.5 -349717 -0.00178957
13046.3 -350371 -0.00179404
13050 -351023 -0.00179853
13053.7 -351673 -0.00180303
13057.5 -352321 -0.00180755
13061.2 -352966 -0.00181208
13064.9 -353609 -0.00181664
13068.7 -354250 -0.00182121
13072.4 -354888 -0.0018258
13076.1 -355524 -0.00183041
13079.8 -356157 -0.00183504
13083.5 -356787 -0.00183968
13087.2 -357414 -0.00184434
13090.9 -358039 -0.00184903
13094.6 -358660 -0.00185373
13098.4 -359280 -0.00185846
13102.2 -359902 -0.00186325
13106.1 -360525 -0.0018681
13110 -361151 -0.00187301
13114.2 -361782 -0.00187802
13118.4 -362415 -0.00188309
13122.6 -363043 -0.00188817
13126.8 -363668 -0.00189329
13130.9 -364288 -0.00189842
13135.1 -364904 -0.00190357
13139.3 -365515 -0.00190875
13143.5 -366122 -0.00191395
13147.6 -366725 -0.00191917
13151.8 -367323 -0.00192442
13155.9 -367916 -0.00192968
13160.1 -368505 -0.00193498
13164.3 -369089 -0.00194029
13168.4 -369668 -0.00194563
13172.5 -370241 -0.00195099
13176.7 -370810 -0.00195637
13180.8 -371374 -0.00196178
13185 -371932 -0.00196721
13189.1 -372485 -0.00197267
13193.2 -373033 -0.00197815
13197.4 -373575 -0.00198366
13201.5 -374112 -0.00198919
13205.6 -374643 -0.00199475
13209.7 -375168 -0.00200033
13213.9 -375689 -0.00200594
13218.1 -376208 -0.00201163
13222.4 -376724 -0.00201737
13226.7 -377237 -0.00202318
13231.2 -377750 -0.00202908
13235.7 -378262 -0.00203508
13240.2 -378767 -0.0020411
13244.8 -379266 -0.00204715
13249.3 -379758 -0.00205324
13253.8 -380243 -0.00205935
13258.3 -380722 -0.00206549
13262.8 -381194 -0.00207165
13267.3 -381659 -0.00207785
13271.8 -382117 -0.00208408
13276.3 -382569 -0.00209034
13280.8 -383013 -0.00209663
13285.3 -383451 -0.00210294
13289.8 -383882 -0.00210929
13294.3 -384306 -0.00211567
13298.7 -384724 -0.00212208
13303.2 -385134 -0.00212852
13307.7 -385537 -0.00213498
13312.2 -385934 -0.00214148
13316.6 -386324 -0.00214801
13321.1 -386707 -0.00215458
13325.5 -387083 -0.00216117
13330 -387452 -0.00216779
13334.4 -387815 -0.00217445
13338.9 -388171 -0.00218113
13343.3 -388520 -0.00218785
13347.7 -388863 -0.0021946
13352.2 -389199 -0.00220138
13356.6 -389529 -0.00220819
13361 -389852 -0.00221503
13365.5 -390168 -0.0022219
13369.9 -390479 -0.00222881
13374.3 -390782 -0.00223574
13378.8 -391081 -0.00224273
13383.3 -391374 -0.00224979
13387.9 -391663 -0.00225692
13392.5 -391948 -0.00226412
13397.2 -392228 -0.0022714
13402 -392505 -0.0022788
13406.7 -392775 -0.00228624
13411.5 -393040 -0.00229372
13416.2 -393298 -0.00230122
13420.9 -393550 -0.00230876
13425.7 -393796 -0.00231634
13430.4 -394036 -0.00232395
13435.1 -394271 -0.00233159
13439.8 -394500 -0.00233927
13444.5 -394723 -0.00234698
13449.3 -394941 -0.00235473
13454 -395153 -0.00236251
13458.7 -395360 -0.00237032
13463.4 -395562 -0.00237817
13468.1 -395758 -0.00238605
13472.8 -395950 -0.00239396
13477.4 -396136 -0.00240191
13482.1 -396318 -0.00240989
13486.8 -396495 -0.00241791
13491.5 -396668 -0.00242596
13496.2 -396836 -0.00243404
13500.8 -396999 -0.00244216
13505.5 -397158 -0.00245031
13510.1 -397313 -0.00245849
13514.8 -397464 -0.00246671
13519.5 -397611 -0.00247496
13524.1 -397753 -0.00248325
13528.8 -397892 -0.00249156
13533.4 -398027 -0.00249991
13538 -398159 -0.0025083
13542.7 -398286 -0.00251671
13547.3 -398411 -0.00252516
13551.9 -398532 -0.00253365
13556.6 -398649 -0.00254216
13561.2 -398763 -0.00255071
13565.8 -398874 -0.00255929
13570.4 -398983 -0.0025679
13575 -399088 -0.00257655
13579.6 -399190 -0.00258523
13584.2 -399289 -0.00259394
13588.8 -399385 -0.00260269
13593.4 -399479 -0.00261146
13598 -399570 -0.00262024
13602.7 -399659 -0.00262907
13607.4 -399745 -0.00263797
13612.1 -399829 -0.00264693
13616.8 -399911 -0.00265596
13621.6 -399991 -0.00266502
13410.3 -400983 -0.00281034
13470.1 -401234 -0.00286167
13494.5 -401390 -0.00289828
