0 -453.597 -2.26119e-06
634.56 -4745.79 -2.36571e-05
1173.57 -8132.24 -4.05371e-05
1709.92 -11524.1 -5.74431e-05
2243.81 -14950.1 -7.45186e-05
2775.24 -18417.7 -9.18001e-05
3304.22 -21927.6 -0.000109292
3830.74 -25484.1 -0.000127015
4354.77 -29089 -0.000144978
4876.15 -32742.2 -0.000163181
5394.56 -36441.9 -0.000181615
5909.16 -40183.2 -0.000200254
6418.2 -43954.7 -0.000219044
6918.36 -47734.1 -0.000237871
7403.99 -51480.5 -0.000256533
7866.83 -55138.4 -0.000274754
8297.18 -58633.1 -0.00029216
8686.59 -61895.3 -0.000308408
9030.8 -64883.6 -0.00032329
9330.49 -67581.6 -0.000336727
9590.04 -70008.2 -0.000348811
9815.21 -72198.8 -0.00035972
10011.7 -74187.9 -0.000369624
10184.8 -76003.9 -0.000378667
10338.5 -77659.5 -0.000386911
10475.8 -79061.8 -0.000393893
10599.4 -80290.9 -0.000400013
10711.4 -81353.2 -0.000405302
10812.7 -82264.9 -0.000409841
10905.5 -83085 -0.000413925
10991.1 -83823.3 -0.000417601
11070.4 -84488.3 -0.000420911
11143.9 -85072.4 -0.00042382
11212.1 -85549.8 -0.000426196
11276 -85970.7 -0.000428292
11335.9 -86340.2 -0.000430131
11392.3 -86663.3 -0.00043174
11445.5 -86944.5 -0.00043314
11495.9 -87187.5 -0.00043435
11543.8 -87395.4 -0.000435385
11589.3 -87571 -0.000436259
11632.4 -87698.6 -0.000436894
11673.3 -87772.7 -0.000437263
11712.4 -87820.8 -0.000437503
11749.8 -87845.1 -0.000437624
11785.6 -87847.9 -0.000437637
11820.1 -87831.1 -0.000437554
11853.2 -87796.5 -0.000437382
11885.1 -87745.6 -0.000437128
11915.6 -87711.4 -0.000436958
11945 -87685.5 -0.000436829
11972.9 -87548.2 -0.000436145
11999.8 -87392 -0.000435368
12025.7 -87225.6 -0.00043454
12050.7 -87053.4 -0.000433682
12074.7 -86888.8 -0.000432863
12097.7 -86675 -0.000431798
12119.8 -86354.6 -0.000430203
12141.1 -86029.3 -0.000428583
12161.8 -85700.2 -0.000426945
12181.9 -85368.2 -0.000425292
12201.4 -85034.1 -0.000423629
12220.3 -84698.4 -0.000421957
12238.6 -84361.7 -0.000420281
12256.3 -84024.6 -0.000418603
12273.3 -83637.5 -0.000416675
12289.7 -83223.3 -0.000414613
12305.5 -82809.6 -0.000412553
12320.9 -82397 -0.000410499
12335.7 -81928.9 -0.000408168
12349.8 -81300.2 -0.000405038
12363.5 -80672.5 -0.000401913
12376.5 -80106.3 -0.000399094
12388.8 -79547.8 -0.000396313
12400.7 -78993.7 -0.000393554
12412.4 -78444.4 -0.000390819
12423.7 -77900.4 -0.00038811
12434.7 -77361.7 -0.000385428
12445.5 -76828.7 -0.000382774
12455.9 -76301.1 -0.000380147
12466.1 -75778.8 -0.000377546
12476 -75261.8 -0.000374972
12485.7 -74749.8 -0.000372422
12495.1 -74242.4 -0.000369896
12504.3 -73739.3 -0.000367391
12513.2 -73240.4 -0.000364906
12521.8 -72745.3 -0.000362441
12530.3 -72253.8 -0.000359993
12538.4 -71765.8 -0.000357563
12546.4 -71281.1 -0.00035515
12554.2 -70799.7 -0.000352752
12561.7 -70321.6 -0.000350372
12569 -69846.9 -0.000348008
12576.2 -69375.7 -0.000345661
12583.1 -68908.1 -0.000343332
12589.9 -68444.3 -0.000341023
12596.5 -67984.5 -0.000338733
12603 -67529 -0.000336465
12609.3 -67077.9 -0.000334218
12615.5 -66631.6 -0.000331996
12621.6 -66190.1 -0.000329797
12627.5 -65753.8 -0.000327624
12633.3 -65326.5 -0.000325496
12638.9 -64913.6 -0.00032344
12644.3 -64537.7 -0.000321568
12649.5 -64181.5 -0.000319793
12654.6 -63796.9 -0.000317878
12659.6 -63304.3 -0.000315425
12664.4 -62817.5 -0.000313001
12669.2 -62336.6 -0.000310606
12673.9 -61861.7 -0.00030824
12678.6 -61392.7 -0.000305904
12683.1 -60929.6 -0.000303598
12687.6 -60472.4 -0.000301321
12692 -60021.1 -0.000299073
12696.3 -59575.7 -0.000296855
12700.6 -59136 -0.000294665
12704.8 -58702 -0.000292503
12708.9 -58273.6 -0.000290369
12713 -57850.6 -0.000288263
12717 -57433 -0.000286183
12720.9 -57020.6 -0.000284129
12724.7 -56613.2 -0.0002821
12728.5 -56210.7 -0.000280095
12732.1 -55746 -0.00027778
12735.7 -55215 -0.000275135
12739.2 -54687.4 -0.000272507
12742.7 -54161.7 -0.000269889
12746 -53638.5 -0.000267283
12749.3 -53117.8 -0.000264689
12752.5 -52547.4 -0.000261848
12755.5 -51716.2 -0.000257708
12758.3 -50849.6 -0.000253391
12761.2 -49979.2 -0.000249055
12763.9 -49104.7 -0.000244699
12766.6 -48226.2 -0.000240323
12769.2 -47343.5 -0.000235925
12771.7 -46422.5 -0.000231338
12774.1 -45449.5 -0.000226491
12776.4 -44471.7 -0.000221619
12778.6 -43489.2 -0.000216725
12780.8 -42502.4 -0.000211808
12783 -41511.5 -0.000206872
12785.1 -40517.1 -0.000201918
12787.2 -39519.4 -0.000196947
12789.2 -38518.9 -0.000191963
12791.2 -37516.1 -0.000186967
12793.2 -36511.3 -0.000181961
12795.1 -35505.1 -0.000176947
12797 -34497.8 -0.000171929
12798.8 -33489.9 -0.000166907
12800.6 -32481.8 -0.000161884
12802.4 -31473.9 -0.000156862
12804.2 -30466.6 -0.000151842
12805.9 -29460.1 -0.000146828
12807.7 -28454.9 -0.000141819
12809.4 -27451.3 -0.000136817
12811 -26449.4 -0.000131825
12812.7 -25449.6 -0.000126843
12814.3 -24452.2 -0.000121873
12815.9 -23457.2 -0.000116915
12817.5 -22465 -0.00011197
12819.1 -21475.7 -0.00010704
12820.7 -20489.4 -0.000102125
12822.2 -19506.3 -9.72255e-05
12823.7 -18526.5 -9.23425e-05
12825.2 -17550.1 -8.74766e-05
12826.7 -16577.2 -8.26279e-05
12828.2 -15607.9 -7.77971e-05
12829.7 -14642.3 -7.29842e-05
12831.1 -13680.3 -6.81897e-05
12832.6 -12722 -6.34136e-05
12834 -11767.5 -5.86562e-05
12835.4 -10816.7 -5.39175e-05
12836.8 -9869.77 -4.91975e-05
12838.2 -8926.57 -4.44963e-05
12839.5 -7987.12 -3.98137e-05
12840.9 -7051.42 -3.51497e-05
12842.2 -6119.43 -3.05042e-05
12843.6 -5191.12 -2.58769e-05
12844.9 -4266.44 -2.12677e-05
12846.2 -3345.34 -1.66762e-05
12847.5 -2427.76 -1.21022e-05
12848.7 -1513.64 -7.54547e-06
12850 -602.91 -3.00552e-06
12851.3 304.513 1.51801e-06
12852.5 1208.71 6.02554e-06
12853.7 2109.79 1.05175e-05
12855 3007.82 1.49945e-05
12856.2 3902.94 1.94568e-05
12857.4 4795.23 2.39053e-05
12858.5 5684.83 2.83403e-05
12859.7 6572.29 3.27647e-05
12860.9 7459.63 3.71886e-05
12862 8344.72 4.16014e-05
12863.1 9227.72 4.60037e-05
12864.3 10108.8 5.03963e-05
12865.4 10988 5.478e-05
12866.4 11865.6 5.91555e-05
12867.5 12741.6 6.35236e-05
12868.6 13616.4 6.78852e-05
12869.6 14490 7.22411e-05
12870.7 15362.6 7.65921e-05
12871.7 16234.5 8.09392e-05
12872.7 17105.7 8.52832e-05
12873.7 17976.4 8.96251e-05
12874.7 18846.9 9.39658e-05
12875.7 19717.3 9.83062e-05
12876.6 20587.9 0.000102647
12877.5 21458.7 0.00010699
12878.5 22330.1 0.000111335
12879.4 23202.1 0.000115683
12880.3 24075 0.000120036
12881.2 24948.9 0.000124394
12882 25824 0.000128758
12882.9 26700.5 0.00013313
12883.7 27578.5 0.000137508
12884.6 28458.3 0.000141896
12885.4 29339.9 0.000146292
12886.2 30223.5 0.000150699
12886.9 31109.2 0.000155116
12887.7 31997.1 0.000159545
12888.5 32887.4 0.000163985
12889.2 33780.2 0.000168438
12889.9 34675.5 0.000172903
12890.6 35573.4 0.000177382
12891.3 36474 0.000181874
12892 37377.3 0.000186379
12892.7 38283.4 0.000190899
12893.3 39192.3 0.000195432
12894 40104 0.00019998
12894.6 41018.5 0.000204541
12895.2 41935.8 0.000209117
12895.8 42855.8 0.000213706
12896.4 43778.6 0.000218309
12897 44704.1 0.000222926
12897.6 45632.2 0.000227556
12898.1 46562.8 0.000232198
12898.7 47496 0.000236853
12899.2 48431.5 0.00024152
12899.8 49369.3 0.000246199
12900.3 50311.6 0.000250899
12900.7 51289 0.000255775
12901.2 52268.5 0.000260662
12901.6 53250.1 0.00026556
12902 54233.7 0.000270467
12902.5 55219 0.000275382
12902.9 56206 0.000280307
12903.3 57194.5 0.000285239
12903.7 58184.5 0.000290178
12904.1 59175.7 0.000295124
12904.5 60168.2 0.000300075
12904.8 61161.6 0.000305032
12905.2 62155.9 0.000309994
12905.5 63151.1 0.000314959
12905.9 64146.9 0.000319928
12906.2 65143.3 0.0003249
12906.6 66140.1 0.000329874
12906.9 67137.2 0.00033485
12907.2 68134.6 0.000339827
12907.5 69132.1 0.000344804
12907.9 70129.5 0.000349782
12908.2 71127 0.000354759
12908.5 72124.2 0.000359736
12908.8 73121.2 0.000364711
12909 74117.8 0.000369685
12909.3 75114 0.000374656
12909.6 76109.7 0.000379626
12909.9 77104.8 0.000384592
12910.2 78099.2 0.000389555
12910.4 79092.9 0.000394514
12910.7 80085.8 0.00039947
12910.9 81077.9 0.000404422
12911.2 82069.1 0.000409369
12911.4 83059.3 0.000414311
12911.7 84048.4 0.000419248
12911.9 85036.5 0.00042418
12912.2 86023.5 0.000429107
12912.4 87009.4 0.000434027
12912.6 87994 0.000438942
12912.9 88977.4 0.000443851
12913.1 89959.5 0.000448753
12913.3 90940.3 0.000453649
12913.5 91919.8 0.000458539
12913.7 92897.9 0.000463421
12913.9 93874.5 0.000468297
12914.1 94849.8 0.000473165
12914.3 95823.6 0.000478027
12914.5 96795.9 0.000482881
12914.7 97766.7 0.000487727
12914.9 98735.9 0.000492566
12915.1 99703.7 0.000497397
12915.3 100670 0.000502221
12915.5 101634 0.000507037
12915.7 102597 0.000511844
12915.9 103559 0.000516644
12916 104518 0.000521436
12916.2 105477 0.000526219
12916.4 106433 0.000530995
12916.6 107388 0.000535762
12916.7 108341 0.000540521
12916.9 109292 0.000545271
12917 110242 0.000550014
12917.2 111190 0.000554747
12917.4 112136 0.000559472
12917.5 113081 0.000564189
12917.7 114024 0.000568897
12917.8 114965 0.000573597
12918 115904 0.000578288
12918.1 116842 0.00058297
12918.2 117778 0.000587643
12918.4 118712 0.000592308
12918.5 119644 0.000596964
12918.7 120575 0.000601612
12918.8 121503 0.00060625
12918.9 122430 0.00061088
12919.1 123355 0.000615498
12919.3 124273 0.000620083
12919.6 125179 0.000624608
12920.2 126067 0.000629043
12921.1 126931 0.000633358
12922.2 127776 0.000637578
12923.4 128609 0.000641738
12924.8 129432 0.00064585
12926.3 130243 0.000649899
12927.9 131041 0.000653884
12929.8 131817 0.00065776
12931.8 132586 0.000661601
12933.7 133352 0.00066543
12935.7 134116 0.000669248
12937.6 134878 0.000673053
12939.6 135631 0.000676813
12941.8 136371 0.000680511
12944.1 137099 0.000684146
12946.6 137806 0.00068768
12949.3 138503 0.000691161
12951.9 139197 0.000694629
12954.5 139889 0.000698084
12957.1 140578 0.000701525
12959.7 141264 0.000704953
12962.3 141948 0.000708368
12964.9 142629 0.00071177
12967.5 143306 0.000715155
12970.2 143974 0.000718489
12973 144628 0.000721762
12976 145271 0.000724972
12979.1 145893 0.000728079
12982.4 146505 0.000731136
12985.6 147115 0.000734184
12988.8 147733 0.000737273
12992 148348 0.000740347
12995.2 148961 0.000743406
12998.4 149570 0.000746451
13001.6 150176 0.000749481
13004.8 150780 0.000752496
13008 151380 0.000755497
13011.2 151978 0.000758482
13014.4 152572 0.000761453
13017.6 153164 0.000764408
13020.9 153746 0.000767319
13024.2 154317 0.000770172
13027.7 154876 0.000772965
13031.3 155425 0.000775707
13035 155946 0.000778309
13038.8 156468 0.000780918
13042.5 156987 0.000783511
13046.3 157502 0.000786085
13050 158014 0.000788643
13053.7 158522 0.000791182
13057.5 159026 0.000793704
13061.2 159527 0.000796208
13064.9 160025 0.000798694
13068.7 160519 0.000801162
13072.4 161009 0.000803612
13076.1 161495 0.000806043
13079.8 161978 0.000808456
13083.5 162457 0.00081085
13087.2 162933 0.000813226
13090.9 163404 0.000815582
13094.6 163872 0.00081792
13098.4 164333 0.000820227
13102.2 164783 0.000822475
13106.1 165221 0.000824662
13110 165646 0.000826787
13114.2 166051 0.000828813
13118.4 166444 0.000830778
13122.6 166833 0.000832721
13126.8 167217 0.000834642
13130.9 167597 0.000836541
13135.1 167973 0.000838417
13139.3 168344 0.000840271
13143.5 168710 0.000842102
13147.6 169071 0.00084391
13151.8 169429 0.000845695
13155.9 169781 0.000847456
13160.1 170129 0.000849194
13164.3 170471 0.000850908
13168.4 170810 0.000852598
13172.5 171143 0.000854264
13176.7 171471 0.000855906
13180.8 171795 0.000857524
13185 172114 0.000859117
13189.1 172427 0.000860685
13193.2 172736 0.000862228
13197.4 173040 0.000863747
13201.5 173338 0.000865239
13205.6 173632 0.000866707
13209.7 173920 0.00086815
13213.9 174202 0.000869557
13218.1 174470 0.000870898
13222.4 174725 0.000872174
13226.7 174967 0.000873384
13231.2 175193 0.00087451
13235.7 175397 0.000875531
13240.2 175595 0.000876522
13244.8 175788 0.000877485
13249.3 175974 0.000878419
13253.8 176155 0.000879323
13258.3 176330 0.000880197
13262.8 176499 0.000881041
13267.3 176662 0.000881856
13271.8 176819 0.00088264
13276.3 176970 0.000883394
13280.8 177114 0.000884118
13285.3 177253 0.000884811
13289.8 177385 0.000885473
13294.3 177512 0.000886105
13298.7 177632 0.000886705
13303.2 177746 0.000887275
13307.7 177853 0.000887814
13312.2 177955 0.000888321
13316.6 178050 0.000888797
13321.1 178139 0.000889241
13325.5 178222 0.000889654
13330 178298 0.000890035
13334.4 178368 0.000890385
13338.9 178431 0.000890703
13343.3 178489 0.000890989
13347.7 178539 0.000891243
13352.2 178584 0.000891465
13356.6 178622 0.000891655
13361 178653 0.000891814
13365.5 178679 0.00089194
13369.9 178698 0.000892034
13374.3 178712 0.000892107
13378.8 178714 0.000892118
13383.3 178703 0.00089206
13387.9 178677 0.000891932
13392.5 178637 0.000891732
13397.2 178582 0.000891454
13402 178499 0.000891042
13406.7 178410 0.000890595
13411.5 178313 0.000890113
13416.2 178210 0.000889597
13420.9 178100 0.000889046
13425.7 177983 0.00088846
13430.4 177859 0.00088784
13435.1 177728 0.000887185
13439.8 177590 0.000886496
13444.5 177445 0.000885773
13449.3 177294 0.000885014
13454 177135 0.000884222
13458.7 176970 0.000883395
13463.4 176797 0.000882533
13468.1 176618 0.000881637
13472.8 176432 0.000880707
13477.4 176239 0.000879743
13482.1 176040 0.000878745
13486.8 175833 0.000877712
13491.5 175620 0.000876645
13496.2 175400 0.000875544
13500.8 175173 0.00087441
13505.5 174939 0.000873241
13510.1 174698 0.000872039
13514.8 174451 0.000870802
13519.5 174197 0.000869532
13524.1 173936 0.000868228
13528.8 173669 0.000866891
13533.4 173394 0.00086552
13538 173113 0.000864115
13542.7 172826 0.000862677
13547.3 172532 0.000861206
13551.9 172231 0.000859701
13556.6 171923 0.000858164
13561.2 171609 0.000856592
13565.8 171288 0.000854988
13570.4 170960 0.000853351
13575 170626 0.00085168
13579.6 170285 0.000849977
13584.2 169938 0.000848241
13588.8 169584 0.000846472
13593.4 169225 0.000844676
13598 168864 0.000842872
13602.7 168495 0.000841027
13607.4 168112 0.000839115
13612.1 167716 0.000837134
13616.8 167306 0.000835085
13621.6 166893 0.000833022
13410.3 139170 0.000694492
13470.1 130276 0.000650065
13494.5 124326 0.000620349
