0 -453.597 -2.26119e-06
634.56 -3130.81 -1.56068e-05
1173.57 -4904.34 -2.44474e-05
1709.92 -6682.81 -3.33124e-05
2243.81 -8495.47 -4.23475e-05
2775.24 -10349.3 -5.15878e-05
3304.22 -12245.3 -6.10375e-05
3830.74 -14187.5 -7.07176e-05
4354.77 -16178.1 -8.06385e-05
4876.15 -18216.8 -9.0799e-05
5394.56 -20301.9 -0.00010119
5909.16 -22428.4 -0.000111788
6418.2 -24585.1 -0.000122535
6918.36 -26749.5 -0.00013332
7403.99 -28880.6 -0.00014394
7866.83 -30923.3 -0.000154118
8297.18 -32802.7 -0.000163482
8686.59 -34449.3 -0.000171687
9030.8 -35822 -0.000178526
9330.49 -36905.2 -0.000183923
9590.04 -37717.5 -0.00018797
9815.21 -38296.2 -0.000190853
10011.7 -38676.4 -0.000192748
10184.8 -38884.6 -0.000193785
10338.5 -38932.1 -0.000194021
10475.8 -38717.4 -0.000192952
10599.4 -38325.9 -0.000191001
10711.4 -37764.5 -0.000188204
10812.7 -37058.3 -0.000184686
10905.5 -36260.2 -0.000180709
10991.1 -35380 -0.000176324
11070.4 -34426.3 -0.000171572
11143.9 -33391.4 -0.000166416
11212.1 -32249.4 -0.000160726
11276 -31050.7 -0.000154753
11335.9 -29800.4 -0.000148523
11392.3 -28503.6 -0.000142061
11445.5 -27164.7 -0.00013539
11495.9 -25787.5 -0.000128527
11543.8 -24375.2 -0.000121489
11589.3 -22930.5 -0.00011429
11632.4 -21438.4 -0.000106854
11673.3 -19894.1 -9.91582e-05
11712.4 -18323.8 -9.13323e-05
11749.8 -16729.7 -8.33878e-05
11785.6 -15114 -7.53356e-05
11820.1 -13478.8 -6.71856e-05
11853.2 -11825.8 -5.89468e-05
11885.1 -10156.5 -5.06267e-05
11915.6 -8510.97 -4.24248e-05
11945 -6878.57 -3.42881e-05
11972.9 -5131.05 -2.55775e-05
11999.8 -3364.57 -1.67721e-05
12025.7 -1588.13 -7.91678e-06
12050.7 192.65 9.60371e-07
12074.7 1958.64 9.76402e-06
12097.7 3776.4 1.8826e-05
12119.8 5707.31 2.84524e-05
12141.1 7642.99 3.81028e-05
12161.8 9582.34 4.77717e-05
12181.9 11524.5 5.74548e-05
12201.4 13468.6 6.71483e-05
12220.3 15414.2 7.68491e-05
12238.6 17360.6 8.65547e-05
12256.3 19307.4 9.62621e-05
12273.3 21305 0.000106223
12289.7 23330.1 0.000116322
12305.5 25354.7 0.000126418
12320.9 27378 0.000136508
12335.7 29461.2 0.000146898
12349.8 31717.4 0.00015815
12363.5 33972.8 0.000169399
12376.5 36151.1 0.000180263
12388.8 38311.8 0.00019104
12400.7 40467.9 0.000201795
12412.4 42618.9 0.000212525
12423.7 44764.6 0.000223228
12434.7 46904.7 0.000233904
12445.5 49039.1 0.000244551
12455.9 51167.8 0.000255171
12466.1 53291 0.000265764
12476 55408.8 0.000276329
12485.7 57521.5 0.00028687
12495.1 59629.3 0.000297387
12504.3 61732.6 0.000307881
12513.2 63831.5 0.000318354
12521.8 65926.4 0.000328808
12530.3 68017.4 0.000339242
12538.4 70104.8 0.000349659
12546.4 72188.7 0.000360058
12554.2 74269.1 0.00037044
12561.7 76346 0.000380805
12569 78419.3 0.000391153
12576.2 80489.1 0.000401483
12583.1 82555 0.000411794
12589.9 84617 0.000422086
12596.5 86674.9 0.000432358
12603 88728.5 0.000442608
12609.3 90777.4 0.000452836
12615.5 92821.6 0.000463041
12621.6 94860.8 0.00047322
12627.5 96894.9 0.000483375
12633.3 98917.4 0.000493472
12638.9 100919 0.000503467
12644.3 102875 0.000513229
12649.5 104806 0.00052287
12654.6 106767 0.000532664
12659.6 108845 0.00054304
12664.4 110917 0.000553386
12669.2 112983 0.000563702
12673.9 115043 0.000573987
12678.6 117096 0.000584242
12683.1 119144 0.000594466
12687.6 121185 0.00060466
12692 123220 0.000614823
12696.3 125249 0.000624955
12700.6 127271 0.000635057
12704.8 129288 0.000645129
12708.9 131298 0.000655172
12713 133303 0.000665185
12717 135302 0.00067517
12720.9 137295 0.000685127
12724.7 139283 0.000695057
12728.5 141265 0.00070496
12732.1 143315 0.0007152
12735.7 145436 0.000725798
12739.2 147554 0.000736379
12742.7 149670 0.000746949
12746 151782 0.000757506
12749.3 153892 0.000768048
12752.5 156055 0.000778855
12755.5 158494 0.000791043
12758.3 160970 0.000803418
12761.2 163450 0.000815813
12763.9 165934 0.000828229
12766.6 168423 0.000840668
12769.2 170916 0.000853129
12771.7 173445 0.000865773
12774.1 176024 0.000878668
12776.4 178608 0.000891589
12778.6 181197 0.000904534
12780.8 183791 0.000917504
12783 186388 0.000930495
12785.1 188990 0.000943506
12787.2 191594 0.000956534
12789.2 194201 0.000969579
12791.2 196811 0.000982636
12793.2 199422 0.000995705
12795.1 202035 0.00100878
12797 204648 0.00102187
12798.8 207262 0.00103495
12800.6 209875 0.00104804
12802.4 212488 0.00106114
12804.2 215100 0.00107422
12805.9 217710 0.00108731
12807.7 220318 0.00110039
12809.4 222924 0.00111346
12811 225527 0.00112653
12812.7 228128 0.00113958
12814.3 230724 0.00115262
12815.9 233317 0.00116565
12817.5 235905 0.00117867
12819.1 238490 0.00119168
12820.7 241069 0.00120467
12822.2 243643 0.00121764
12823.7 246212 0.0012306
12825.2 248775 0.00124354
12826.7 251332 0.00125646
12828.2 253882 0.00126936
12829.7 256426 0.00128225
12831.1 258963 0.00129512
12832.6 261492 0.00130797
12834 264014 0.0013208
12835.4 266528 0.00133361
12836.8 269034 0.0013464
12838.2 271531 0.00135918
12839.5 274019 0.00137193
12840.9 276497 0.00138467
12842.2 278965 0.00139739
12843.6 281423 0.00141009
12844.9 283870 0.00142277
12846.2 286306 0.00143543
12847.5 288730 0.00144807
12848.7 291142 0.0014607
12850 293541 0.00147331
12851.3 295927 0.00148591
12852.5 298299 0.00149848
12853.7 300656 0.00151104
12855 302997 0.00152359
12856.2 305323 0.00153612
12857.4 307632 0.00154864
12858.5 309924 0.00156114
12859.7 312199 0.00157363
12860.9 314457 0.00158613
12862 316695 0.00159861
12863.1 318913 0.00161108
12864.3 321110 0.00162354
12865.4 323284 0.001636
12866.4 325436 0.00164844
12867.5 327564 0.00166088
12868.6 329667 0.00167331
12869.6 331745 0.00168573
12870.7 333796 0.00169815
12871.7 335819 0.00171057
12872.7 337814 0.00172298
12873.7 339780 0.00173539
12874.7 341716 0.0017478
12875.7 343620 0.0017602
12876.6 345493 0.00177261
12877.5 347333 0.00178502
12878.5 349139 0.00179744
12879.4 350912 0.00180985
12880.3 352649 0.00182227
12881.2 354350 0.0018347
12882 356015 0.00184713
12882.9 357643 0.00185957
12883.7 359233 0.00187202
12884.6 360786 0.00188448
12885.4 362299 0.00189694
12886.2 363774 0.00190942
12886.9 365210 0.00192191
12887.7 366607 0.0019344
12888.5 367964 0.00194692
12889.2 369281 0.00195944
12889.9 370559 0.00197198
12890.6 371798 0.00198453
12891.3 372996 0.0019971
12892 374156 0.00200968
12892.7 375277 0.00202227
12893.3 376359 0.00203488
12894 377404 0.0020475
12894.6 378410 0.00206014
12895.2 379380 0.0020728
12895.8 380313 0.00208546
12896.4 381210 0.00209815
12897 382072 0.00211084
12897.6 382900 0.00212355
12898.1 383694 0.00213628
12898.7 384455 0.00214902
12899.2 385185 0.00216177
12899.8 385883 0.00217453
12900.3 386552 0.00218731
12900.7 387198 0.00220024
12901.2 387815 0.00221318
12901.6 388404 0.00222613
12902 388966 0.00223909
12902.5 389503 0.00225205
12902.9 390014 0.00226503
12903.3 390501 0.00227802
12903.7 390965 0.00229101
12904.1 391407 0.00230401
12904.5 391827 0.00231701
12904.8 392227 0.00233003
12905.2 392608 0.00234304
12905.5 392969 0.00235606
12905.9 393313 0.00236909
12906.2 393640 0.00238212
12906.6 393951 0.00239515
12906.9 394246 0.00240818
12907.2 394527 0.00242121
12907.5 394793 0.00243425
12907.9 395046 0.00244728
12908.2 395286 0.00246032
12908.5 395515 0.00247335
12908.8 395731 0.00248638
12909 395937 0.00249941
12909.3 396132 0.00251244
12909.6 396318 0.00252547
12909.9 396494 0.00253849
12910.2 396661 0.00255152
12910.4 396820 0.00256453
12910.7 396970 0.00257755
12910.9 397114 0.00259056
12911.2 397250 0.00260356
12911.4 397379 0.00261656
12911.7 397501 0.00262956
12911.9 397618 0.00264255
12912.2 397729 0.00265553
12912.4 397834 0.00266851
12912.6 397934 0.00268149
12912.9 398029 0.00269445
12913.1 398119 0.00270742
12913.3 398205 0.00272037
12913.5 398286 0.00273332
12913.7 398364 0.00274626
12913.9 398438 0.00275919
12914.1 398508 0.00277212
12914.3 398575 0.00278504
12914.5 398638 0.00279795
12914.7 398699 0.00281085
12914.9 398756 0.00282375
12915.1 398811 0.00283664
12915.3 398863 0.00284952
12915.5 398913 0.0028624
12915.7 398960 0.00287526
12915.9 399005 0.00288812
12916 399048 0.00290097
12916.2 399089 0.00291381
12916.4 399128 0.00292664
12916.6 399166 0.00293947
12916.7 399201 0.00295228
12916.9 399235 0.00296509
12917 399267 0.00297789
12917.2 399298 0.00299068
12917.4 399328 0.00300346
12917.5 399356 0.00301623
12917.7 399383 0.003029
12917.8 399408 0.00304175
12918 399433 0.0030545
12918.1 399456 0.00306724
12918.2 399478 0.00307997
12918.4 399500 0.00309269
12918.5 399520 0.0031054
12918.7 399540 0.0031181
12918.8 399558 0.0031308
12918.9 399576 0.00314348
12919.1 399593 0.00315615
12919.3 399610 0.00316879
12919.6 399625 0.00318137
12920.2 399640 0.00319386
12921.1 399654 0.00320622
12922.2 399667 0.00321849
12923.4 399680 0.0032307
12924.8 399692 0.00324285
12926.3 399704 0.00325495
12927.9 399715 0.00326698
12929.8 399726 0.0032789
12931.8 399736 0.00329078
12933.7 399746 0.00330265
12935.7 399755 0.00331451
12937.6 399764 0.00332635
12939.6 399773 0.00333815
12941.8 399781 0.00334989
12944.1 399789 0.00336156
12946.6 399796 0.00337313
12949.3 399804 0.00338465
12951.9 399811 0.00339615
12954.5 399817 0.00340764
12957.1 399824 0.00341911
12959.7 399830 0.00343057
12962.3 399836 0.00344202
12964.9 399842 0.00345345
12967.5 399848 0.00346487
12970.2 399853 0.00347624
12973 399858 0.00348754
12976 399863 0.00349878
12979.1 399868 0.00350991
12982.4 399872 0.003521
12985.6 399877 0.00353207
12988.8 399881 0.0035432
12992 399885 0.00355431
12995.2 399889 0.00356541
12998.4 399893 0.00357649
13001.6 399897 0.00358756
13004.8 399900 0.00359862
13008 399904 0.00360965
13011.2 399907 0.00362068
13014.4 399910 0.00363169
13017.6 399914 0.00364268
13020.9 399917 0.00365363
13024.2 399919 0.00366452
13027.7 399922 0.00367535
13031.3 399925 0.00368613
13035 399928 0.00369676
13038.8 399930 0.0037074
13042.5 399933 0.00371803
13046.3 399935 0.00372864
13050 399937 0.00373923
13053.7 399939 0.0037498
13057.5 399942 0.00376036
13061.2 399944 0.00377089
13064.9 399946 0.00378141
13068.7 399948 0.00379191
13072.4 399950 0.00380239
13076.1 399951 0.00381285
13079.8 399953 0.0038233
13083.5 399955 0.00383372
13087.2 399957 0.00384413
13090.9 399958 0.00385451
13094.6 399960 0.00386488
13098.4 399961 0.00387522
13102.2 399963 0.00388549
13106.1 399964 0.00389571
13110 399966 0.00390586
13114.2 399967 0.00391592
13118.4 399968 0.00392591
13122.6 399970 0.00393587
13126.8 399971 0.00394582
13130.9 399972 0.00395574
13135.1 399973 0.00396564
13139.3 399974 0.00397552
13143.5 399975 0.00398537
13147.6 399976 0.0039952
13151.8 399977 0.00400501
13155.9 399978 0.00401479
13160.1 399979 0.00402455
13164.3 399980 0.00403429
13168.4 399981 0.004044
13172.5 399982 0.00405369
13176.7 399983 0.00406335
13180.8 399984 0.00407299
13185 399985 0.0040826
13189.1 399986 0.00409218
13193.2 399986 0.00410175
13197.4 399987 0.00411128
13201.5 399988 0.00412079
13205.6 399989 0.00413028
13209.7 399989 0.00413974
13213.9 399990 0.00414916
13218.1 399991 0.00415852
13222.4 399991 0.00416781
13226.7 399992 0.00417703
13231.2 399993 0.00418618
13235.7 399993 0.00419521
13240.2 399994 0.00420421
13244.8 399994 0.00421318
13249.3 399995 0.00422213
13253.8 399996 0.00423104
13258.3 399996 0.00423992
13262.8 399997 0.00424878
13267.3 399997 0.0042576
13271.8 399998 0.00426639
13276.3 399998 0.00427515
13280.8 399999 0.00428388
13285.3 399999 0.00429258
13289.8 399999 0.00430124
13294.3 400000 0.00430988
13298.7 400000 0.00431849
13303.2 400001 0.00432706
13307.7 400001 0.0043356
13312.2 400002 0.00434411
13316.6 400002 0.00435259
13321.1 400002 0.00436103
13325.5 400003 0.00436945
13330 400003 0.00437783
13334.4 400003 0.00438618
13338.9 400004 0.0043945
13343.3 400004 0.00440278
13347.7 400004 0.00441103
13352.2 400005 0.00441925
13356.6 400005 0.00442744
13361 400005 0.0044356
13365.5 400006 0.00444372
13369.9 400006 0.00445181
13374.3 400006 0.00445988
13378.8 400007 0.00446789
13383.3 400007 0.00447583
13387.9 400007 0.0044837
13392.5 400008 0.00449149
13397.2 400008 0.00449922
13402 400008 0.00450679
13406.7 400008 0.00451434
13411.5 400009 0.00452184
13416.2 400009 0.00452931
13420.9 400009 0.00453675
13425.7 400009 0.00454415
13430.4 400010 0.00455152
13435.1 400010 0.00455885
13439.8 400010 0.00456615
13444.5 400010 0.00457341
13449.3 400010 0.00458064
13454 400011 0.00458783
13458.7 400011 0.00459499
13463.4 400011 0.00460211
13468.1 400011 0.0046092
13472.8 400011 0.00461625
13477.4 400012 0.00462327
13482.1 400012 0.00463025
13486.8 400012 0.0046372
13491.5 400012 0.00464412
13496.2 400012 0.004651
13500.8 400013 0.00465784
13505.5 400013 0.00466465
13510.1 400013 0.00467143
13514.8 400013 0.00467817
13519.5 400013 0.00468488
13524.1 400013 0.00469156
13528.8 400014 0.0046982
13533.4 400014 0.00470481
13538 400014 0.00471138
13542.7 400014 0.00471792
13547.3 400014 0.00472443
13551.9 400014 0.0047309
13556.6 400014 0.00473734
13561.2 400015 0.00474374
13565.8 400015 0.00475011
13570.4 400015 0.00475645
13575 400015 0.00476276
13579.6 400015 0.00476903
13584.2 400015 0.00477527
13588.8 400015 0.00478147
13593.4 400016 0.00478765
13598 400016 0.00479383
13602.7 400016 0.00479996
13607.4 400016 0.00480603
13612.1 400016 0.00481203
13616.8 400016 0.00481797
13621.6 400016 0.00482389
13410.3 376264 0.00469318
13470.1 369629 0.00465666
13494.5 365667 0.00463485
