0 -453.597 -2.26119e-06
634.56 -1345.15 -6.70553e-06
1173.57 -1334.81 -6.65401e-06
1709.92 -1329.09 -6.62548e-06
2243.81 -1357.63 -6.76778e-06
2775.24 -1427.15 -7.11432e-06
3304.22 -1538.52 -7.66949e-06
3830.74 -1696.04 -8.45471e-06
4354.77 -1901.91 -9.48095e-06
4876.15 -2155.85 -1.07468e-05
5394.56 -2456.11 -1.22436e-05
5909.16 -2797.73 -1.39465e-05
6418.2 -3169.44 -1.57994e-05
6918.36 -3548.79 -1.76904e-05
7403.99 -3894.81 -1.94152e-05
7866.83 -4152.33 -2.06989e-05
8297.18 -4246.56 -2.11686e-05
8686.59 -4108.03 -2.0478e-05
9030.8 -3695.57 -1.84221e-05
9330.49 -2994.26 -1.49261e-05
9590.04 -2022.72 -1.00832e-05
9815.21 -819.68 -4.08611e-06
10011.7 579.148 2.88708e-06
10184.8 2149.08 1.07134e-05
10338.5 3879.96 1.93423e-05
10475.8 5880.17 2.93142e-05
10599.4 8060.25 4.0183e-05
10711.4 10412.7 5.19115e-05
10812.7 12905 6.43379e-05
10905.5 15489.2 7.72233e-05
10991.1 18155.6 9.05188e-05
11070.4 20895.8 0.000104183
11143.9 23717.3 0.000118253
11212.1 26645.9 0.000132857
11276 29631.5 0.000147747
11335.9 32668.6 0.000162894
11392.3 35752.3 0.000178274
11445.5 38878.1 0.000193865
11495.9 42042.1 0.000209647
11543.8 45241.3 0.000225606
11589.3 48472.8 0.000241726
11632.4 51750.9 0.00025808
11673.3 55080.2 0.00027469
11712.4 58435.3 0.00029143
11749.8 61814.2 0.000308288
11785.6 65214.5 0.000325255
11820.1 68634.2 0.00034232
11853.2 72071.7 0.000359474
11885.1 75525.3 0.000376709
11915.6 78949.1 0.000393797
11945 82355.6 0.000410799
11972.9 85880.2 0.000428391
11999.8 89423.7 0.000446079
12025.7 92976.9 0.000463816
12050.7 96533 0.000481568
12074.7 100068 0.000499217
12097.7 103657 0.000517136
12119.8 107365 0.000535648
12141.1 111077 0.000554183
12161.8 114793 0.000572737
12181.9 118511 0.000591304
12201.4 122231 0.000609882
12220.3 125952 0.000628467
12238.6 129674 0.000647056
12256.3 133395 0.000665647
12273.3 137169 0.000684495
12289.7 140970 0.000703483
12305.5 144770 0.000722469
12320.9 148569 0.000741448
12335.7 152431 0.000760746
12349.8 156476 0.000780961
12363.5 160521 0.000801172
12376.5 164475 0.000820934
12388.8 168403 0.000840567
12400.7 172326 0.000860176
12412.4 176243 0.000879761
12423.7 180154 0.000899318
12434.7 184060 0.000918848
12445.5 187959 0.000938349
12455.9 191851 0.000957821
12466.1 195738 0.000977266
12476 199618 0.000996683
12485.7 203491 0.00101608
12495.1 207359 0.00103544
12504.3 211221 0.00105479
12513.2 215077 0.00107411
12521.8 218927 0.00109341
12530.3 222771 0.00111269
12538.4 226610 0.00113196
12546.4 230442 0.0011512
12554.2 234267 0.00117043
12561.7 238086 0.00118964
12569 241897 0.00120884
12576.2 245699 0.00122801
12583.1 249493 0.00124717
12589.9 253278 0.0012663
12596.5 257051 0.00128542
12603 260813 0.00130451
12609.3 264561 0.00132358
12615.5 268296 0.00134263
12621.6 272014 0.00136165
12627.5 275716 0.00138065
12633.3 279390 0.00139958
12638.9 283026 0.00141839
12644.3 286591 0.00143691
12649.5 290112 0.0014553
12654.6 293644 0.00147385
12659.6 297270 0.00149302
12664.4 300864 0.00151216
12669.2 304424 0.00153127
12673.9 307946 0.00155034
12678.6 311428 0.00156939
12683.1 314866 0.0015884
12687.6 318258 0.00160739
12692 321599 0.00162634
12696.3 324887 0.00164525
12700.6 328119 0.00166414
12704.8 331289 0.001683
12708.9 334397 0.00170182
12713 337436 0.00172062
12717 340406 0.00173938
12720.9 343301 0.00175811
12724.7 346120 0.00177682
12728.5 348859 0.0017955
12732.1 351570 0.00181453
12735.7 354248 0.00183395
12739.2 356833 0.00185335
12742.7 359324 0.00187274
12746 361718 0.00189211
12749.3 364013 0.00191147
12752.5 366242 0.00193111
12755.5 368524 0.00195219
12758.3 370709 0.00197348
12761.2 372779 0.00199478
12763.9 374734 0.00201611
12766.6 376576 0.00203746
12769.2 378308 0.00205883
12771.7 379943 0.00208038
12774.1 381487 0.00210217
12776.4 382928 0.002124
12778.6 384269 0.00214584
12780.8 385514 0.00216772
12783 386669 0.00218961
12785.1 387738 0.00221153
12787.2 388726 0.00223347
12789.2 389638 0.00225542
12791.2 390478 0.00227739
12793.2 391251 0.00229937
12795.1 391963 0.00232136
12797 392617 0.00234336
12798.8 393217 0.00236536
12800.6 393768 0.00238737
12802.4 394273 0.00240937
12804.2 394736 0.00243138
12805.9 395160 0.00245338
12807.7 395549 0.00247538
12809.4 395905 0.00249737
12811 396232 0.00251936
12812.7 396531 0.00254133
12814.3 396805 0.00256329
12815.9 397056 0.00258525
12817.5 397286 0.00260718
12819.1 397497 0.00262911
12820.7 397691 0.00265102
12822.2 397868 0.00267291
12823.7 398031 0.00269479
12825.2 398180 0.00271665
12826.7 398318 0.0027385
12828.2 398444 0.00276032
12829.7 398560 0.00278213
12831.1 398667 0.00280392
12832.6 398765 0.00282569
12834 398855 0.00284744
12835.4 398938 0.00286918
12836.8 399015 0.00289089
12838.2 399086 0.00291258
12839.5 399151 0.00293426
12840.9 399211 0.00295592
12842.2 399267 0.00297755
12843.6 399318 0.00299917
12844.9 399365 0.00302077
12846.2 399409 0.00304235
12847.5 399450 0.00306392
12848.7 399488 0.00308546
12850 399523 0.00310699
12851.3 399555 0.0031285
12852.5 399585 0.00315
12853.7 399613 0.00317148
12855 399639 0.00319294
12856.2 399663 0.00321439
12857.4 399685 0.00323582
12858.5 399706 0.00325724
12859.7 399725 0.00327865
12860.9 399743 0.00330006
12862 399760 0.00332146
12863.1 399776 0.00334285
12864.3 399791 0.00336423
12865.4 399804 0.0033856
12866.4 399817 0.00340696
12867.5 399829 0.00342831
12868.6 399840 0.00344966
12869.6 399850 0.003471
12870.7 399860 0.00349234
12871.7 399869 0.00351367
12872.7 399878 0.003535
12873.7 399886 0.00355632
12874.7 399893 0.00357765
12875.7 399900 0.00359897
12876.6 399907 0.00362029
12877.5 399913 0.00364162
12878.5 399919 0.00366295
12879.4 399925 0.00368428
12880.3 399930 0.00370562
12881.2 399935 0.00372696
12882 399939 0.00374831
12882.9 399943 0.00376967
12883.7 399947 0.00379103
12884.6 399951 0.0038124
12885.4 399955 0.00383379
12886.2 399958 0.00385518
12886.9 399962 0.00387659
12887.7 399965 0.003898
12888.5 399967 0.00391944
12889.2 399970 0.00394088
12889.9 399973 0.00396234
12890.6 399975 0.00398381
12891.3 399977 0.00400529
12892 399980 0.0040268
12892.7 399982 0.00404831
12893.3 399984 0.00406984
12894 399986 0.00409139
12894.6 399987 0.00411296
12895.2 399989 0.00413453
12895.8 399991 0.00415613
12896.4 399992 0.00417774
12897 399994 0.00419936
12897.6 399995 0.004221
12898.1 399996 0.00424265
12898.7 399997 0.00426432
12899.2 399999 0.004286
12899.8 400000 0.00430769
12900.3 400001 0.0043294
12900.7 400002 0.00435123
12901.2 400003 0.00437307
12901.6 400004 0.00439492
12902 400005 0.00441678
12902.5 400006 0.00443865
12902.9 400006 0.00446053
12903.3 400007 0.00448242
12903.7 400008 0.00450432
12904.1 400009 0.00452622
12904.5 400009 0.00454813
12904.8 400010 0.00457005
12905.2 400011 0.00459197
12905.5 400011 0.0046139
12905.9 400012 0.00463583
12906.2 400013 0.00465776
12906.6 400013 0.0046797
12906.9 400014 0.00470164
12907.2 400014 0.00472358
12907.5 400015 0.00474552
12907.9 400015 0.00476746
12908.2 400016 0.0047894
12908.5 400016 0.00481134
12908.8 400016 0.00483328
12909 400017 0.00485522
12909.3 400017 0.00487716
12909.6 400018 0.0048991
12909.9 400018 0.00492103
12910.2 400018 0.00494296
12910.4 400019 0.00496488
12910.7 400019 0.0049868
12910.9 400020 0.00500872
12911.2 400020 0.00503064
12911.4 400020 0.00505255
12911.7 400021 0.00507445
12911.9 400021 0.00509635
12912.2 400021 0.00511824
12912.4 400021 0.00514013
12912.6 400022 0.00516201
12912.9 400022 0.00518389
12913.1 400022 0.00520575
12913.3 400023 0.00522762
12913.5 400023 0.00524947
12913.7 400023 0.00527132
12913.9 400023 0.00529316
12914.1 400024 0.005315
12914.3 400024 0.00533683
12914.5 400024 0.00535865
12914.7 400024 0.00538046
12914.9 400025 0.00540226
12915.1 400025 0.00542406
12915.3 400025 0.00544585
12915.5 400025 0.00546763
12915.7 400025 0.0054894
12915.9 400026 0.00551117
12916 400026 0.00553292
12916.2 400026 0.00555467
12916.4 400026 0.00557641
12916.6 400027 0.00559814
12916.7 400027 0.00561986
12916.9 400027 0.00564158
12917 400027 0.00566328
12917.2 400027 0.00568498
12917.4 400028 0.00570667
12917.5 400028 0.00572835
12917.7 400028 0.00575002
12917.8 400028 0.00577168
12918 400028 0.00579333
12918.1 400028 0.00581498
12918.2 400029 0.00583661
12918.4 400029 0.00585824
12918.5 400029 0.00587986
12918.7 400029 0.00590147
12918.8 400029 0.00592307
12918.9 400030 0.00594466
12919.1 400030 0.00596623
12919.3 400030 0.00598778
12919.6 400030 0.00600926
12920.2 400030 0.00603065
12921.1 400030 0.00605191
12922.2 400031 0.00607308
12923.4 400031 0.00609419
12924.8 400031 0.00611524
12926.3 400031 0.00613623
12927.9 400031 0.00615716
12929.8 400031 0.00617797
12931.8 400032 0.00619875
12933.7 400032 0.00621951
12935.7 400032 0.00624026
12937.6 400032 0.006261
12939.6 400032 0.00628169
12941.8 400032 0.00630232
12944.1 400032 0.00632288
12946.6 400033 0.00634334
12949.3 400033 0.00636374
12951.9 400033 0.00638413
12954.5 400033 0.00640451
12957.1 400033 0.00642487
12959.7 400033 0.00644522
12962.3 400033 0.00646555
12964.9 400034 0.00648587
12967.5 400034 0.00650618
12970.2 400034 0.00652643
12973 400034 0.00654662
12976 400034 0.00656674
12979.1 400034 0.00658675
12982.4 400034 0.00660672
12985.6 400035 0.00662667
12988.8 400035 0.00664669
12992 400035 0.0066667
12995.2 400035 0.00668669
12998.4 400035 0.00670666
13001.6 400035 0.00672662
13004.8 400035 0.00674657
13008 400036 0.0067665
13011.2 400036 0.00678641
13014.4 400036 0.00680631
13017.6 400036 0.0068262
13020.9 400036 0.00684604
13024.2 400036 0.00686581
13027.7 400036 0.00688553
13031.3 400036 0.00690521
13035 400037 0.00692473
13038.8 400037 0.00694426
13042.5 400037 0.00696377
13046.3 400037 0.00698326
13050 400037 0.00700274
13053.7 400037 0.0070222
13057.5 400037 0.00704164
13061.2 400038 0.00706106
13064.9 400038 0.00708047
13068.7 400038 0.00709985
13072.4 400038 0.00711922
13076.1 400038 0.00713856
13079.8 400038 0.00715789
13083.5 400038 0.0071772
13087.2 400038 0.00719649
13090.9 400039 0.00721576
13094.6 400039 0.00723501
13098.4 400039 0.00725423
13102.2 400039 0.0072734
13106.1 400039 0.00729249
13110 400039 0.00731153
13114.2 400039 0.00733047
13118.4 400039 0.00734934
13122.6 400040 0.00736818
13126.8 400040 0.00738701
13130.9 400040 0.00740581
13135.1 400040 0.00742459
13139.3 400040 0.00744335
13143.5 400040 0.00746208
13147.6 400040 0.00748079
13151.8 400040 0.00749947
13155.9 400040 0.00751813
13160.1 400041 0.00753677
13164.3 400041 0.00755538
13168.4 400041 0.00757397
13172.5 400041 0.00759253
13176.7 400041 0.00761107
13180.8 400041 0.00762958
13185 400041 0.00764807
13189.1 400041 0.00766653
13193.2 400042 0.00768496
13197.4 400042 0.00770337
13201.5 400042 0.00772176
13205.6 400042 0.00774011
13209.7 400042 0.00775845
13213.9 400042 0.00777674
13218.1 400042 0.00779498
13222.4 400042 0.00781314
13226.7 400042 0.00783124
13231.2 400043 0.00784925
13235.7 400043 0.00786715
13240.2 400043 0.00788502
13244.8 400043 0.00790286
13249.3 400043 0.00792067
13253.8 400043 0.00793845
13258.3 400043 0.0079562
13262.8 400043 0.00797392
13267.3 400043 0.00799161
13271.8 400043 0.00800926
13276.3 400044 0.00802689
13280.8 400044 0.00804448
13285.3 400044 0.00806204
13289.8 400044 0.00807957
13294.3 400044 0.00809707
13298.7 400044 0.00811454
13303.2 400044 0.00813197
13307.7 400044 0.00814938
13312.2 400044 0.00816675
13316.6 400045 0.00818409
13321.1 400045 0.00820139
13325.5 400045 0.00821867
13330 400045 0.00823591
13334.4 400045 0.00825311
13338.9 400045 0.00827029
13343.3 400045 0.00828743
13347.7 400045 0.00830454
13352.2 400045 0.00832162
13356.6 400045 0.00833866
13361 400046 0.00835568
13365.5 400046 0.00837265
13369.9 400046 0.0083896
13374.3 400046 0.00840653
13378.8 400046 0.0084234
13383.3 400046 0.00844019
13387.9 400046 0.00845692
13392.5 400046 0.00847357
13397.2 400046 0.00849015
13402 400046 0.00850658
13406.7 400047 0.00852297
13411.5 400047 0.00853933
13416.2 400047 0.00855565
13420.9 400047 0.00857193
13425.7 400047 0.00858818
13430.4 400047 0.0086044
13435.1 400047 0.00862058
13439.8 400047 0.00863672
13444.5 400047 0.00865283
13449.3 400047 0.0086689
13454 400047 0.00868494
13458.7 400048 0.00870094
13463.4 400048 0.00871691
13468.1 400048 0.00873284
13472.8 400048 0.00874874
13477.4 400048 0.0087646
13482.1 400048 0.00878043
13486.8 400048 0.00879622
13491.5 400048 0.00881198
13496.2 400048 0.00882771
13500.8 400048 0.00884339
13505.5 400048 0.00885905
13510.1 400049 0.00887467
13514.8 400049 0.00889025
13519.5 400049 0.0089058
13524.1 400049 0.00892132
13528.8 400049 0.0089368
13533.4 400049 0.00895225
13538 400049 0.00896766
13542.7 400049 0.00898304
13547.3 400049 0.00899839
13551.9 400049 0.0090137
13556.6 400049 0.00902898
13561.2 400050 0.00904422
13565.8 400050 0.00905943
13570.4 400050 0.00907461
13575 400050 0.00908975
13579.6 400050 0.00910486
13584.2 400050 0.00911994
13588.8 400050 0.00913498
13593.4 400050 0.00915
13598 400050 0.00916502
13602.7 400050 0.00918
13607.4 400050 0.00919491
13612.1 400050 0.00920975
13616.8 400051 0.00922452
13621.6 400051 0.0092393
13410.3 378765 0.00911729
13470.1 373928 0.00908956
13494.5 371655 0.00907653
