0 -453.597 -2.26119e-06
634.56 580.617 2.89441e-06
1173.57 2515.19 1.25386e-05
1709.92 4445.32 2.21608e-05
2243.81 6341.03 3.16118e-05
2775.24 8195.85 4.08591e-05
3304.22 10008.9 4.98986e-05
3830.74 11775.8 5.87081e-05
4354.77 13494.4 6.72766e-05
4876.15 15164.8 7.56054e-05
5394.56 16788.8 8.37032e-05
5909.16 18371.4 9.15948e-05
6418.2 19923.9 9.93364e-05
6918.36 21468.8 0.00010704
7403.99 23047 0.00011491
7866.83 24713.5 0.000123221
8297.18 26543.3 0.000132345
8686.59 28605.7 0.000142631
9030.8 30941.9 0.000154282
9330.49 33566.3 0.000167371
9590.04 36460.2 0.000181805
9815.21 39583.9 0.000197385
10011.7 42901 0.000213932
10184.8 46388.4 0.000231328
10338.5 50036.7 0.000249528
10475.8 53959.9 0.000269101
10599.4 58065.2 0.000289583
10711.4 62344.7 0.000310936
10812.7 66759.9 0.000332967
10905.5 71267.1 0.000355459
10991.1 75856.4 0.000378361
11070.4 80519.3 0.000401634
11143.9 85263.5 0.000425313
11212.1 90114.8 0.000449529
11276 95023 0.00047403
11335.9 99982.7 0.00049879
11392.3 104989 0.000523784
11445.5 110037 0.000548989
11495.9 115123 0.000574386
11543.8 120244 0.00059996
11589.3 125397 0.000625696
11632.4 130596 0.000651663
11673.3 135845 0.000677882
11712.4 141120 0.000704232
11749.8 146418 0.000730701
11785.6 151737 0.000757279
11820.1 157075 0.000783954
11853.2 162431 0.000810719
11885.1 167802 0.000837565
11915.6 173138 0.00086424
11945 178453 0.000890813
11972.9 183888 0.00091799
11999.8 189341 0.000945263
12025.7 194802 0.000972584
12050.7 200263 0.000999916
12074.7 205697 0.00102712
12097.7 211185 0.0010546
12119.8 216791 0.0010827
12141.1 222399 0.00111083
12161.8 228005 0.00113897
12181.9 233608 0.00116712
12201.4 239206 0.00119528
12220.3 244796 0.00122345
12238.6 250376 0.00125163
12256.3 255944 0.00127981
12273.3 261547 0.00130824
12289.7 267158 0.00133682
12305.5 272745 0.0013654
12320.9 278302 0.00139397
12335.7 283890 0.00142287
12349.8 289621 0.00145273
12363.5 295301 0.00148259
12376.5 300826 0.00151195
12388.8 306252 0.00154115
12400.7 311597 0.00157032
12412.4 316848 0.00159947
12423.7 321993 0.00162859
12434.7 327019 0.00165768
12445.5 331913 0.00168674
12455.9 336660 0.00171578
12466.1 341248 0.00174478
12476 345665 0.00177376
12485.7 349897 0.00180271
12495.1 353935 0.00183164
12504.3 357768 0.00186054
12513.2 361391 0.00188942
12521.8 364798 0.00191828
12530.3 367986 0.00194712
12538.4 370955 0.00197595
12546.4 373707 0.00200475
12554.2 376246 0.00203353
12561.7 378578 0.0020623
12569 380712 0.00209105
12576.2 382658 0.00211978
12583.1 384424 0.00214849
12589.9 386024 0.00217718
12596.5 387469 0.00220585
12603 388770 0.0022345
12609.3 389940 0.00226312
12615.5 390990 0.00229172
12621.6 391930 0.0023203
12627.5 392771 0.00234885
12633.3 393522 0.00237733
12638.9 394190 0.00240565
12644.3 394782 0.00243367
12649.5 395308 0.00246154
12654.6 395783 0.00248958
12659.6 396216 0.00251826
12664.4 396603 0.00254691
12669.2 396948 0.00257553
12673.9 397255 0.00260412
12678.6 397530 0.00263268
12683.1 397775 0.0026612
12687.6 397994 0.0026897
12692 398190 0.00271816
12696.3 398366 0.00274658
12700.6 398523 0.00277498
12704.8 398664 0.00280334
12708.9 398790 0.00283167
12713 398904 0.00285997
12717 399006 0.00288823
12720.9 399098 0.00291647
12724.7 399180 0.00294467
12728.5 399255 0.00297285
12732.1 399323 0.0030014
12735.7 399385 0.00303035
12739.2 399442 0.00305929
12742.7 399492 0.00308821
12746 399538 0.00311711
12749.3 399580 0.003146
12752.5 399618 0.00317519
12755.5 399654 0.00320587
12758.3 399686 0.00323676
12761.2 399716 0.00326767
12763.9 399742 0.0032986
12766.6 399766 0.00332956
12769.2 399788 0.00336054
12771.7 399808 0.00339169
12774.1 399826 0.00342309
12776.4 399842 0.00345451
12778.6 399857 0.00348596
12780.8 399871 0.00351743
12783 399883 0.00354893
12785.1 399894 0.00358045
12787.2 399904 0.00361199
12789.2 399914 0.00364355
12791.2 399922 0.00367513
12793.2 399930 0.00370672
12795.1 399937 0.00373832
12797 399943 0.00376993
12798.8 399949 0.00380154
12800.6 399955 0.00383316
12802.4 399960 0.00386478
12804.2 399964 0.00389639
12805.9 399969 0.00392801
12807.7 399972 0.00395962
12809.4 399976 0.00399123
12811 399979 0.00402283
12812.7 399982 0.00405442
12814.3 399985 0.00408599
12815.9 399988 0.00411756
12817.5 399990 0.00414912
12819.1 399992 0.00418066
12820.7 399994 0.00421218
12822.2 399996 0.00424369
12823.7 399998 0.00427519
12825.2 400000 0.00430666
12826.7 400001 0.00433812
12828.2 400003 0.00436957
12829.7 400004 0.00440099
12831.1 400005 0.00443239
12832.6 400007 0.00446378
12834 400008 0.00449515
12835.4 400009 0.0045265
12836.8 400010 0.00455783
12838.2 400011 0.00458913
12839.5 400012 0.00462043
12840.9 400012 0.0046517
12842.2 400013 0.00468295
12843.6 400014 0.00471418
12844.9 400015 0.0047454
12846.2 400015 0.00477659
12847.5 400016 0.00480777
12848.7 400017 0.00483893
12850 400017 0.00487007
12851.3 400018 0.00490119
12852.5 400018 0.0049323
12853.7 400019 0.00496339
12855 400019 0.00499447
12856.2 400020 0.00502553
12857.4 400020 0.00505657
12858.5 400021 0.0050876
12859.7 400021 0.00511862
12860.9 400022 0.00514965
12862 400022 0.00518066
12863.1 400022 0.00521167
12864.3 400023 0.00524266
12865.4 400023 0.00527364
12866.4 400023 0.00530462
12867.5 400024 0.00533558
12868.6 400024 0.00536654
12869.6 400024 0.00539749
12870.7 400025 0.00542844
12871.7 400025 0.00545938
12872.7 400025 0.00549032
12873.7 400026 0.00552126
12874.7 400026 0.0055522
12875.7 400026 0.00558313
12876.6 400027 0.00561407
12877.5 400027 0.00564501
12878.5 400027 0.00567595
12879.4 400028 0.00570689
12880.3 400028 0.00573784
12881.2 400028 0.00576879
12882 400028 0.00579975
12882.9 400029 0.00583072
12883.7 400029 0.0058617
12884.6 400029 0.00589268
12885.4 400029 0.00592368
12886.2 400030 0.00595469
12886.9 400030 0.00598571
12887.7 400030 0.00601674
12888.5 400030 0.00604778
12889.2 400031 0.00607884
12889.9 400031 0.00610991
12890.6 400031 0.006141
12891.3 400031 0.0061721
12892 400032 0.00620322
12892.7 400032 0.00623435
12893.3 400032 0.0062655
12894 400032 0.00629667
12894.6 400032 0.00632785
12895.2 400033 0.00635904
12895.8 400033 0.00639026
12896.4 400033 0.00642149
12897 400033 0.00645273
12897.6 400034 0.00648399
12898.1 400034 0.00651526
12898.7 400034 0.00654655
12899.2 400034 0.00657785
12899.8 400034 0.00660917
12900.3 400035 0.0066405
12900.7 400035 0.00667193
12901.2 400035 0.00670337
12901.6 400035 0.00673482
12902 400036 0.00676628
12902.5 400036 0.00679776
12902.9 400036 0.00682924
12903.3 400036 0.00686073
12903.7 400036 0.00689223
12904.1 400037 0.00692373
12904.5 400037 0.00695525
12904.8 400037 0.00698677
12905.2 400037 0.00701829
12905.5 400037 0.00704982
12905.9 400038 0.00708136
12906.2 400038 0.00711289
12906.6 400038 0.00714443
12906.9 400038 0.00717598
12907.2 400038 0.00720752
12907.5 400039 0.00723907
12907.9 400039 0.00727061
12908.2 400039 0.00730216
12908.5 400039 0.00733371
12908.8 400039 0.00736525
12909 400040 0.00739679
12909.3 400040 0.00742834
12909.6 400040 0.00745988
12909.9 400040 0.00749141
12910.2 400040 0.00752295
12910.4 400041 0.00755448
12910.7 400041 0.00758601
12910.9 400041 0.00761753
12911.2 400041 0.00764905
12911.4 400041 0.00768056
12911.7 400042 0.00771207
12911.9 400042 0.00774358
12912.2 400042 0.00777508
12912.4 400042 0.00780657
12912.6 400042 0.00783806
12912.9 400043 0.00786954
12913.1 400043 0.00790101
12913.3 400043 0.00793248
12913.5 400043 0.00796394
12913.7 400043 0.00799539
12913.9 400044 0.00802684
12914.1 400044 0.00805828
12914.3 400044 0.00808971
12914.5 400044 0.00812114
12914.7 400044 0.00815256
12914.9 400045 0.00818397
12915.1 400045 0.00821537
12915.3 400045 0.00824676
12915.5 400045 0.00827815
12915.7 400045 0.00830953
12915.9 400045 0.00834089
12916 400046 0.00837226
12916.2 400046 0.00840361
12916.4 400046 0.00843495
12916.6 400046 0.00846629
12916.7 400046 0.00849762
12916.9 400047 0.00852893
12917 400047 0.00856024
12917.2 400047 0.00859155
12917.4 400047 0.00862284
12917.5 400047 0.00865412
12917.7 400047 0.0086854
12917.8 400048 0.00871666
12918 400048 0.00874792
12918.1 400048 0.00877917
12918.2 400048 0.00881041
12918.4 400048 0.00884164
12918.5 400049 0.00887286
12918.7 400049 0.00890407
12918.8 400049 0.00893527
12918.9 400049 0.00896646
12919.1 400049 0.00899764
12919.3 400049 0.00902879
12919.6 400050 0.00905987
12920.2 400050 0.00909086
12921.1 400050 0.00912173
12922.2 400050 0.0091525
12923.4 400050 0.0091832
12924.8 400050 0.00921385
12926.3 400051 0.00924444
12927.9 400051 0.00927496
12929.8 400051 0.00930536
12931.8 400051 0.00933573
12933.7 400051 0.00936609
12935.7 400051 0.00939644
12937.6 400052 0.00942677
12939.6 400052 0.00945705
12941.8 400052 0.00948727
12944.1 400052 0.00951743
12946.6 400052 0.00954748
12949.3 400052 0.00957747
12951.9 400053 0.00960745
12954.5 400053 0.00963741
12957.1 400053 0.00966736
12959.7 400053 0.0096973
12962.3 400053 0.00972722
12964.9 400053 0.00975713
12967.5 400054 0.00978702
12970.2 400054 0.00981686
12973 400054 0.00984663
12976 400054 0.00987634
12979.1 400054 0.00990594
12982.4 400054 0.00993549
12985.6 400054 0.00996503
12988.8 400055 0.00999464
12992 400055 0.0100242
12995.2 400055 0.0100538
12998.4 400055 0.0100834
13001.6 400055 0.0101129
13004.8 400055 0.0101425
13008 400056 0.010172
13011.2 400056 0.0102015
13014.4 400056 0.010231
13017.6 400056 0.0102605
13020.9 400056 0.0102899
13024.2 400056 0.0103193
13027.7 400056 0.0103486
13031.3 400057 0.0103778
13035 400057 0.010407
13038.8 400057 0.0104361
13042.5 400057 0.0104652
13046.3 400057 0.0104943
13050 400057 0.0105233
13053.7 400057 0.0105524
13057.5 400058 0.0105814
13061.2 400058 0.0106104
13064.9 400058 0.0106394
13068.7 400058 0.0106684
13072.4 400058 0.0106973
13076.1 400058 0.0107263
13079.8 400058 0.0107552
13083.5 400059 0.0107841
13087.2 400059 0.0108129
13090.9 400059 0.0108418
13094.6 400059 0.0108706
13098.4 400059 0.0108994
13102.2 400059 0.0109282
13106.1 400059 0.0109569
13110 400060 0.0109855
13114.2 400060 0.011014
13118.4 400060 0.0110425
13122.6 400060 0.0110709
13126.8 400060 0.0110993
13130.9 400060 0.0111277
13135.1 400060 0.0111561
13139.3 400061 0.0111844
13143.5 400061 0.0112127
13147.6 400061 0.011241
13151.8 400061 0.0112693
13155.9 400061 0.0112975
13160.1 400061 0.0113257
13164.3 400061 0.0113539
13168.4 400061 0.0113821
13172.5 400062 0.0114102
13176.7 400062 0.0114383
13180.8 400062 0.0114664
13185 400062 0.0114945
13189.1 400062 0.0115225
13193.2 400062 0.0115506
13197.4 400062 0.0115785
13201.5 400062 0.0116065
13205.6 400063 0.0116344
13209.7 400063 0.0116623
13213.9 400063 0.0116902
13218.1 400063 0.011718
13222.4 400063 0.0117458
13226.7 400063 0.0117734
13231.2 400063 0.011801
13235.7 400063 0.0118285
13240.2 400064 0.011856
13244.8 400064 0.0118834
13249.3 400064 0.0119108
13253.8 400064 0.0119381
13258.3 400064 0.0119654
13262.8 400064 0.0119927
13267.3 400064 0.01202
13271.8 400064 0.0120472
13276.3 400065 0.0120744
13280.8 400065 0.0121016
13285.3 400065 0.0121287
13289.8 400065 0.0121558
13294.3 400065 0.0121829
13298.7 400065 0.0122099
13303.2 400065 0.0122369
13307.7 400065 0.0122639
13312.2 400065 0.0122908
13316.6 400066 0.0123177
13321.1 400066 0.0123446
13325.5 400066 0.0123714
13330 400066 0.0123982
13334.4 400066 0.012425
13338.9 400066 0.0124518
13343.3 400066 0.0124785
13347.7 400066 0.0125051
13352.2 400066 0.0125318
13356.6 400067 0.0125584
13361 400067 0.012585
13365.5 400067 0.0126115
13369.9 400067 0.012638
13374.3 400067 0.0126645
13378.8 400067 0.0126909
13383.3 400067 0.0127173
13387.9 400067 0.0127436
13392.5 400067 0.0127698
13397.2 400068 0.012796
13402 400068 0.0128219
13406.7 400068 0.0128479
13411.5 400068 0.0128738
13416.2 400068 0.0128997
13420.9 400068 0.0129255
13425.7 400068 0.0129513
13430.4 400068 0.0129771
13435.1 400068 0.0130028
13439.8 400068 0.0130285
13444.5 400069 0.0130542
13449.3 400069 0.0130798
13454 400069 0.0131054
13458.7 400069 0.013131
13463.4 400069 0.0131565
13468.1 400069 0.013182
13472.8 400069 0.0132075
13477.4 400069 0.0132329
13482.1 400069 0.0132583
13486.8 400069 0.0132836
13491.5 400070 0.0133089
13496.2 400070 0.0133342
13500.8 400070 0.0133594
13505.5 400070 0.0133846
13510.1 400070 0.0134098
13514.8 400070 0.0134349
13519.5 400070 0.01346
13524.1 400070 0.0134851
13528.8 400070 0.0135102
13533.4 400070 0.0135352
13538 400071 0.0135601
13542.7 400071 0.013585
13547.3 400071 0.0136099
13551.9 400071 0.0136348
13556.6 400071 0.0136596
13561.2 400071 0.0136844
13565.8 400071 0.0137092
13570.4 400071 0.0137339
13575 400071 0.0137586
13579.6 400071 0.0137833
13584.2 400071 0.0138079
13588.8 400072 0.0138325
13593.4 400072 0.0138571
13598 400072 0.0138816
13602.7 400072 0.0139062
13607.4 400072 0.0139306
13612.1 400072 0.013955
13616.8 400072 0.0139793
13621.6 400072 0.0140037
13410.3 380980 0.0138911
13470.1 377889 0.0138729
13494.5 377290 0.0138694
