0 -453.597 -2.26119e-06
634.56 2613.5 1.30286e-05
1173.57 6579.71 3.28017e-05
1709.92 10541.5 5.25537e-05
2243.81 14468.5 7.2134e-05
2775.24 18354.7 9.15112e-05
3304.22 22199 0.000110681
3830.74 25997 0.000129621
4354.77 29746.4 0.00014832
4876.15 33447.6 0.000166779
5394.56 37102.2 0.000185007
5909.16 40715.3 0.000203029
6418.2 44298.1 0.000220901
6918.36 47873.1 0.000238735
7403.99 51481.3 0.000256735
7866.83 55177.6 0.000275176
8297.18 59036.9 0.000294431
8686.59 63128.7 0.000314848
9030.8 67493.9 0.000336629
9330.49 72146.6 0.000359847
9590.04 77068.2 0.000384409
9815.21 82218 0.000410112
10011.7 87559.4 0.000436773
10184.8 93070.2 0.000464281
10338.5 98741.7 0.000492595
10475.8 104692 0.000522302
10599.4 110826 0.000552929
10711.4 117135 0.000584433
10812.7 123576 0.000616602
10905.5 130109 0.000649233
10991.1 136724 0.000682275
11070.4 143413 0.000715688
11143.9 150182 0.000749508
11212.1 157058 0.000783866
11276 163990 0.00081851
11335.9 170973 0.000853414
11392.3 178001 0.000888552
11445.5 185070 0.000923901
11495.9 192176 0.000959444
11543.8 199314 0.000995163
11589.3 206481 0.00103104
11632.4 213690 0.00106716
11673.3 220942 0.00110352
11712.4 228213 0.00114001
11749.8 235497 0.00117662
11785.6 242790 0.00121334
11820.1 250085 0.00125016
11853.2 257375 0.00128706
11885.1 264653 0.00132405
11915.6 271857 0.00136085
11945 278994 0.00139754
11972.9 286192 0.00143484
11999.8 293336 0.00147223
12025.7 300400 0.00150968
12050.7 307355 0.00154713
12074.7 314152 0.00158444
12097.7 320844 0.00162203
12119.8 327457 0.00166025
12141.1 333852 0.0016985
12161.8 339996 0.00173676
12181.9 345856 0.00177504
12201.4 351401 0.00181333
12220.3 356607 0.00185162
12238.6 361452 0.00188992
12256.3 365921 0.00192822
12273.3 370035 0.00196679
12289.7 373775 0.00200549
12305.5 377134 0.0020442
12320.9 380127 0.00208289
12335.7 382796 0.00212194
12349.8 385196 0.00216197
12363.5 387284 0.002202
12376.5 389068 0.00224149
12388.8 390602 0.00228079
12400.7 391923 0.00232007
12412.4 393057 0.00235933
12423.7 394030 0.00239855
12434.7 394863 0.00243775
12445.5 395575 0.00247692
12455.9 396185 0.00251606
12466.1 396706 0.00255517
12476 397153 0.00259426
12485.7 397536 0.00263331
12495.1 397864 0.00267235
12504.3 398145 0.00271135
12513.2 398388 0.00275034
12521.8 398596 0.0027893
12530.3 398776 0.00282825
12538.4 398931 0.00286717
12546.4 399065 0.00290608
12554.2 399181 0.00294496
12561.7 399282 0.00298383
12569 399369 0.00302268
12576.2 399446 0.00306151
12583.1 399512 0.00310032
12589.9 399570 0.00313912
12596.5 399621 0.00317789
12603 399665 0.00321664
12609.3 399704 0.00325536
12615.5 399739 0.00329406
12621.6 399769 0.00333274
12627.5 399795 0.00337139
12633.3 399819 0.00340996
12638.9 399839 0.00344837
12644.3 399858 0.00348645
12649.5 399874 0.00352436
12654.6 399888 0.00356244
12659.6 399901 0.0036012
12664.4 399913 0.00363992
12669.2 399923 0.00367862
12673.9 399932 0.00371728
12678.6 399941 0.0037559
12683.1 399948 0.0037945
12687.6 399955 0.00383306
12692 399961 0.00387159
12696.3 399966 0.00391008
12700.6 399971 0.00394854
12704.8 399975 0.00398697
12708.9 399979 0.00402537
12713 399983 0.00406373
12717 399986 0.00410206
12720.9 399989 0.00414035
12724.7 399992 0.00417862
12728.5 399995 0.00421686
12732.1 399997 0.00425548
12735.7 399999 0.00429452
12739.2 400001 0.00433354
12742.7 400003 0.00437255
12746 400005 0.00441154
12749.3 400006 0.00445052
12752.5 400007 0.00448979
12755.5 400009 0.00453061
12758.3 400010 0.00457163
12761.2 400011 0.00461268
12763.9 400012 0.00465375
12766.6 400013 0.00469485
12769.2 400014 0.00473598
12771.7 400015 0.00477727
12774.1 400016 0.00481879
12776.4 400017 0.00486035
12778.6 400018 0.00490193
12780.8 400018 0.00494354
12783 400019 0.00498518
12785.1 400020 0.00502684
12787.2 400020 0.00506852
12789.2 400021 0.00511021
12791.2 400022 0.00515193
12793.2 400022 0.00519366
12795.1 400023 0.0052354
12797 400023 0.00527715
12798.8 400024 0.0053189
12800.6 400024 0.00536066
12802.4 400025 0.00540243
12804.2 400025 0.00544419
12805.9 400025 0.00548595
12807.7 400026 0.0055277
12809.4 400026 0.00556945
12811 400027 0.0056112
12812.7 400027 0.00565293
12814.3 400027 0.00569466
12815.9 400028 0.00573637
12817.5 400028 0.00577807
12819.1 400028 0.00581975
12820.7 400029 0.00586143
12822.2 400029 0.00590308
12823.7 400030 0.00594472
12825.2 400030 0.00598634
12826.7 400030 0.00602795
12828.2 400031 0.00606954
12829.7 400031 0.00611111
12831.1 400031 0.00615266
12832.6 400031 0.00619419
12834 400032 0.0062357
12835.4 400032 0.0062772
12836.8 400032 0.00631867
12838.2 400033 0.00636013
12839.5 400033 0.00640156
12840.9 400033 0.00644298
12842.2 400034 0.00648437
12843.6 400034 0.00652575
12844.9 400034 0.00656711
12846.2 400034 0.00660845
12847.5 400035 0.00664977
12848.7 400035 0.00669108
12850 400035 0.00673236
12851.3 400036 0.00677363
12852.5 400036 0.00681488
12853.7 400036 0.00685612
12855 400036 0.00689733
12856.2 400037 0.00693854
12857.4 400037 0.00697973
12858.5 400037 0.0070209
12859.7 400038 0.00706206
12860.9 400038 0.00710323
12862 400038 0.00714439
12863.1 400038 0.00718554
12864.3 400039 0.00722667
12865.4 400039 0.0072678
12866.4 400039 0.00730891
12867.5 400039 0.00735002
12868.6 400040 0.00739113
12869.6 400040 0.00743222
12870.7 400040 0.00747331
12871.7 400040 0.0075144
12872.7 400041 0.00755548
12873.7 400041 0.00759656
12874.7 400041 0.00763764
12875.7 400041 0.00767872
12876.6 400042 0.0077198
12877.5 400042 0.00776088
12878.5 400042 0.00780196
12879.4 400042 0.00784305
12880.3 400043 0.00788414
12881.2 400043 0.00792524
12882 400043 0.00796634
12882.9 400043 0.00800745
12883.7 400044 0.00804857
12884.6 400044 0.0080897
12885.4 400044 0.00813084
12886.2 400044 0.00817199
12886.9 400045 0.00821315
12887.7 400045 0.00825433
12888.5 400045 0.00829552
12889.2 400045 0.00833672
12889.9 400046 0.00837794
12890.6 400046 0.00841917
12891.3 400046 0.00846042
12892 400046 0.00850168
12892.7 400047 0.00854296
12893.3 400047 0.00858426
12894 400047 0.00862557
12894.6 400047 0.0086669
12895.2 400048 0.00870824
12895.8 400048 0.0087496
12896.4 400048 0.00879098
12897 400048 0.00883237
12897.6 400049 0.00887378
12898.1 400049 0.0089152
12898.7 400049 0.00895664
12899.2 400049 0.00899809
12899.8 400049 0.00903956
12900.3 400050 0.00908104
12900.7 400050 0.00912261
12901.2 400050 0.00916418
12901.6 400050 0.00920577
12902 400051 0.00924737
12902.5 400051 0.00928897
12902.9 400051 0.00933059
12903.3 400051 0.00937222
12903.7 400052 0.00941385
12904.1 400052 0.00945549
12904.5 400052 0.00949714
12904.8 400052 0.0095388
12905.2 400052 0.00958046
12905.5 400053 0.00962213
12905.9 400053 0.0096638
12906.2 400053 0.00970547
12906.6 400053 0.00974715
12906.9 400054 0.00978883
12907.2 400054 0.00983051
12907.5 400054 0.00987219
12907.9 400054 0.00991388
12908.2 400054 0.00995556
12908.5 400055 0.00999725
12908.8 400055 0.0100389
12909 400055 0.0100806
12909.3 400055 0.0101223
12909.6 400055 0.010164
12909.9 400056 0.0102056
12910.2 400056 0.0102473
12910.4 400056 0.010289
12910.7 400056 0.0103307
12910.9 400057 0.0103723
12911.2 400057 0.010414
12911.4 400057 0.0104556
12911.7 400057 0.0104973
12911.9 400057 0.0105389
12912.2 400058 0.0105805
12912.4 400058 0.0106222
12912.6 400058 0.0106638
12912.9 400058 0.0107054
12913.1 400058 0.010747
12913.3 400059 0.0107886
12913.5 400059 0.0108302
12913.7 400059 0.0108718
12913.9 400059 0.0109134
12914.1 400059 0.010955
12914.3 400060 0.0109966
12914.5 400060 0.0110381
12914.7 400060 0.0110797
12914.9 400060 0.0111212
12915.1 400060 0.0111628
12915.3 400061 0.0112043
12915.5 400061 0.0112458
12915.7 400061 0.0112873
12915.9 400061 0.0113289
12916 400061 0.0113704
12916.2 400062 0.0114118
12916.4 400062 0.0114533
12916.6 400062 0.0114948
12916.7 400062 0.0115363
12916.9 400062 0.0115777
12917 400063 0.0116192
12917.2 400063 0.0116606
12917.4 400063 0.011702
12917.5 400063 0.0117435
12917.7 400063 0.0117849
12917.8 400063 0.0118263
12918 400064 0.0118677
12918.1 400064 0.011909
12918.2 400064 0.0119504
12918.4 400064 0.0119918
12918.5 400064 0.0120331
12918.7 400065 0.0120745
12918.8 400065 0.0121158
12918.9 400065 0.0121572
12919.1 400065 0.0121985
12919.3 400065 0.0122398
12919.6 400065 0.012281
12920.2 400066 0.0123221
12921.1 400066 0.0123631
12922.2 400066 0.012404
12923.4 400066 0.0124448
12924.8 400066 0.0124856
12926.3 400066 0.0125263
12927.9 400067 0.012567
12929.8 400067 0.0126075
12931.8 400067 0.012648
12933.7 400067 0.0126885
12935.7 400067 0.012729
12937.6 400067 0.0127695
12939.6 400068 0.0128099
12941.8 400068 0.0128502
12944.1 400068 0.0128905
12946.6 400068 0.0129307
12949.3 400068 0.0129708
12951.9 400068 0.0130109
12954.5 400069 0.013051
12957.1 400069 0.0130911
12959.7 400069 0.0131311
12962.3 400069 0.0131712
12964.9 400069 0.0132112
12967.5 400069 0.0132512
12970.2 400070 0.0132912
12973 400070 0.0133311
12976 400070 0.0133709
12979.1 400070 0.0134106
12982.4 400070 0.0134503
12985.6 400070 0.01349
12988.8 400070 0.0135297
12992 400071 0.0135694
12995.2 400071 0.0136092
12998.4 400071 0.0136489
13001.6 400071 0.0136885
13004.8 400071 0.0137282
13008 400071 0.0137678
13011.2 400071 0.0138075
13014.4 400072 0.0138471
13017.6 400072 0.0138867
13020.9 400072 0.0139263
13024.2 400072 0.0139658
13027.7 400072 0.0140052
13031.3 400072 0.0140446
13035 400072 0.0140838
13038.8 400073 0.0141231
13042.5 400073 0.0141623
13046.3 400073 0.0142015
13050 400073 0.0142407
13053.7 400073 0.0142799
13057.5 400073 0.014319
13061.2 400073 0.0143582
13064.9 400074 0.0143973
13068.7 400074 0.0144364
13072.4 400074 0.0144755
13076.1 400074 0.0145145
13079.8 400074 0.0145536
13083.5 400074 0.0145926
13087.2 400074 0.0146316
13090.9 400074 0.0146706
13094.6 400075 0.0147095
13098.4 400075 0.0147484
13102.2 400075 0.0147873
13106.1 400075 0.0148261
13110 400075 0.0148649
13114.2 400075 0.0149035
13118.4 400075 0.0149421
13122.6 400075 0.0149806
13126.8 400076 0.0150192
13130.9 400076 0.0150577
13135.1 400076 0.0150962
13139.3 400076 0.0151346
13143.5 400076 0.0151731
13147.6 400076 0.0152115
13151.8 400076 0.0152498
13155.9 400076 0.0152882
13160.1 400077 0.0153265
13164.3 400077 0.0153649
13168.4 400077 0.0154031
13172.5 400077 0.0154414
13176.7 400077 0.0154796
13180.8 400077 0.0155179
13185 400077 0.015556
13189.1 400077 0.0155942
13193.2 400077 0.0156323
13197.4 400078 0.0156704
13201.5 400078 0.0157085
13205.6 400078 0.0157466
13209.7 400078 0.0157846
13213.9 400078 0.0158226
13218.1 400078 0.0158605
13222.4 400078 0.0158984
13226.7 400078 0.0159362
13231.2 400078 0.0159739
13235.7 400079 0.0160115
13240.2 400079 0.016049
13244.8 400079 0.0160866
13249.3 400079 0.016124
13253.8 400079 0.0161615
13258.3 400079 0.016199
13262.8 400079 0.0162364
13267.3 400079 0.0162737
13271.8 400079 0.0163111
13276.3 400079 0.0163484
13280.8 400080 0.0163857
13285.3 400080 0.0164229
13289.8 400080 0.0164601
13294.3 400080 0.0164973
13298.7 400080 0.0165344
13303.2 400080 0.0165715
13307.7 400080 0.0166086
13312.2 400080 0.0166457
13316.6 400080 0.0166827
13321.1 400080 0.0167197
13325.5 400080 0.0167566
13330 400081 0.0167935
13334.4 400081 0.0168304
13338.9 400081 0.0168673
13343.3 400081 0.0169041
13347.7 400081 0.0169409
13352.2 400081 0.0169776
13356.6 400081 0.0170144
13361 400081 0.017051
13365.5 400081 0.0170877
13369.9 400081 0.0171243
13374.3 400081 0.0171609
13378.8 400082 0.0171974
13383.3 400082 0.0172339
13387.9 400082 0.0172703
13392.5 400082 0.0173066
13397.2 400082 0.0173429
13402 400082 0.017379
13406.7 400082 0.017415
13411.5 400082 0.0174511
13416.2 400082 0.017487
13420.9 400082 0.017523
13425.7 400082 0.0175589
13430.4 400082 0.0175948
13435.1 400082 0.0176306
13439.8 400083 0.0176664
13444.5 400083 0.0177022
13449.3 400083 0.0177379
13454 400083 0.0177736
13458.7 400083 0.0178093
13463.4 400083 0.0178449
13468.1 400083 0.0178805
13472.8 400083 0.017916
13477.4 400083 0.0179516
13482.1 400083 0.017987
13486.8 400083 0.0180225
13491.5 400083 0.0180579
13496.2 400083 0.0180933
13500.8 400083 0.0181286
13505.5 400084 0.0181639
13510.1 400084 0.0181992
13514.8 400084 0.0182344
13519.5 400084 0.0182696
13524.1 400084 0.0183048
13528.8 400084 0.0183399
13533.4 400084 0.018375
13538 400084 0.0184101
13542.7 400084 0.0184451
13547.3 400084 0.0184801
13551.9 400084 0.0185151
13556.6 400084 0.01855
13561.2 400084 0.0185849
13565.8 400084 0.0186198
13570.4 400084 0.0186546
13575 400085 0.0186894
13579.6 400085 0.0187241
13584.2 400085 0.0187589
13588.8 400085 0.0187936
13593.4 400085 0.0188282
13598 400085 0.0188629
13602.7 400085 0.0188975
13607.4 400085 0.0189321
13612.1 400085 0.0189666
13616.8 400085 0.019001
13621.6 400085 0.0190355
13410.3 383070 0.0189329
13470.1 381717 0.0189248
13494.5 382801 0.0189313
