0 -453.597 -2.26119e-06
634.56 4718.75 2.35239e-05
1173.57 10789.2 5.37891e-05
1709.92 16855.1 8.40337e-05
2243.81 22885.9 0.000114106
2775.24 28875.4 0.000143976
3304.22 34823 0.000173639
3830.74 40723.9 0.000203072
4354.77 46576 0.000232264
4876.15 52379.5 0.000261216
5394.56 58136.2 0.000289937
5909.16 63851.1 0.000318452
6418.2 69535.4 0.000346817
6918.36 75211.6 0.000375143
7403.99 80920.6 0.000403637
7866.83 86717.5 0.000432571
8297.18 92677 0.000462319
8686.59 98868.6 0.000493228
9030.8 105333 0.000525503
9330.49 112084 0.000559214
9590.04 119104 0.000594267
9815.21 126350 0.000630457
10011.7 133787 0.000667602
10184.8 141392 0.000705593
10338.5 149157 0.000744389
10475.8 157203 0.000784592
10599.4 165432 0.000825719
10711.4 173836 0.00086773
10812.7 182370 0.000910397
10905.5 190993 0.000953525
10991.1 199694 0.000997066
11070.4 208464 0.00104098
11143.9 217309 0.0010853
11212.1 226251 0.00113016
11276 235235 0.0011753
11335.9 244251 0.00122071
11392.3 253286 0.00126634
11445.5 262324 0.0013122
11495.9 271347 0.00135824
11543.8 280335 0.00140446
11589.3 289260 0.00145084
11632.4 298106 0.00149746
11673.3 306837 0.00154432
11712.4 315388 0.00159131
11749.8 323705 0.00163842
11785.6 331729 0.00168564
11820.1 339397 0.00173296
11853.2 346646 0.00178036
11885.1 353417 0.00182785
11915.6 359626 0.00187514
11945 365256 0.00192231
11972.9 370370 0.0019701
11999.8 374900 0.00201798
12025.7 378857 0.00206592
12050.7 382271 0.00211385
12074.7 385178 0.00216164
12097.7 387653 0.00220971
12119.8 389757 0.00225842
12141.1 391510 0.00230716
12161.8 392965 0.00235591
12181.9 394169 0.00240468
12201.4 395162 0.00245346
12220.3 395980 0.00250224
12238.6 396655 0.00255103
12256.3 397211 0.00259982
12273.3 397672 0.00264887
12289.7 398054 0.00269807
12305.5 398370 0.00274727
12320.9 398631 0.00279645
12335.7 398849 0.00284599
12349.8 399034 0.00289654
12363.5 399187 0.00294709
12376.5 399313 0.00299707
12388.8 399418 0.00304686
12400.7 399506 0.00309662
12412.4 399580 0.00314635
12423.7 399642 0.00319606
12434.7 399695 0.00324573
12445.5 399740 0.00329538
12455.9 399777 0.003345
12466.1 399810 0.00339459
12476 399837 0.00344415
12485.7 399861 0.00349368
12495.1 399881 0.00354319
12504.3 399898 0.00359268
12513.2 399913 0.00364214
12521.8 399926 0.00369158
12530.3 399938 0.003741
12538.4 399947 0.0037904
12546.4 399956 0.00383978
12554.2 399963 0.00388915
12561.7 399970 0.00393849
12569 399976 0.00398782
12576.2 399981 0.00403712
12583.1 399985 0.00408641
12589.9 399989 0.00413568
12596.5 399993 0.00418492
12603 399996 0.00423415
12609.3 399998 0.00428335
12615.5 400001 0.00433253
12621.6 400003 0.00438168
12627.5 400005 0.0044308
12633.3 400007 0.00447985
12638.9 400009 0.00452872
12644.3 400010 0.00457724
12649.5 400012 0.00462559
12654.6 400013 0.00467412
12659.6 400014 0.00472334
12664.4 400015 0.00477252
12669.2 400016 0.00482167
12673.9 400017 0.00487078
12678.6 400018 0.00491987
12683.1 400019 0.00496892
12687.6 400020 0.00501793
12692 400020 0.00506692
12696.3 400021 0.00511587
12700.6 400022 0.00516478
12704.8 400022 0.00521366
12708.9 400023 0.00526251
12713 400024 0.00531133
12717 400024 0.00536011
12720.9 400025 0.00540886
12724.7 400025 0.00545758
12728.5 400026 0.00550626
12732.1 400026 0.00555534
12735.7 400027 0.00560485
12739.2 400027 0.00565434
12742.7 400027 0.00570381
12746 400028 0.00575327
12749.3 400028 0.00580271
12752.5 400029 0.00585246
12755.5 400029 0.00590377
12758.3 400030 0.00595529
12761.2 400030 0.00600684
12763.9 400030 0.00605841
12766.6 400031 0.00611
12769.2 400031 0.00616163
12771.7 400032 0.00621341
12774.1 400032 0.00626543
12776.4 400032 0.00631749
12778.6 400033 0.00636956
12780.8 400033 0.00642167
12783 400034 0.0064738
12785.1 400034 0.00652596
12787.2 400034 0.00657814
12789.2 400035 0.00663033
12791.2 400035 0.00668255
12793.2 400035 0.00673477
12795.1 400036 0.00678701
12797 400036 0.00683926
12798.8 400036 0.00689152
12800.6 400037 0.00694378
12802.4 400037 0.00699604
12804.2 400037 0.00704831
12805.9 400038 0.00710057
12807.7 400038 0.00715282
12809.4 400038 0.00720508
12811 400039 0.00725732
12812.7 400039 0.00730956
12814.3 400039 0.00736178
12815.9 400040 0.007414
12817.5 400040 0.0074662
12819.1 400040 0.00751839
12820.7 400041 0.00757056
12822.2 400041 0.00762272
12823.7 400041 0.00767486
12825.2 400042 0.00772699
12826.7 400042 0.0077791
12828.2 400042 0.00783119
12829.7 400043 0.00788326
12831.1 400043 0.00793531
12832.6 400043 0.00798735
12834 400044 0.00803936
12835.4 400044 0.00809136
12836.8 400044 0.00814333
12838.2 400045 0.00819529
12839.5 400045 0.00824723
12840.9 400045 0.00829914
12842.2 400046 0.00835104
12843.6 400046 0.00840292
12844.9 400046 0.00845478
12846.2 400046 0.00850663
12847.5 400047 0.00855845
12848.7 400047 0.00861025
12850 400047 0.00866204
12851.3 400048 0.00871381
12852.5 400048 0.00876556
12853.7 400048 0.0088173
12855 400049 0.00886902
12856.2 400049 0.00892072
12857.4 400049 0.00897241
12858.5 400049 0.00902408
12859.7 400050 0.00907575
12860.9 400050 0.00912742
12862 400050 0.00917908
12863.1 400051 0.00923072
12864.3 400051 0.00928236
12865.4 400051 0.00933399
12866.4 400051 0.00938561
12867.5 400052 0.00943722
12868.6 400052 0.00948882
12869.6 400052 0.00954041
12870.7 400053 0.00959201
12871.7 400053 0.00964359
12872.7 400053 0.00969518
12873.7 400053 0.00974676
12874.7 400054 0.00979834
12875.7 400054 0.00984991
12876.6 400054 0.00990149
12877.5 400054 0.00995307
12878.5 400055 0.0100047
12879.4 400055 0.0100562
12880.3 400055 0.0101078
12881.2 400055 0.0101594
12882 400056 0.010211
12882.9 400056 0.0102627
12883.7 400056 0.0103143
12884.6 400057 0.0103659
12885.4 400057 0.0104175
12886.2 400057 0.0104692
12886.9 400057 0.0105209
12887.7 400058 0.0105725
12888.5 400058 0.0106242
12889.2 400058 0.0106759
12889.9 400058 0.0107276
12890.6 400059 0.0107794
12891.3 400059 0.0108311
12892 400059 0.0108829
12892.7 400059 0.0109347
12893.3 400060 0.0109865
12894 400060 0.0110383
12894.6 400060 0.0110901
12895.2 400060 0.011142
12895.8 400061 0.0111938
12896.4 400061 0.0112457
12897 400061 0.0112976
12897.6 400061 0.0113495
12898.1 400062 0.0114015
12898.7 400062 0.0114534
12899.2 400062 0.0115054
12899.8 400062 0.0115573
12900.3 400062 0.0116093
12900.7 400063 0.0116614
12901.2 400063 0.0117134
12901.6 400063 0.0117655
12902 400063 0.0118176
12902.5 400064 0.0118697
12902.9 400064 0.0119218
12903.3 400064 0.011974
12903.7 400064 0.0120261
12904.1 400065 0.0120782
12904.5 400065 0.0121304
12904.8 400065 0.0121825
12905.2 400065 0.0122347
12905.5 400065 0.0122869
12905.9 400066 0.012339
12906.2 400066 0.0123912
12906.6 400066 0.0124434
12906.9 400066 0.0124955
12907.2 400067 0.0125477
12907.5 400067 0.0125999
12907.9 400067 0.0126521
12908.2 400067 0.0127043
12908.5 400067 0.0127564
12908.8 400068 0.0128086
12909 400068 0.0128608
12909.3 400068 0.012913
12909.6 400068 0.0129652
12909.9 400068 0.0130173
12910.2 400069 0.0130695
12910.4 400069 0.0131217
12910.7 400069 0.0131738
12910.9 400069 0.013226
12911.2 400069 0.0132781
12911.4 400070 0.0133303
12911.7 400070 0.0133824
12911.9 400070 0.0134346
12912.2 400070 0.0134867
12912.4 400070 0.0135388
12912.6 400071 0.013591
12912.9 400071 0.0136431
12913.1 400071 0.0136952
12913.3 400071 0.0137473
12913.5 400071 0.0137994
12913.7 400072 0.0138515
12913.9 400072 0.0139036
12914.1 400072 0.0139556
12914.3 400072 0.0140077
12914.5 400072 0.0140598
12914.7 400073 0.0141118
12914.9 400073 0.0141639
12915.1 400073 0.0142159
12915.3 400073 0.0142679
12915.5 400073 0.01432
12915.7 400073 0.014372
12915.9 400074 0.014424
12916 400074 0.014476
12916.2 400074 0.014528
12916.4 400074 0.0145799
12916.6 400074 0.0146319
12916.7 400074 0.0146839
12916.9 400075 0.0147358
12917 400075 0.0147878
12917.2 400075 0.0148397
12917.4 400075 0.0148916
12917.5 400075 0.0149436
12917.7 400075 0.0149955
12917.8 400076 0.0150474
12918 400076 0.0150993
12918.1 400076 0.0151511
12918.2 400076 0.015203
12918.4 400076 0.0152549
12918.5 400076 0.0153067
12918.7 400077 0.0153586
12918.8 400077 0.0154104
12918.9 400077 0.0154622
12919.1 400077 0.015514
12919.3 400077 0.0155658
12919.6 400077 0.0156175
12920.2 400078 0.0156692
12921.1 400078 0.0157207
12922.2 400078 0.015772
12923.4 400078 0.0158234
12924.8 400078 0.0158747
12926.3 400078 0.0159259
12927.9 400078 0.015977
12929.8 400079 0.016028
12931.8 400079 0.016079
12933.7 400079 0.01613
12935.7 400079 0.016181
12937.6 400079 0.0162319
12939.6 400079 0.0162828
12941.8 400079 0.0163337
12944.1 400080 0.0163845
12946.6 400080 0.0164351
12949.3 400080 0.0164857
12951.9 400080 0.0165363
12954.5 400080 0.0165869
12957.1 400080 0.0166375
12959.7 400080 0.016688
12962.3 400080 0.0167386
12964.9 400081 0.0167891
12967.5 400081 0.0168396
12970.2 400081 0.0168901
12973 400081 0.0169404
12976 400081 0.0169908
12979.1 400081 0.017041
12982.4 400081 0.0170911
12985.6 400081 0.0171413
12988.8 400081 0.0171915
12992 400082 0.0172417
12995.2 400082 0.0172919
12998.4 400082 0.0173421
13001.6 400082 0.0173923
13004.8 400082 0.0174425
13008 400082 0.0174926
13011.2 400082 0.0175427
13014.4 400082 0.0175928
13017.6 400082 0.0176429
13020.9 400083 0.017693
13024.2 400083 0.017743
13027.7 400083 0.0177929
13031.3 400083 0.0178428
13035 400083 0.0178925
13038.8 400083 0.0179422
13042.5 400083 0.017992
13046.3 400083 0.0180417
13050 400083 0.0180913
13053.7 400084 0.018141
13057.5 400084 0.0181906
13061.2 400084 0.0182403
13064.9 400084 0.0182899
13068.7 400084 0.0183395
13072.4 400084 0.018389
13076.1 400084 0.0184386
13079.8 400084 0.0184881
13083.5 400084 0.0185376
13087.2 400084 0.0185871
13090.9 400084 0.0186366
13094.6 400084 0.018686
13098.4 400085 0.0187354
13102.2 400085 0.0187848
13106.1 400085 0.0188341
13110 400085 0.0188833
13114.2 400085 0.0189325
13118.4 400085 0.0189815
13122.6 400085 0.0190306
13126.8 400085 0.0190796
13130.9 400085 0.0191286
13135.1 400085 0.0191776
13139.3 400085 0.0192265
13143.5 400085 0.0192754
13147.6 400086 0.0193243
13151.8 400086 0.0193732
13155.9 400086 0.019422
13160.1 400086 0.0194709
13164.3 400086 0.0195197
13168.4 400086 0.0195684
13172.5 400086 0.0196172
13176.7 400086 0.0196659
13180.8 400086 0.0197146
13185 400086 0.0197633
13189.1 400086 0.0198119
13193.2 400086 0.0198605
13197.4 400086 0.0199091
13201.5 400086 0.0199577
13205.6 400086 0.0200062
13209.7 400086 0.0200547
13213.9 400087 0.0201032
13218.1 400087 0.0201516
13222.4 400087 0.0202
13226.7 400087 0.0202483
13231.2 400087 0.0202965
13235.7 400087 0.0203445
13240.2 400087 0.0203926
13244.8 400087 0.0204406
13249.3 400087 0.0204886
13253.8 400087 0.0205365
13258.3 400087 0.0205844
13262.8 400087 0.0206323
13267.3 400087 0.0206802
13271.8 400087 0.020728
13276.3 400087 0.0207758
13280.8 400087 0.0208235
13285.3 400087 0.0208713
13289.8 400087 0.020919
13294.3 400087 0.0209666
13298.7 400087 0.0210143
13303.2 400087 0.0210618
13307.7 400088 0.0211094
13312.2 400088 0.0211569
13316.6 400088 0.0212044
13321.1 400088 0.0212519
13325.5 400088 0.0212993
13330 400088 0.0213467
13334.4 400088 0.0213941
13338.9 400088 0.0214414
13343.3 400088 0.0214887
13347.7 400088 0.021536
13352.2 400088 0.0215832
13356.6 400088 0.0216304
13361 400088 0.0216776
13365.5 400088 0.0217247
13369.9 400088 0.0217718
13374.3 400088 0.0218189
13378.8 400088 0.0218659
13383.3 400088 0.0219129
13387.9 400088 0.0219597
13392.5 400088 0.0220065
13397.2 400088 0.0220533
13402 400088 0.0220998
13406.7 400088 0.0221464
13411.5 400088 0.0221929
13416.2 400088 0.0222393
13420.9 400088 0.0222858
13425.7 400088 0.0223321
13430.4 400088 0.0223785
13435.1 400088 0.0224248
13439.8 400088 0.0224711
13444.5 400088 0.0225173
13449.3 400088 0.0225635
13454 400088 0.0226097
13458.7 400088 0.0226559
13463.4 400088 0.022702
13468.1 400088 0.022748
13472.8 400088 0.022794
13477.4 400088 0.02284
13482.1 400088 0.022886
13486.8 400088 0.0229319
13491.5 400088 0.0229778
13496.2 400088 0.0230237
13500.8 400088 0.0230695
13505.5 400088 0.0231153
13510.1 400088 0.023161
13514.8 400088 0.0232067
13519.5 400088 0.0232524
13524.1 400088 0.023298
13528.8 400088 0.0233436
13533.4 400088 0.0233892
13538 400088 0.0234348
13542.7 400088 0.0234803
13547.3 400088 0.0235257
13551.9 400088 0.0235712
13556.6 400088 0.0236166
13561.2 400088 0.0236619
13565.8 400088 0.0237073
13570.4 400088 0.0237526
13575 400088 0.0237978
13579.6 400088 0.0238431
13584.2 400088 0.0238882
13588.8 400088 0.0239334
13593.4 400088 0.0239785
13598 400088 0.0240237
13602.7 400088 0.0240688
13607.4 400088 0.0241138
13612.1 400088 0.0241588
13616.8 400088 0.0242037
13621.6 400088 0.0242486
13410.3 385084 0.0241565
13470.1 385457 0.0241588
13494.5 388224 0.0241758
