0 -453.597 -2.26119e-06
634.56 6860.31 3.42006e-05
1173.57 15071.7 7.51414e-05
1709.92 23278 0.000116062
2243.81 31448.8 0.00015681
2775.24 39577.9 0.000197356
3304.22 47664.6 0.000237694
3830.74 55704.2 0.000277803
4354.77 63694.6 0.000317671
4876.15 71635.9 0.000357299
5394.56 79530.1 0.000396696
5909.16 87381.9 0.000435887
6418.2 95202.8 0.000474927
6918.36 103015 0.00051393
7403.99 110860 0.000553099
7866.83 118792 0.000592709
8297.18 126886 0.000633133
8686.59 135212 0.000674718
9030.8 143809 0.00071767
9330.49 152693 0.000762055
9590.04 161844 0.000807784
9815.21 171220 0.000854649
10011.7 180784 0.000902466
10184.8 190514 0.000951129
10338.5 200400 0.0010006
10475.8 210560 0.00105148
10599.4 220896 0.00110328
10711.4 231391 0.00115597
10812.7 241992 0.00120932
10905.5 252649 0.00126312
10991.1 263336 0.00131734
11070.4 274018 0.00137193
11143.9 284672 0.00142693
11212.1 295277 0.00148247
11276 305724 0.00153829
11335.9 315937 0.00159437
11392.3 325823 0.00165069
11445.5 335276 0.00170722
11495.9 344188 0.00176394
11543.8 352451 0.00182084
11589.3 359972 0.00187791
11632.4 366694 0.0019352
11673.3 372585 0.00199274
11712.4 377638 0.00205041
11749.8 381895 0.0021082
11785.6 385425 0.00216609
11820.1 388313 0.00222409
11853.2 390652 0.00228217
11885.1 392530 0.00234034
11915.6 394024 0.00239831
11945 395211 0.00245615
11972.9 396164 0.00251461
11999.8 396921 0.00257317
12025.7 397522 0.00263178
12050.7 397999 0.00269039
12074.7 398379 0.00274884
12097.7 398684 0.00280758
12119.8 398930 0.00286697
12141.1 399128 0.00292638
12161.8 399287 0.00298581
12181.9 399415 0.00304525
12201.4 399519 0.00310471
12220.3 399604 0.00316416
12238.6 399673 0.00322363
12256.3 399729 0.00328309
12273.3 399776 0.00334282
12289.7 399815 0.00340269
12305.5 399846 0.00346256
12320.9 399873 0.00352243
12335.7 399895 0.00358264
12349.8 399914 0.00364388
12363.5 399930 0.00370511
12376.5 399943 0.00376577
12388.8 399954 0.00382622
12400.7 399963 0.00388665
12412.4 399971 0.00394706
12423.7 399978 0.00400743
12434.7 399983 0.00406778
12445.5 399988 0.0041281
12455.9 399993 0.00418839
12466.1 399997 0.00424865
12476 400000 0.00430888
12485.7 400003 0.00436909
12495.1 400005 0.00442927
12504.3 400007 0.00448943
12513.2 400009 0.00454956
12521.8 400011 0.00460967
12530.3 400013 0.00466976
12538.4 400014 0.00472983
12546.4 400016 0.00478988
12554.2 400017 0.00484992
12561.7 400018 0.00490993
12569 400019 0.00496993
12576.2 400020 0.0050299
12583.1 400021 0.00508986
12589.9 400022 0.0051498
12596.5 400022 0.00520971
12603 400023 0.00526961
12609.3 400024 0.00532948
12615.5 400024 0.00538932
12621.6 400025 0.00544915
12627.5 400026 0.00550894
12633.3 400026 0.00556865
12638.9 400027 0.00562819
12644.3 400027 0.00568737
12649.5 400028 0.00574638
12654.6 400028 0.00580557
12659.6 400029 0.00586545
12664.4 400029 0.0059253
12669.2 400030 0.00598511
12673.9 400030 0.00604489
12678.6 400031 0.00610464
12683.1 400031 0.00616435
12687.6 400032 0.00622403
12692 400032 0.00628368
12696.3 400033 0.00634329
12700.6 400033 0.00640287
12704.8 400033 0.00646241
12708.9 400034 0.00652192
12713 400034 0.0065814
12717 400035 0.00664085
12720.9 400035 0.00670026
12724.7 400036 0.00675964
12728.5 400036 0.00681898
12732.1 400036 0.00687873
12735.7 400037 0.00693891
12739.2 400037 0.00699906
12742.7 400038 0.0070592
12746 400038 0.00711933
12749.3 400038 0.00717943
12752.5 400039 0.00723984
12755.5 400039 0.00730183
12758.3 400039 0.00736403
12761.2 400040 0.00742626
12763.9 400040 0.00748851
12766.6 400041 0.00755078
12769.2 400041 0.00761308
12771.7 400041 0.00767555
12774.1 400042 0.00773824
12776.4 400042 0.00780097
12778.6 400043 0.00786373
12780.8 400043 0.00792651
12783 400043 0.00798932
12785.1 400044 0.00805215
12787.2 400044 0.00811501
12789.2 400045 0.00817788
12791.2 400045 0.00824077
12793.2 400045 0.00830368
12795.1 400046 0.0083666
12797 400046 0.00842952
12798.8 400046 0.00849246
12800.6 400047 0.0085554
12802.4 400047 0.00861834
12804.2 400047 0.00868128
12805.9 400048 0.00874422
12807.7 400048 0.00880716
12809.4 400049 0.00887009
12811 400049 0.00893301
12812.7 400049 0.00899592
12814.3 400050 0.00905883
12815.9 400050 0.00912172
12817.5 400050 0.0091846
12819.1 400051 0.00924747
12820.7 400051 0.00931032
12822.2 400051 0.00937316
12823.7 400052 0.00943598
12825.2 400052 0.00949879
12826.7 400052 0.00956157
12828.2 400053 0.00962434
12829.7 400053 0.00968709
12831.1 400053 0.00974983
12832.6 400054 0.00981254
12834 400054 0.00987523
12835.4 400054 0.00993791
12836.8 400055 0.0100006
12838.2 400055 0.0100632
12839.5 400055 0.0101258
12840.9 400056 0.0101884
12842.2 400056 0.010251
12843.6 400056 0.0103135
12844.9 400057 0.0103761
12846.2 400057 0.0104386
12847.5 400057 0.0105011
12848.7 400058 0.0105636
12850 400058 0.0106261
12851.3 400058 0.0106885
12852.5 400058 0.0107509
12853.7 400059 0.0108134
12855 400059 0.0108758
12856.2 400059 0.0109381
12857.4 400060 0.0110005
12858.5 400060 0.0110629
12859.7 400060 0.0111252
12860.9 400061 0.0111875
12862 400061 0.0112499
12863.1 400061 0.0113122
12864.3 400061 0.0113745
12865.4 400062 0.0114368
12866.4 400062 0.0114991
12867.5 400062 0.0115614
12868.6 400063 0.0116237
12869.6 400063 0.011686
12870.7 400063 0.0117482
12871.7 400063 0.0118105
12872.7 400064 0.0118728
12873.7 400064 0.011935
12874.7 400064 0.0119973
12875.7 400064 0.0120595
12876.6 400065 0.0121218
12877.5 400065 0.0121841
12878.5 400065 0.0122463
12879.4 400066 0.0123086
12880.3 400066 0.0123709
12881.2 400066 0.0124331
12882 400066 0.0124954
12882.9 400067 0.0125577
12883.7 400067 0.01262
12884.6 400067 0.0126823
12885.4 400067 0.0127446
12886.2 400068 0.012807
12886.9 400068 0.0128693
12887.7 400068 0.0129317
12888.5 400068 0.012994
12889.2 400069 0.0130564
12889.9 400069 0.0131188
12890.6 400069 0.0131812
12891.3 400069 0.0132437
12892 400070 0.0133061
12892.7 400070 0.0133686
12893.3 400070 0.013431
12894 400070 0.0134935
12894.6 400071 0.013556
12895.2 400071 0.0136186
12895.8 400071 0.0136811
12896.4 400071 0.0137437
12897 400071 0.0138062
12897.6 400072 0.0138688
12898.1 400072 0.0139314
12898.7 400072 0.0139941
12899.2 400072 0.0140567
12899.8 400073 0.0141194
12900.3 400073 0.014182
12900.7 400073 0.0142448
12901.2 400073 0.0143075
12901.6 400073 0.0143703
12902 400074 0.014433
12902.5 400074 0.0144958
12902.9 400074 0.0145586
12903.3 400074 0.0146214
12903.7 400074 0.0146842
12904.1 400075 0.014747
12904.5 400075 0.0148099
12904.8 400075 0.0148727
12905.2 400075 0.0149355
12905.5 400076 0.0149984
12905.9 400076 0.0150612
12906.2 400076 0.0151241
12906.6 400076 0.0151869
12906.9 400076 0.0152498
12907.2 400076 0.0153126
12907.5 400077 0.0153755
12907.9 400077 0.0154383
12908.2 400077 0.0155012
12908.5 400077 0.0155641
12908.8 400077 0.0156269
12909 400078 0.0156898
12909.3 400078 0.0157526
12909.6 400078 0.0158155
12909.9 400078 0.0158783
12910.2 400078 0.0159412
12910.4 400078 0.016004
12910.7 400079 0.0160669
12910.9 400079 0.0161297
12911.2 400079 0.0161925
12911.4 400079 0.0162554
12911.7 400079 0.0163182
12911.9 400080 0.016381
12912.2 400080 0.0164438
12912.4 400080 0.0165066
12912.6 400080 0.0165694
12912.9 400080 0.0166322
12913.1 400080 0.016695
12913.3 400080 0.0167578
12913.5 400081 0.0168206
12913.7 400081 0.0168833
12913.9 400081 0.0169461
12914.1 400081 0.0170088
12914.3 400081 0.0170716
12914.5 400081 0.0171343
12914.7 400082 0.017197
12914.9 400082 0.0172598
12915.1 400082 0.0173225
12915.3 400082 0.0173852
12915.5 400082 0.0174479
12915.7 400082 0.0175106
12915.9 400082 0.0175733
12916 400082 0.0176359
12916.2 400083 0.0176986
12916.4 400083 0.0177613
12916.6 400083 0.0178239
12916.7 400083 0.0178865
12916.9 400083 0.0179492
12917 400083 0.0180118
12917.2 400083 0.0180744
12917.4 400083 0.018137
12917.5 400084 0.0181996
12917.7 400084 0.0182622
12917.8 400084 0.0183248
12918 400084 0.0183873
12918.1 400084 0.0184499
12918.2 400084 0.0185125
12918.4 400084 0.018575
12918.5 400084 0.0186375
12918.7 400085 0.0187
12918.8 400085 0.0187626
12918.9 400085 0.0188251
12919.1 400085 0.0188876
12919.3 400085 0.01895
12919.6 400085 0.0190124
12920.2 400085 0.0190747
12921.1 400085 0.0191369
12922.2 400085 0.0191989
12923.4 400085 0.0192609
12924.8 400086 0.0193229
12926.3 400086 0.0193848
12927.9 400086 0.0194466
12929.8 400086 0.0195083
12931.8 400086 0.01957
12933.7 400086 0.0196316
12935.7 400086 0.0196933
12937.6 400086 0.0197549
12939.6 400086 0.0198165
12941.8 400086 0.019878
12944.1 400086 0.0199395
12946.6 400086 0.0200008
12949.3 400086 0.0200621
12951.9 400087 0.0201234
12954.5 400087 0.0201846
12957.1 400087 0.0202459
12959.7 400087 0.0203071
12962.3 400087 0.0203683
12964.9 400087 0.0204295
12967.5 400087 0.0204907
12970.2 400087 0.0205518
12973 400087 0.0206129
12976 400087 0.0206739
12979.1 400087 0.0207347
12982.4 400087 0.0207956
12985.6 400087 0.0208564
12988.8 400087 0.0209173
12992 400087 0.0209782
12995.2 400087 0.0210391
12998.4 400088 0.0211
13001.6 400088 0.0211608
13004.8 400088 0.0212216
13008 400088 0.0212824
13011.2 400088 0.0213432
13014.4 400088 0.021404
13017.6 400088 0.0214648
13020.9 400088 0.0215255
13024.2 400088 0.0215862
13027.7 400088 0.0216468
13031.3 400088 0.0217074
13035 400088 0.0217678
13038.8 400088 0.0218282
13042.5 400088 0.0218886
13046.3 400088 0.0219489
13050 400088 0.0220093
13053.7 400088 0.0220696
13057.5 400088 0.0221299
13061.2 400088 0.0221902
13064.9 400088 0.0222505
13068.7 400088 0.0223108
13072.4 400088 0.022371
13076.1 400088 0.0224313
13079.8 400088 0.0224915
13083.5 400088 0.0225516
13087.2 400088 0.0226118
13090.9 400088 0.022672
13094.6 400088 0.0227321
13098.4 400088 0.0227922
13102.2 400088 0.0228522
13106.1 400088 0.0229122
13110 400088 0.0229721
13114.2 400088 0.0230319
13118.4 400088 0.0230916
13122.6 400088 0.0231513
13126.8 400088 0.023211
13130.9 400088 0.0232707
13135.1 400088 0.0233304
13139.3 400088 0.02339
13143.5 400088 0.0234496
13147.6 400088 0.0235091
13151.8 400088 0.0235687
13155.9 400088 0.0236282
13160.1 400088 0.0236877
13164.3 400088 0.0237472
13168.4 400088 0.0238066
13172.5 400088 0.023866
13176.7 400088 0.0239254
13180.8 400088 0.0239848
13185 400088 0.0240442
13189.1 400088 0.0241035
13193.2 400088 0.0241628
13197.4 400088 0.024222
13201.5 400088 0.0242813
13205.6 400088 0.0243405
13209.7 400088 0.0243997
13213.9 400088 0.0244588
13218.1 400088 0.0245179
13222.4 400088 0.0245769
13226.7 400088 0.0246359
13231.2 400088 0.0246947
13235.7 400088 0.0247535
13240.2 400088 0.0248122
13244.8 400088 0.0248709
13249.3 400088 0.0249295
13253.8 400088 0.0249882
13258.3 400088 0.0250468
13262.8 400088 0.0251053
13267.3 400087 0.0251638
13271.8 400087 0.0252223
13276.3 400087 0.0252808
13280.8 400087 0.0253392
13285.3 400087 0.0253976
13289.8 400087 0.025456
13294.3 400087 0.0255143
13298.7 400087 0.0255726
13303.2 400087 0.0256309
13307.7 400087 0.0256891
13312.2 400087 0.0257473
13316.6 400087 0.0258055
13321.1 400087 0.0258636
13325.5 400087 0.0259217
13330 400087 0.0259798
13334.4 400087 0.0260378
13338.9 400087 0.0260959
13343.3 400087 0.0261538
13347.7 400086 0.0262118
13352.2 400086 0.0262697
13356.6 400086 0.0263275
13361 400086 0.0263854
13365.5 400086 0.0264432
13369.9 400086 0.0265009
13374.3 400086 0.0265587
13378.8 400086 0.0266164
13383.3 400086 0.026674
13387.9 400086 0.0267315
13392.5 400086 0.026789
13397.2 400086 0.0268464
13402 400086 0.0269037
13406.7 400085 0.0269609
13411.5 400085 0.027018
13416.2 400085 0.0270752
13420.9 400085 0.0271323
13425.7 400085 0.0271893
13430.4 400085 0.0272463
13435.1 400085 0.0273033
13439.8 400085 0.0273603
13444.5 400085 0.0274172
13449.3 400085 0.0274741
13454 400085 0.0275309
13458.7 400085 0.0275877
13463.4 400084 0.0276445
13468.1 400084 0.0277012
13472.8 400084 0.0277579
13477.4 400084 0.0278146
13482.1 400084 0.0278712
13486.8 400084 0.0279278
13491.5 400084 0.0279844
13496.2 400084 0.0280409
13500.8 400084 0.0280974
13505.5 400083 0.0281538
13510.1 400083 0.0282102
13514.8 400083 0.0282666
13519.5 400083 0.028323
13524.1 400083 0.0283793
13528.8 400083 0.0284356
13533.4 400083 0.0284918
13538 400083 0.028548
13542.7 400083 0.0286042
13547.3 400082 0.0286603
13551.9 400082 0.0287164
13556.6 400082 0.0287725
13561.2 400082 0.0288285
13565.8 400082 0.0288845
13570.4 400082 0.0289405
13575 400082 0.0289964
13579.6 400082 0.0290523
13584.2 400082 0.0291082
13588.8 400081 0.029164
13593.4 400081 0.0292198
13598 400081 0.0292756
13602.7 400081 0.0293314
13607.4 400081 0.0293871
13612.1 400081 0.0294428
13616.8 400081 0.0294983
13621.6 400080 0.0295539
13410.3 387026 0.0294725
13470.1 389102 0.0294854
13494.5 393533 0.0295131
