0 -453.597 -2.26119e-06
634.56 16843.8 8.39775e-05
1173.57 35039.9 0.000174721
1709.92 53226.3 0.00026544
2243.81 71373.5 0.00035599
2775.24 89474.8 0.000446334
3304.22 107529 0.000536468
3830.74 125532 0.000626372
4354.77 143482 0.000716036
4876.15 161379 0.00080546
5394.56 179221 0.000894653
5909.16 197011 0.000983639
6418.2 214751 0.00107248
6918.36 232446 0.00116128
7403.99 250102 0.00125024
7866.83 267711 0.00133965
8297.18 285237 0.00142987
8686.59 302561 0.00152125
9030.8 319428 0.00161399
9330.49 335432 0.00170818
9590.04 350040 0.00180372
9815.21 362714 0.00190042
10011.7 373091 0.00199811
10184.8 381106 0.00209665
10338.5 386990 0.002196
10475.8 391159 0.00229666
10599.4 394021 0.00239819
10711.4 395955 0.00250057
10812.7 397251 0.00260367
10905.5 398118 0.00270724
10991.1 398700 0.0028112
11070.4 399095 0.00291554
11143.9 399364 0.00302028
11212.1 399551 0.00312556
11276 399680 0.00323111
11335.9 399772 0.00333693
11392.3 399837 0.00344297
11445.5 399883 0.00354923
11495.9 399917 0.00365568
11543.8 399942 0.0037623
11589.3 399960 0.00386908
11632.4 399974 0.0039761
11673.3 399985 0.00408338
11712.4 399993 0.00419079
11749.8 399999 0.00429832
11785.6 400004 0.00440596
11820.1 400008 0.00451369
11853.2 400012 0.00462151
11885.1 400014 0.00472942
11915.6 400017 0.00483721
11945 400018 0.00494493
11972.9 400020 0.00505322
11999.8 400022 0.00516161
12025.7 400023 0.00527005
12050.7 400024 0.00537851
12074.7 400025 0.0054869
12097.7 400026 0.00559555
12119.8 400027 0.00570476
12141.1 400028 0.00581399
12161.8 400029 0.00592324
12181.9 400030 0.00603251
12201.4 400031 0.00614179
12220.3 400032 0.00625108
12238.6 400033 0.00636037
12256.3 400033 0.00646966
12273.3 400034 0.0065792
12289.7 400035 0.00668888
12305.5 400036 0.00679857
12320.9 400037 0.00690824
12335.7 400037 0.00701821
12349.8 400038 0.00712905
12363.5 400039 0.00723988
12376.5 400039 0.00735033
12388.8 400040 0.00746069
12400.7 400041 0.00757103
12412.4 400041 0.00768135
12423.7 400042 0.00779163
12434.7 400043 0.00790189
12445.5 400044 0.00801213
12455.9 400044 0.00812233
12466.1 400045 0.00823251
12476 400045 0.00834266
12485.7 400046 0.00845278
12495.1 400047 0.00856288
12504.3 400047 0.00867296
12513.2 400048 0.00878302
12521.8 400049 0.00889306
12530.3 400049 0.00900308
12538.4 400050 0.00911308
12546.4 400051 0.00922306
12554.2 400051 0.00933303
12561.7 400052 0.00944298
12569 400052 0.00955291
12576.2 400053 0.00966282
12583.1 400053 0.00977272
12589.9 400054 0.00988259
12596.5 400055 0.00999245
12603 400055 0.0101023
12609.3 400056 0.0102121
12615.5 400056 0.0103219
12621.6 400057 0.0104316
12627.5 400057 0.0105414
12633.3 400058 0.0106511
12638.9 400058 0.0107606
12644.3 400059 0.01087
12649.5 400060 0.0109792
12654.6 400060 0.0110886
12659.6 400061 0.0111986
12664.4 400061 0.0113085
12669.2 400062 0.0114184
12673.9 400062 0.0115283
12678.6 400063 0.0116381
12683.1 400063 0.0117479
12687.6 400064 0.0118577
12692 400064 0.0119674
12696.3 400065 0.0120771
12700.6 400065 0.0121868
12704.8 400065 0.0122965
12708.9 400066 0.0124061
12713 400066 0.0125157
12717 400067 0.0126253
12720.9 400067 0.0127348
12724.7 400068 0.0128443
12728.5 400068 0.0129538
12732.1 400069 0.0130637
12735.7 400069 0.0131738
12739.2 400069 0.013284
12742.7 400070 0.0133942
12746 400070 0.0135043
12749.3 400071 0.0136144
12752.5 400071 0.0137248
12755.5 400072 0.0138366
12758.3 400072 0.0139485
12761.2 400072 0.0140605
12763.9 400073 0.0141725
12766.6 400073 0.0142845
12769.2 400074 0.0143966
12771.7 400074 0.0145088
12774.1 400074 0.0146213
12776.4 400075 0.0147338
12778.6 400075 0.0148463
12780.8 400075 0.0149589
12783 400076 0.0150715
12785.1 400076 0.0151841
12787.2 400076 0.0152967
12789.2 400077 0.0154093
12791.2 400077 0.0155219
12793.2 400077 0.0156346
12795.1 400078 0.0157473
12797 400078 0.0158599
12798.8 400078 0.0159726
12800.6 400079 0.0160853
12802.4 400079 0.0161979
12804.2 400079 0.0163106
12805.9 400080 0.0164233
12807.7 400080 0.016536
12809.4 400080 0.0166486
12811 400080 0.0167613
12812.7 400081 0.0168739
12814.3 400081 0.0169865
12815.9 400081 0.0170991
12817.5 400082 0.0172117
12819.1 400082 0.0173243
12820.7 400082 0.0174369
12822.2 400082 0.0175495
12823.7 400083 0.017662
12825.2 400083 0.0177745
12826.7 400083 0.017887
12828.2 400083 0.0179995
12829.7 400083 0.018112
12831.1 400084 0.0182244
12832.6 400084 0.0183369
12834 400084 0.0184493
12835.4 400084 0.0185617
12836.8 400084 0.0186741
12838.2 400085 0.0187864
12839.5 400085 0.0188988
12840.9 400085 0.0190111
12842.2 400085 0.0191234
12843.6 400085 0.0192357
12844.9 400086 0.0193479
12846.2 400086 0.0194602
12847.5 400086 0.0195724
12848.7 400086 0.0196846
12850 400086 0.0197968
12851.3 400086 0.019909
12852.5 400086 0.0200212
12853.7 400087 0.0201333
12855 400087 0.0202454
12856.2 400087 0.0203576
12857.4 400087 0.0204697
12858.5 400087 0.0205817
12859.7 400087 0.0206938
12860.9 400087 0.0208059
12862 400087 0.020918
12863.1 400087 0.02103
12864.3 400088 0.0211421
12865.4 400088 0.0212541
12866.4 400088 0.0213661
12867.5 400088 0.0214782
12868.6 400088 0.0215902
12869.6 400088 0.0217022
12870.7 400088 0.0218142
12871.7 400088 0.0219262
12872.7 400088 0.0220382
12873.7 400088 0.0221502
12874.7 400088 0.0222622
12875.7 400088 0.0223742
12876.6 400088 0.0224861
12877.5 400088 0.0225981
12878.5 400088 0.0227101
12879.4 400088 0.0228221
12880.3 400088 0.0229341
12881.2 400088 0.0230462
12882 400088 0.0231582
12882.9 400088 0.0232702
12883.7 400088 0.0233822
12884.6 400088 0.0234943
12885.4 400088 0.0236063
12886.2 400088 0.0237184
12886.9 400088 0.0238304
12887.7 400088 0.0239425
12888.5 400088 0.0240546
12889.2 400088 0.0241667
12889.9 400088 0.0242789
12890.6 400088 0.024391
12891.3 400088 0.0245031
12892 400088 0.0246153
12892.7 400088 0.0247275
12893.3 400088 0.0248397
12894 400088 0.0249519
12894.6 400088 0.0250641
12895.2 400087 0.0251764
12895.8 400087 0.0252886
12896.4 400087 0.0254009
12897 400087 0.0255132
12897.6 400087 0.0256254
12898.1 400087 0.0257378
12898.7 400087 0.0258501
12899.2 400087 0.0259624
12899.8 400087 0.0260748
12900.3 400087 0.0261871
12900.7 400086 0.0262996
12901.2 400086 0.0264122
12901.6 400086 0.0265247
12902 400086 0.0266372
12902.5 400086 0.0267498
12902.9 400086 0.0268624
12903.3 400085 0.0269749
12903.7 400085 0.0270875
12904.1 400085 0.0272001
12904.5 400085 0.0273127
12904.8 400085 0.0274253
12905.2 400085 0.0275379
12905.5 400084 0.0276505
12905.9 400084 0.0277631
12906.2 400084 0.0278757
12906.6 400084 0.0279883
12906.9 400084 0.0281009
12907.2 400083 0.0282135
12907.5 400083 0.0283262
12907.9 400083 0.0284388
12908.2 400083 0.0285514
12908.5 400082 0.028664
12908.8 400082 0.0287766
12909 400082 0.0288893
12909.3 400082 0.0290019
12909.6 400081 0.0291145
12909.9 400081 0.0292271
12910.2 400081 0.0293397
12910.4 400081 0.0294523
12910.7 400080 0.0295649
12910.9 400080 0.0296775
12911.2 400080 0.0297901
12911.4 400080 0.0299027
12911.7 400079 0.0300152
12911.9 400079 0.0301278
12912.2 400079 0.0302404
12912.4 400078 0.0303529
12912.6 400078 0.0304655
12912.9 400078 0.0305781
12913.1 400077 0.0306906
12913.3 400077 0.0308031
12913.5 400077 0.0309157
12913.7 400076 0.0310282
12913.9 400076 0.0311407
12914.1 400076 0.0312532
12914.3 400075 0.0313657
12914.5 400075 0.0314782
12914.7 400075 0.0315907
12914.9 400074 0.0317032
12915.1 400074 0.0318157
12915.3 400074 0.0319281
12915.5 400073 0.0320406
12915.7 400073 0.032153
12915.9 400073 0.0322655
12916 400072 0.0323779
12916.2 400072 0.0324903
12916.4 400071 0.0326028
12916.6 400071 0.0327152
12916.7 400071 0.0328276
12916.9 400070 0.03294
12917 400070 0.0330523
12917.2 400069 0.0331647
12917.4 400069 0.0332771
12917.5 400068 0.0333894
12917.7 400068 0.0335018
12917.8 400068 0.0336141
12918 400067 0.0337265
12918.1 400067 0.0338388
12918.2 400066 0.0339511
12918.4 400066 0.0340634
12918.5 400065 0.0341757
12918.7 400065 0.034288
12918.8 400064 0.0344003
12918.9 400064 0.0345125
12919.1 400063 0.0346248
12919.3 400063 0.034737
12919.6 400063 0.0348492
12920.2 400062 0.0349612
12921.1 400062 0.0350732
12922.2 400061 0.035185
12923.4 400061 0.0352968
12924.8 400060 0.0354086
12926.3 400060 0.0355203
12927.9 400059 0.0356319
12929.8 400058 0.0357434
12931.8 400058 0.0358548
12933.7 400057 0.0359663
12935.7 400057 0.0360777
12937.6 400056 0.0361892
12939.6 400056 0.0363006
12941.8 400055 0.0364119
12944.1 400055 0.0365231
12946.6 400054 0.0366343
12949.3 400054 0.0367454
12951.9 400053 0.0368565
12954.5 400052 0.0369675
12957.1 400052 0.0370786
12959.7 400051 0.0371896
12962.3 400051 0.0373007
12964.9 400050 0.0374117
12967.5 400050 0.0375227
12970.2 400049 0.0376336
12973 400048 0.0377445
12976 400048 0.0378554
12979.1 400047 0.0379661
12982.4 400047 0.0380767
12985.6 400046 0.0381874
12988.8 400045 0.0382981
12992 400045 0.0384088
12995.2 400044 0.0385195
12998.4 400043 0.0386302
13001.6 400043 0.0387408
13004.8 400042 0.0388515
13008 400042 0.0389621
13011.2 400041 0.0390727
13014.4 400040 0.0391833
13017.6 400040 0.0392939
13020.9 400039 0.0394044
13024.2 400038 0.0395149
13027.7 400038 0.0396253
13031.3 400037 0.0397356
13035 400036 0.0398459
13038.8 400036 0.0399561
13042.5 400035 0.0400663
13046.3 400034 0.0401765
13050 400034 0.0402867
13053.7 400033 0.0403968
13057.5 400032 0.040507
13061.2 400031 0.0406171
13064.9 400031 0.0407272
13068.7 400030 0.0408373
13072.4 400029 0.0409473
13076.1 400029 0.0410574
13079.8 400028 0.0411674
13083.5 400027 0.0412774
13087.2 400026 0.0413874
13090.9 400026 0.0414974
13094.6 400025 0.0416073
13098.4 400024 0.0417172
13102.2 400023 0.0418271
13106.1 400023 0.0419369
13110 400022 0.0420466
13114.2 400021 0.0421563
13118.4 400020 0.0422659
13122.6 400020 0.0423754
13126.8 400019 0.0424849
13130.9 400018 0.0425944
13135.1 400017 0.0427039
13139.3 400017 0.0428134
13143.5 400016 0.0429228
13147.6 400015 0.0430322
13151.8 400014 0.0431416
13155.9 400013 0.043251
13160.1 400013 0.0433603
13164.3 400012 0.0434697
13168.4 400011 0.043579
13172.5 400010 0.0436882
13176.7 400009 0.0437975
13180.8 400008 0.0439067
13185 400008 0.0440159
13189.1 400007 0.0441251
13193.2 400006 0.0442342
13197.4 400005 0.0443433
13201.5 400004 0.0444524
13205.6 400003 0.0445615
13209.7 400003 0.0446705
13213.9 400017 0.0447796
13218.1 400064 0.0448885
13222.4 400145 0.0449974
13226.7 400258 0.0451062
13231.2 400430 0.0452149
13235.7 400647 0.0453235
13240.2 400864 0.0454321
13244.8 401081 0.0455407
13249.3 401298 0.0456492
13253.8 401514 0.0457577
13258.3 401731 0.0458662
13262.8 401948 0.0459746
13267.3 402164 0.046083
13271.8 402380 0.0461914
13276.3 402597 0.0462997
13280.8 402813 0.046408
13285.3 403029 0.0465163
13289.8 403245 0.0466246
13294.3 403461 0.0467328
13298.7 403677 0.046841
13303.2 403892 0.0469491
13307.7 404108 0.0470573
13312.2 404323 0.0471654
13316.6 404539 0.0472734
13321.1 404754 0.0473814
13325.5 404969 0.0474894
13330 405184 0.0475974
13334.4 405399 0.0477053
13338.9 405614 0.0478132
13343.3 405829 0.0479211
13347.7 406044 0.048029
13352.2 406258 0.0481368
13356.6 406473 0.0482445
13361 406687 0.0483523
13365.5 406901 0.04846
13369.9 407115 0.0485677
13374.3 407330 0.0486753
13378.8 407544 0.0487829
13383.3 407757 0.0488904
13387.9 407971 0.0489979
13392.5 408184 0.0491053
13397.2 408398 0.0492126
13402 408610 0.0493197
13406.7 408823 0.0494269
13411.5 409036 0.0495339
13416.2 409249 0.049641
13420.9 409461 0.049748
13425.7 409674 0.049855
13430.4 409886 0.049962
13435.1 410098 0.0500689
13439.8 410310 0.0501758
13444.5 410522 0.0502826
13449.3 410734 0.0503894
13454 410946 0.0504962
13458.7 411158 0.0506029
13463.4 411369 0.0507096
13468.1 411581 0.0508163
13472.8 411792 0.0509229
13477.4 412003 0.0510295
13482.1 412215 0.0511361
13486.8 412426 0.0512427
13491.5 412637 0.0513491
13496.2 412848 0.0514556
13500.8 413058 0.051562
13505.5 413269 0.0516684
13510.1 413480 0.0517748
13514.8 413690 0.0518811
13519.5 413901 0.0519874
13524.1 414111 0.0520937
13528.8 414321 0.0521999
13533.4 414531 0.0523061
13538 414741 0.0524123
13542.7 414951 0.0525184
13547.3 415161 0.0526245
13551.9 415371 0.0527305
13556.6 415580 0.0528365
13561.2 415790 0.0529425
13565.8 415999 0.0530485
13570.4 416209 0.0531544
13575 416418 0.0532603
13579.6 416627 0.0533662
13584.2 416836 0.053472
13588.8 417045 0.0535778
13593.4 417254 0.0536835
13598 417463 0.0537893
13602.7 417672 0.053895
13607.4 417880 0.0540007
13612.1 418089 0.0541063
13616.8 418297 0.0542118
13621.6 418505 0.0543173
13410.3 413818 0.0542862
13470.1 418568 0.0543492
13494.5 418721 0.054427
