0 -453.597 -2.26119e-06
634.56 18455.7 9.2015e-05
1173.57 38265 0.000190807
1709.92 58063.3 0.000289573
2243.81 77821.7 0.00038817
2775.24 97533 0.00048656
3304.22 117196 0.00058474
3830.74 136807 0.00068269
4354.77 156364 0.000780398
4876.15 175864 0.000877868
5394.56 195306 0.000975106
5909.16 214684 0.00107214
6418.2 233987 0.00116902
6918.36 253191 0.00126587
7403.99 272253 0.00136288
7866.83 291071 0.00146033
8297.18 309459 0.00155859
8686.59 327077 0.00165802
9030.8 343407 0.00175881
9330.49 357833 0.00186104
9590.04 369815 0.00196463
9815.21 379123 0.00206939
10011.7 385917 0.00217516
10184.8 390638 0.00228179
10338.5 393812 0.00238922
10475.8 395914 0.00249791
10599.4 397289 0.00260746
10711.4 398188 0.00271784
10812.7 398779 0.00282898
10905.5 399169 0.00294057
10991.1 399429 0.00305256
11070.4 399605 0.00316492
11143.9 399725 0.00327769
11212.1 399808 0.00339098
11276 399865 0.00350456
11335.9 399906 0.00361839
11392.3 399936 0.00373246
11445.5 399957 0.00384673
11495.9 399973 0.00396119
11543.8 399984 0.00407583
11589.3 399993 0.00419062
11632.4 400000 0.00430566
11673.3 400005 0.00442096
11712.4 400009 0.0045364
11749.8 400012 0.00465195
11785.6 400015 0.00476761
11820.1 400017 0.00488336
11853.2 400019 0.00499921
11885.1 400021 0.00511513
11915.6 400023 0.00523097
11945 400024 0.00534678
11972.9 400025 0.00546313
11999.8 400026 0.00557958
12025.7 400027 0.00569608
12050.7 400028 0.00581261
12074.7 400029 0.0059291
12097.7 400030 0.00604584
12119.8 400031 0.00616311
12141.1 400032 0.0062804
12161.8 400033 0.00639771
12181.9 400034 0.00651503
12201.4 400035 0.00663237
12220.3 400035 0.00674971
12238.6 400036 0.00686706
12256.3 400037 0.00698441
12273.3 400038 0.00710201
12289.7 400039 0.00721974
12305.5 400039 0.00733748
12320.9 400040 0.0074552
12335.7 400041 0.00757321
12349.8 400042 0.00769201
12363.5 400042 0.00781081
12376.5 400043 0.0079293
12388.8 400044 0.00804775
12400.7 400044 0.00816618
12412.4 400045 0.00828459
12423.7 400046 0.00840297
12434.7 400047 0.00852132
12445.5 400047 0.00863965
12455.9 400048 0.00875795
12466.1 400049 0.00887622
12476 400049 0.00899447
12485.7 400050 0.00911269
12495.1 400051 0.00923089
12504.3 400051 0.00934907
12513.2 400052 0.00946722
12521.8 400052 0.00958536
12530.3 400053 0.00970348
12538.4 400054 0.00982158
12546.4 400054 0.00993967
12554.2 400055 0.0100577
12561.7 400056 0.0101758
12569 400056 0.0102938
12576.2 400057 0.0104118
12583.1 400057 0.0105298
12589.9 400058 0.0106478
12596.5 400059 0.0107658
12603 400059 0.0108837
12609.3 400060 0.0110016
12615.5 400060 0.0111195
12621.6 400061 0.0112374
12627.5 400061 0.0113553
12633.3 400062 0.0114731
12638.9 400062 0.0115908
12644.3 400063 0.0117083
12649.5 400063 0.0118258
12654.6 400064 0.0119434
12659.6 400064 0.0120615
12664.4 400065 0.0121796
12669.2 400065 0.0122977
12673.9 400066 0.0124157
12678.6 400066 0.0125337
12683.1 400067 0.0126517
12687.6 400067 0.0127696
12692 400068 0.0128875
12696.3 400068 0.0130054
12700.6 400069 0.0131233
12704.8 400069 0.0132411
12708.9 400070 0.0133589
12713 400070 0.0134767
12717 400071 0.0135945
12720.9 400071 0.0137122
12724.7 400072 0.0138299
12728.5 400072 0.0139476
12732.1 400072 0.0140656
12735.7 400073 0.0141839
12739.2 400073 0.0143022
12742.7 400074 0.0144205
12746 400074 0.0145387
12749.3 400074 0.014657
12752.5 400075 0.0147755
12755.5 400075 0.0148953
12758.3 400076 0.0150153
12761.2 400076 0.0151353
12763.9 400076 0.0152554
12766.6 400077 0.0153754
12769.2 400077 0.0154955
12771.7 400077 0.0156157
12774.1 400078 0.0157363
12776.4 400078 0.0158568
12778.6 400078 0.0159774
12780.8 400079 0.016098
12783 400079 0.0162186
12785.1 400079 0.0163392
12787.2 400080 0.0164598
12789.2 400080 0.0165805
12791.2 400080 0.0167012
12793.2 400081 0.0168218
12795.1 400081 0.0169425
12797 400081 0.0170632
12798.8 400081 0.0171839
12800.6 400082 0.0173046
12802.4 400082 0.0174253
12804.2 400082 0.017546
12805.9 400083 0.0176667
12807.7 400083 0.0177874
12809.4 400083 0.017908
12811 400083 0.0180287
12812.7 400084 0.0181493
12814.3 400084 0.01827
12815.9 400084 0.0183906
12817.5 400084 0.0185112
12819.1 400084 0.0186318
12820.7 400085 0.0187524
12822.2 400085 0.018873
12823.7 400085 0.0189936
12825.2 400085 0.0191141
12826.7 400085 0.0192346
12828.2 400086 0.0193551
12829.7 400086 0.0194756
12831.1 400086 0.0195961
12832.6 400086 0.0197165
12834 400086 0.0198369
12835.4 400086 0.0199574
12836.8 400087 0.0200777
12838.2 400087 0.0201981
12839.5 400087 0.0203185
12840.9 400087 0.0204388
12842.2 400087 0.0205591
12843.6 400087 0.0206794
12844.9 400087 0.0207997
12846.2 400087 0.02092
12847.5 400087 0.0210402
12848.7 400088 0.0211604
12850 400088 0.0212807
12851.3 400088 0.0214009
12852.5 400088 0.021521
12853.7 400088 0.0216412
12855 400088 0.0217613
12856.2 400088 0.0218815
12857.4 400088 0.0220016
12858.5 400088 0.0221217
12859.7 400088 0.0222418
12860.9 400088 0.0223619
12862 400088 0.022482
12863.1 400088 0.0226021
12864.3 400088 0.0227221
12865.4 400088 0.0228422
12866.4 400088 0.0229622
12867.5 400088 0.0230823
12868.6 400088 0.0232023
12869.6 400088 0.0233223
12870.7 400088 0.0234424
12871.7 400088 0.0235624
12872.7 400088 0.0236824
12873.7 400088 0.0238024
12874.7 400088 0.0239224
12875.7 400088 0.0240424
12876.6 400088 0.0241624
12877.5 400088 0.0242825
12878.5 400088 0.0244025
12879.4 400088 0.0245225
12880.3 400088 0.0246425
12881.2 400088 0.0247626
12882 400088 0.0248826
12882.9 400088 0.0250026
12883.7 400088 0.0251227
12884.6 400087 0.0252427
12885.4 400087 0.0253628
12886.2 400087 0.0254829
12886.9 400087 0.025603
12887.7 400087 0.0257231
12888.5 400087 0.0258432
12889.2 400087 0.0259633
12889.9 400087 0.0260835
12890.6 400086 0.0262036
12891.3 400086 0.0263238
12892 400086 0.0264439
12892.7 400086 0.0265641
12893.3 400086 0.0266843
12894 400086 0.0268046
12894.6 400086 0.0269248
12895.2 400085 0.027045
12895.8 400085 0.0271653
12896.4 400085 0.0272856
12897 400085 0.0274059
12897.6 400085 0.0275262
12898.1 400084 0.0276465
12898.7 400084 0.0277668
12899.2 400084 0.0278872
12899.8 400084 0.0280075
12900.3 400084 0.0281279
12900.7 400083 0.0282484
12901.2 400083 0.028369
12901.6 400083 0.0284896
12902 400083 0.0286101
12902.5 400082 0.0287307
12902.9 400082 0.0288513
12903.3 400082 0.0289719
12903.7 400082 0.0290925
12904.1 400081 0.0292131
12904.5 400081 0.0293338
12904.8 400081 0.0294544
12905.2 400080 0.029575
12905.5 400080 0.0296957
12905.9 400080 0.0298163
12906.2 400080 0.029937
12906.6 400079 0.0300576
12906.9 400079 0.0301782
12907.2 400079 0.0302989
12907.5 400078 0.0304195
12907.9 400078 0.0305402
12908.2 400078 0.0306608
12908.5 400077 0.0307815
12908.8 400077 0.0309021
12909 400077 0.0310228
12909.3 400076 0.0311434
12909.6 400076 0.0312641
12909.9 400075 0.0313847
12910.2 400075 0.0315053
12910.4 400075 0.031626
12910.7 400074 0.0317466
12910.9 400074 0.0318672
12911.2 400073 0.0319879
12911.4 400073 0.0321085
12911.7 400073 0.0322291
12911.9 400072 0.0323497
12912.2 400072 0.0324703
12912.4 400071 0.0325909
12912.6 400071 0.0327115
12912.9 400071 0.032832
12913.1 400070 0.0329526
12913.3 400070 0.0330732
12913.5 400069 0.0331937
12913.7 400069 0.0333143
12913.9 400068 0.0334348
12914.1 400068 0.0335554
12914.3 400067 0.0336759
12914.5 400067 0.0337964
12914.7 400066 0.033917
12914.9 400066 0.0340375
12915.1 400065 0.034158
12915.3 400065 0.0342785
12915.5 400064 0.034399
12915.7 400064 0.0345194
12915.9 400063 0.0346399
12916 400063 0.0347604
12916.2 400062 0.0348808
12916.4 400062 0.0350013
12916.6 400061 0.0351217
12916.7 400061 0.0352421
12916.9 400060 0.0353626
12917 400060 0.035483
12917.2 400059 0.0356034
12917.4 400059 0.0357238
12917.5 400058 0.0358442
12917.7 400057 0.0359646
12917.8 400057 0.0360849
12918 400056 0.0362053
12918.1 400056 0.0363256
12918.2 400055 0.036446
12918.4 400054 0.0365663
12918.5 400054 0.0366867
12918.7 400053 0.036807
12918.8 400053 0.0369273
12918.9 400052 0.0370476
12919.1 400051 0.0371679
12919.3 400051 0.0372881
12919.6 400050 0.0374083
12920.2 400050 0.0375284
12921.1 400049 0.0376484
12922.2 400048 0.0377683
12923.4 400048 0.0378882
12924.8 400047 0.0380079
12926.3 400046 0.0381277
12927.9 400046 0.0382473
12929.8 400045 0.0383669
12931.8 400044 0.0384864
12933.7 400044 0.0386059
12935.7 400043 0.0387254
12937.6 400042 0.0388448
12939.6 400042 0.0389643
12941.8 400041 0.0390836
12944.1 400040 0.039203
12946.6 400039 0.0393222
12949.3 400039 0.0394413
12951.9 400038 0.0395605
12954.5 400037 0.0396796
12957.1 400037 0.0397987
12959.7 400036 0.0399178
12962.3 400035 0.0400369
12964.9 400034 0.040156
12967.5 400034 0.040275
12970.2 400033 0.040394
12973 400032 0.040513
12976 400031 0.0406318
12979.1 400031 0.0407506
12982.4 400030 0.0408694
12985.6 400029 0.0409881
12988.8 400028 0.0411068
12992 400027 0.0412256
12995.2 400027 0.0413443
12998.4 400026 0.041463
13001.6 400025 0.0415817
13004.8 400024 0.0417004
13008 400023 0.0418191
13011.2 400023 0.0419377
13014.4 400022 0.0420564
13017.6 400021 0.042175
13020.9 400020 0.0422936
13024.2 400019 0.0424121
13027.7 400019 0.0425306
13031.3 400018 0.042649
13035 400017 0.0427673
13038.8 400016 0.0428856
13042.5 400015 0.0430038
13046.3 400014 0.0431221
13050 400013 0.0432403
13053.7 400013 0.0433585
13057.5 400012 0.0434767
13061.2 400011 0.0435949
13064.9 400010 0.043713
13068.7 400009 0.0438312
13072.4 400008 0.0439493
13076.1 400007 0.0440674
13079.8 400006 0.0441855
13083.5 400005 0.0443036
13087.2 400005 0.0444216
13090.9 400004 0.0445396
13094.6 400003 0.0446576
13098.4 400016 0.0447756
13102.2 400067 0.0448935
13106.1 400158 0.0450114
13110 400287 0.0451292
13114.2 400494 0.0452469
13118.4 400729 0.0453645
13122.6 400964 0.0454821
13126.8 401199 0.0455997
13130.9 401434 0.0457173
13135.1 401669 0.0458349
13139.3 401903 0.0459524
13143.5 402138 0.0460699
13147.6 402373 0.0461874
13151.8 402607 0.0463048
13155.9 402841 0.0464223
13160.1 403076 0.0465397
13164.3 403310 0.0466571
13168.4 403544 0.0467744
13172.5 403778 0.0468918
13176.7 404012 0.0470091
13180.8 404246 0.0471264
13185 404479 0.0472436
13189.1 404713 0.0473609
13193.2 404947 0.0474781
13197.4 405180 0.0475953
13201.5 405413 0.0477124
13205.6 405647 0.0478296
13209.7 405880 0.0479467
13213.9 406113 0.0480638
13218.1 406346 0.0481808
13222.4 406578 0.0482977
13226.7 406811 0.0484146
13231.2 407043 0.0485314
13235.7 407275 0.0486481
13240.2 407507 0.0487648
13244.8 407739 0.0488814
13249.3 407971 0.048998
13253.8 408203 0.0491146
13258.3 408434 0.0492311
13262.8 408666 0.0493476
13267.3 408897 0.0494641
13271.8 409129 0.0495806
13276.3 409360 0.049697
13280.8 409591 0.0498134
13285.3 409822 0.0499298
13289.8 410053 0.0500461
13294.3 410284 0.0501624
13298.7 410514 0.0502787
13303.2 410745 0.0503949
13307.7 410976 0.0505111
13312.2 411206 0.0506273
13316.6 411436 0.0507435
13321.1 411667 0.0508596
13325.5 411897 0.0509757
13330 412127 0.0510917
13334.4 412357 0.0512077
13338.9 412586 0.0513237
13343.3 412816 0.0514397
13347.7 413046 0.0515556
13352.2 413275 0.0516715
13356.6 413505 0.0517874
13361 413734 0.0519032
13365.5 413963 0.052019
13369.9 414192 0.0521348
13374.3 414421 0.0522505
13378.8 414650 0.0523662
13383.3 414879 0.0524818
13387.9 415107 0.0525974
13392.5 415336 0.0527128
13397.2 415564 0.0528282
13402 415792 0.0529435
13406.7 416019 0.0530587
13411.5 416247 0.0531739
13416.2 416475 0.0532891
13420.9 416702 0.0534042
13425.7 416929 0.0535193
13430.4 417157 0.0536343
13435.1 417384 0.0537493
13439.8 417611 0.0538643
13444.5 417838 0.0539793
13449.3 418065 0.0540942
13454 418291 0.0542091
13458.7 418518 0.0543239
13463.4 418745 0.0544387
13468.1 418971 0.0545535
13472.8 419197 0.0546682
13477.4 419424 0.0547829
13482.1 419650 0.0548976
13486.8 419876 0.0550123
13491.5 420102 0.0551269
13496.2 420328 0.0552414
13500.8 420553 0.055356
13505.5 420779 0.0554705
13510.1 421004 0.0555849
13514.8 421230 0.0556994
13519.5 421455 0.0558138
13524.1 421680 0.0559281
13528.8 421906 0.0560425
13533.4 422131 0.0561568
13538 422356 0.056271
13542.7 422580 0.0563853
13547.3 422805 0.0564995
13551.9 423030 0.0566137
13556.6 423254 0.0567278
13561.2 423479 0.0568419
13565.8 423703 0.056956
13570.4 423928 0.05707
13575 424152 0.057184
13579.6 424376 0.057298
13584.2 424600 0.0574119
13588.8 424824 0.0575258
13593.4 425048 0.0576397
13598 425271 0.0577535
13602.7 425495 0.0578674
13607.4 425719 0.0579811
13612.1 425942 0.0580948
13616.8 426165 0.0582084
13621.6 426388 0.0583221
13410.3 422976 0.0582992
13470.1 426483 0.0583704
13494.5 426652 0.0584564
