0 -453.597 -2.26119e-06
634.56 19868.9 9.9062e-05
1173.57 41093.1 0.000204913
1709.92 62304.9 0.000310737
2243.81 83476.2 0.000416392
2775.24 104599 0.00052184
3304.22 125673 0.000627076
3830.74 146694 0.000732081
4354.77 167658 0.000836845
4876.15 188563 0.000941371
5394.56 209400 0.00104567
5909.16 230153 0.00114975
6418.2 250785 0.00125369
6918.36 271221 0.00135759
7403.99 291325 0.00146166
7866.83 310841 0.00156617
8297.18 329361 0.00167149
8686.59 346291 0.00177797
9030.8 360950 0.00188581
9330.49 372810 0.00199511
9590.04 381731 0.00210576
9815.21 388019 0.0022176
10011.7 392240 0.00233046
10184.8 394987 0.00244418
10338.5 396750 0.00255871
10475.8 397880 0.00267444
10599.4 398604 0.00279102
10711.4 399072 0.00290841
10812.7 399378 0.00302658
10905.5 399579 0.00314521
10991.1 399713 0.00326424
11070.4 399803 0.00338363
11143.9 399865 0.00350342
11212.1 399908 0.00362375
11276 399938 0.00374435
11335.9 399960 0.00386521
11392.3 399975 0.0039863
11445.5 399987 0.00410759
11495.9 399995 0.00422908
11543.8 400002 0.00435073
11589.3 400007 0.00447255
11632.4 400011 0.00459461
11673.3 400014 0.00471695
11712.4 400017 0.00483941
11749.8 400019 0.00496199
11785.6 400021 0.00508468
11820.1 400022 0.00520746
11853.2 400024 0.00533033
11885.1 400025 0.00545329
11915.6 400026 0.0055762
11945 400027 0.00569909
11972.9 400029 0.00582252
11999.8 400030 0.00594605
12025.7 400031 0.00606962
12050.7 400031 0.00619323
12074.7 400032 0.00631684
12097.7 400033 0.00644069
12119.8 400034 0.00656502
12141.1 400035 0.00668938
12161.8 400036 0.00681376
12181.9 400037 0.00693816
12201.4 400038 0.00706257
12220.3 400038 0.00718698
12238.6 400039 0.0073114
12256.3 400040 0.00743582
12273.3 400041 0.00756049
12289.7 400042 0.00768528
12305.5 400042 0.00781008
12320.9 400043 0.00793487
12335.7 400044 0.00805991
12349.8 400045 0.00818567
12363.5 400045 0.00831144
12376.5 400046 0.00843698
12388.8 400047 0.00856254
12400.7 400047 0.00868808
12412.4 400048 0.0088136
12423.7 400049 0.00893909
12434.7 400050 0.00906456
12445.5 400050 0.00918999
12455.9 400051 0.00931541
12466.1 400052 0.00944079
12476 400052 0.00956615
12485.7 400053 0.00969149
12495.1 400054 0.0098168
12504.3 400054 0.0099421
12513.2 400055 0.0100674
12521.8 400056 0.0101926
12530.3 400056 0.0103179
12538.4 400057 0.0104431
12546.4 400058 0.0105683
12554.2 400058 0.0106935
12561.7 400059 0.0108187
12569 400059 0.0109438
12576.2 400060 0.011069
12583.1 400061 0.0111941
12589.9 400061 0.0113192
12596.5 400062 0.0114443
12603 400062 0.0115693
12609.3 400063 0.0116944
12615.5 400063 0.0118194
12621.6 400064 0.0119444
12627.5 400065 0.0120694
12633.3 400065 0.0121943
12638.9 400066 0.0123192
12644.3 400066 0.012444
12649.5 400067 0.0125687
12654.6 400067 0.0126935
12659.6 400068 0.0128188
12664.4 400068 0.0129441
12669.2 400069 0.0130694
12673.9 400069 0.0131946
12678.6 400070 0.0133198
12683.1 400070 0.013445
12687.6 400071 0.0135702
12692 400071 0.0136953
12696.3 400071 0.0138204
12700.6 400072 0.0139454
12704.8 400072 0.0140705
12708.9 400073 0.0141955
12713 400073 0.0143205
12717 400074 0.0144454
12720.9 400074 0.0145704
12724.7 400075 0.0146953
12728.5 400075 0.0148202
12732.1 400075 0.0149454
12735.7 400076 0.0150708
12739.2 400076 0.0151963
12742.7 400077 0.0153218
12746 400077 0.0154472
12749.3 400077 0.0155726
12752.5 400078 0.0156983
12755.5 400078 0.0158251
12758.3 400078 0.0159522
12761.2 400079 0.0160792
12763.9 400079 0.0162063
12766.6 400079 0.0163334
12769.2 400080 0.0164605
12771.7 400080 0.0165878
12774.1 400080 0.0167153
12776.4 400081 0.0168429
12778.6 400081 0.0169705
12780.8 400081 0.0170982
12783 400082 0.0172258
12785.1 400082 0.0173535
12787.2 400082 0.0174812
12789.2 400082 0.0176089
12791.2 400083 0.0177366
12793.2 400083 0.0178643
12795.1 400083 0.017992
12797 400083 0.0181197
12798.8 400084 0.0182474
12800.6 400084 0.0183752
12802.4 400084 0.0185029
12804.2 400084 0.0186306
12805.9 400085 0.0187583
12807.7 400085 0.018886
12809.4 400085 0.0190137
12811 400085 0.0191414
12812.7 400085 0.0192691
12814.3 400086 0.0193967
12815.9 400086 0.0195244
12817.5 400086 0.019652
12819.1 400086 0.0197796
12820.7 400086 0.0199072
12822.2 400086 0.0200348
12823.7 400087 0.0201624
12825.2 400087 0.02029
12826.7 400087 0.0204175
12828.2 400087 0.020545
12829.7 400087 0.0206725
12831.1 400087 0.0208
12832.6 400087 0.0209275
12834 400087 0.0210549
12835.4 400088 0.0211824
12836.8 400088 0.0213098
12838.2 400088 0.0214372
12839.5 400088 0.0215646
12840.9 400088 0.0216919
12842.2 400088 0.0218193
12843.6 400088 0.0219466
12844.9 400088 0.0220739
12846.2 400088 0.0222012
12847.5 400088 0.0223284
12848.7 400088 0.0224557
12850 400088 0.0225829
12851.3 400088 0.0227101
12852.5 400088 0.0228374
12853.7 400088 0.0229645
12855 400088 0.0230917
12856.2 400088 0.0232189
12857.4 400088 0.023346
12858.5 400088 0.0234732
12859.7 400088 0.0236003
12860.9 400088 0.0237274
12862 400088 0.0238545
12863.1 400088 0.0239816
12864.3 400088 0.0241087
12865.4 400088 0.0242358
12866.4 400088 0.0243629
12867.5 400088 0.0244899
12868.6 400088 0.024617
12869.6 400088 0.024744
12870.7 400088 0.0248711
12871.7 400088 0.0249981
12872.7 400088 0.0251252
12873.7 400087 0.0252522
12874.7 400087 0.0253793
12875.7 400087 0.0255063
12876.6 400087 0.0256333
12877.5 400087 0.0257604
12878.5 400087 0.0258874
12879.4 400087 0.0260145
12880.3 400087 0.0261415
12881.2 400086 0.0262686
12882 400086 0.0263956
12882.9 400086 0.0265227
12883.7 400086 0.0266498
12884.6 400086 0.0267769
12885.4 400086 0.026904
12886.2 400085 0.0270311
12886.9 400085 0.0271582
12887.7 400085 0.0272853
12888.5 400085 0.0274124
12889.2 400085 0.0275396
12889.9 400084 0.0276667
12890.6 400084 0.0277939
12891.3 400084 0.0279211
12892 400084 0.0280483
12892.7 400083 0.0281755
12893.3 400083 0.0283027
12894 400083 0.02843
12894.6 400083 0.0285572
12895.2 400082 0.0286845
12895.8 400082 0.0288118
12896.4 400082 0.0289391
12897 400082 0.0290664
12897.6 400081 0.0291937
12898.1 400081 0.029321
12898.7 400081 0.0294483
12899.2 400080 0.0295757
12899.8 400080 0.029703
12900.3 400080 0.0298304
12900.7 400079 0.029958
12901.2 400079 0.0300856
12901.6 400079 0.0302132
12902 400078 0.0303409
12902.5 400078 0.0304685
12902.9 400078 0.0305961
12903.3 400077 0.0307238
12903.7 400077 0.0308514
12904.1 400077 0.0309791
12904.5 400076 0.0311068
12904.8 400076 0.0312344
12905.2 400075 0.0313621
12905.5 400075 0.0314898
12905.9 400075 0.0316175
12906.2 400074 0.0317452
12906.6 400074 0.0318728
12906.9 400073 0.0320005
12907.2 400073 0.0321282
12907.5 400073 0.0322559
12907.9 400072 0.0323836
12908.2 400072 0.0325113
12908.5 400071 0.032639
12908.8 400071 0.0327667
12909 400070 0.0328943
12909.3 400070 0.033022
12909.6 400069 0.0331497
12909.9 400069 0.0332774
12910.2 400068 0.033405
12910.4 400068 0.0335327
12910.7 400067 0.0336604
12910.9 400067 0.033788
12911.2 400066 0.0339157
12911.4 400066 0.0340434
12911.7 400065 0.034171
12911.9 400065 0.0342986
12912.2 400064 0.0344263
12912.4 400064 0.0345539
12912.6 400063 0.0346815
12912.9 400063 0.0348092
12913.1 400062 0.0349368
12913.3 400062 0.0350644
12913.5 400061 0.035192
12913.7 400060 0.0353196
12913.9 400060 0.0354471
12914.1 400059 0.0355747
12914.3 400059 0.0357023
12914.5 400058 0.0358299
12914.7 400057 0.0359574
12914.9 400057 0.036085
12915.1 400056 0.0362125
12915.3 400056 0.03634
12915.5 400055 0.0364676
12915.7 400054 0.0365951
12915.9 400054 0.0367226
12916 400053 0.0368501
12916.2 400052 0.0369776
12916.4 400052 0.0371051
12916.6 400051 0.0372326
12916.7 400050 0.03736
12916.9 400050 0.0374875
12917 400049 0.0376149
12917.2 400048 0.0377424
12917.4 400048 0.0378698
12917.5 400047 0.0379973
12917.7 400046 0.0381247
12917.8 400046 0.0382521
12918 400045 0.0383795
12918.1 400044 0.0385069
12918.2 400043 0.0386343
12918.4 400043 0.0387617
12918.5 400042 0.038889
12918.7 400041 0.0390164
12918.8 400040 0.0391437
12918.9 400040 0.0392711
12919.1 400039 0.0393984
12919.3 400038 0.0395257
12919.6 400037 0.039653
12920.2 400037 0.0397801
12921.1 400036 0.0399071
12922.2 400035 0.0400341
12923.4 400034 0.040161
12924.8 400034 0.0402878
12926.3 400033 0.0404146
12927.9 400032 0.0405413
12929.8 400031 0.0406679
12931.8 400030 0.0407945
12933.7 400029 0.040921
12935.7 400029 0.0410476
12937.6 400028 0.0411741
12939.6 400027 0.0413006
12941.8 400026 0.041427
12944.1 400025 0.0415534
12946.6 400024 0.0416797
12949.3 400024 0.0418059
12951.9 400023 0.0419321
12954.5 400022 0.0420583
12957.1 400021 0.0421845
12959.7 400020 0.0423106
12962.3 400019 0.0424368
12964.9 400018 0.0425629
12967.5 400017 0.042689
12970.2 400017 0.0428151
12973 400016 0.0429411
12976 400015 0.0430671
12979.1 400014 0.0431929
12982.4 400013 0.0433187
12985.6 400012 0.0434445
12988.8 400011 0.0435704
12992 400010 0.0436962
12995.2 400009 0.043822
12998.4 400008 0.0439477
13001.6 400007 0.0440735
13004.8 400006 0.0441992
13008 400005 0.044325
13011.2 400004 0.0444507
13014.4 400003 0.0445764
13017.6 400003 0.0447021
13020.9 400034 0.0448277
13024.2 400108 0.0449533
13027.7 400227 0.0450788
13031.3 400390 0.0452043
13035 400659 0.0453297
13038.8 400910 0.045455
13042.5 401160 0.0455803
13046.3 401411 0.0457057
13050 401661 0.0458309
13053.7 401911 0.0459562
13057.5 402161 0.0460815
13061.2 402411 0.0462067
13064.9 402661 0.046332
13068.7 402911 0.0464572
13072.4 403161 0.0465824
13076.1 403410 0.0467075
13079.8 403660 0.0468327
13083.5 403910 0.0469578
13087.2 404159 0.0470829
13090.9 404408 0.047208
13094.6 404658 0.0473331
13098.4 404907 0.0474582
13102.2 405156 0.0475832
13106.1 405405 0.0477081
13110 405653 0.047833
13114.2 405902 0.0479577
13118.4 406150 0.0480824
13122.6 406398 0.0482071
13126.8 406646 0.0483318
13130.9 406894 0.0484564
13135.1 407142 0.0485811
13139.3 407390 0.0487057
13143.5 407638 0.0488303
13147.6 407885 0.0489548
13151.8 408133 0.0490794
13155.9 408380 0.0492039
13160.1 408628 0.0493284
13164.3 408875 0.0494528
13168.4 409122 0.0495773
13172.5 409369 0.0497017
13176.7 409616 0.0498261
13180.8 409863 0.0499505
13185 410110 0.0500748
13189.1 410357 0.0501991
13193.2 410603 0.0503234
13197.4 410850 0.0504477
13201.5 411096 0.0505719
13205.6 411343 0.0506962
13209.7 411589 0.0508204
13213.9 411835 0.0509445
13218.1 412081 0.0510686
13222.4 412327 0.0511927
13226.7 412572 0.0513166
13231.2 412818 0.0514405
13235.7 413063 0.0515643
13240.2 413308 0.0516881
13244.8 413553 0.0518118
13249.3 413798 0.0519355
13253.8 414043 0.0520592
13258.3 414287 0.0521828
13262.8 414532 0.0523064
13267.3 414776 0.05243
13271.8 415021 0.0525535
13276.3 415265 0.0526771
13280.8 415509 0.0528006
13285.3 415753 0.052924
13289.8 415997 0.0530475
13294.3 416241 0.0531709
13298.7 416485 0.0532942
13303.2 416729 0.0534176
13307.7 416972 0.0535409
13312.2 417216 0.0536642
13316.6 417459 0.0537874
13321.1 417702 0.0539106
13325.5 417946 0.0540338
13330 418189 0.054157
13334.4 418432 0.0542801
13338.9 418675 0.0544032
13343.3 418917 0.0545263
13347.7 419160 0.0546493
13352.2 419403 0.0547723
13356.6 419645 0.0548953
13361 419887 0.0550182
13365.5 420130 0.0551411
13369.9 420372 0.055264
13374.3 420614 0.0553868
13378.8 420856 0.0555096
13383.3 421098 0.0556324
13387.9 421339 0.055755
13392.5 421581 0.0558776
13397.2 421822 0.0560001
13402 422063 0.0561225
13406.7 422304 0.0562448
13411.5 422545 0.0563671
13416.2 422785 0.0564894
13420.9 423026 0.0566116
13425.7 423266 0.0567338
13430.4 423507 0.056856
13435.1 423747 0.0569781
13439.8 423987 0.0571002
13444.5 424227 0.0572223
13449.3 424467 0.0573443
13454 424707 0.0574663
13458.7 424947 0.0575883
13463.4 425186 0.0577102
13468.1 425426 0.0578321
13472.8 425665 0.057954
13477.4 425905 0.0580758
13482.1 426144 0.0581976
13486.8 426383 0.0583194
13491.5 426622 0.0584411
13496.2 426861 0.0585628
13500.8 427100 0.0586845
13505.5 427339 0.0588061
13510.1 427577 0.0589277
13514.8 427816 0.0590493
13519.5 428054 0.0591708
13524.1 428293 0.0592923
13528.8 428531 0.0594138
13533.4 428769 0.0595352
13538 429007 0.0596566
13542.7 429245 0.059778
13547.3 429483 0.0598993
13551.9 429721 0.0600206
13556.6 429959 0.0601419
13561.2 430196 0.0602631
13565.8 430434 0.0603843
13570.4 430671 0.0605055
13575 430909 0.0606266
13579.6 431146 0.0607477
13584.2 431383 0.0608688
13588.8 431620 0.0609898
13593.4 431857 0.0611108
13598 432094 0.0612318
13602.7 432331 0.0613528
13607.4 432568 0.0614736
13612.1 432804 0.0615945
13616.8 433041 0.0617152
13621.6 433277 0.0618359
13410.3 430974 0.0618204
13470.1 433400 0.0618988
13494.5 433582 0.061992
