0 -453.597 -2.26119e-06
634.56 21059.3 0.000104998
1173.57 43475.8 0.000216799
1709.92 65878.8 0.00032857
2243.81 88240.8 0.000440174
2775.24 110553 0.000551569
3304.22 132816 0.000662751
3830.74 155024 0.000773702
4354.77 177173 0.000884412
4876.15 199258 0.000994883
5394.56 221262 0.00110512
5909.16 243151 0.00121516
6418.2 264848 0.00132504
6918.36 286203 0.00143489
7403.99 306945 0.0015449
7866.83 326622 0.00165536
8297.18 344593 0.00176662
8686.59 360114 0.00187905
9030.8 372595 0.00199284
9330.49 381888 0.00210808
9590.04 388340 0.00222469
9815.21 392592 0.00234249
10011.7 395305 0.00246134
10184.8 397010 0.00258106
10338.5 398079 0.00270157
10475.8 398754 0.00282324
10599.4 399183 0.00294573
10711.4 399459 0.00306901
10812.7 399639 0.00319311
10905.5 399757 0.00331766
10991.1 399836 0.00344261
11070.4 399890 0.00356792
11143.9 399927 0.00369363
11212.1 399953 0.00381987
11276 399971 0.00394639
11335.9 399984 0.00407316
11392.3 399994 0.00420016
11445.5 400001 0.00432736
11495.9 400006 0.00445475
11543.8 400010 0.00458232
11589.3 400014 0.00471004
11632.4 400017 0.00483801
11673.3 400019 0.00496627
11712.4 400021 0.00509465
11749.8 400022 0.00522314
11785.6 400024 0.00535175
11820.1 400025 0.00548045
11853.2 400027 0.00560923
11885.1 400028 0.0057381
11915.6 400029 0.00586697
11945 400030 0.00599586
11972.9 400031 0.00612525
11999.8 400032 0.00625474
12025.7 400033 0.00638428
12050.7 400034 0.00651387
12074.7 400035 0.0066435
12097.7 400036 0.00677334
12119.8 400036 0.00690364
12141.1 400037 0.00703396
12161.8 400038 0.0071643
12181.9 400039 0.00729466
12201.4 400040 0.00742503
12220.3 400041 0.0075554
12238.6 400042 0.00768578
12256.3 400042 0.00781617
12273.3 400043 0.00794679
12289.7 400044 0.00807754
12305.5 400045 0.00820829
12320.9 400045 0.00833903
12335.7 400046 0.00847
12349.8 400047 0.00860161
12363.5 400048 0.00873322
12376.5 400048 0.0088647
12388.8 400049 0.00899627
12400.7 400050 0.00912781
12412.4 400051 0.00925934
12423.7 400051 0.00939083
12434.7 400052 0.00952231
12445.5 400053 0.00965375
12455.9 400054 0.00978517
12466.1 400054 0.00991657
12476 400055 0.0100479
12485.7 400056 0.0101793
12495.1 400056 0.0103106
12504.3 400057 0.0104419
12513.2 400058 0.0105732
12521.8 400058 0.0107045
12530.3 400059 0.0108357
12538.4 400059 0.010967
12546.4 400060 0.0110982
12554.2 400061 0.0112294
12561.7 400061 0.0113606
12569 400062 0.0114918
12576.2 400063 0.0116229
12583.1 400063 0.0117541
12589.9 400064 0.0118852
12596.5 400064 0.0120163
12603 400065 0.0121474
12609.3 400065 0.0122785
12615.5 400066 0.0124095
12621.6 400067 0.0125405
12627.5 400067 0.0126715
12633.3 400068 0.0128025
12638.9 400068 0.0129335
12644.3 400069 0.0130644
12649.5 400069 0.0131953
12654.6 400070 0.0133262
12659.6 400070 0.0134577
12664.4 400071 0.0135891
12669.2 400071 0.0137204
12673.9 400072 0.0138517
12678.6 400072 0.0139831
12683.1 400073 0.0141143
12687.6 400073 0.0142456
12692 400073 0.0143768
12696.3 400074 0.014508
12700.6 400074 0.0146392
12704.8 400075 0.0147703
12708.9 400075 0.0149015
12713 400076 0.0150326
12717 400076 0.0151637
12720.9 400076 0.0152947
12724.7 400077 0.0154258
12728.5 400077 0.0155568
12732.1 400078 0.0156881
12735.7 400078 0.0158196
12739.2 400078 0.0159511
12742.7 400079 0.0160826
12746 400079 0.0162141
12749.3 400079 0.0163456
12752.5 400080 0.0164773
12755.5 400080 0.0166101
12758.3 400080 0.0167431
12761.2 400081 0.016876
12763.9 400081 0.017009
12766.6 400081 0.017142
12769.2 400082 0.0172751
12771.7 400082 0.0174083
12774.1 400082 0.0175418
12776.4 400083 0.0176753
12778.6 400083 0.0178089
12780.8 400083 0.0179424
12783 400083 0.018076
12785.1 400084 0.0182096
12787.2 400084 0.0183432
12789.2 400084 0.0184768
12791.2 400084 0.0186105
12793.2 400085 0.0187441
12795.1 400085 0.0188777
12797 400085 0.0190114
12798.8 400085 0.019145
12800.6 400085 0.0192786
12802.4 400086 0.0194123
12804.2 400086 0.0195459
12805.9 400086 0.0196795
12807.7 400086 0.0198131
12809.4 400086 0.0199467
12811 400087 0.0200803
12812.7 400087 0.0202139
12814.3 400087 0.0203475
12815.9 400087 0.020481
12817.5 400087 0.0206146
12819.1 400087 0.0207481
12820.7 400087 0.0208816
12822.2 400087 0.0210151
12823.7 400088 0.0211486
12825.2 400088 0.0212821
12826.7 400088 0.0214155
12828.2 400088 0.0215489
12829.7 400088 0.0216824
12831.1 400088 0.0218158
12832.6 400088 0.0219491
12834 400088 0.0220825
12835.4 400088 0.0222158
12836.8 400088 0.0223491
12838.2 400088 0.0224824
12839.5 400088 0.0226157
12840.9 400088 0.022749
12842.2 400088 0.0228822
12843.6 400088 0.0230155
12844.9 400088 0.0231487
12846.2 400088 0.0232819
12847.5 400088 0.0234151
12848.7 400088 0.0235482
12850 400088 0.0236814
12851.3 400088 0.0238145
12852.5 400088 0.0239476
12853.7 400088 0.0240807
12855 400088 0.0242138
12856.2 400088 0.0243469
12857.4 400088 0.0244799
12858.5 400088 0.024613
12859.7 400088 0.024746
12860.9 400088 0.0248791
12862 400088 0.0250121
12863.1 400088 0.0251451
12864.3 400087 0.0252781
12865.4 400087 0.0254111
12866.4 400087 0.0255441
12867.5 400087 0.025677
12868.6 400087 0.02581
12869.6 400087 0.025943
12870.7 400087 0.026076
12871.7 400086 0.0262089
12872.7 400086 0.0263419
12873.7 400086 0.0264748
12874.7 400086 0.0266078
12875.7 400086 0.0267407
12876.6 400086 0.0268737
12877.5 400085 0.0270066
12878.5 400085 0.0271396
12879.4 400085 0.0272726
12880.3 400085 0.0274055
12881.2 400085 0.0275385
12882 400084 0.0276715
12882.9 400084 0.0278045
12883.7 400084 0.0279374
12884.6 400084 0.0280704
12885.4 400083 0.0282034
12886.2 400083 0.0283365
12886.9 400083 0.0284695
12887.7 400083 0.0286025
12888.5 400082 0.0287356
12889.2 400082 0.0288686
12889.9 400082 0.0290017
12890.6 400081 0.0291348
12891.3 400081 0.0292679
12892 400081 0.029401
12892.7 400081 0.0295341
12893.3 400080 0.0296672
12894 400080 0.0298003
12894.6 400080 0.0299335
12895.2 400079 0.0300667
12895.8 400079 0.0301998
12896.4 400078 0.030333
12897 400078 0.0304662
12897.6 400078 0.0305994
12898.1 400077 0.0307327
12898.7 400077 0.0308659
12899.2 400077 0.0309991
12899.8 400076 0.0311324
12900.3 400076 0.0312657
12900.7 400075 0.0313992
12901.2 400075 0.0315327
12901.6 400075 0.0316663
12902 400074 0.0317998
12902.5 400074 0.0319334
12902.9 400073 0.032067
12903.3 400073 0.0322006
12903.7 400072 0.0323341
12904.1 400072 0.0324677
12904.5 400071 0.0326013
12904.8 400071 0.0327349
12905.2 400070 0.0328685
12905.5 400070 0.0330021
12905.9 400069 0.0331358
12906.2 400069 0.0332694
12906.6 400068 0.033403
12906.9 400068 0.0335366
12907.2 400067 0.0336702
12907.5 400067 0.0338038
12907.9 400066 0.0339375
12908.2 400066 0.0340711
12908.5 400065 0.0342047
12908.8 400065 0.0343383
12909 400064 0.0344719
12909.3 400064 0.0346055
12909.6 400063 0.0347391
12909.9 400062 0.0348727
12910.2 400062 0.0350063
12910.4 400061 0.0351399
12910.7 400061 0.0352735
12910.9 400060 0.0354071
12911.2 400059 0.0355407
12911.4 400059 0.0356743
12911.7 400058 0.0358078
12911.9 400058 0.0359414
12912.2 400057 0.036075
12912.4 400056 0.0362085
12912.6 400056 0.0363421
12912.9 400055 0.0364756
12913.1 400054 0.0366091
12913.3 400054 0.0367427
12913.5 400053 0.0368762
12913.7 400052 0.0370097
12913.9 400052 0.0371432
12914.1 400051 0.0372767
12914.3 400050 0.0374102
12914.5 400049 0.0375437
12914.7 400049 0.0376772
12914.9 400048 0.0378107
12915.1 400047 0.0379442
12915.3 400047 0.0380776
12915.5 400046 0.0382111
12915.7 400045 0.0383445
12915.9 400044 0.0384779
12916 400044 0.0386114
12916.2 400043 0.0387448
12916.4 400042 0.0388782
12916.6 400041 0.0390116
12916.7 400040 0.039145
12916.9 400040 0.0392784
12917 400039 0.0394118
12917.2 400038 0.0395452
12917.4 400037 0.0396785
12917.5 400036 0.0398119
12917.7 400036 0.0399452
12917.8 400035 0.0400786
12918 400034 0.0402119
12918.1 400033 0.0403452
12918.2 400032 0.0404785
12918.4 400031 0.0406119
12918.5 400031 0.0407452
12918.7 400030 0.0408784
12918.8 400029 0.0410117
12918.9 400028 0.041145
12919.1 400027 0.0412783
12919.3 400026 0.0414115
12919.6 400025 0.0415447
12920.2 400024 0.0416777
12921.1 400024 0.0418107
12922.2 400023 0.0419436
12923.4 400022 0.0420764
12924.8 400021 0.0422092
12926.3 400020 0.0423419
12927.9 400019 0.0424746
12929.8 400018 0.0426071
12931.8 400017 0.0427396
12933.7 400016 0.0428721
12935.7 400015 0.0430046
12937.6 400014 0.0431371
12939.6 400013 0.0432696
12941.8 400012 0.043402
12944.1 400011 0.0435343
12946.6 400010 0.0436665
12949.3 400009 0.0437987
12951.9 400008 0.0439308
12954.5 400007 0.044063
12957.1 400006 0.0441951
12959.7 400005 0.0443272
12962.3 400004 0.0444594
12964.9 400003 0.0445915
12967.5 400005 0.0447235
12970.2 400046 0.0448556
12973 400136 0.0449875
12976 400275 0.0451195
12979.1 400502 0.0452513
12982.4 400766 0.0453831
12985.6 401029 0.0455148
12988.8 401292 0.0456466
12992 401556 0.0457783
12995.2 401819 0.0459101
12998.4 402082 0.0460418
13001.6 402345 0.0461735
13004.8 402608 0.0463052
13008 402871 0.0464369
13011.2 403133 0.0465686
13014.4 403396 0.0467002
13017.6 403658 0.0468319
13020.9 403921 0.0469635
13024.2 404183 0.047095
13027.7 404445 0.0472265
13031.3 404707 0.0473579
13035 404969 0.0474892
13038.8 405230 0.0476205
13042.5 405492 0.0477518
13046.3 405753 0.0478831
13050 406014 0.0480143
13053.7 406276 0.0481456
13057.5 406537 0.0482768
13061.2 406798 0.048408
13064.9 407059 0.0485392
13068.7 407320 0.0486703
13072.4 407580 0.0488015
13076.1 407841 0.0489326
13079.8 408102 0.0490637
13083.5 408362 0.0491948
13087.2 408623 0.0493259
13090.9 408883 0.049457
13094.6 409143 0.049588
13098.4 409404 0.049719
13102.2 409664 0.04985
13106.1 409923 0.0499809
13110 410183 0.0501117
13114.2 410443 0.0502424
13118.4 410702 0.0503731
13122.6 410961 0.0505038
13126.8 411220 0.0506344
13130.9 411479 0.050765
13135.1 411738 0.0508956
13139.3 411997 0.0510262
13143.5 412256 0.0511568
13147.6 412514 0.0512873
13151.8 412773 0.0514178
13155.9 413031 0.0515483
13160.1 413290 0.0516787
13164.3 413548 0.0518092
13168.4 413806 0.0519396
13172.5 414064 0.05207
13176.7 414322 0.0522004
13180.8 414580 0.0523307
13185 414838 0.052461
13189.1 415095 0.0525913
13193.2 415353 0.0527216
13197.4 415611 0.0528519
13201.5 415868 0.0529821
13205.6 416125 0.0531123
13209.7 416383 0.0532425
13213.9 416640 0.0533726
13218.1 416897 0.0535027
13222.4 417154 0.0536327
13226.7 417410 0.0537627
13231.2 417667 0.0538925
13235.7 417923 0.0540223
13240.2 418179 0.054152
13244.8 418435 0.0542817
13249.3 418691 0.0544114
13253.8 418947 0.0545411
13258.3 419202 0.0546707
13262.8 419458 0.0548003
13267.3 419713 0.0549299
13271.8 419969 0.0550594
13276.3 420224 0.0551889
13280.8 420479 0.0553184
13285.3 420734 0.0554479
13289.8 420989 0.0555773
13294.3 421244 0.0557067
13298.7 421499 0.0558361
13303.2 421754 0.0559654
13307.7 422008 0.0560947
13312.2 422263 0.056224
13316.6 422517 0.0563532
13321.1 422772 0.0564825
13325.5 423026 0.0566116
13330 423280 0.0567408
13334.4 423534 0.0568699
13338.9 423788 0.056999
13343.3 424042 0.0571281
13347.7 424296 0.0572571
13352.2 424549 0.0573861
13356.6 424803 0.0575151
13361 425056 0.057644
13365.5 425310 0.0577729
13369.9 425563 0.0579018
13374.3 425816 0.0580307
13378.8 426069 0.0581595
13383.3 426322 0.0582882
13387.9 426574 0.0584169
13392.5 426827 0.0585454
13397.2 427079 0.0586739
13402 427331 0.0588023
13406.7 427583 0.0589307
13411.5 427835 0.059059
13416.2 428087 0.0591873
13420.9 428338 0.0593155
13425.7 428590 0.0594438
13430.4 428841 0.0595719
13435.1 429093 0.0597001
13439.8 429344 0.0598282
13444.5 429595 0.0599563
13449.3 429846 0.0600844
13454 430097 0.0602124
13458.7 430348 0.0603404
13463.4 430599 0.0604683
13468.1 430849 0.0605962
13472.8 431100 0.0607241
13477.4 431350 0.060852
13482.1 431601 0.0609798
13486.8 431851 0.0611076
13491.5 432101 0.0612353
13496.2 432351 0.0613631
13500.8 432601 0.0614907
13505.5 432851 0.0616184
13510.1 433101 0.061746
13514.8 433351 0.0618736
13519.5 433600 0.0620012
13524.1 433850 0.0621287
13528.8 434099 0.0622562
13533.4 434348 0.0623836
13538 434598 0.0625111
13542.7 434847 0.0626385
13547.3 435096 0.0627658
13551.9 435345 0.0628931
13556.6 435594 0.0630204
13561.2 435843 0.0631477
13565.8 436091 0.0632749
13570.4 436340 0.0634021
13575 436588 0.0635293
13579.6 436837 0.0636564
13584.2 437085 0.0637835
13588.8 437333 0.0639106
13593.4 437582 0.0640376
13598 437830 0.0641646
13602.7 438078 0.0642916
13607.4 438326 0.0644185
13612.1 438573 0.0645454
13616.8 438821 0.0646721
13621.6 439068 0.0647989
13410.3 437697 0.0647896
13470.1 439215 0.0648741
13494.5 439409 0.0649734
