0 -453.597 -2.26119e-06
634.56 22006.5 0.000109721
1173.57 45372.6 0.000226261
1709.92 68724 0.000342768
2243.81 92033.9 0.000459109
2775.24 115294 0.000575239
3304.22 138502 0.000691156
3830.74 161655 0.00080684
4354.77 184747 0.000922285
4876.15 207768 0.00103749
5394.56 230693 0.00115246
5909.16 253462 0.00126723
6418.2 275949 0.00138185
6918.36 297913 0.00149644
7403.99 318931 0.00161118
7866.83 338354 0.00172637
8297.18 355382 0.00184237
8686.59 369291 0.00195953
9030.8 379772 0.00207805
9330.49 387090 0.00219803
9590.04 391901 0.00231938
9815.21 394944 0.00244194
10011.7 396832 0.00256557
10184.8 397997 0.00269007
10338.5 398719 0.00281537
10475.8 399172 0.00294176
10599.4 399459 0.00306894
10711.4 399643 0.00319689
10812.7 399763 0.0033257
10905.5 399843 0.00345496
10991.1 399896 0.00358463
11070.4 399932 0.00371465
11143.9 399957 0.00384506
11212.1 399974 0.003976
11276 399987 0.00410722
11335.9 399996 0.00423869
11392.3 400003 0.00437038
11445.5 400008 0.00450228
11495.9 400012 0.00463436
11543.8 400015 0.00476662
11589.3 400018 0.00489904
11632.4 400020 0.0050317
11673.3 400022 0.00516466
11712.4 400023 0.00529774
11749.8 400025 0.00543094
11785.6 400026 0.00556425
11820.1 400027 0.00569765
11853.2 400029 0.00583114
11885.1 400030 0.00596471
11915.6 400031 0.00609833
11945 400032 0.00623199
11972.9 400033 0.00636614
11999.8 400034 0.00650038
12025.7 400035 0.00663468
12050.7 400036 0.00676903
12074.7 400036 0.00690348
12097.7 400037 0.00703812
12119.8 400038 0.00717316
12141.1 400039 0.00730823
12161.8 400040 0.00744332
12181.9 400041 0.00757843
12201.4 400042 0.00771355
12220.3 400043 0.00784868
12238.6 400043 0.00798381
12256.3 400044 0.00811895
12273.3 400045 0.00825432
12289.7 400046 0.00838981
12305.5 400047 0.0085253
12320.9 400047 0.00866079
12335.7 400048 0.00879646
12349.8 400049 0.0089327
12363.5 400050 0.00906893
12376.5 400050 0.00920515
12388.8 400051 0.00934151
12400.7 400052 0.00947785
12412.4 400053 0.00961417
12423.7 400053 0.00975047
12434.7 400054 0.00988674
12445.5 400055 0.010023
12455.9 400055 0.0101592
12466.1 400056 0.0102954
12476 400057 0.0104316
12485.7 400058 0.0105677
12495.1 400058 0.0107039
12504.3 400059 0.01084
12513.2 400060 0.0109761
12521.8 400060 0.0111122
12530.3 400061 0.0112482
12538.4 400061 0.0113843
12546.4 400062 0.0115203
12554.2 400063 0.0116563
12561.7 400063 0.0117923
12569 400064 0.0119283
12576.2 400064 0.0120643
12583.1 400065 0.0122003
12589.9 400066 0.0123362
12596.5 400066 0.0124721
12603 400067 0.012608
12609.3 400067 0.0127439
12615.5 400068 0.0128798
12621.6 400068 0.0130156
12627.5 400069 0.0131514
12633.3 400069 0.0132872
12638.9 400070 0.0134231
12644.3 400071 0.0135589
12649.5 400071 0.0136948
12654.6 400072 0.0138307
12659.6 400072 0.013967
12664.4 400073 0.0141033
12669.2 400073 0.0142396
12673.9 400073 0.0143758
12678.6 400074 0.014512
12683.1 400074 0.0146482
12687.6 400075 0.0147844
12692 400075 0.0149205
12696.3 400076 0.0150566
12700.6 400076 0.0151927
12704.8 400077 0.0153288
12708.9 400077 0.0154648
12713 400077 0.0156008
12717 400078 0.0157368
12720.9 400078 0.0158728
12724.7 400078 0.0160088
12728.5 400079 0.0161448
12732.1 400079 0.0162809
12735.7 400080 0.0164173
12739.2 400080 0.0165537
12742.7 400080 0.01669
12746 400081 0.0168264
12749.3 400081 0.0169628
12752.5 400081 0.0170993
12755.5 400082 0.0172368
12758.3 400082 0.0173745
12761.2 400082 0.0175122
12763.9 400083 0.0176499
12766.6 400083 0.0177876
12769.2 400083 0.0179253
12771.7 400083 0.0180632
12774.1 400084 0.0182015
12776.4 400084 0.0183397
12778.6 400084 0.018478
12780.8 400084 0.0186163
12783 400085 0.0187546
12785.1 400085 0.0188929
12787.2 400085 0.0190312
12789.2 400085 0.0191695
12791.2 400085 0.0193079
12793.2 400086 0.0194462
12795.1 400086 0.0195846
12797 400086 0.0197229
12798.8 400086 0.0198612
12800.6 400086 0.0199996
12802.4 400087 0.0201379
12804.2 400087 0.0202762
12805.9 400087 0.0204145
12807.7 400087 0.0205529
12809.4 400087 0.0206912
12811 400087 0.0208294
12812.7 400087 0.0209677
12814.3 400088 0.021106
12815.9 400088 0.0212442
12817.5 400088 0.0213825
12819.1 400088 0.0215207
12820.7 400088 0.0216589
12822.2 400088 0.0217971
12823.7 400088 0.0219353
12825.2 400088 0.0220734
12826.7 400088 0.0222116
12828.2 400088 0.0223497
12829.7 400088 0.0224878
12831.1 400088 0.0226259
12832.6 400088 0.0227639
12834 400088 0.022902
12835.4 400088 0.02304
12836.8 400088 0.023178
12838.2 400088 0.023316
12839.5 400088 0.023454
12840.9 400088 0.023592
12842.2 400088 0.0237299
12843.6 400088 0.0238678
12844.9 400088 0.0240057
12846.2 400088 0.0241436
12847.5 400088 0.0242815
12848.7 400088 0.0244193
12850 400088 0.0245572
12851.3 400088 0.024695
12852.5 400088 0.0248328
12853.7 400088 0.0249706
12855 400088 0.0251084
12856.2 400087 0.0252462
12857.4 400087 0.0253839
12858.5 400087 0.0255217
12859.7 400087 0.0256594
12860.9 400087 0.0257972
12862 400087 0.0259349
12863.1 400087 0.0260726
12864.3 400086 0.0262103
12865.4 400086 0.026348
12866.4 400086 0.0264857
12867.5 400086 0.0266233
12868.6 400086 0.026761
12869.6 400086 0.0268987
12870.7 400085 0.0270363
12871.7 400085 0.027174
12872.7 400085 0.0273117
12873.7 400085 0.0274493
12874.7 400085 0.027587
12875.7 400084 0.0277246
12876.6 400084 0.0278623
12877.5 400084 0.0279999
12878.5 400084 0.0281376
12879.4 400083 0.0282752
12880.3 400083 0.0284129
12881.2 400083 0.0285506
12882 400082 0.0286883
12882.9 400082 0.0288259
12883.7 400082 0.0289636
12884.6 400082 0.0291013
12885.4 400081 0.029239
12886.2 400081 0.0293767
12886.9 400081 0.0295145
12887.7 400080 0.0296522
12888.5 400080 0.0297899
12889.2 400080 0.0299277
12889.9 400079 0.0300654
12890.6 400079 0.0302032
12891.3 400078 0.030341
12892 400078 0.0304788
12892.7 400078 0.0306166
12893.3 400077 0.0307544
12894 400077 0.0308922
12894.6 400076 0.0310301
12895.2 400076 0.0311679
12895.8 400076 0.0313058
12896.4 400075 0.0314437
12897 400075 0.0315815
12897.6 400074 0.0317194
12898.1 400074 0.0318573
12898.7 400073 0.0319952
12899.2 400073 0.0321332
12899.8 400073 0.0322711
12900.3 400072 0.032409
12900.7 400072 0.0325473
12901.2 400071 0.0326856
12901.6 400071 0.0328238
12902 400070 0.0329621
12902.5 400070 0.0331004
12902.9 400069 0.0332387
12903.3 400069 0.033377
12903.7 400068 0.0335153
12904.1 400067 0.0336536
12904.5 400067 0.0337919
12904.8 400066 0.0339302
12905.2 400066 0.0340686
12905.5 400065 0.0342069
12905.9 400065 0.0343452
12906.2 400064 0.0344835
12906.6 400063 0.0346219
12906.9 400063 0.0347602
12907.2 400062 0.0348985
12907.5 400062 0.0350369
12907.9 400061 0.0351752
12908.2 400060 0.0353135
12908.5 400060 0.0354519
12908.8 400059 0.0355902
12909 400059 0.0357285
12909.3 400058 0.0358668
12909.6 400057 0.0360051
12909.9 400057 0.0361435
12910.2 400056 0.0362818
12910.4 400055 0.0364201
12910.7 400055 0.0365584
12910.9 400054 0.0366967
12911.2 400053 0.036835
12911.4 400052 0.0369733
12911.7 400052 0.0371116
12911.9 400051 0.0372498
12912.2 400050 0.0373881
12912.4 400050 0.0375264
12912.6 400049 0.0376646
12912.9 400048 0.0378029
12913.1 400047 0.0379411
12913.3 400047 0.0380794
12913.5 400046 0.0382176
12913.7 400045 0.0383559
12913.9 400044 0.0384941
12914.1 400043 0.0386323
12914.3 400043 0.0387705
12914.5 400042 0.0389087
12914.7 400041 0.0390469
12914.9 400040 0.0391851
12915.1 400039 0.0393233
12915.3 400039 0.0394615
12915.5 400038 0.0395996
12915.7 400037 0.0397378
12915.9 400036 0.0398759
12916 400035 0.0400141
12916.2 400034 0.0401522
12916.4 400034 0.0402903
12916.6 400033 0.0404285
12916.7 400032 0.0405666
12916.9 400031 0.0407047
12917 400030 0.0408428
12917.2 400029 0.0409809
12917.4 400028 0.0411189
12917.5 400027 0.041257
12917.7 400026 0.0413951
12917.8 400025 0.0415331
12918 400024 0.0416712
12918.1 400024 0.0418092
12918.2 400023 0.0419472
12918.4 400022 0.0420853
12918.5 400021 0.0422233
12918.7 400020 0.0423613
12918.8 400019 0.0424993
12918.9 400018 0.0426373
12919.1 400017 0.0427753
12919.3 400016 0.0429132
12919.6 400015 0.0430511
12920.2 400014 0.0431889
12921.1 400013 0.0433266
12922.2 400012 0.0434642
12923.4 400011 0.0436018
12924.8 400010 0.0437393
12926.3 400009 0.0438767
12927.9 400008 0.0440141
12929.8 400007 0.0441514
12931.8 400006 0.0442886
12933.7 400004 0.0444259
12935.7 400003 0.0445631
12937.6 400003 0.0447003
12939.6 400038 0.0448375
12941.8 400125 0.0449746
12944.1 400265 0.0451117
12946.6 400497 0.0452487
12949.3 400771 0.0453856
12951.9 401045 0.0455225
12954.5 401318 0.0456594
12957.1 401592 0.0457963
12959.7 401865 0.0459331
12962.3 402138 0.04607
12964.9 402411 0.0462069
12967.5 402685 0.0463437
12970.2 402957 0.0464805
12973 403230 0.0466172
12976 403503 0.0467539
12979.1 403775 0.0468904
12982.4 404047 0.047027
12985.6 404320 0.0471635
12988.8 404592 0.0473
12992 404864 0.0474365
12995.2 405136 0.047573
12998.4 405407 0.0477094
13001.6 405679 0.0478459
13004.8 405951 0.0479823
13008 406222 0.0481187
13011.2 406494 0.0482552
13014.4 406765 0.0483915
13017.6 407036 0.0485279
13020.9 407308 0.0486643
13024.2 407579 0.0488005
13027.7 407849 0.0489368
13031.3 408120 0.0490729
13035 408390 0.049209
13038.8 408661 0.049345
13042.5 408931 0.0494811
13046.3 409201 0.0496171
13050 409471 0.0497531
13053.7 409741 0.0498891
13057.5 410011 0.050025
13061.2 410281 0.050161
13064.9 410551 0.0502969
13068.7 410820 0.0504328
13072.4 411090 0.0505687
13076.1 411359 0.0507046
13079.8 411629 0.0508405
13083.5 411898 0.0509763
13087.2 412167 0.0511122
13090.9 412436 0.051248
13094.6 412705 0.0513838
13098.4 412974 0.0515195
13102.2 413243 0.0516552
13106.1 413512 0.0517909
13110 413780 0.0519265
13114.2 414048 0.052062
13118.4 414316 0.0521974
13122.6 414584 0.0523328
13126.8 414852 0.0524682
13130.9 415120 0.0526036
13135.1 415387 0.0527389
13139.3 415655 0.0528743
13143.5 415922 0.0530096
13147.6 416190 0.0531449
13151.8 416457 0.0532801
13155.9 416724 0.0534154
13160.1 416991 0.0535506
13164.3 417258 0.0536858
13168.4 417525 0.053821
13172.5 417792 0.0539562
13176.7 418059 0.0540913
13180.8 418326 0.0542264
13185 418592 0.0543615
13189.1 418859 0.0544966
13193.2 419125 0.0546316
13197.4 419391 0.0547666
13201.5 419658 0.0549016
13205.6 419924 0.0550366
13209.7 420190 0.0551715
13213.9 420456 0.0553064
13218.1 420721 0.0554413
13222.4 420987 0.0555761
13226.7 421252 0.0557108
13231.2 421518 0.0558454
13235.7 421783 0.05598
13240.2 422047 0.0561145
13244.8 422312 0.056249
13249.3 422577 0.0563835
13253.8 422841 0.0565179
13258.3 423106 0.0566523
13262.8 423370 0.0567867
13267.3 423635 0.056921
13271.8 423899 0.0570554
13276.3 424163 0.0571897
13280.8 424427 0.0573239
13285.3 424691 0.0574582
13289.8 424955 0.0575924
13294.3 425218 0.0577266
13298.7 425482 0.0578607
13303.2 425745 0.0579948
13307.7 426009 0.0581289
13312.2 426272 0.058263
13316.6 426535 0.058397
13321.1 426799 0.058531
13325.5 427062 0.058665
13330 427325 0.058799
13334.4 427587 0.0589329
13338.9 427850 0.0590668
13343.3 428113 0.0592006
13347.7 428375 0.0593345
13352.2 428638 0.0594683
13356.6 428900 0.059602
13361 429163 0.0597358
13365.5 429425 0.0598695
13369.9 429687 0.0600031
13374.3 429949 0.0601368
13378.8 430211 0.0602704
13383.3 430472 0.0604039
13387.9 430734 0.0605373
13392.5 430995 0.0606707
13397.2 431256 0.060804
13402 431517 0.0609372
13406.7 431778 0.0610704
13411.5 432039 0.0612035
13416.2 432299 0.0613366
13420.9 432560 0.0614697
13425.7 432820 0.0616027
13430.4 433081 0.0617357
13435.1 433341 0.0618687
13439.8 433601 0.0620016
13444.5 433861 0.0621345
13449.3 434121 0.0622673
13454 434381 0.0624002
13458.7 434641 0.062533
13463.4 434900 0.0626657
13468.1 435160 0.0627985
13472.8 435419 0.0629312
13477.4 435679 0.0630638
13482.1 435938 0.0631965
13486.8 436197 0.0633291
13491.5 436456 0.0634617
13496.2 436715 0.0635942
13500.8 436974 0.0637267
13505.5 437233 0.0638592
13510.1 437492 0.0639916
13514.8 437750 0.064124
13519.5 438009 0.0642564
13524.1 438267 0.0643887
13528.8 438526 0.0645211
13533.4 438784 0.0646533
13538 439042 0.0647856
13542.7 439300 0.0649178
13547.3 439558 0.06505
13551.9 439816 0.0651821
13556.6 440074 0.0653142
13561.2 440332 0.0654463
13565.8 440590 0.0655784
13570.4 440847 0.0657104
13575 441105 0.0658424
13579.6 441362 0.0659744
13584.2 441620 0.0661063
13588.8 441877 0.0662382
13593.4 442134 0.06637
13598 442391 0.0665019
13602.7 442648 0.0666337
13607.4 442905 0.0667654
13612.1 443162 0.0668971
13616.8 443418 0.0670286
13621.6 443675 0.0671602
13410.3 443049 0.0671559
13470.1 443841 0.0672454
13494.5 444044 0.0673496
