0 6.18867e-13
634.56 8.852e-05
1173.57 0.00017704
1709.92 0.00026556
2243.81 0.00035408
2775.24 0.0004426
3304.22 0.00053112
3830.74 0.00061964
4354.77 0.00070816
4876.15 0.00079668
5394.56 0.0008852
5909.16 0.00097372
6418.2 0.00106224
6918.36 0.00115076
7403.99 0.00123928
7866.83 0.0013278
8297.18 0.00141632
8686.59 0.00150484
9030.8 0.00159336
9330.49 0.00168188
9590.04 0.0017704
9815.21 0.00185892
10011.7 0.00194744
10184.8 0.00203596
10338.5 0.00212448
10475.8 0.002213
10599.4 0.00230152
10711.4 0.00239004
10812.7 0.00247856
10905.5 0.00256708
10991.1 0.0026556
11070.4 0.00274412
11143.9 0.00283264
11212.1 0.00292116
11276 0.00300968
11335.9 0.0030982
11392.3 0.00318672
11445.5 0.00327524
11495.9 0.00336376
11543.8 0.00345228
11589.3 0.0035408
11632.4 0.00362932
11673.3 0.00371784
11712.4 0.00380636
11749.8 0.00389488
11785.6 0.0039834
11820.1 0.00407192
11853.2 0.00416044
11885.1 0.00424896
11915.6 0.00433748
11945 0.004426
11972.9 0.00451452
11999.8 0.00460304
12025.7 0.00469156
12050.7 0.00478008
12074.7 0.0048686
12097.7 0.00495712
12119.8 0.00504564
12141.1 0.00513416
12161.8 0.00522268
12181.9 0.0053112
12201.4 0.00539972
12220.3 0.00548824
12238.6 0.00557676
12256.3 0.00566528
12273.3 0.0057538
12289.7 0.00584232
12305.5 0.00593084
12320.9 0.00601936
12335.7 0.00610788
12349.8 0.0061964
12363.5 0.00628492
12376.5 0.00637344
12388.8 0.00646196
12400.7 0.00655048
12412.4 0.006639
12423.7 0.00672752
12434.7 0.00681604
12445.5 0.00690456
12455.9 0.00699308
12466.1 0.0070816
12476 0.00717012
12485.7 0.00725864
12495.1 0.00734716
12504.3 0.00743568
12513.2 0.0075242
12521.8 0.00761272
12530.3 0.00770124
12538.4 0.00778976
12546.4 0.00787828
12554.2 0.0079668
12561.7 0.00805532
12569 0.00814384
12576.2 0.00823236
12583.1 0.00832088
12589.9 0.0084094
12596.5 0.00849792
12603 0.00858644
12609.3 0.00867496
12615.5 0.00876348
12621.6 0.008852
12627.5 0.00894052
12633.3 0.00902904
12638.9 0.00911756
12644.3 0.00920608
12649.5 0.0092946
12654.6 0.00938312
12659.6 0.00947164
12664.4 0.00956016
12669.2 0.00964868
12673.9 0.0097372
12678.6 0.00982572
12683.1 0.00991424
12687.6 0.0100028
12692 0.0100913
12696.3 0.0101798
12700.6 0.0102683
12704.8 0.0103568
12708.9 0.0104454
12713 0.0105339
12717 0.0106224
12720.9 0.0107109
12724.7 0.0107994
12728.5 0.010888
12732.1 0.0109765
12735.7 0.011065
12739.2 0.0111535
12742.7 0.011242
12746 0.0113306
12749.3 0.0114191
12752.5 0.0115076
12755.5 0.0115961
12758.3 0.0116846
12761.2 0.0117732
12763.9 0.0118617
12766.6 0.0119502
12769.2 0.0120387
12771.7 0.0121272
12774.1 0.0122158
12776.4 0.0123043
12778.6 0.0123928
12780.8 0.0124813
12783 0.0125698
12785.1 0.0126584
12787.2 0.0127469
12789.2 0.0128354
12791.2 0.0129239
12793.2 0.0130124
12795.1 0.013101
12797 0.0131895
12798.8 0.013278
12800.6 0.0133665
12802.4 0.013455
12804.2 0.0135436
12805.9 0.0136321
12807.7 0.0137206
12809.4 0.0138091
12811 0.0138976
12812.7 0.0139862
12814.3 0.0140747
12815.9 0.0141632
12817.5 0.0142517
12819.1 0.0143402
12820.7 0.0144288
12822.2 0.0145173
12823.7 0.0146058
12825.2 0.0146943
12826.7 0.0147828
12828.2 0.0148714
12829.7 0.0149599
12831.1 0.0150484
12832.6 0.0151369
12834 0.0152254
12835.4 0.015314
12836.8 0.0154025
12838.2 0.015491
12839.5 0.0155795
12840.9 0.015668
12842.2 0.0157566
12843.6 0.0158451
12844.9 0.0159336
12846.2 0.0160221
12847.5 0.0161106
12848.7 0.0161992
12850 0.0162877
12851.3 0.0163762
12852.5 0.0164647
12853.7 0.0165532
12855 0.0166418
12856.2 0.0167303
12857.4 0.0168188
12858.5 0.0169073
12859.7 0.0169958
12860.9 0.0170844
12862 0.0171729
12863.1 0.0172614
12864.3 0.0173499
12865.4 0.0174384
12866.4 0.017527
12867.5 0.0176155
12868.6 0.017704
12869.6 0.0177925
12870.7 0.017881
12871.7 0.0179696
12872.7 0.0180581
12873.7 0.0181466
12874.7 0.0182351
12875.7 0.0183236
12876.6 0.0184122
12877.5 0.0185007
12878.5 0.0185892
12879.4 0.0186777
12880.3 0.0187662
12881.2 0.0188548
12882 0.0189433
12882.9 0.0190318
12883.7 0.0191203
12884.6 0.0192088
12885.4 0.0192974
12886.2 0.0193859
12886.9 0.0194744
12887.7 0.0195629
12888.5 0.0196514
12889.2 0.01974
12889.9 0.0198285
12890.6 0.019917
12891.3 0.0200055
12892 0.020094
12892.7 0.0201826
12893.3 0.0202711
12894 0.0203596
12894.6 0.0204481
12895.2 0.0205366
12895.8 0.0206252
12896.4 0.0207137
12897 0.0208022
12897.6 0.0208907
12898.1 0.0209792
12898.7 0.0210678
12899.2 0.0211563
12899.8 0.0212448
12900.3 0.0213333
12900.7 0.0214218
12901.2 0.0215104
12901.6 0.0215989
12902 0.0216874
12902.5 0.0217759
12902.9 0.0218644
12903.3 0.021953
12903.7 0.0220415
12904.1 0.02213
12904.5 0.0222185
12904.8 0.022307
12905.2 0.0223956
12905.5 0.0224841
12905.9 0.0225726
12906.2 0.0226611
12906.6 0.0227496
12906.9 0.0228382
12907.2 0.0229267
12907.5 0.0230152
12907.9 0.0231037
12908.2 0.0231922
12908.5 0.0232808
12908.8 0.0233693
12909 0.0234578
12909.3 0.0235463
12909.6 0.0236348
12909.9 0.0237234
12910.2 0.0238119
12910.4 0.0239004
12910.7 0.0239889
12910.9 0.0240774
12911.2 0.024166
12911.4 0.0242545
12911.7 0.024343
12911.9 0.0244315
12912.2 0.02452
12912.4 0.0246086
12912.6 0.0246971
12912.9 0.0247856
12913.1 0.0248741
12913.3 0.0249626
12913.5 0.0250512
12913.7 0.0251397
12913.9 0.0252282
12914.1 0.0253167
12914.3 0.0254052
12914.5 0.0254938
12914.7 0.0255823
12914.9 0.0256708
12915.1 0.0257593
12915.3 0.0258478
12915.5 0.0259364
12915.7 0.0260249
12915.9 0.0261134
12916 0.0262019
12916.2 0.0262904
12916.4 0.026379
12916.6 0.0264675
12916.7 0.026556
12916.9 0.0266445
12917 0.026733
12917.2 0.0268216
12917.4 0.0269101
12917.5 0.0269986
12917.7 0.0270871
12917.8 0.0271756
12918 0.0272642
12918.1 0.0273527
12918.2 0.0274412
12918.4 0.0275297
12918.5 0.0276182
12918.7 0.0277068
12918.8 0.0277953
12918.9 0.0278838
12919.1 0.0279723
12919.3 0.0280608
12919.6 0.0281494
12920.2 0.0282379
12921.1 0.0283264
12922.2 0.0284149
12923.4 0.0285034
12924.8 0.028592
12926.3 0.0286805
12927.9 0.028769
12929.8 0.0288575
12931.8 0.028946
12933.7 0.0290346
12935.7 0.0291231
12937.6 0.0292116
12939.6 0.0293001
12941.8 0.0293886
12944.1 0.0294772
12946.6 0.0295657
12949.3 0.0296542
12951.9 0.0297427
12954.5 0.0298312
12957.1 0.0299198
12959.7 0.0300083
12962.3 0.0300968
12964.9 0.0301853
12967.5 0.0302738
12970.2 0.0303624
12973 0.0304509
12976 0.0305394
12979.1 0.0306279
12982.4 0.0307164
12985.6 0.030805
12988.8 0.0308935
12992 0.030982
12995.2 0.0310705
12998.4 0.031159
13001.6 0.0312476
13004.8 0.0313361
13008 0.0314246
13011.2 0.0315131
13014.4 0.0316016
13017.6 0.0316902
13020.9 0.0317787
13024.2 0.0318672
13027.7 0.0319557
13031.3 0.0320442
13035 0.0321328
13038.8 0.0322213
13042.5 0.0323098
13046.3 0.0323983
13050 0.0324868
13053.7 0.0325754
13057.5 0.0326639
13061.2 0.0327524
13064.9 0.0328409
13068.7 0.0329294
13072.4 0.033018
13076.1 0.0331065
13079.8 0.033195
13083.5 0.0332835
13087.2 0.033372
13090.9 0.0334606
13094.6 0.0335491
13098.4 0.0336376
13102.2 0.0337261
13106.1 0.0338146
13110 0.0339032
13114.2 0.0339917
13118.4 0.0340802
13122.6 0.0341687
13126.8 0.0342572
13130.9 0.0343458
13135.1 0.0344343
13139.3 0.0345228
13143.5 0.0346113
13147.6 0.0346998
13151.8 0.0347884
13155.9 0.0348769
13160.1 0.0349654
13164.3 0.0350539
13168.4 0.0351424
13172.5 0.035231
13176.7 0.0353195
13180.8 0.035408
13185 0.0354965
13189.1 0.035585
13193.2 0.0356736
13197.4 0.0357621
13201.5 0.0358506
13205.6 0.0359391
13209.7 0.0360276
13213.9 0.0361162
13218.1 0.0362047
13222.4 0.0362932
13226.7 0.0363817
13231.2 0.0364702
13235.7 0.0365588
13240.2 0.0366473
13244.8 0.0367358
13249.3 0.0368243
13253.8 0.0369128
13258.3 0.0370014
13262.8 0.0370899
13267.3 0.0371784
13271.8 0.0372669
13276.3 0.0373554
13280.8 0.037444
13285.3 0.0375325
13289.8 0.037621
13294.3 0.0377095
13298.7 0.037798
13303.2 0.0378866
13307.7 0.0379751
13312.2 0.0380636
13316.6 0.0381521
13321.1 0.0382406
13325.5 0.0383292
13330 0.0384177
13334.4 0.0385062
13338.9 0.0385947
13343.3 0.0386832
13347.7 0.0387718
13352.2 0.0388603
13356.6 0.0389488
13361 0.0390373
13365.5 0.0391258
13369.9 0.0392144
13374.3 0.0393029
13378.8 0.0393914
13383.3 0.0394799
13387.9 0.0395684
13392.5 0.039657
13397.2 0.0397455
13402 0.039834
13406.7 0.0399225
13411.5 0.040011
13416.2 0.0400996
13420.9 0.0401881
13425.7 0.0402766
13430.4 0.0403651
13435.1 0.0404536
13439.8 0.0405422
13444.5 0.0406307
13449.3 0.0407192
13454 0.0408077
13458.7 0.0408962
13463.4 0.0409848
13468.1 0.0410733
13472.8 0.0411618
13477.4 0.0412503
13482.1 0.0413388
13486.8 0.0414274
13491.5 0.0415159
13496.2 0.0416044
13500.8 0.0416929
13505.5 0.0417814
13510.1 0.04187
13514.8 0.0419585
13519.5 0.042047
13524.1 0.0421355
13528.8 0.042224
13533.4 0.0423126
13538 0.0424011
13542.7 0.0424896
13547.3 0.0425781
13551.9 0.0426666
13556.6 0.0427552
13561.2 0.0428437
13565.8 0.0429322
13570.4 0.0430207
13575 0.0431092
13579.6 0.0431978
13584.2 0.0432863
13588.8 0.0433748
13593.4 0.0434633
13598 0.0435518
13602.7 0.0436404
13607.4 0.0437289
13612.1 0.0438174
13616.8 0.0439059
13621.6 0.0439944
13410.3 0.044083
13470.1 0.0441715
13494.5 0.04426
