0 -58.4752 -2.26119e-06
634.56 0 7.02673e-05
1173.57 0 0.000147324
1709.92 0 0.000224353
2243.81 0 0.000301213
2775.24 0 0.000377867
3304.22 0 0.000454308
3830.74 0 0.000530518
4354.77 0 0.000606488
4876.15 0 0.000682219
5394.56 0 0.000757719
5909.16 0 0.000833013
6418.2 0 0.000908157
6918.36 0 0.000983263
7403.99 0 0.00105853
7866.83 0 0.00113425
8297.18 0 0.00121077
8686.59 0 0.00128846
9030.8 0 0.00136751
9330.49 0 0.00144801
9590.04 0 0.00152987
9815.21 0 0.00161291
10011.7 0 0.00169697
10184.8 0 0.00178191
10338.5 0 0.00186764
10475.8 0 0.00195458
10599.4 0 0.00204236
10711.4 0 0.00213095
10812.7 0 0.00222033
10905.5 0 0.00231016
10991.1 0 0.0024004
11070.4 0 0.002491
11143.9 0 0.00258199
11212.1 0 0.00267352
11276 0 0.00276533
11335.9 0 0.0028574
11392.3 0 0.00294969
11445.5 0 0.00304219
11495.9 0 0.00313488
11543.8 0 0.00322774
11589.3 0 0.00332076
11632.4 0 0.00341403
11673.3 0 0.00350757
11712.4 0 0.00360124
11749.8 0 0.00369502
11785.6 0 0.00378891
11820.1 0 0.0038829
11853.2 0 0.00397698
11885.1 0 0.00407114
11915.6 0 0.00416526
11945 0 0.00425936
11972.9 0 0.00435399
11999.8 0 0.00444872
12025.7 0 0.0045435
12050.7 0 0.00463832
12074.7 0 0.00473314
12097.7 0 0.00482819
12119.8 0 0.00492373
12141.1 0 0.00501929
12161.8 0 0.00511488
12181.9 0 0.00521048
12201.4 0 0.00530609
12220.3 0 0.00540171
12238.6 0 0.00549733
12256.3 0 0.00559296
12273.3 0 0.00568883
12289.7 0 0.00578483
12305.5 0 0.00588083
12320.9 0 0.00597683
12335.7 0 0.00607307
12349.8 0 0.00617005
12363.5 0 0.00626701
12376.5 0 0.00636376
12388.8 0 0.00646053
12400.7 0 0.00655728
12412.4 0 0.006654
12423.7 0 0.0067507
12434.7 0 0.00684737
12445.5 0 0.00694401
12455.9 0 0.00704063
12466.1 0 0.00713722
12476 0 0.00723378
12485.7 0 0.00733033
12495.1 0 0.00742685
12504.3 0 0.00752335
12513.2 0 0.00761983
12521.8 0 0.00771629
12530.3 0 0.00781273
12538.4 0 0.00790916
12546.4 0 0.00800557
12554.2 0 0.00810197
12561.7 0 0.00819835
12569 0 0.00829471
12576.2 0 0.00839106
12583.1 0 0.00848739
12589.9 0 0.0085837
12596.5 0 0.00867999
12603 0 0.00877626
12609.3 0 0.00887251
12615.5 0 0.00896874
12621.6 0 0.00906494
12627.5 0 0.00916112
12633.3 0 0.00925726
12638.9 0 0.00935337
12644.3 0 0.00944935
12649.5 0 0.00954526
12654.6 0 0.0096413
12659.6 0 0.00973782
12664.4 0 0.00983432
12669.2 0 0.00993078
12673.9 0 0.0100272
12678.6 0 0.0101236
12683.1 0 0.01022
12687.6 0 0.0103164
12692 0 0.0104127
12696.3 0 0.010509
12700.6 0 0.0106053
12704.8 0 0.0107015
12708.9 0 0.0107977
12713 0 0.0108939
12717 0 0.0109901
12720.9 0 0.0110862
12724.7 0 0.0111824
12728.5 0 0.0112785
12732.1 0 0.0113749
12735.7 0 0.0114715
12739.2 0 0.0115682
12742.7 0 0.0116649
12746 0 0.0117615
12749.3 0 0.0118581
12752.5 0 0.011955
12755.5 0 0.0120531
12758.3 0 0.0121513
12761.2 0 0.0122495
12763.9 0 0.0123478
12766.6 0 0.0124461
12769.2 0 0.0125444
12771.7 0 0.0126429
12774.1 0 0.0127417
12776.4 0 0.0128405
12778.6 0 0.0129393
12780.8 0 0.0130381
12783 0 0.013137
12785.1 0 0.0132359
12787.2 0 0.0133348
12789.2 0 0.0134337
12791.2 0 0.0135326
12793.2 0 0.0136315
12795.1 0 0.0137304
12797 0 0.0138293
12798.8 0 0.0139283
12800.6 0 0.0140272
12802.4 0 0.0141261
12804.2 0 0.014225
12805.9 0 0.0143239
12807.7 0 0.0144229
12809.4 0 0.0145218
12811 0 0.0146206
12812.7 0 0.0147195
12814.3 0 0.0148184
12815.9 0 0.0149173
12817.5 0 0.0150161
12819.1 0 0.0151149
12820.7 0 0.0152137
12822.2 0 0.0153125
12823.7 0 0.0154113
12825.2 0 0.0155101
12826.7 0 0.0156088
12828.2 0 0.0157075
12829.7 0 0.0158063
12831.1 0 0.015905
12832.6 0 0.0160036
12834 0 0.0161023
12835.4 0 0.0162009
12836.8 0 0.0162995
12838.2 0 0.0163981
12839.5 0 0.0164967
12840.9 0 0.0165953
12842.2 0 0.0166938
12843.6 0 0.0167924
12844.9 0 0.0168909
12846.2 0 0.0169894
12847.5 0 0.0170878
12848.7 0 0.0171863
12850 0 0.0172847
12851.3 0 0.0173832
12852.5 0 0.0174816
12853.7 0 0.01758
12855 0 0.0176783
12856.2 0 0.0177767
12857.4 0 0.0178751
12858.5 0 0.0179734
12859.7 0 0.0180717
12860.9 0 0.01817
12862 0 0.0182684
12863.1 0 0.0183667
12864.3 0 0.018465
12865.4 0 0.0185632
12866.4 0 0.0186615
12867.5 0 0.0187598
12868.6 0 0.0188581
12869.6 0 0.0189563
12870.7 0 0.0190546
12871.7 0 0.0191528
12872.7 0 0.0192511
12873.7 0 0.0193493
12874.7 0 0.0194476
12875.7 0 0.0195458
12876.6 0 0.0196441
12877.5 0 0.0197423
12878.5 0 0.0198406
12879.4 0 0.0199388
12880.3 0 0.0200371
12881.2 0 0.0201353
12882 0 0.0202336
12882.9 0 0.0203319
12883.7 0 0.0204302
12884.6 0 0.0205284
12885.4 0 0.0206267
12886.2 0 0.020725
12886.9 0 0.0208234
12887.7 0 0.0209217
12888.5 0 0.02102
12889.2 0 0.0211184
12889.9 0 0.0212168
12890.6 0 0.0213151
12891.3 0 0.0214135
12892 0 0.0215119
12892.7 0 0.0216103
12893.3 0 0.0217088
12894 0 0.0218072
12894.6 0 0.0219057
12895.2 0 0.0220041
12895.8 0 0.0221026
12896.4 0 0.0222011
12897 0 0.0222996
12897.6 0 0.0223981
12898.1 0 0.0224967
12898.7 0 0.0225952
12899.2 0 0.0226938
12899.8 0 0.0227923
12900.3 0 0.0228909
12900.7 0 0.0229897
12901.2 0 0.0230885
12901.6 0 0.0231873
12902 0 0.0232862
12902.5 0 0.023385
12902.9 0 0.0234839
12903.3 0 0.0235827
12903.7 0 0.0236816
12904.1 0 0.0237804
12904.5 0 0.0238793
12904.8 0 0.0239782
12905.2 0 0.0240771
12905.5 0 0.0241759
12905.9 0 0.0242748
12906.2 0 0.0243737
12906.6 0 0.0244726
12906.9 0 0.0245715
12907.2 0 0.0246704
12907.5 0 0.0247693
12907.9 0 0.0248682
12908.2 0 0.0249671
12908.5 0 0.025066
12908.8 0 0.0251649
12909 0 0.0252638
12909.3 0 0.0253626
12909.6 0 0.0254615
12909.9 0 0.0255604
12910.2 0 0.0256593
12910.4 0 0.0257582
12910.7 0 0.025857
12910.9 0 0.0259559
12911.2 0 0.0260548
12911.4 0 0.0261536
12911.7 0 0.0262525
12911.9 0 0.0263513
12912.2 0 0.0264502
12912.4 0 0.026549
12912.6 0 0.0266478
12912.9 0 0.0267467
12913.1 0 0.0268455
12913.3 0 0.0269443
12913.5 0 0.0270431
12913.7 0 0.0271419
12913.9 0 0.0272407
12914.1 0 0.0273395
12914.3 0 0.0274382
12914.5 0 0.027537
12914.7 0 0.0276358
12914.9 0 0.0277345
12915.1 0 0.0278333
12915.3 0 0.027932
12915.5 0 0.0280307
12915.7 0 0.0281295
12915.9 0 0.0282282
12916 0 0.0283269
12916.2 0 0.0284256
12916.4 0 0.0285243
12916.6 0 0.028623
12916.7 0 0.0287216
12916.9 0 0.0288203
12917 0 0.028919
12917.2 0 0.0290176
12917.4 0 0.0291163
12917.5 0 0.0292149
12917.7 0 0.0293135
12917.8 0 0.0294121
12918 0 0.0295107
12918.1 0 0.0296093
12918.2 0 0.0297079
12918.4 0 0.0298065
12918.5 0 0.0299051
12918.7 0 0.0300037
12918.8 0 0.0301022
12918.9 0 0.0302008
12919.1 0 0.0302993
12919.3 0 0.0303978
12919.6 0 0.0304963
12920.2 0 0.0305946
12921.1 0 0.0306928
12922.2 0 0.030791
12923.4 0 0.0308891
12924.8 0 0.0309871
12926.3 0 0.0310851
12927.9 0 0.031183
12929.8 0 0.0312808
12931.8 0 0.0313786
12933.7 0 0.0314764
12935.7 0 0.0315741
12937.6 0 0.0316719
12939.6 0 0.0317696
12941.8 0 0.0318672
12944.1 0 0.0319648
12946.6 0 0.0320622
12949.3 0 0.0321597
12951.9 0 0.0322571
12954.5 0 0.0323545
12957.1 0 0.0324519
12959.7 0 0.0325492
12962.3 0 0.0326466
12964.9 0 0.0327439
12967.5 0 0.0328413
12970.2 0 0.0329386
12973 0 0.0330358
12976 0 0.0331329
12979.1 0 0.03323
12982.4 0 0.033327
12985.6 0 0.033424
12988.8 0 0.033521
12992 0 0.033618
12995.2 0 0.033715
12998.4 0 0.033812
13001.6 0 0.033909
13004.8 0 0.0340059
13008 0 0.0341029
13011.2 0 0.0341998
13014.4 0 0.0342967
13017.6 0 0.0343936
13020.9 0 0.0344905
13024.2 0 0.0345872
13027.7 0 0.034684
13031.3 0 0.0347807
13035 0 0.0348772
13038.8 0 0.0349738
13042.5 0 0.0350703
13046.3 0 0.0351668
13050 0 0.0352633
13053.7 0 0.0353598
13057.5 0 0.0354563
13061.2 0 0.0355527
13064.9 0 0.0356491
13068.7 0 0.0357456
13072.4 0 0.035842
13076.1 0 0.0359383
13079.8 0 0.0360347
13083.5 0 0.036131
13087.2 0 0.0362274
13090.9 0 0.0363237
13094.6 0 0.0364199
13098.4 0 0.0365162
13102.2 0 0.0366124
13106.1 0 0.0367085
13110 0 0.0368046
13114.2 0 0.0369006
13118.4 0 0.0369965
13122.6 0 0.0370924
13126.8 0 0.0371883
13130.9 0 0.0372841
13135.1 0 0.03738
13139.3 0 0.0374758
13143.5 0 0.0375716
13147.6 0 0.0376673
13151.8 0 0.0377631
13155.9 0 0.0378588
13160.1 0 0.0379545
13164.3 0 0.0380501
13168.4 0 0.0381458
13172.5 0 0.0382414
13176.7 0 0.038337
13180.8 0 0.0384326
13185 0 0.0385281
13189.1 0 0.0386237
13193.2 0 0.0387192
13197.4 0 0.0388147
13201.5 0 0.0389101
13205.6 0 0.0390055
13209.7 0 0.039101
13213.9 0 0.0391963
13218.1 0 0.0392916
13222.4 0 0.0393869
13226.7 0 0.039482
13231.2 0 0.0395771
13235.7 0 0.0396721
13240.2 0 0.0397671
13244.8 0 0.039862
13249.3 0 0.0399569
13253.8 0 0.0400518
13258.3 0 0.0401466
13262.8 0 0.0402415
13267.3 0 0.0403362
13271.8 0 0.040431
13276.3 0 0.0405257
13280.8 0 0.0406204
13285.3 0 0.0407151
13289.8 0 0.0408097
13294.3 0 0.0409043
13298.7 0 0.0409989
13303.2 0 0.0410935
13307.7 0 0.041188
13312.2 0 0.0412825
13316.6 0 0.0413769
13321.1 0 0.0414714
13325.5 0 0.0415657
13330 0 0.0416601
13334.4 0 0.0417544
13338.9 0 0.0418487
13343.3 0 0.041943
13347.7 0 0.0420373
13352.2 0 0.0421315
13356.6 0 0.0422256
13361 0 0.0423198
13365.5 0 0.0424139
13369.9 0 0.042508
13374.3 0 0.042602
13378.8 0 0.042696
13383.3 0 0.0427899
13387.9 0 0.0428838
13392.5 0 0.0429776
13397.2 0 0.0430713
13402 0 0.0431649
13406.7 0 0.0432584
13411.5 0 0.0433519
13416.2 0 0.0434454
13420.9 0 0.0435389
13425.7 0 0.0436323
13430.4 0 0.0437256
13435.1 0 0.043819
13439.8 0 0.0439123
13444.5 0 0.0440056
13449.3 0 0.0440988
13454 0 0.044192
13458.7 0 0.0442852
13463.4 0 0.0443783
13468.1 0 0.0444714
13472.8 0 0.0445645
13477.4 0 0.0446575
13482.1 0 0.0447506
13486.8 0 0.0448435
13491.5 0 0.0449365
13496.2 0 0.0450294
13500.8 0 0.0451222
13505.5 0 0.0452151
13510.1 0 0.0453079
13514.8 0 0.0454006
13519.5 0 0.0454934
13524.1 0 0.0455861
13528.8 0 0.0456787
13533.4 0 0.0457714
13538 0 0.045864
13542.7 0 0.0459566
13547.3 0 0.0460491
13551.9 0 0.0461416
13556.6 0 0.0462341
13561.2 0 0.0463265
13565.8 0 0.0464189
13570.4 0 0.0465113
13575 0 0.0466036
13579.6 0 0.0466959
13584.2 0 0.0467882
13588.8 0 0.0468804
13593.4 0 0.0469727
13598 0 0.0470649
13602.7 0 0.047157
13607.4 0 0.0472491
13612.1 0 0.0473411
13616.8 0 0.0474331
13621.6 0 0.047525
13410.3 0 0.0474807
13470.1 0 0.0475303
13494.5 0 0.0475947
