0 -58.4752 -2.26119e-06
634.56 0 5.05959e-06
1173.57 0 1.69094e-05
1709.92 0 2.87312e-05
2243.81 0 4.03845e-05
2775.24 0 5.18306e-05
3304.22 0 6.30647e-05
3830.74 0 7.4068e-05
4354.77 0 8.48306e-05
4876.15 0 9.53539e-05
5394.56 0 0.000105647
5909.16 0 0.000115733
6418.2 0 0.00012567
6918.36 0 0.00013557
7403.99 0 0.000145634
7866.83 0 0.00015614
8297.18 0 0.00016746
8686.59 0 0.000179938
9030.8 0 0.00019378
9330.49 0 0.000209073
9590.04 0 0.000225722
9815.21 0 0.00024356
10011.7 0 0.00026242
10184.8 0 0.000282147
10338.5 0 0.000302672
10475.8 0 0.000324405
10599.4 0 0.000346978
10711.4 0 0.000370361
10812.7 0 0.00039453
10905.5 0 0.000419152
10991.1 0 0.00044418
11070.4 0 0.000469571
11143.9 0 0.000495362
11212.1 0 0.000521682
11276 0 0.000548282
11335.9 0 0.000575136
11392.3 0 0.000602219
11445.5 0 0.000629511
11495.9 0 0.000656991
11543.8 0 0.000684645
11589.3 0 0.000712459
11632.4 0 0.000740517
11673.3 0 0.000768846
11712.4 0 0.000797306
11749.8 0 0.000825883
11785.6 0 0.000854567
11820.1 0 0.000883348
11853.2 0 0.000912217
11885.1 0 0.000941167
11915.6 0 0.000970076
11945 0 0.000998973
11972.9 0 0.0010284
11999.8 0 0.00105792
12025.7 0 0.0010875
12050.7 0 0.00111711
12074.7 0 0.00114672
12097.7 0 0.00117657
12119.8 0 0.0012069
12141.1 0 0.00123726
12161.8 0 0.00126764
12181.9 0 0.00129804
12201.4 0 0.00132844
12220.3 0 0.00135885
12238.6 0 0.00138927
12256.3 0 0.00141969
12273.3 0 0.00145036
12289.7 0 0.00148115
12305.5 0 0.00151194
12320.9 0 0.00154273
12335.7 0 0.00157377
12349.8 0 0.00160553
12363.5 0 0.00163728
12376.5 0 0.00166883
12388.8 0 0.00170039
12400.7 0 0.00173193
12412.4 0 0.00176345
12423.7 0 0.00179494
12434.7 0 0.00182641
12445.5 0 0.00185785
12455.9 0 0.00188926
12466.1 0 0.00192065
12476 0 0.00195201
12485.7 0 0.00198335
12495.1 0 0.00201466
12504.3 0 0.00204596
12513.2 0 0.00207723
12521.8 0 0.00210849
12530.3 0 0.00213973
12538.4 0 0.00217096
12546.4 0 0.00220216
12554.2 0 0.00223336
12561.7 0 0.00226453
12569 0 0.00229569
12576.2 0 0.00232684
12583.1 0 0.00235797
12589.9 0 0.00238907
12596.5 0 0.00242016
12603 0 0.00245123
12609.3 0 0.00248228
12615.5 0 0.0025133
12621.6 0 0.0025443
12627.5 0 0.00257527
12633.3 0 0.00260621
12638.9 0 0.00263712
12644.3 0 0.0026679
12649.5 0 0.00269861
12654.6 0 0.00272945
12659.6 0 0.00276077
12664.4 0 0.00279207
12669.2 0 0.00282334
12673.9 0 0.00285458
12678.6 0 0.00288579
12683.1 0 0.00291697
12687.6 0 0.00294813
12692 0 0.00297925
12696.3 0 0.00301035
12700.6 0 0.00304143
12704.8 0 0.00307247
12708.9 0 0.00310349
12713 0 0.00313449
12717 0 0.00316546
12720.9 0 0.00319641
12724.7 0 0.00322734
12728.5 0 0.00325824
12732.1 0 0.00328942
12735.7 0 0.0033209
12739.2 0 0.00335236
12742.7 0 0.00338382
12746 0 0.00341526
12749.3 0 0.00344669
12752.5 0 0.00347835
12755.5 0 0.00351121
12758.3 0 0.00354424
12761.2 0 0.00357728
12763.9 0 0.00361034
12766.6 0 0.00364342
12769.2 0 0.00367652
12771.7 0 0.00370981
12774.1 0 0.00374338
12776.4 0 0.00377697
12778.6 0 0.00381058
12780.8 0 0.00384421
12783 0 0.00387786
12785.1 0 0.00391152
12787.2 0 0.0039452
12789.2 0 0.00397889
12791.2 0 0.00401259
12793.2 0 0.0040463
12795.1 0 0.00408001
12797 0 0.00411373
12798.8 0 0.00414745
12800.6 0 0.00418116
12802.4 0 0.00421488
12804.2 0 0.00424859
12805.9 0 0.0042823
12807.7 0 0.004316
12809.4 0 0.00434969
12811 0 0.00438338
12812.7 0 0.00441705
12814.3 0 0.00445071
12815.9 0 0.00448436
12817.5 0 0.00451799
12819.1 0 0.00455161
12820.7 0 0.00458521
12822.2 0 0.0046188
12823.7 0 0.00465237
12825.2 0 0.00468592
12826.7 0 0.00471946
12828.2 0 0.00475298
12829.7 0 0.00478648
12831.1 0 0.00481996
12832.6 0 0.00485343
12834 0 0.00488688
12835.4 0 0.0049203
12836.8 0 0.00495371
12838.2 0 0.0049871
12839.5 0 0.00502047
12840.9 0 0.00505383
12842.2 0 0.00508716
12843.6 0 0.00512048
12844.9 0 0.00515378
12846.2 0 0.00518707
12847.5 0 0.00522033
12848.7 0 0.00525358
12850 0 0.00528681
12851.3 0 0.00532003
12852.5 0 0.00535323
12853.7 0 0.00538642
12855 0 0.00541959
12856.2 0 0.00545274
12857.4 0 0.00548589
12858.5 0 0.00551902
12859.7 0 0.00555214
12860.9 0 0.00558525
12862 0 0.00561836
12863.1 0 0.00565146
12864.3 0 0.00568454
12865.4 0 0.00571762
12866.4 0 0.00575069
12867.5 0 0.00578375
12868.6 0 0.00581681
12869.6 0 0.00584986
12870.7 0 0.00588291
12871.7 0 0.00591595
12872.7 0 0.00594899
12873.7 0 0.00598203
12874.7 0 0.00601506
12875.7 0 0.0060481
12876.6 0 0.00608113
12877.5 0 0.00611417
12878.5 0 0.00614721
12879.4 0 0.00618026
12880.3 0 0.00621331
12881.2 0 0.00624636
12882 0 0.00627942
12882.9 0 0.00631248
12883.7 0 0.00634556
12884.6 0 0.00637864
12885.4 0 0.00641173
12886.2 0 0.00644483
12886.9 0 0.00647794
12887.7 0 0.00651106
12888.5 0 0.00654419
12889.2 0 0.00657734
12889.9 0 0.00661049
12890.6 0 0.00664366
12891.3 0 0.00667684
12892 0 0.00671003
12892.7 0 0.00674324
12893.3 0 0.00677646
12894 0 0.00680969
12894.6 0 0.00684294
12895.2 0 0.0068762
12895.8 0 0.00690947
12896.4 0 0.00694275
12897 0 0.00697605
12897.6 0 0.00700936
12898.1 0 0.00704268
12898.7 0 0.00707601
12899.2 0 0.00710935
12899.8 0 0.00714271
12900.3 0 0.00717609
12900.7 0 0.00720968
12901.2 0 0.00724328
12901.6 0 0.0072769
12902 0 0.00731052
12902.5 0 0.00734415
12902.9 0 0.00737779
12903.3 0 0.00741143
12903.7 0 0.00744508
12904.1 0 0.00747874
12904.5 0 0.0075124
12904.8 0 0.00754607
12905.2 0 0.00757974
12905.5 0 0.00761342
12905.9 0 0.0076471
12906.2 0 0.00768078
12906.6 0 0.00771446
12906.9 0 0.00774815
12907.2 0 0.00778184
12907.5 0 0.00781552
12907.9 0 0.00784921
12908.2 0 0.00788289
12908.5 0 0.00791658
12908.8 0 0.00795026
12909 0 0.00798394
12909.3 0 0.00801762
12909.6 0 0.0080513
12909.9 0 0.00808497
12910.2 0 0.00811864
12910.4 0 0.00815231
12910.7 0 0.00818597
12910.9 0 0.00821963
12911.2 0 0.00825328
12911.4 0 0.00828693
12911.7 0 0.00832058
12911.9 0 0.00835422
12912.2 0 0.00838785
12912.4 0 0.00842148
12912.6 0 0.0084551
12912.9 0 0.00848871
12913.1 0 0.00852232
12913.3 0 0.00855593
12913.5 0 0.00858952
12913.7 0 0.00862311
12913.9 0 0.00865669
12914.1 0 0.00869027
12914.3 0 0.00872384
12914.5 0 0.0087574
12914.7 0 0.00879095
12914.9 0 0.0088245
12915.1 0 0.00885804
12915.3 0 0.00889157
12915.5 0 0.00892509
12915.7 0 0.00895861
12915.9 0 0.00899212
12916 0 0.00902562
12916.2 0 0.00905911
12916.4 0 0.00909259
12916.6 0 0.00912607
12916.7 0 0.00915954
12916.9 0 0.009193
12917 0 0.00922645
12917.2 0 0.00925989
12917.4 0 0.00929332
12917.5 0 0.00932675
12917.7 0 0.00936017
12917.8 0 0.00939358
12918 0 0.00942698
12918.1 0 0.00946037
12918.2 0 0.00949375
12918.4 0 0.00952713
12918.5 0 0.00956049
12918.7 0 0.00959385
12918.8 0 0.0096272
12918.9 0 0.00966054
12919.1 0 0.00969387
12919.3 0 0.00972717
12919.6 0 0.00976041
12920.2 0 0.00979356
12921.1 0 0.00982659
12922.2 0 0.00985953
12923.4 0 0.00989241
12924.8 0 0.00992524
12926.3 0 0.00995801
12927.9 0 0.00999072
12929.8 0 0.0100233
12931.8 0 0.0100559
12933.7 0 0.0100885
12935.7 0 0.010121
12937.6 0 0.0101535
12939.6 0 0.010186
12941.8 0 0.0102185
12944.1 0 0.0102508
12946.6 0 0.0102831
12949.3 0 0.0103153
12951.9 0 0.0103475
12954.5 0 0.0103797
12957.1 0 0.0104119
12959.7 0 0.010444
12962.3 0 0.0104762
12964.9 0 0.0105083
12967.5 0 0.0105405
12970.2 0 0.0105725
12973 0 0.0106045
12976 0 0.0106365
12979.1 0 0.0106684
12982.4 0 0.0107002
12985.6 0 0.0107319
12988.8 0 0.0107638
12992 0 0.0107956
12995.2 0 0.0108274
12998.4 0 0.0108591
13001.6 0 0.0108909
13004.8 0 0.0109226
13008 0 0.0109544
13011.2 0 0.0109861
13014.4 0 0.0110178
13017.6 0 0.0110495
13020.9 0 0.0110811
13024.2 0 0.0111127
13027.7 0 0.0111442
13031.3 0 0.0111757
13035 0 0.011207
13038.8 0 0.0112384
13042.5 0 0.0112697
13046.3 0 0.011301
13050 0 0.0113323
13053.7 0 0.0113636
13057.5 0 0.0113949
13061.2 0 0.0114261
13064.9 0 0.0114573
13068.7 0 0.0114885
13072.4 0 0.0115197
13076.1 0 0.0115509
13079.8 0 0.0115821
13083.5 0 0.0116132
13087.2 0 0.0116443
13090.9 0 0.0116754
13094.6 0 0.0117065
13098.4 0 0.0117375
13102.2 0 0.0117685
13106.1 0 0.0117995
13110 0 0.0118303
13114.2 0 0.0118611
13118.4 0 0.0118918
13122.6 0 0.0119225
13126.8 0 0.0119532
13130.9 0 0.0119838
13135.1 0 0.0120144
13139.3 0 0.012045
13143.5 0 0.0120756
13147.6 0 0.0121062
13151.8 0 0.0121367
13155.9 0 0.0121672
13160.1 0 0.0121977
13164.3 0 0.0122282
13168.4 0 0.0122586
13172.5 0 0.012289
13176.7 0 0.0123194
13180.8 0 0.0123498
13185 0 0.0123802
13189.1 0 0.0124105
13193.2 0 0.0124408
13197.4 0 0.0124711
13201.5 0 0.0125013
13205.6 0 0.0125315
13209.7 0 0.0125617
13213.9 0 0.0125919
13218.1 0 0.012622
13222.4 0 0.012652
13226.7 0 0.012682
13231.2 0 0.0127119
13235.7 0 0.0127417
13240.2 0 0.0127714
13244.8 0 0.0128011
13249.3 0 0.0128308
13253.8 0 0.0128605
13258.3 0 0.0128902
13262.8 0 0.0129198
13267.3 0 0.0129493
13271.8 0 0.0129789
13276.3 0 0.0130084
13280.8 0 0.0130379
13285.3 0 0.0130674
13289.8 0 0.0130968
13294.3 0 0.0131262
13298.7 0 0.0131556
13303.2 0 0.0131849
13307.7 0 0.0132142
13312.2 0 0.0132435
13316.6 0 0.0132728
13321.1 0 0.013302
13325.5 0 0.0133312
13330 0 0.0133603
13334.4 0 0.0133895
13338.9 0 0.0134186
13343.3 0 0.0134476
13347.7 0 0.0134767
13352.2 0 0.0135057
13356.6 0 0.0135346
13361 0 0.0135636
13365.5 0 0.0135925
13369.9 0 0.0136214
13374.3 0 0.0136502
13378.8 0 0.013679
13383.3 0 0.0137077
13387.9 0 0.0137364
13392.5 0 0.013765
13397.2 0 0.0137935
13402 0 0.0138218
13406.7 0 0.0138502
13411.5 0 0.0138785
13416.2 0 0.0139068
13420.9 0 0.013935
13425.7 0 0.0139632
13430.4 0 0.0139914
13435.1 0 0.0140195
13439.8 0 0.0140476
13444.5 0 0.0140757
13449.3 0 0.0141037
13454 0 0.0141317
13458.7 0 0.0141597
13463.4 0 0.0141876
13468.1 0 0.0142156
13472.8 0 0.0142434
13477.4 0 0.0142713
13482.1 0 0.0142991
13486.8 0 0.0143268
13491.5 0 0.0143546
13496.2 0 0.0143823
13500.8 0 0.0144099
13505.5 0 0.0144375
13510.1 0 0.0144651
13514.8 0 0.0144927
13519.5 0 0.0145202
13524.1 0 0.0145477
13528.8 0 0.0145752
13533.4 0 0.0146026
13538 0 0.01463
13542.7 0 0.0146574
13547.3 0 0.0146847
13551.9 0 0.014712
13556.6 0 0.0147393
13561.2 0 0.0147665
13565.8 0 0.0147937
13570.4 0 0.0148209
13575 0 0.0148481
13579.6 0 0.0148752
13584.2 0 0.0149022
13588.8 0 0.0149293
13593.4 0 0.0149563
13598 0 0.0149833
13602.7 0 0.0150102
13607.4 0 0.0150371
13612.1 0 0.0150639
13616.8 0 0.0150907
13621.6 0 0.0151174
13410.3 0 0.0150079
13470.1 0 0.0149923
13494.5 0 0.0149915
