0 -58.4752 -2.26119e-06
634.56 0 1.98203e-05
1173.57 0 4.64402e-05
1709.92 0 7.30307e-05
2243.81 0 9.94533e-05
2775.24 0 0.000125668
3304.22 0 0.000151669
3830.74 0 0.00017744
4354.77 0 0.00020297
4876.15 0 0.000228261
5394.56 0 0.000253321
5909.16 0 0.000278176
6418.2 0 0.00030288
6918.36 0 0.000327547
7403.99 0 0.000352379
7866.83 0 0.000377653
8297.18 0 0.00040374
8686.59 0 0.000430985
9030.8 0 0.000459594
9330.49 0 0.000489657
9590.04 0 0.000521078
9815.21 0 0.000553698
10011.7 0 0.000587353
10184.8 0 0.00062188
10338.5 0 0.000657202
10475.8 0 0.000693695
10599.4 0 0.000731011
10711.4 0 0.000769124
10812.7 0 0.000808047
10905.5 0 0.000847422
10991.1 0 0.000887201
11070.4 0 0.000927341
11143.9 0 0.000967881
11212.1 0 0.00100895
11276 0 0.00105029
11335.9 0 0.00109189
11392.3 0 0.00113372
11445.5 0 0.00117575
11495.9 0 0.00121797
11543.8 0 0.00126037
11589.3 0 0.00130292
11632.4 0 0.00134572
11673.3 0 0.0013888
11712.4 0 0.00143201
11749.8 0 0.00147533
11785.6 0 0.00151876
11820.1 0 0.00156229
11853.2 0 0.00160591
11885.1 0 0.0016496
11915.6 0 0.00169329
11945 0 0.00173698
11972.9 0 0.00178119
11999.8 0 0.0018255
12025.7 0 0.00186985
12050.7 0 0.00191425
12074.7 0 0.00195868
12097.7 0 0.00200333
12119.8 0 0.00204844
12141.1 0 0.00209358
12161.8 0 0.00213874
12181.9 0 0.00218391
12201.4 0 0.00222909
12220.3 0 0.00227428
12238.6 0 0.00231948
12256.3 0 0.00236468
12273.3 0 0.00241012
12289.7 0 0.00245569
12305.5 0 0.00250125
12320.9 0 0.00254681
12335.7 0 0.00259261
12349.8 0 0.00263906
12363.5 0 0.00268552
12376.5 0 0.00273182
12388.8 0 0.00277819
12400.7 0 0.00282454
12412.4 0 0.00287087
12423.7 0 0.00291717
12434.7 0 0.00296345
12445.5 0 0.0030097
12455.9 0 0.00305592
12466.1 0 0.00310212
12476 0 0.00314829
12485.7 0 0.00319444
12495.1 0 0.00324057
12504.3 0 0.00328668
12513.2 0 0.00333277
12521.8 0 0.00337884
12530.3 0 0.00342489
12538.4 0 0.00347093
12546.4 0 0.00351696
12554.2 0 0.00356297
12561.7 0 0.00360896
12569 0 0.00365494
12576.2 0 0.00370091
12583.1 0 0.00374685
12589.9 0 0.00379278
12596.5 0 0.00383869
12603 0 0.00388457
12609.3 0 0.00393044
12615.5 0 0.00397628
12621.6 0 0.0040221
12627.5 0 0.00406789
12633.3 0 0.00411367
12638.9 0 0.00415943
12644.3 0 0.00420511
12649.5 0 0.00425074
12654.6 0 0.00429649
12659.6 0 0.00434268
12664.4 0 0.00438885
12669.2 0 0.00443499
12673.9 0 0.0044811
12678.6 0 0.00452719
12683.1 0 0.00457325
12687.6 0 0.00461928
12692 0 0.00466528
12696.3 0 0.00471126
12700.6 0 0.00475721
12704.8 0 0.00480314
12708.9 0 0.00484905
12713 0 0.00489493
12717 0 0.00494078
12720.9 0 0.00498662
12724.7 0 0.00503244
12728.5 0 0.00507823
12732.1 0 0.00512428
12735.7 0 0.0051706
12739.2 0 0.00521691
12742.7 0 0.00526321
12746 0 0.0053095
12749.3 0 0.00535578
12752.5 0 0.00540228
12755.5 0 0.0054499
12758.3 0 0.00549768
12761.2 0 0.00554547
12763.9 0 0.00559329
12766.6 0 0.00564111
12769.2 0 0.00568896
12771.7 0 0.00573701
12774.1 0 0.00578534
12776.4 0 0.00583369
12778.6 0 0.00588206
12780.8 0 0.00593045
12783 0 0.00597886
12785.1 0 0.00602727
12787.2 0 0.00607571
12789.2 0 0.00612415
12791.2 0 0.0061726
12793.2 0 0.00622106
12795.1 0 0.00626952
12797 0 0.00631798
12798.8 0 0.00636645
12800.6 0 0.00641492
12802.4 0 0.00646338
12804.2 0 0.00651183
12805.9 0 0.00656029
12807.7 0 0.00660873
12809.4 0 0.00665716
12811 0 0.00670559
12812.7 0 0.006754
12814.3 0 0.0068024
12815.9 0 0.00685079
12817.5 0 0.00689917
12819.1 0 0.00694753
12820.7 0 0.00699587
12822.2 0 0.0070442
12823.7 0 0.00709251
12825.2 0 0.0071408
12826.7 0 0.00718908
12828.2 0 0.00723734
12829.7 0 0.00728558
12831.1 0 0.0073338
12832.6 0 0.00738201
12834 0 0.0074302
12835.4 0 0.00747836
12836.8 0 0.00752651
12838.2 0 0.00757465
12839.5 0 0.00762276
12840.9 0 0.00767085
12842.2 0 0.00771893
12843.6 0 0.00776699
12844.9 0 0.00781504
12846.2 0 0.00786306
12847.5 0 0.00791107
12848.7 0 0.00795906
12850 0 0.00800704
12851.3 0 0.008055
12852.5 0 0.00810294
12853.7 0 0.00815087
12855 0 0.00819879
12856.2 0 0.00824669
12857.4 0 0.00829458
12858.5 0 0.00834246
12859.7 0 0.00839032
12860.9 0 0.00843818
12862 0 0.00848603
12863.1 0 0.00853387
12864.3 0 0.0085817
12865.4 0 0.00862952
12866.4 0 0.00867734
12867.5 0 0.00872514
12868.6 0 0.00877294
12869.6 0 0.00882074
12870.7 0 0.00886853
12871.7 0 0.00891632
12872.7 0 0.0089641
12873.7 0 0.00901189
12874.7 0 0.00905967
12875.7 0 0.00910745
12876.6 0 0.00915523
12877.5 0 0.00920302
12878.5 0 0.00925081
12879.4 0 0.00929859
12880.3 0 0.00934639
12881.2 0 0.00939419
12882 0 0.00944199
12882.9 0 0.0094898
12883.7 0 0.00953762
12884.6 0 0.00958545
12885.4 0 0.00963328
12886.2 0 0.00968113
12886.9 0 0.00972898
12887.7 0 0.00977684
12888.5 0 0.00982472
12889.2 0 0.0098726
12889.9 0 0.0099205
12890.6 0 0.00996841
12891.3 0 0.0100163
12892 0 0.0100643
12892.7 0 0.0101122
12893.3 0 0.0101602
12894 0 0.0102081
12894.6 0 0.0102561
12895.2 0 0.0103041
12895.8 0 0.0103521
12896.4 0 0.0104001
12897 0 0.0104482
12897.6 0 0.0104962
12898.1 0 0.0105443
12898.7 0 0.0105923
12899.2 0 0.0106404
12899.8 0 0.0106885
12900.3 0 0.0107366
12900.7 0 0.010785
12901.2 0 0.0108333
12901.6 0 0.0108817
12902 0 0.0109301
12902.5 0 0.0109785
12902.9 0 0.0110269
12903.3 0 0.0110753
12903.7 0 0.0111237
12904.1 0 0.0111721
12904.5 0 0.0112205
12904.8 0 0.0112689
12905.2 0 0.0113174
12905.5 0 0.0113658
12905.9 0 0.0114142
12906.2 0 0.0114627
12906.6 0 0.0115111
12906.9 0 0.0115596
12907.2 0 0.011608
12907.5 0 0.0116564
12907.9 0 0.0117049
12908.2 0 0.0117533
12908.5 0 0.0118018
12908.8 0 0.0118502
12909 0 0.0118986
12909.3 0 0.0119471
12909.6 0 0.0119955
12909.9 0 0.0120439
12910.2 0 0.0120923
12910.4 0 0.0121408
12910.7 0 0.0121892
12910.9 0 0.0122376
12911.2 0 0.012286
12911.4 0 0.0123344
12911.7 0 0.0123828
12911.9 0 0.0124312
12912.2 0 0.0124796
12912.4 0 0.012528
12912.6 0 0.0125763
12912.9 0 0.0126247
12913.1 0 0.0126731
12913.3 0 0.0127214
12913.5 0 0.0127698
12913.7 0 0.0128181
12913.9 0 0.0128665
12914.1 0 0.0129148
12914.3 0 0.0129631
12914.5 0 0.0130114
12914.7 0 0.0130597
12914.9 0 0.013108
12915.1 0 0.0131563
12915.3 0 0.0132046
12915.5 0 0.0132529
12915.7 0 0.0133012
12915.9 0 0.0133494
12916 0 0.0133977
12916.2 0 0.0134459
12916.4 0 0.0134942
12916.6 0 0.0135424
12916.7 0 0.0135906
12916.9 0 0.0136388
12917 0 0.013687
12917.2 0 0.0137352
12917.4 0 0.0137834
12917.5 0 0.0138316
12917.7 0 0.0138798
12917.8 0 0.0139279
12918 0 0.0139761
12918.1 0 0.0140242
12918.2 0 0.0140724
12918.4 0 0.0141205
12918.5 0 0.0141686
12918.7 0 0.0142168
12918.8 0 0.0142649
12918.9 0 0.014313
12919.1 0 0.014361
12919.3 0 0.0144091
12919.6 0 0.0144571
12920.2 0 0.014505
12921.1 0 0.0145528
12922.2 0 0.0146005
12923.4 0 0.0146481
12924.8 0 0.0146957
12926.3 0 0.0147433
12927.9 0 0.0147908
12929.8 0 0.0148381
12931.8 0 0.0148855
12933.7 0 0.0149328
12935.7 0 0.0149801
12937.6 0 0.0150274
12939.6 0 0.0150747
12941.8 0 0.0151219
12944.1 0 0.015169
12946.6 0 0.015216
12949.3 0 0.015263
12951.9 0 0.01531
12954.5 0 0.015357
12957.1 0 0.0154039
12959.7 0 0.0154509
12962.3 0 0.0154978
12964.9 0 0.0155447
12967.5 0 0.0155916
12970.2 0 0.0156385
12973 0 0.0156853
12976 0 0.015732
12979.1 0 0.0157786
12982.4 0 0.0158252
12985.6 0 0.0158718
12988.8 0 0.0159184
12992 0 0.0159649
12995.2 0 0.0160115
12998.4 0 0.0160581
13001.6 0 0.0161046
13004.8 0 0.0161511
13008 0 0.0161976
13011.2 0 0.0162441
13014.4 0 0.0162906
13017.6 0 0.016337
13020.9 0 0.0163834
13024.2 0 0.0164298
13027.7 0 0.0164761
13031.3 0 0.0165223
13035 0 0.0165685
13038.8 0 0.0166146
13042.5 0 0.0166607
13046.3 0 0.0167068
13050 0 0.0167528
13053.7 0 0.0167989
13057.5 0 0.0168449
13061.2 0 0.016891
13064.9 0 0.016937
13068.7 0 0.0169829
13072.4 0 0.0170289
13076.1 0 0.0170749
13079.8 0 0.0171208
13083.5 0 0.0171667
13087.2 0 0.0172126
13090.9 0 0.0172585
13094.6 0 0.0173043
13098.4 0 0.0173501
13102.2 0 0.0173959
13106.1 0 0.0174416
13110 0 0.0174873
13114.2 0 0.0175328
13118.4 0 0.0175783
13122.6 0 0.0176238
13126.8 0 0.0176692
13130.9 0 0.0177147
13135.1 0 0.0177601
13139.3 0 0.0178055
13143.5 0 0.0178508
13147.6 0 0.0178962
13151.8 0 0.0179415
13155.9 0 0.0179868
13160.1 0 0.0180321
13164.3 0 0.0180773
13168.4 0 0.0181226
13172.5 0 0.0181678
13176.7 0 0.0182129
13180.8 0 0.0182581
13185 0 0.0183032
13189.1 0 0.0183483
13193.2 0 0.0183934
13197.4 0 0.0184385
13201.5 0 0.0184835
13205.6 0 0.0185285
13209.7 0 0.0185735
13213.9 0 0.0186185
13218.1 0 0.0186634
13222.4 0 0.0187082
13226.7 0 0.018753
13231.2 0 0.0187976
13235.7 0 0.0188422
13240.2 0 0.0188868
13244.8 0 0.0189313
13249.3 0 0.0189758
13253.8 0 0.0190203
13258.3 0 0.0190647
13262.8 0 0.0191091
13267.3 0 0.0191535
13271.8 0 0.0191978
13276.3 0 0.0192422
13280.8 0 0.0192864
13285.3 0 0.0193307
13289.8 0 0.0193749
13294.3 0 0.0194191
13298.7 0 0.0194633
13303.2 0 0.0195075
13307.7 0 0.0195516
13312.2 0 0.0195957
13316.6 0 0.0196397
13321.1 0 0.0196837
13325.5 0 0.0197277
13330 0 0.0197717
13334.4 0 0.0198156
13338.9 0 0.0198595
13343.3 0 0.0199034
13347.7 0 0.0199472
13352.2 0 0.019991
13356.6 0 0.0200348
13361 0 0.0200786
13365.5 0 0.0201223
13369.9 0 0.020166
13374.3 0 0.0202096
13378.8 0 0.0202532
13383.3 0 0.0202967
13387.9 0 0.0203402
13392.5 0 0.0203836
13397.2 0 0.0204269
13402 0 0.0204701
13406.7 0 0.0205132
13411.5 0 0.0205564
13416.2 0 0.0205995
13420.9 0 0.0206425
13425.7 0 0.0206855
13430.4 0 0.0207285
13435.1 0 0.0207715
13439.8 0 0.0208144
13444.5 0 0.0208573
13449.3 0 0.0209001
13454 0 0.020943
13458.7 0 0.0209857
13463.4 0 0.0210285
13468.1 0 0.0210712
13472.8 0 0.0211139
13477.4 0 0.0211566
13482.1 0 0.0211992
13486.8 0 0.0212418
13491.5 0 0.0212843
13496.2 0 0.0213268
13500.8 0 0.0213693
13505.5 0 0.0214118
13510.1 0 0.0214542
13514.8 0 0.0214966
13519.5 0 0.0215389
13524.1 0 0.0215813
13528.8 0 0.0216235
13533.4 0 0.0216658
13538 0 0.021708
13542.7 0 0.0217502
13547.3 0 0.0217924
13551.9 0 0.0218345
13556.6 0 0.0218766
13561.2 0 0.0219186
13565.8 0 0.0219607
13570.4 0 0.0220027
13575 0 0.0220446
13579.6 0 0.0220866
13584.2 0 0.0221285
13588.8 0 0.0221703
13593.4 0 0.0222122
13598 0 0.022254
13602.7 0 0.0222958
13607.4 0 0.0223375
13612.1 0 0.0223791
13616.8 0 0.0224207
13621.6 0 0.0224622
13410.3 0 0.0223676
13470.1 0 0.022367
13494.5 0 0.022381
