0 -58.4752 -2.26119e-06
634.56 0 3.12963e-05
1173.57 0 6.93578e-05
1709.92 0 0.000107395
2243.81 0 0.000145262
2775.24 0 0.000182924
3304.22 0 0.000220377
3830.74 0 0.000257599
4354.77 0 0.00029458
4876.15 0 0.000331322
5394.56 0 0.000367833
5909.16 0 0.000404138
6418.2 0 0.000440293
6918.36 0 0.00047641
7403.99 0 0.000512693
7866.83 0 0.000549417
8297.18 0 0.000586955
8686.59 0 0.000625653
9030.8 0 0.000665716
9330.49 0 0.000707222
9590.04 0 0.000750076
9815.21 0 0.000794094
10011.7 0 0.000839099
10184.8 0 0.00088496
10338.5 0 0.000931623
10475.8 0 0.000979596
10599.4 0 0.00102845
10711.4 0 0.00107815
10812.7 0 0.00112858
10905.5 0 0.00117946
10991.1 0 0.00123075
11070.4 0 0.0012824
11143.9 0 0.00133446
11212.1 0 0.00138706
11276 0 0.00143994
11335.9 0 0.00149307
11392.3 0 0.00154644
11445.5 0 0.00160001
11495.9 0 0.00165378
11543.8 0 0.00170773
11589.3 0 0.00176183
11632.4 0 0.00181617
11673.3 0 0.00187077
11712.4 0 0.0019255
11749.8 0 0.00198035
11785.6 0 0.00203531
11820.1 0 0.00209036
11853.2 0 0.00214551
11885.1 0 0.00220073
11915.6 0 0.00225583
11945 0 0.00231087
11972.9 0 0.00236648
11999.8 0 0.00242219
12025.7 0 0.00247794
12050.7 0 0.00253372
12074.7 0 0.00258942
12097.7 0 0.00264538
12119.8 0 0.00270191
12141.1 0 0.00275846
12161.8 0 0.00281503
12181.9 0 0.00287162
12201.4 0 0.00292821
12220.3 0 0.00298481
12238.6 0 0.00304142
12256.3 0 0.00309803
12273.3 0 0.00315489
12289.7 0 0.00321189
12305.5 0 0.00326889
12320.9 0 0.00332588
12335.7 0 0.00338317
12349.8 0 0.00344134
12363.5 0 0.00349949
12376.5 0 0.00355726
12388.8 0 0.00361494
12400.7 0 0.00367259
12412.4 0 0.00373022
12423.7 0 0.00378782
12434.7 0 0.00384539
12445.5 0 0.00390294
12455.9 0 0.00396045
12466.1 0 0.00401794
12476 0 0.00407541
12485.7 0 0.00413285
12495.1 0 0.00419026
12504.3 0 0.00424765
12513.2 0 0.00430502
12521.8 0 0.00436237
12530.3 0 0.0044197
12538.4 0 0.00447702
12546.4 0 0.00453431
12554.2 0 0.00459159
12561.7 0 0.00464885
12569 0 0.0047061
12576.2 0 0.00476333
12583.1 0 0.00482053
12589.9 0 0.00487772
12596.5 0 0.00493489
12603 0 0.00499204
12609.3 0 0.00504916
12615.5 0 0.00510626
12621.6 0 0.00516334
12627.5 0 0.00522039
12633.3 0 0.00527738
12638.9 0 0.00533427
12644.3 0 0.00539092
12649.5 0 0.00544745
12654.6 0 0.00550413
12659.6 0 0.00556139
12664.4 0 0.00561863
12669.2 0 0.00567584
12673.9 0 0.00573301
12678.6 0 0.00579016
12683.1 0 0.00584727
12687.6 0 0.00590436
12692 0 0.00596141
12696.3 0 0.00601843
12700.6 0 0.00607542
12704.8 0 0.00613239
12708.9 0 0.00618932
12713 0 0.00624622
12717 0 0.00630309
12720.9 0 0.00635994
12724.7 0 0.00641676
12728.5 0 0.00647355
12732.1 0 0.00653068
12735.7 0 0.00658817
12739.2 0 0.00664565
12742.7 0 0.00670311
12746 0 0.00676056
12749.3 0 0.006818
12752.5 0 0.0068757
12755.5 0 0.00693479
12758.3 0 0.00699407
12761.2 0 0.00705337
12763.9 0 0.00711269
12766.6 0 0.00717203
12769.2 0 0.0072314
12771.7 0 0.00729095
12774.1 0 0.00735074
12776.4 0 0.00741057
12778.6 0 0.00747042
12780.8 0 0.00753029
12783 0 0.00759018
12785.1 0 0.0076501
12787.2 0 0.00771003
12789.2 0 0.00776998
12791.2 0 0.00782994
12793.2 0 0.00788991
12795.1 0 0.0079499
12797 0 0.00800988
12798.8 0 0.00806988
12800.6 0 0.00812987
12802.4 0 0.00818987
12804.2 0 0.00824986
12805.9 0 0.00830985
12807.7 0 0.00836984
12809.4 0 0.00842981
12811 0 0.00848978
12812.7 0 0.00854974
12814.3 0 0.00860969
12815.9 0 0.00866963
12817.5 0 0.00872955
12819.1 0 0.00878946
12820.7 0 0.00884935
12822.2 0 0.00890923
12823.7 0 0.0089691
12825.2 0 0.00902894
12826.7 0 0.00908877
12828.2 0 0.00914858
12829.7 0 0.00920837
12831.1 0 0.00926814
12832.6 0 0.0093279
12834 0 0.00938764
12835.4 0 0.00944735
12836.8 0 0.00950705
12838.2 0 0.00956673
12839.5 0 0.00962639
12840.9 0 0.00968603
12842.2 0 0.00974566
12843.6 0 0.00980526
12844.9 0 0.00986485
12846.2 0 0.00992441
12847.5 0 0.00998396
12848.7 0 0.0100435
12850 0 0.010103
12851.3 0 0.0101625
12852.5 0 0.010222
12853.7 0 0.0102815
12855 0 0.0103409
12856.2 0 0.0104003
12857.4 0 0.0104598
12858.5 0 0.0105192
12859.7 0 0.0105786
12860.9 0 0.010638
12862 0 0.0106974
12863.1 0 0.0107567
12864.3 0 0.0108161
12865.4 0 0.0108755
12866.4 0 0.0109348
12867.5 0 0.0109942
12868.6 0 0.0110535
12869.6 0 0.0111128
12870.7 0 0.0111721
12871.7 0 0.0112315
12872.7 0 0.0112908
12873.7 0 0.0113501
12874.7 0 0.0114094
12875.7 0 0.0114687
12876.6 0 0.011528
12877.5 0 0.0115873
12878.5 0 0.0116467
12879.4 0 0.011706
12880.3 0 0.0117653
12881.2 0 0.0118246
12882 0 0.011884
12882.9 0 0.0119433
12883.7 0 0.0120027
12884.6 0 0.012062
12885.4 0 0.0121214
12886.2 0 0.0121808
12886.9 0 0.0122402
12887.7 0 0.0122996
12888.5 0 0.012359
12889.2 0 0.0124184
12889.9 0 0.0124779
12890.6 0 0.0125373
12891.3 0 0.0125968
12892 0 0.0126563
12892.7 0 0.0127158
12893.3 0 0.0127753
12894 0 0.0128348
12894.6 0 0.0128944
12895.2 0 0.0129539
12895.8 0 0.0130135
12896.4 0 0.0130731
12897 0 0.0131327
12897.6 0 0.0131923
12898.1 0 0.0132519
12898.7 0 0.0133116
12899.2 0 0.0133712
12899.8 0 0.0134309
12900.3 0 0.0134906
12900.7 0 0.0135504
12901.2 0 0.0136103
12901.6 0 0.0136701
12902 0 0.01373
12902.5 0 0.0137899
12902.9 0 0.0138497
12903.3 0 0.0139096
12903.7 0 0.0139695
12904.1 0 0.0140294
12904.5 0 0.0140893
12904.8 0 0.0141493
12905.2 0 0.0142092
12905.5 0 0.0142691
12905.9 0 0.014329
12906.2 0 0.014389
12906.6 0 0.0144489
12906.9 0 0.0145088
12907.2 0 0.0145688
12907.5 0 0.0146287
12907.9 0 0.0146886
12908.2 0 0.0147486
12908.5 0 0.0148085
12908.8 0 0.0148685
12909 0 0.0149284
12909.3 0 0.0149883
12909.6 0 0.0150483
12909.9 0 0.0151082
12910.2 0 0.0151681
12910.4 0 0.015228
12910.7 0 0.015288
12910.9 0 0.0153479
12911.2 0 0.0154078
12911.4 0 0.0154677
12911.7 0 0.0155276
12911.9 0 0.0155875
12912.2 0 0.0156474
12912.4 0 0.0157072
12912.6 0 0.0157671
12912.9 0 0.015827
12913.1 0 0.0158869
12913.3 0 0.0159467
12913.5 0 0.0160066
12913.7 0 0.0160664
12913.9 0 0.0161262
12914.1 0 0.0161861
12914.3 0 0.0162459
12914.5 0 0.0163057
12914.7 0 0.0163655
12914.9 0 0.0164253
12915.1 0 0.0164851
12915.3 0 0.0165449
12915.5 0 0.0166047
12915.7 0 0.0166645
12915.9 0 0.0167242
12916 0 0.016784
12916.2 0 0.0168437
12916.4 0 0.0169034
12916.6 0 0.0169632
12916.7 0 0.0170229
12916.9 0 0.0170826
12917 0 0.0171423
12917.2 0 0.017202
12917.4 0 0.0172617
12917.5 0 0.0173214
12917.7 0 0.017381
12917.8 0 0.0174407
12918 0 0.0175003
12918.1 0 0.01756
12918.2 0 0.0176196
12918.4 0 0.0176792
12918.5 0 0.0177389
12918.7 0 0.0177985
12918.8 0 0.0178581
12918.9 0 0.0179176
12919.1 0 0.0179772
12919.3 0 0.0180368
12919.6 0 0.0180963
12920.2 0 0.0181556
12921.1 0 0.0182149
12922.2 0 0.0182741
12923.4 0 0.0183332
12924.8 0 0.0183922
12926.3 0 0.0184512
12927.9 0 0.0185102
12929.8 0 0.018569
12931.8 0 0.0186278
12933.7 0 0.0186866
12935.7 0 0.0187453
12937.6 0 0.0188041
12939.6 0 0.0188628
12941.8 0 0.0189214
12944.1 0 0.01898
12946.6 0 0.0190384
12949.3 0 0.0190969
12951.9 0 0.0191553
12954.5 0 0.0192137
12957.1 0 0.019272
12959.7 0 0.0193304
12962.3 0 0.0193887
12964.9 0 0.0194471
12967.5 0 0.0195054
12970.2 0 0.0195637
12973 0 0.0196219
12976 0 0.01968
12979.1 0 0.019738
12982.4 0 0.019796
12985.6 0 0.019854
12988.8 0 0.019912
12992 0 0.0199701
12995.2 0 0.0200281
12998.4 0 0.020086
13001.6 0 0.020144
13004.8 0 0.020202
13008 0 0.0202599
13011.2 0 0.0203178
13014.4 0 0.0203757
13017.6 0 0.0204336
13020.9 0 0.0204915
13024.2 0 0.0205493
13027.7 0 0.020607
13031.3 0 0.0206647
13035 0 0.0207222
13038.8 0 0.0207798
13042.5 0 0.0208373
13046.3 0 0.0208948
13050 0 0.0209523
13053.7 0 0.0210098
13057.5 0 0.0210672
13061.2 0 0.0211247
13064.9 0 0.0211821
13068.7 0 0.0212395
13072.4 0 0.0212969
13076.1 0 0.0213542
13079.8 0 0.0214116
13083.5 0 0.0214689
13087.2 0 0.0215262
13090.9 0 0.0215835
13094.6 0 0.0216408
13098.4 0 0.021698
13102.2 0 0.0217552
13106.1 0 0.0218123
13110 0 0.0218694
13114.2 0 0.0219263
13118.4 0 0.0219832
13122.6 0 0.0220401
13126.8 0 0.0220969
13130.9 0 0.0221537
13135.1 0 0.0222105
13139.3 0 0.0222673
13143.5 0 0.0223241
13147.6 0 0.0223808
13151.8 0 0.0224375
13155.9 0 0.0224942
13160.1 0 0.0225509
13164.3 0 0.0226075
13168.4 0 0.0226641
13172.5 0 0.0227207
13176.7 0 0.0227772
13180.8 0 0.0228338
13185 0 0.0228903
13189.1 0 0.0229468
13193.2 0 0.0230032
13197.4 0 0.0230597
13201.5 0 0.0231161
13205.6 0 0.0231725
13209.7 0 0.0232288
13213.9 0 0.0232852
13218.1 0 0.0233414
13222.4 0 0.0233976
13226.7 0 0.0234537
13231.2 0 0.0235098
13235.7 0 0.0235657
13240.2 0 0.0236216
13244.8 0 0.0236775
13249.3 0 0.0237333
13253.8 0 0.0237891
13258.3 0 0.0238449
13262.8 0 0.0239007
13267.3 0 0.0239564
13271.8 0 0.0240121
13276.3 0 0.0240677
13280.8 0 0.0241234
13285.3 0 0.024179
13289.8 0 0.0242345
13294.3 0 0.0242901
13298.7 0 0.0243456
13303.2 0 0.024401
13307.7 0 0.0244565
13312.2 0 0.0245119
13316.6 0 0.0245673
13321.1 0 0.0246226
13325.5 0 0.0246779
13330 0 0.0247332
13334.4 0 0.0247884
13338.9 0 0.0248437
13343.3 0 0.0248988
13347.7 0 0.024954
13352.2 0 0.0250091
13356.6 0 0.0250642
13361 0 0.0251193
13365.5 0 0.0251743
13369.9 0 0.0252293
13374.3 0 0.0252842
13378.8 0 0.0253391
13383.3 0 0.025394
13387.9 0 0.0254487
13392.5 0 0.0255034
13397.2 0 0.0255581
13402 0 0.0256125
13406.7 0 0.025667
13411.5 0 0.0257214
13416.2 0 0.0257757
13420.9 0 0.0258301
13425.7 0 0.0258844
13430.4 0 0.0259386
13435.1 0 0.0259929
13439.8 0 0.0260471
13444.5 0 0.0261012
13449.3 0 0.0261553
13454 0 0.0262094
13458.7 0 0.0262635
13463.4 0 0.0263175
13468.1 0 0.0263715
13472.8 0 0.0264254
13477.4 0 0.0264794
13482.1 0 0.0265332
13486.8 0 0.0265871
13491.5 0 0.0266409
13496.2 0 0.0266947
13500.8 0 0.0267484
13505.5 0 0.0268021
13510.1 0 0.0268558
13514.8 0 0.0269094
13519.5 0 0.026963
13524.1 0 0.0270166
13528.8 0 0.0270702
13533.4 0 0.0271237
13538 0 0.0271771
13542.7 0 0.0272306
13547.3 0 0.027284
13551.9 0 0.0273373
13556.6 0 0.0273907
13561.2 0 0.027444
13565.8 0 0.0274972
13570.4 0 0.0275505
13575 0 0.0276037
13579.6 0 0.0276568
13584.2 0 0.02771
13588.8 0 0.0277631
13593.4 0 0.0278161
13598 0 0.0278692
13602.7 0 0.0279223
13607.4 0 0.0279752
13612.1 0 0.0280281
13616.8 0 0.0280809
13621.6 0 0.0281338
13410.3 0 0.0280499
13470.1 0 0.0280603
13494.5 0 0.0280854
