0 -58.4752 -2.26119e-06
634.56 -472.352 -1.82781e-05
1173.57 -765.57 -2.96471e-05
1709.92 -1059.35 -4.10625e-05
2243.81 -1356.5 -5.26379e-05
2775.24 -1658.35 -6.44314e-05
3304.22 -1964.91 -7.64482e-05
3830.74 -2276.3 -8.8699e-05
4354.77 -2592.51 -0.000101189
4876.15 -2913.33 -0.000113918
5394.56 -3238.41 -0.000126876
5909.16 -3566.95 -0.000140039
6418.2 -3897.44 -0.00015335
6918.36 -4226.99 -0.0001667
7403.99 -4550.66 -0.000179888
7866.83 -4861.54 -0.000192631
8297.18 -5150.95 -0.000204562
8686.59 -5410.97 -0.000215342
9030.8 -5637 -0.00022476
9330.49 -5826.5 -0.000232691
9590.04 -5982.3 -0.000239235
9815.21 -6106.4 -0.000244465
10011.7 -6202.06 -0.000248505
10184.8 -6275.88 -0.000251629
10338.5 -6331.22 -0.000253975
10475.8 -6369.4 -0.000255595
10599.4 -6392.58 -0.000256579
10711.4 -6400.73 -0.000256925
10812.7 -6381.36 -0.000256176
10905.5 -6350.74 -0.000254992
10991.1 -6310.13 -0.000253422
11070.4 -6260.56 -0.000251505
11143.9 -6201.14 -0.000249207
11212.1 -6128.62 -0.000246403
11276 -6049.3 -0.000243336
11335.9 -5963.78 -0.000240029
11392.3 -5872.63 -0.000236505
11445.5 -5776.35 -0.000232782
11495.9 -5675.41 -0.000228879
11543.8 -5570.21 -0.000224811
11589.3 -5461.1 -0.000220592
11632.4 -5344.69 -0.00021609
11673.3 -5219.73 -0.000211258
11712.4 -5091.53 -0.000206301
11749.8 -4960.37 -0.00020123
11785.6 -4826.53 -0.000196054
11820.1 -4690.27 -0.000190785
11853.2 -4551.82 -0.000185431
11885.1 -4411.37 -0.000180001
11915.6 -4262.04 -0.000174226
11945 -4106.23 -0.000168201
11972.9 -3942.15 -0.000161857
11999.8 -3775.89 -0.000155428
12025.7 -3608.1 -0.00014894
12050.7 -3437.24 -0.000142333
12074.7 -3256.2 -0.000135333
12097.7 -3073.07 -0.000128251
12119.8 -2886.74 -0.000121046
12141.1 -2699.66 -0.000113812
12161.8 -2511.99 -0.000106556
12181.9 -2323.86 -9.92807e-05
12201.4 -2135.35 -9.19915e-05
12220.3 -1946.56 -8.46912e-05
12238.6 -1757.54 -7.73824e-05
12256.3 -1568.38 -7.0068e-05
12273.3 -1374.29 -6.25626e-05
12289.7 -1177.51 -5.49535e-05
12305.5 -980.728 -4.73445e-05
12320.9 -784.06 -3.97398e-05
12335.7 -587.254 -3.21297e-05
12349.8 -389.777 -2.44937e-05
12363.5 -192.738 -1.68745e-05
12376.5 0 -8.61652e-06
12388.8 0 1.98313e-07
12400.7 0 8.99925e-06
12412.4 0 1.77832e-05
12423.7 0 2.65481e-05
12434.7 0 3.52925e-05
12445.5 0 4.40161e-05
12455.9 0 5.2719e-05
12466.1 0 6.14022e-05
12476 0 7.00671e-05
12485.7 0 7.87154e-05
12495.1 0 8.7349e-05
12504.3 0 9.59697e-05
12513.2 0 0.000104579
12521.8 0 0.000113179
12530.3 0 0.00012177
12538.4 0 0.000130353
12546.4 0 0.000138929
12554.2 0 0.000147496
12561.7 0 0.000156055
12569 0 0.000164603
12576.2 0 0.00017314
12583.1 0 0.000181665
12589.9 0 0.000190174
12596.5 0 0.000198668
12603 0 0.000207143
12609.3 0 0.000215598
12615.5 0 0.000224032
12621.6 0 0.000232444
12627.5 0 0.000240831
12633.3 0 0.000249322
12638.9 0 0.0002581
12644.3 0 0.000267297
12649.5 0 0.000276671
12654.6 0 0.000286035
12659.6 0 0.000295415
12664.4 0 0.000304775
12669.2 0 0.000314116
12673.9 0 0.000323439
12678.6 0 0.000332744
12683.1 0 0.000342034
12687.6 0 0.000351309
12692 0 0.00036057
12696.3 0 0.000369821
12700.6 0 0.000379061
12704.8 0 0.000388293
12708.9 0 0.000397519
12713 0 0.000406741
12717 0 0.00041596
12720.9 0 0.000425178
12724.7 0 0.000434396
12728.5 0 0.000443616
12732.1 0 0.000452822
12735.7 0 0.000462013
12739.2 0 0.000471208
12742.7 0 0.000480398
12746 0 0.000489591
12749.3 0 0.000498788
12752.5 0 0.000508033
12755.5 0 0.000517587
12758.3 0 0.000527189
12761.2 0 0.000536797
12763.9 0 0.000546407
12766.6 0 0.000556019
12769.2 0 0.000565633
12771.7 0 0.000575529
12774.1 0 0.000585784
12776.4 0 0.000596042
12778.6 0 0.000606302
12780.8 0 0.000616563
12783 0 0.000626824
12785.1 0 0.000637082
12787.2 0 0.000647336
12789.2 0 0.000657585
12791.2 0 0.000667828
12793.2 0 0.000678063
12795.1 0 0.000688289
12797 0 0.000698506
12798.8 0 0.000708711
12800.6 0 0.000718905
12802.4 0 0.000729086
12804.2 0 0.000739254
12805.9 0 0.000749408
12807.7 0 0.000759548
12809.4 0 0.000769672
12811 0 0.000779781
12812.7 0 0.000789874
12814.3 0 0.000799951
12815.9 0 0.000810011
12817.5 0 0.000820054
12819.1 0 0.000830081
12820.7 0 0.00084009
12822.2 0 0.000850082
12823.7 0 0.000860057
12825.2 0 0.000870014
12826.7 0 0.000879955
12828.2 0 0.000889878
12829.7 0 0.000899784
12831.1 0 0.000909672
12832.6 0 0.000919544
12834 0 0.000929399
12835.4 0 0.000939238
12836.8 0 0.000949061
12838.2 0 0.000958867
12839.5 0 0.000968658
12840.9 0 0.000978433
12842.2 0 0.000988193
12843.6 0 0.000997938
12844.9 0 0.00100767
12846.2 0 0.00101738
12847.5 0 0.00102709
12848.7 0 0.00103678
12850 0 0.00104645
12851.3 0 0.00105612
12852.5 0 0.00106577
12853.7 0 0.00107541
12855 0 0.00108504
12856.2 0 0.00109466
12857.4 0 0.00110427
12858.5 0 0.00111387
12859.7 0 0.00112346
12860.9 0 0.00113303
12862 0 0.00114258
12863.1 0 0.00115213
12864.3 0 0.00116167
12865.4 0 0.0011712
12866.4 0 0.00118073
12867.5 0 0.00119025
12868.6 0 0.00119977
12869.6 0 0.00120929
12870.7 0 0.0012188
12871.7 0 0.00122831
12872.7 0 0.00123782
12873.7 0 0.00124733
12874.7 0 0.00125684
12875.7 0 0.00126635
12876.6 0 0.00127586
12877.5 0 0.00128537
12878.5 0 0.00129489
12879.4 0 0.0013044
12880.3 0 0.00131392
12881.2 0 0.00132344
12882 0 0.00133297
12882.9 0 0.0013425
12883.7 0 0.00135204
12884.6 0 0.00136158
12885.4 0 0.00137112
12886.2 0 0.00138067
12886.9 0 0.00139022
12887.7 0 0.00139979
12888.5 0 0.00140935
12889.2 0 0.00141892
12889.9 0 0.0014285
12890.6 0 0.00143808
12891.3 0 0.00144767
12892 0 0.00145727
12892.7 0 0.00146687
12893.3 0 0.00147647
12894 0 0.00148608
12894.6 0 0.00149569
12895.2 0 0.00150531
12895.8 0 0.00151494
12896.4 0 0.00152456
12897 0 0.00153419
12897.6 0 0.00154383
12898.1 0 0.00155347
12898.7 0 0.00156311
12899.2 0 0.00157275
12899.8 0 0.00158239
12900.3 0 0.00159208
12900.7 0 0.00160233
12901.2 0 0.00161259
12901.6 0 0.00162285
12902 0 0.00163312
12902.5 0 0.00164339
12902.9 0 0.00165366
12903.3 0 0.00166394
12903.7 0 0.00167422
12904.1 0 0.0016845
12904.5 0 0.00169478
12904.8 0 0.00170506
12905.2 0 0.00171535
12905.5 0 0.00172563
12905.9 0 0.00173591
12906.2 0 0.0017462
12906.6 0 0.00175648
12906.9 0 0.00176676
12907.2 0 0.00177704
12907.5 0 0.00178731
12907.9 0 0.00179759
12908.2 0 0.00180786
12908.5 0 0.00181813
12908.8 0 0.00182839
12909 0 0.00183866
12909.3 0 0.00184892
12909.6 0 0.00185917
12909.9 0 0.00186942
12910.2 0 0.00187967
12910.4 0 0.00188991
12910.7 0 0.00190015
12910.9 0 0.00191038
12911.2 0 0.00192061
12911.4 0 0.00193083
12911.7 0 0.00194105
12911.9 0 0.00195126
12912.2 0 0.00196146
12912.4 0 0.00197166
12912.6 0 0.00198186
12912.9 0 0.00199205
12913.1 0 0.00200223
12913.3 0 0.00201241
12913.5 0 0.00202258
12913.7 0 0.00203274
12913.9 0 0.0020429
12914.1 0 0.00205305
12914.3 0 0.0020632
12914.5 0 0.00207334
12914.7 0 0.00208347
12914.9 0 0.00209359
12915.1 0 0.00210371
12915.3 0 0.00211382
12915.5 0 0.00212393
12915.7 0 0.00213403
12915.9 0 0.00214412
12916 0 0.0021542
12916.2 0 0.00216428
12916.4 0 0.00217435
12916.6 0 0.00218441
12916.7 0 0.00219447
12916.9 0 0.00220452
12917 0 0.00221456
12917.2 0 0.0022246
12917.4 0 0.00223463
12917.5 0 0.00224465
12917.7 0 0.00225467
12917.8 0 0.00226467
12918 0 0.00227467
12918.1 0 0.00228467
12918.2 0 0.00229465
12918.4 0 0.00230463
12918.5 0 0.0023146
12918.7 0 0.00232457
12918.8 0 0.00233453
12918.9 0 0.00234448
12919.1 0 0.00235442
12919.3 0 0.00236434
12919.6 0 0.0023742
12920.2 0 0.002384
12921.1 0 0.0023937
12922.2 0 0.00240333
12923.4 0 0.00241291
12924.8 0 0.00242245
12926.3 0 0.00243194
12927.9 0 0.00244139
12929.8 0 0.00245074
12931.8 0 0.00246007
12933.7 0 0.00246939
12935.7 0 0.00247871
12937.6 0 0.00248801
12939.6 0 0.00249728
12941.8 0 0.0025065
12944.1 0 0.00251567
12946.6 0 0.00252476
12949.3 0 0.00253381
12951.9 0 0.00254285
12954.5 0 0.00255189
12957.1 0 0.00256091
12959.7 0 0.00256993
12962.3 0 0.00257893
12964.9 0 0.00258793
12967.5 0 0.00259691
12970.2 0 0.00260585
12973 0 0.00261475
12976 0 0.0026236
12979.1 0 0.00263236
12982.4 0 0.00264109
12985.6 0 0.0026498
12988.8 0 0.0026584
12992 0 0.00266699
12995.2 0 0.00267557
12998.4 0 0.00268413
13001.6 0 0.00269268
13004.8 0 0.00270122
13008 0 0.00270975
13011.2 0 0.00271826
13014.4 0 0.00272676
13017.6 0 0.00273525
13020.9 0 0.00274369
13024.2 0 0.00275209
13027.7 0 0.00276043
13031.3 0 0.00276869
13035 0 0.00277689
13038.8 0 0.00278508
13042.5 0 0.00279326
13046.3 0 0.00280142
13050 0 0.00280957
13053.7 0 0.0028177
13057.5 0 0.00282582
13061.2 0 0.00283392
13064.9 0 0.00284201
13068.7 0 0.00285008
13072.4 0 0.00285814
13076.1 0 0.00286618
13079.8 0 0.00287421
13083.5 0 0.00288222
13087.2 0 0.00289022
13090.9 0 0.0028982
13094.6 0 0.00290617
13098.4 0 0.0029141
13102.2 0 0.00292198
13106.1 0 0.00292981
13110 0 0.00293758
13114.2 0 0.00294526
13118.4 0 0.00295291
13122.6 0 0.00296054
13126.8 0 0.00296815
13130.9 0 0.00297574
13135.1 0 0.00298332
13139.3 0 0.00299088
13143.5 0 0.00299842
13147.6 0 0.00300594
13151.8 0 0.00301345
13155.9 0 0.00302093
13160.1 0 0.0030284
13164.3 0 0.00303585
13168.4 0 0.00304327
13172.5 0 0.00305068
13176.7 0 0.00305807
13180.8 0 0.00306544
13185 0 0.0030728
13189.1 0 0.00308013
13193.2 0 0.00308744
13197.4 0 0.00309473
13201.5 0 0.003102
13205.6 0 0.00310925
13209.7 0 0.00311648
13213.9 0 0.00312366
13218.1 0 0.00313079
13222.4 0 0.00313786
13226.7 0 0.00314487
13231.2 0 0.00315179
13235.7 0 0.00315866
13240.2 0 0.00316551
13244.8 0 0.00317234
13249.3 0 0.00317915
13253.8 0 0.00318593
13258.3 0 0.00319269
13262.8 0 0.00319942
13267.3 0 0.00320613
13271.8 0 0.00321282
13276.3 0 0.00321948
13280.8 0 0.00322612
13285.3 0 0.00323273
13289.8 0 0.00323932
13294.3 0 0.00324589
13298.7 0 0.00325243
13303.2 0 0.00325894
13307.7 0 0.00326543
13312.2 0 0.0032719
13316.6 0 0.00327834
13321.1 0 0.00328475
13325.5 0 0.00329114
13330 0 0.00329751
13334.4 0 0.00330385
13338.9 0 0.00331016
13343.3 0 0.00331645
13347.7 0 0.00332271
13352.2 0 0.00332894
13356.6 0 0.00333515
13361 0 0.00334133
13365.5 0 0.00334749
13369.9 0 0.00335362
13374.3 0 0.0033597
13378.8 0 0.00336572
13383.3 0 0.00337168
13387.9 0 0.00337758
13392.5 0 0.00338342
13397.2 0 0.00338913
13402 0 0.00339483
13406.7 0 0.0034005
13411.5 0 0.00340614
13416.2 0 0.00341175
13420.9 0 0.00341733
13425.7 0 0.00342289
13430.4 0 0.00342841
13435.1 0 0.00343391
13439.8 0 0.00343938
13444.5 0 0.00344482
13449.3 0 0.00345023
13454 0 0.00345561
13458.7 0 0.00346096
13463.4 0 0.00346628
13468.1 0 0.00347157
13472.8 0 0.00347683
13477.4 0 0.00348207
13482.1 0 0.00348727
13486.8 0 0.00349245
13491.5 0 0.00349759
13496.2 0 0.00350271
13500.8 0 0.0035078
13505.5 0 0.00351285
13510.1 0 0.00351788
13514.8 0 0.00352288
13519.5 0 0.00352785
13524.1 0 0.00353279
13528.8 0 0.0035377
13533.4 0 0.00354258
13538 0 0.00354743
13542.7 0 0.00355225
13547.3 0 0.00355705
13551.9 0 0.00356181
13556.6 0 0.00356654
13561.2 0 0.00357125
13565.8 0 0.00357592
13570.4 0 0.00358056
13575 0 0.00358518
13579.6 0 0.00358977
13584.2 0 0.00359432
13588.8 0 0.00359885
13593.4 0 0.00360334
13598 0 0.00360776
13602.7 0 0.00361213
13607.4 0 0.00361643
13612.1 0 0.00362067
13616.8 0 0.00362485
13621.6 0 0.00362889
13410.3 0 0.00349857
13470.1 0 0.00346122
13494.5 0 0.00343865
