0 -58.4752 -2.26119e-06
634.56 0 7.11313e-05
1173.57 0 0.000149165
1709.92 0 0.000227154
2243.81 0 0.000304982
2775.24 0 0.000382592
3304.22 0 0.00045998
3830.74 0 0.000537134
4354.77 0 0.000614048
4876.15 0 0.000690724
5394.56 0 0.000767171
5909.16 0 0.000843413
6418.2 0 0.000919505
6918.36 0 0.000995561
7403.99 0 0.00107178
7866.83 0 0.00114844
8297.18 0 0.00122591
8686.59 0 0.00130454
9030.8 0 0.00138452
9330.49 0 0.001466
9590.04 0 0.00154885
9815.21 0 0.00163302
10011.7 0 0.00171836
10184.8 0 0.00180462
10338.5 0 0.00189166
10475.8 0 0.00197945
10599.4 0 0.00206789
10711.4 0 0.00215697
10812.7 0 0.00224714
10905.5 0 0.00233773
10991.1 0 0.00242872
11070.4 0 0.00252005
11143.9 0 0.00261177
11212.1 0 0.00270399
11276 0 0.00279648
11335.9 0 0.00288921
11392.3 0 0.00298215
11445.5 0 0.0030753
11495.9 0 0.00316863
11543.8 0 0.00326212
11589.3 0 0.00335576
11632.4 0 0.00344968
11673.3 0 0.00354393
11712.4 0 0.00363831
11749.8 0 0.0037328
11785.6 0 0.00382739
11820.1 0 0.00392208
11853.2 0 0.00401685
11885.1 0 0.0041117
11915.6 0 0.00420688
11945 0 0.00430228
11972.9 0 0.00439802
11999.8 0 0.00449385
12025.7 0 0.00458973
12050.7 0 0.00468573
12074.7 0 0.0047821
12097.7 0 0.00487856
12119.8 0 0.00497516
12141.1 0 0.00507179
12161.8 0 0.00516845
12181.9 0 0.00526512
12201.4 0 0.00536181
12220.3 0 0.0054585
12238.6 0 0.00555521
12256.3 0 0.00565192
12273.3 0 0.00574883
12289.7 0 0.00584584
12305.5 0 0.00594285
12320.9 0 0.00603985
12335.7 0 0.00613688
12349.8 0 0.00623396
12363.5 0 0.00633104
12376.5 0 0.0064287
12388.8 0 0.00652689
12400.7 0 0.00662507
12412.4 0 0.00672323
12423.7 0 0.00682137
12434.7 0 0.00691949
12445.5 0 0.00701759
12455.9 0 0.00711567
12466.1 0 0.00721372
12476 0 0.00731176
12485.7 0 0.00740979
12495.1 0 0.00750779
12504.3 0 0.00760579
12513.2 0 0.00770377
12521.8 0 0.00780174
12530.3 0 0.0078997
12538.4 0 0.00799766
12546.4 0 0.0080956
12554.2 0 0.00819354
12561.7 0 0.00829147
12569 0 0.00838938
12576.2 0 0.00848729
12583.1 0 0.00858518
12589.9 0 0.00868306
12596.5 0 0.00878092
12603 0 0.00887877
12609.3 0 0.00897659
12615.5 0 0.00907439
12621.6 0 0.00917217
12627.5 0 0.00926993
12633.3 0 0.00936778
12638.9 0 0.0094659
12644.3 0 0.00956441
12649.5 0 0.00966308
12654.6 0 0.00976175
12659.6 0 0.00986046
12664.4 0 0.00995916
12669.2 0 0.0100578
12673.9 0 0.0101565
12678.6 0 0.0102551
12683.1 0 0.0103537
12687.6 0 0.0104523
12692 0 0.0105509
12696.3 0 0.0106495
12700.6 0 0.0107481
12704.8 0 0.0108466
12708.9 0 0.0109452
12713 0 0.0110437
12717 0 0.0111423
12720.9 0 0.0112408
12724.7 0 0.0113393
12728.5 0 0.0114379
12732.1 0 0.0115364
12735.7 0 0.011635
12739.2 0 0.0117335
12742.7 0 0.011832
12746 0 0.0119306
12749.3 0 0.0120291
12752.5 0 0.0121277
12755.5 0 0.0122267
12758.3 0 0.0123257
12761.2 0 0.0124247
12763.9 0 0.0125238
12766.6 0 0.0126228
12769.2 0 0.0127218
12771.7 0 0.0128211
12774.1 0 0.0129208
12776.4 0 0.0130205
12778.6 0 0.0131201
12780.8 0 0.0132198
12783 0 0.0133195
12785.1 0 0.0134191
12787.2 0 0.0135188
12789.2 0 0.0136185
12791.2 0 0.0137181
12793.2 0 0.0138178
12795.1 0 0.0139174
12797 0 0.0140171
12798.8 0 0.0141167
12800.6 0 0.0142163
12802.4 0 0.0143159
12804.2 0 0.0144155
12805.9 0 0.0145151
12807.7 0 0.0146146
12809.4 0 0.0147142
12811 0 0.0148137
12812.7 0 0.0149132
12814.3 0 0.0150127
12815.9 0 0.0151122
12817.5 0 0.0152117
12819.1 0 0.0153111
12820.7 0 0.0154106
12822.2 0 0.01551
12823.7 0 0.0156094
12825.2 0 0.0157088
12826.7 0 0.0158081
12828.2 0 0.0159075
12829.7 0 0.0160068
12831.1 0 0.0161061
12832.6 0 0.0162054
12834 0 0.0163047
12835.4 0 0.0164039
12836.8 0 0.0165032
12838.2 0 0.0166024
12839.5 0 0.0167016
12840.9 0 0.0168008
12842.2 0 0.0169
12843.6 0 0.0169992
12844.9 0 0.0170983
12846.2 0 0.0171975
12847.5 0 0.0172966
12848.7 0 0.0173957
12850 0 0.0174948
12851.3 0 0.0175939
12852.5 0 0.017693
12853.7 0 0.017792
12855 0 0.0178911
12856.2 0 0.0179901
12857.4 0 0.0180892
12858.5 0 0.0181882
12859.7 0 0.0182872
12860.9 0 0.0183862
12862 0 0.0184851
12863.1 0 0.0185841
12864.3 0 0.0186831
12865.4 0 0.018782
12866.4 0 0.018881
12867.5 0 0.0189799
12868.6 0 0.0190789
12869.6 0 0.0191778
12870.7 0 0.0192767
12871.7 0 0.0193757
12872.7 0 0.0194746
12873.7 0 0.0195735
12874.7 0 0.0196725
12875.7 0 0.0197714
12876.6 0 0.0198703
12877.5 0 0.0199692
12878.5 0 0.0200682
12879.4 0 0.0201671
12880.3 0 0.020266
12881.2 0 0.020365
12882 0 0.0204639
12882.9 0 0.0205629
12883.7 0 0.0206618
12884.6 0 0.0207608
12885.4 0 0.0208598
12886.2 0 0.0209587
12886.9 0 0.0210577
12887.7 0 0.0211567
12888.5 0 0.0212557
12889.2 0 0.0213547
12889.9 0 0.0214537
12890.6 0 0.0215527
12891.3 0 0.0216517
12892 0 0.0217507
12892.7 0 0.0218497
12893.3 0 0.0219488
12894 0 0.0220478
12894.6 0 0.0221468
12895.2 0 0.0222459
12895.8 0 0.0223449
12896.4 0 0.022444
12897 0 0.0225431
12897.6 0 0.0226421
12898.1 0 0.0227412
12898.7 0 0.0228402
12899.2 0 0.0229393
12899.8 0 0.0230384
12900.3 0 0.0231375
12900.7 0 0.0232372
12901.2 0 0.0233368
12901.6 0 0.0234365
12902 0 0.0235362
12902.5 0 0.0236359
12902.9 0 0.0237356
12903.3 0 0.0238352
12903.7 0 0.0239349
12904.1 0 0.0240346
12904.5 0 0.0241343
12904.8 0 0.024234
12905.2 0 0.0243337
12905.5 0 0.0244334
12905.9 0 0.0245331
12906.2 0 0.0246328
12906.6 0 0.0247325
12906.9 0 0.0248322
12907.2 0 0.0249319
12907.5 0 0.0250316
12907.9 0 0.0251313
12908.2 0 0.0252309
12908.5 0 0.0253306
12908.8 0 0.0254303
12909 0 0.02553
12909.3 0 0.0256297
12909.6 0 0.0257293
12909.9 0 0.025829
12910.2 0 0.0259286
12910.4 0 0.0260283
12910.7 0 0.026128
12910.9 0 0.0262276
12911.2 0 0.0263272
12911.4 0 0.0264269
12911.7 0 0.0265265
12911.9 0 0.0266261
12912.2 0 0.0267258
12912.4 0 0.0268254
12912.6 0 0.026925
12912.9 0 0.0270246
12913.1 0 0.0271242
12913.3 0 0.0272238
12913.5 0 0.0273234
12913.7 0 0.0274229
12913.9 0 0.0275225
12914.1 0 0.0276221
12914.3 0 0.0277216
12914.5 0 0.0278212
12914.7 0 0.0279207
12914.9 0 0.0280203
12915.1 0 0.0281198
12915.3 0 0.0282193
12915.5 0 0.0283188
12915.7 0 0.0284184
12915.9 0 0.0285179
12916 0 0.0286174
12916.2 0 0.0287169
12916.4 0 0.0288163
12916.6 0 0.0289158
12916.7 0 0.0290153
12916.9 0 0.0291148
12917 0 0.0292142
12917.2 0 0.0293137
12917.4 0 0.0294131
12917.5 0 0.0295125
12917.7 0 0.029612
12917.8 0 0.0297114
12918 0 0.0298108
12918.1 0 0.0299102
12918.2 0 0.0300096
12918.4 0 0.030109
12918.5 0 0.0302084
12918.7 0 0.0303078
12918.8 0 0.0304071
12918.9 0 0.0305065
12919.1 0 0.0306058
12919.3 0 0.0307052
12919.6 0 0.0308044
12920.2 0 0.0309037
12921.1 0 0.0310028
12922.2 0 0.0311018
12923.4 0 0.0312008
12924.8 0 0.0312997
12926.3 0 0.0313986
12927.9 0 0.0314975
12929.8 0 0.0315962
12931.8 0 0.031695
12933.7 0 0.0317937
12935.7 0 0.0318924
12937.6 0 0.0319911
12939.6 0 0.0320898
12941.8 0 0.0321884
12944.1 0 0.032287
12946.6 0 0.0323855
12949.3 0 0.0324839
12951.9 0 0.0325824
12954.5 0 0.0326808
12957.1 0 0.0327792
12959.7 0 0.0328776
12962.3 0 0.0329761
12964.9 0 0.0330744
12967.5 0 0.0331728
12970.2 0 0.0332712
12973 0 0.0333695
12976 0 0.0334677
12979.1 0 0.0335659
12982.4 0 0.033664
12985.6 0 0.0337621
12988.8 0 0.0338601
12992 0 0.0339581
12995.2 0 0.0340561
12998.4 0 0.034154
13001.6 0 0.034252
13004.8 0 0.0343499
13008 0 0.0344479
13011.2 0 0.0345458
13014.4 0 0.0346437
13017.6 0 0.0347416
13020.9 0 0.0348394
13024.2 0 0.0349372
13027.7 0 0.0350349
13031.3 0 0.0351326
13035 0 0.0352302
13038.8 0 0.0353278
13042.5 0 0.0354254
13046.3 0 0.0355229
13050 0 0.0356205
13053.7 0 0.035718
13057.5 0 0.0358155
13061.2 0 0.035913
13064.9 0 0.0360105
13068.7 0 0.036108
13072.4 0 0.0362054
13076.1 0 0.0363029
13079.8 0 0.0364003
13083.5 0 0.0364977
13087.2 0 0.0365951
13090.9 0 0.0366925
13094.6 0 0.0367899
13098.4 0 0.0368872
13102.2 0 0.0369845
13106.1 0 0.0370817
13110 0 0.0371789
13114.2 0 0.0372759
13118.4 0 0.037373
13122.6 0 0.03747
13126.8 0 0.037567
13130.9 0 0.037664
13135.1 0 0.037761
13139.3 0 0.0378579
13143.5 0 0.0379549
13147.6 0 0.0380518
13151.8 0 0.0381487
13155.9 0 0.0382455
13160.1 0 0.0383424
13164.3 0 0.0384392
13168.4 0 0.0385361
13172.5 0 0.0386329
13176.7 0 0.0387296
13180.8 0 0.0388264
13185 0 0.0389231
13189.1 0 0.0390199
13193.2 0 0.0391166
13197.4 0 0.0392132
13201.5 0 0.0393099
13205.6 0 0.0394065
13209.7 0 0.0395032
13213.9 0 0.0395997
13218.1 0 0.0396963
13222.4 0 0.0397927
13226.7 0 0.0398891
13231.2 0 0.0399854
13235.7 0 0.0400817
13240.2 0 0.0401779
13244.8 0 0.0402741
13249.3 0 0.0403703
13253.8 0 0.0404665
13258.3 0 0.0405626
13262.8 0 0.0406587
13267.3 0 0.0407548
13271.8 0 0.0408509
13276.3 0 0.040947
13280.8 0 0.041043
13285.3 0 0.041139
13289.8 0 0.0412349
13294.3 0 0.0413309
13298.7 0 0.0414268
13303.2 0 0.0415227
13307.7 0 0.0416186
13312.2 0 0.0417144
13316.6 0 0.0418102
13321.1 0 0.041906
13325.5 0 0.0420018
13330 0 0.0420976
13334.4 0 0.0421933
13338.9 0 0.042289
13343.3 0 0.0423846
13347.7 0 0.0424803
13352.2 0 0.0425759
13356.6 0 0.0426715
13361 0 0.042767
13365.5 0 0.0428626
13369.9 0 0.0429581
13374.3 0 0.0430535
13378.8 0 0.0431489
13383.3 0 0.0432443
13387.9 0 0.0433395
13392.5 0 0.0434348
13397.2 0 0.0435298
13402 0 0.0436249
13406.7 0 0.04372
13411.5 0 0.043815
13416.2 0 0.04391
13420.9 0 0.0440049
13425.7 0 0.0440998
13430.4 0 0.0441947
13435.1 0 0.0442896
13439.8 0 0.0443844
13444.5 0 0.0444792
13449.3 0 0.044574
13454 0 0.0446688
13458.7 0 0.0447635
13463.4 0 0.0448582
13468.1 0 0.0449528
13472.8 0 0.0450475
13477.4 0 0.0451421
13482.1 0 0.0452367
13486.8 0 0.0453312
13491.5 0 0.0454257
13496.2 0 0.0455202
13500.8 0 0.0456147
13505.5 0 0.0457091
13510.1 0 0.0458035
13514.8 0 0.0458978
13519.5 0 0.0459922
13524.1 0 0.0460865
13528.8 0 0.0461808
13533.4 0 0.046275
13538 0 0.0463692
13542.7 0 0.0464634
13547.3 0 0.0465576
13551.9 0 0.0466517
13556.6 0 0.0467458
13561.2 0 0.0468399
13565.8 0 0.0469339
13570.4 0 0.0470279
13575 0 0.0471219
13579.6 0 0.0472158
13584.2 0 0.0473098
13588.8 0 0.0474036
13593.4 0 0.0474975
13598 0 0.0475913
13602.7 0 0.047685
13607.4 0 0.0477787
13612.1 0 0.0478723
13616.8 0 0.0479658
13621.6 0 0.0480593
13410.3 0 0.0480182
13470.1 0 0.0480702
13494.5 0 0.0481369
