0 -58.4752 -2.26119e-06
634.56 0 9.86605e-05
1173.57 0 0.000204196
1709.92 0 0.000309691
2243.81 0 0.000415023
2775.24 0 0.00052014
3304.22 0 0.000625038
3830.74 0 0.000729702
4354.77 0 0.000834126
4876.15 0 0.000938311
5394.56 0 0.00104227
5909.16 0 0.00114602
6418.2 0 0.00124962
6918.36 0 0.00135318
7403.99 0 0.00145691
7866.83 0 0.00156108
8297.18 0 0.00166606
8686.59 0 0.0017722
9030.8 0 0.0018797
9330.49 0 0.00198867
9590.04 0 0.00209903
9815.21 0 0.00221066
10011.7 0 0.00232343
10184.8 0 0.00243711
10338.5 0 0.00255157
10475.8 0 0.00266689
10599.4 0 0.00278291
10711.4 0 0.00289961
10812.7 0 0.00301732
10905.5 0 0.00313547
10991.1 0 0.00325402
11070.4 0 0.00337291
11143.9 0 0.00349219
11212.1 0 0.00361198
11276 0 0.00373205
11335.9 0 0.00385235
11392.3 0 0.00397288
11445.5 0 0.0040936
11495.9 0 0.00421451
11543.8 0 0.00433559
11589.3 0 0.00445682
11632.4 0 0.00457832
11673.3 0 0.00470014
11712.4 0 0.00482208
11749.8 0 0.00494414
11785.6 0 0.0050663
11820.1 0 0.00518856
11853.2 0 0.0053109
11885.1 0 0.00543332
11915.6 0 0.00555598
11945 0 0.00567881
11972.9 0 0.00580202
11999.8 0 0.00592532
12025.7 0 0.00604867
12050.7 0 0.00617212
12074.7 0 0.00629586
12097.7 0 0.00641971
12119.8 0 0.0065438
12141.1 0 0.00666791
12161.8 0 0.00679205
12181.9 0 0.0069162
12201.4 0 0.00704036
12220.3 0 0.00716454
12238.6 0 0.00728872
12256.3 0 0.00741291
12273.3 0 0.0075373
12289.7 0 0.0076618
12305.5 0 0.00778631
12320.9 0 0.00791081
12335.7 0 0.00803538
12349.8 0 0.00816018
12363.5 0 0.00828496
12376.5 0 0.00841014
12388.8 0 0.00853573
12400.7 0 0.0086613
12412.4 0 0.00878685
12423.7 0 0.00891238
12434.7 0 0.00903789
12445.5 0 0.00916338
12455.9 0 0.00928884
12466.1 0 0.00941428
12476 0 0.0095397
12485.7 0 0.00966511
12495.1 0 0.00979049
12504.3 0 0.00991587
12513.2 0 0.0100412
12521.8 0 0.0101666
12530.3 0 0.0102919
12538.4 0 0.0104172
12546.4 0 0.0105425
12554.2 0 0.0106678
12561.7 0 0.0107931
12569 0 0.0109184
12576.2 0 0.0110437
12583.1 0 0.0111689
12589.9 0 0.0112942
12596.5 0 0.0114194
12603 0 0.0115446
12609.3 0 0.0116698
12615.5 0 0.0117949
12621.6 0 0.0119201
12627.5 0 0.0120452
12633.3 0 0.0121704
12638.9 0 0.0122957
12644.3 0 0.0124214
12649.5 0 0.0125471
12654.6 0 0.0126729
12659.6 0 0.0127988
12664.4 0 0.0129247
12669.2 0 0.0130506
12673.9 0 0.0131765
12678.6 0 0.0133023
12683.1 0 0.0134281
12687.6 0 0.0135539
12692 0 0.0136797
12696.3 0 0.0138055
12700.6 0 0.0139312
12704.8 0 0.014057
12708.9 0 0.0141827
12713 0 0.0143084
12717 0 0.0144341
12720.9 0 0.0145598
12724.7 0 0.0146855
12728.5 0 0.0148112
12732.1 0 0.014937
12735.7 0 0.0150628
12739.2 0 0.0151886
12742.7 0 0.0153145
12746 0 0.0154403
12749.3 0 0.0155661
12752.5 0 0.015692
12755.5 0 0.0158185
12758.3 0 0.0159451
12761.2 0 0.0160716
12763.9 0 0.0161982
12766.6 0 0.0163248
12769.2 0 0.0164514
12771.7 0 0.0165783
12774.1 0 0.0167054
12776.4 0 0.0168326
12778.6 0 0.0169598
12780.8 0 0.017087
12783 0 0.0172143
12785.1 0 0.0173415
12787.2 0 0.0174687
12789.2 0 0.0175959
12791.2 0 0.0177231
12793.2 0 0.0178503
12795.1 0 0.0179775
12797 0 0.0181047
12798.8 0 0.0182319
12800.6 0 0.0183591
12802.4 0 0.0184863
12804.2 0 0.0186135
12805.9 0 0.0187406
12807.7 0 0.0188678
12809.4 0 0.0189949
12811 0 0.019122
12812.7 0 0.0192491
12814.3 0 0.0193762
12815.9 0 0.0195033
12817.5 0 0.0196303
12819.1 0 0.0197573
12820.7 0 0.0198844
12822.2 0 0.0200114
12823.7 0 0.0201384
12825.2 0 0.0202653
12826.7 0 0.0203923
12828.2 0 0.0205192
12829.7 0 0.0206461
12831.1 0 0.020773
12832.6 0 0.0208999
12834 0 0.0210268
12835.4 0 0.0211536
12836.8 0 0.0212805
12838.2 0 0.0214073
12839.5 0 0.0215341
12840.9 0 0.0216609
12842.2 0 0.0217876
12843.6 0 0.0219144
12844.9 0 0.0220411
12846.2 0 0.0221678
12847.5 0 0.0222945
12848.7 0 0.0224212
12850 0 0.0225479
12851.3 0 0.0226746
12852.5 0 0.0228012
12853.7 0 0.0229279
12855 0 0.0230545
12856.2 0 0.0231811
12857.4 0 0.0233077
12858.5 0 0.0234343
12859.7 0 0.0235609
12860.9 0 0.0236874
12862 0 0.023814
12863.1 0 0.0239405
12864.3 0 0.0240671
12865.4 0 0.0241936
12866.4 0 0.0243201
12867.5 0 0.0244466
12868.6 0 0.0245732
12869.6 0 0.0246997
12870.7 0 0.0248262
12871.7 0 0.0249527
12872.7 0 0.0250792
12873.7 0 0.0252057
12874.7 0 0.0253322
12875.7 0 0.0254587
12876.6 0 0.0255852
12877.5 0 0.0257117
12878.5 0 0.0258382
12879.4 0 0.0259647
12880.3 0 0.0260912
12881.2 0 0.0262177
12882 0 0.0263443
12882.9 0 0.0264708
12883.7 0 0.0265973
12884.6 0 0.0267239
12885.4 0 0.0268504
12886.2 0 0.0269769
12886.9 0 0.0271035
12887.7 0 0.0272301
12888.5 0 0.0273566
12889.2 0 0.0274832
12889.9 0 0.0276098
12890.6 0 0.0277364
12891.3 0 0.027863
12892 0 0.0279896
12892.7 0 0.0281162
12893.3 0 0.0282428
12894 0 0.0283695
12894.6 0 0.0284961
12895.2 0 0.0286227
12895.8 0 0.0287494
12896.4 0 0.028876
12897 0 0.0290027
12897.6 0 0.0291294
12898.1 0 0.029256
12898.7 0 0.0293827
12899.2 0 0.0295094
12899.8 0 0.0296361
12900.3 0 0.0297628
12900.7 0 0.02989
12901.2 0 0.0300172
12901.6 0 0.0301444
12902 0 0.0302716
12902.5 0 0.0303988
12902.9 0 0.0305261
12903.3 0 0.0306533
12903.7 0 0.0307805
12904.1 0 0.0309077
12904.5 0 0.031035
12904.8 0 0.0311622
12905.2 0 0.0312894
12905.5 0 0.0314167
12905.9 0 0.0315439
12906.2 0 0.0316712
12906.6 0 0.0317984
12906.9 0 0.0319256
12907.2 0 0.0320529
12907.5 0 0.0321801
12907.9 0 0.0323073
12908.2 0 0.0324346
12908.5 0 0.0325618
12908.8 0 0.032689
12909 0 0.0328163
12909.3 0 0.0329435
12909.6 0 0.0330707
12909.9 0 0.0331979
12910.2 0 0.0333251
12910.4 0 0.0334523
12910.7 0 0.0335795
12910.9 0 0.0337067
12911.2 0 0.0338339
12911.4 0 0.0339611
12911.7 0 0.0340883
12911.9 0 0.0342155
12912.2 0 0.0343426
12912.4 0 0.0344698
12912.6 0 0.0345969
12912.9 0 0.0347241
12913.1 0 0.0348512
12913.3 0 0.0349784
12913.5 0 0.0351055
12913.7 0 0.0352326
12913.9 0 0.0353598
12914.1 0 0.0354869
12914.3 0 0.035614
12914.5 0 0.0357411
12914.7 0 0.0358682
12914.9 0 0.0359953
12915.1 0 0.0361224
12915.3 0 0.0362494
12915.5 0 0.0363765
12915.7 0 0.0365036
12915.9 0 0.0366306
12916 0 0.0367577
12916.2 0 0.0368847
12916.4 0 0.0370117
12916.6 0 0.0371387
12916.7 0 0.0372658
12916.9 0 0.0373928
12917 0 0.0375198
12917.2 0 0.0376468
12917.4 0 0.0377737
12917.5 0 0.0379007
12917.7 0 0.0380277
12917.8 0 0.0381547
12918 0 0.0382816
12918.1 0 0.0384086
12918.2 0 0.0385355
12918.4 0 0.0386624
12918.5 0 0.0387894
12918.7 0 0.0389163
12918.8 0 0.0390432
12918.9 0 0.0391701
12919.1 0 0.039297
12919.3 0 0.0394239
12919.6 0 0.0395507
12920.2 0 0.0396774
12921.1 0 0.0398041
12922.2 0 0.0399306
12923.4 0 0.0400571
12924.8 0 0.0401836
12926.3 0 0.04031
12927.9 0 0.0404364
12929.8 0 0.0405626
12931.8 0 0.0406889
12933.7 0 0.0408151
12935.7 0 0.0409413
12937.6 0 0.0410675
12939.6 0 0.0411937
12941.8 0 0.0413198
12944.1 0 0.0414459
12946.6 0 0.0415719
12949.3 0 0.0416978
12951.9 0 0.0418238
12954.5 0 0.0419497
12957.1 0 0.0420756
12959.7 0 0.0422015
12962.3 0 0.0423274
12964.9 0 0.0424533
12967.5 0 0.0425791
12970.2 0 0.042705
12973 0 0.0428307
12976 0 0.0429564
12979.1 0 0.0430821
12982.4 0 0.0432077
12985.6 0 0.0433333
12988.8 0 0.0434588
12992 0 0.0435842
12995.2 0 0.0437097
12998.4 0 0.0438352
13001.6 0 0.0439606
13004.8 0 0.0440861
13008 0 0.0442115
13011.2 0 0.0443369
13014.4 0 0.0444623
13017.6 0 0.0445877
13020.9 0 0.0447131
13024.2 0 0.0448384
13027.7 0 0.0449636
13031.3 0 0.0450888
13035 0 0.0452138
13038.8 0 0.0453389
13042.5 0 0.045464
13046.3 0 0.045589
13050 0 0.0457141
13053.7 0 0.0458391
13057.5 0 0.0459641
13061.2 0 0.0460891
13064.9 0 0.046214
13068.7 0 0.046339
13072.4 0 0.0464639
13076.1 0 0.0465888
13079.8 0 0.0467137
13083.5 0 0.0468386
13087.2 0 0.0469635
13090.9 0 0.0470884
13094.6 0 0.0472132
13098.4 0 0.047338
13102.2 0 0.0474628
13106.1 0 0.0475875
13110 0 0.0477121
13114.2 0 0.0478367
13118.4 0 0.0479612
13122.6 0 0.0480857
13126.8 0 0.0482101
13130.9 0 0.0483346
13135.1 0 0.048459
13139.3 0 0.0485834
13143.5 0 0.0487078
13147.6 0 0.0488322
13151.8 0 0.0489566
13155.9 0 0.0490809
13160.1 0 0.0492052
13164.3 0 0.0493295
13168.4 0 0.0494538
13172.5 0 0.049578
13176.7 0 0.0497023
13180.8 0 0.0498265
13185 0 0.0499507
13189.1 0 0.0500748
13193.2 0 0.050199
13197.4 0 0.0503231
13201.5 0 0.0504472
13205.6 0 0.0505713
13209.7 0 0.0506954
13213.9 0 0.0508194
13218.1 0 0.0509434
13222.4 0 0.0510673
13226.7 0 0.0511911
13231.2 0 0.0513149
13235.7 0 0.0514386
13240.2 0 0.0515622
13244.8 0 0.0516859
13249.3 0 0.0518095
13253.8 0 0.0519331
13258.3 0 0.0520566
13262.8 0 0.0521802
13267.3 0 0.0523037
13271.8 0 0.0524272
13276.3 0 0.0525507
13280.8 0 0.0526741
13285.3 0 0.0527975
13289.8 0 0.0529209
13294.3 0 0.0530443
13298.7 0 0.0531676
13303.2 0 0.0532909
13307.7 0 0.0534142
13312.2 0 0.0535374
13316.6 0 0.0536607
13321.1 0 0.0537839
13325.5 0 0.0539071
13330 0 0.0540302
13334.4 0 0.0541533
13338.9 0 0.0542764
13343.3 0 0.0543995
13347.7 0 0.0545225
13352.2 0 0.0546455
13356.6 0 0.0547685
13361 0 0.0548915
13365.5 0 0.0550144
13369.9 0 0.0551373
13374.3 0 0.0552602
13378.8 0 0.055383
13383.3 0 0.0555057
13387.9 0 0.0556284
13392.5 0 0.055751
13397.2 0 0.0558735
13402 0 0.0559959
13406.7 0 0.0561183
13411.5 0 0.0562407
13416.2 0 0.0563631
13420.9 0 0.0564854
13425.7 0 0.0566077
13430.4 0 0.05673
13435.1 0 0.0568522
13439.8 0 0.0569744
13444.5 0 0.0570966
13449.3 0 0.0572188
13454 0 0.0573409
13458.7 0 0.057463
13463.4 0 0.057585
13468.1 0 0.057707
13472.8 0 0.057829
13477.4 0 0.057951
13482.1 0 0.0580729
13486.8 0 0.0581948
13491.5 0 0.0583167
13496.2 0 0.0584385
13500.8 0 0.0585604
13505.5 0 0.0586821
13510.1 0 0.0588039
13514.8 0 0.0589256
13519.5 0 0.0590473
13524.1 0 0.0591689
13528.8 0 0.0592906
13533.4 0 0.0594122
13538 0 0.0595337
13542.7 0 0.0596553
13547.3 0 0.0597768
13551.9 0 0.0598983
13556.6 0 0.0600197
13561.2 0 0.0601411
13565.8 0 0.0602625
13570.4 0 0.0603838
13575 0 0.0605052
13579.6 0 0.0606265
13584.2 0 0.0607477
13588.8 0 0.060869
13593.4 0 0.0609901
13598 0 0.0611113
13602.7 0 0.0612324
13607.4 0 0.0613534
13612.1 0 0.0614744
13616.8 0 0.0615953
13621.6 0 0.0617161
13410.3 0 0.061702
13470.1 0 0.0617811
13494.5 0 0.061875
