0 -58.4752 -2.26119e-06
634.56 -62.7832 -2.42779e-06
1173.57 0 1.96446e-06
1709.92 0 6.32406e-06
2243.81 0 1.05173e-05
2775.24 0 1.45006e-05
3304.22 0 1.82691e-05
3830.74 0 2.18059e-05
4354.77 0 2.51024e-05
4876.15 0 2.81598e-05
5394.56 0 3.0987e-05
5909.16 0 3.36085e-05
6418.2 0 3.60805e-05
6918.36 0 3.85146e-05
7403.99 0 4.11127e-05
7866.83 0 4.41538e-05
8297.18 0 4.80077e-05
8686.59 0 5.30183e-05
9030.8 0 5.93929e-05
9330.49 0 6.72271e-05
9590.04 0 7.64245e-05
9815.21 0 8.68428e-05
10011.7 0 9.83252e-05
10184.8 0 0.000110687
10338.5 0 0.000123842
10475.8 0 0.000138083
10599.4 0 0.000153114
10711.4 0 0.000168912
10812.7 0 0.000185573
10905.5 0 0.000202682
10991.1 0 0.000220192
11070.4 0 0.000238062
11143.9 0 0.000256326
11212.1 0 0.000275114
11276 0 0.000294178
11335.9 0 0.000313492
11392.3 0 0.000333033
11445.5 0 0.000352779
11495.9 0 0.000372712
11543.8 0 0.000392816
11589.3 0 0.000413078
11632.4 0 0.000433594
11673.3 0 0.000454396
11712.4 0 0.000475327
11749.8 0 0.000496374
11785.6 0 0.000517528
11820.1 0 0.000538778
11853.2 0 0.000560115
11885.1 0 0.000581532
11915.6 0 0.000603005
11945 0 0.000624532
11972.9 0 0.000646536
11999.8 0 0.000668632
12025.7 0 0.000690781
12050.7 0 0.000712988
12074.7 0 0.000735298
12097.7 0 0.000757799
12119.8 0 0.000780698
12141.1 0 0.000803624
12161.8 0 0.000826569
12181.9 0 0.000849531
12201.4 0 0.000872504
12220.3 0 0.000895486
12238.6 0 0.000918474
12256.3 0 0.000941465
12273.3 0 0.000964686
12289.7 0 0.000988032
12305.5 0 0.00101138
12320.9 0 0.00103472
12335.7 0 0.00105824
12349.8 0 0.00108232
12363.5 0 0.00110639
12376.5 0 0.00113045
12388.8 0 0.00115468
12400.7 0 0.00117888
12412.4 0 0.00120306
12423.7 0 0.00122722
12434.7 0 0.00125136
12445.5 0 0.00127546
12455.9 0 0.00129955
12466.1 0 0.00132361
12476 0 0.00134764
12485.7 0 0.00137165
12495.1 0 0.00139565
12504.3 0 0.00141962
12513.2 0 0.00144358
12521.8 0 0.00146752
12530.3 0 0.00149144
12538.4 0 0.00151535
12546.4 0 0.00153925
12554.2 0 0.00156314
12561.7 0 0.001587
12569 0 0.00161086
12576.2 0 0.0016347
12583.1 0 0.00165852
12589.9 0 0.00168233
12596.5 0 0.00170612
12603 0 0.00172988
12609.3 0 0.00175363
12615.5 0 0.00177735
12621.6 0 0.00180105
12627.5 0 0.00182473
12633.3 0 0.0018484
12638.9 0 0.00187213
12644.3 0 0.00189586
12649.5 0 0.00191959
12654.6 0 0.0019434
12659.6 0 0.00196759
12664.4 0 0.00199175
12669.2 0 0.00201588
12673.9 0 0.00203999
12678.6 0 0.00206407
12683.1 0 0.00208813
12687.6 0 0.00211216
12692 0 0.00213617
12696.3 0 0.00216016
12700.6 0 0.00218412
12704.8 0 0.00220806
12708.9 0 0.00223198
12713 0 0.00225588
12717 0 0.00227977
12720.9 0 0.00230363
12724.7 0 0.00232748
12728.5 0 0.00235131
12732.1 0 0.00237534
12735.7 0 0.0023996
12739.2 0 0.00242384
12742.7 0 0.00244808
12746 0 0.00247231
12749.3 0 0.00249653
12752.5 0 0.00252093
12755.5 0 0.00254631
12758.3 0 0.00257183
12761.2 0 0.00259736
12763.9 0 0.0026229
12766.6 0 0.00264846
12769.2 0 0.00267404
12771.7 0 0.00269983
12774.1 0 0.00272592
12776.4 0 0.00275202
12778.6 0 0.00277814
12780.8 0 0.00280427
12783 0 0.00283042
12785.1 0 0.00285658
12787.2 0 0.00288275
12789.2 0 0.00290892
12791.2 0 0.00293511
12793.2 0 0.00296129
12795.1 0 0.00298748
12797 0 0.00301367
12798.8 0 0.00303986
12800.6 0 0.00306604
12802.4 0 0.00309222
12804.2 0 0.0031184
12805.9 0 0.00314456
12807.7 0 0.00317072
12809.4 0 0.00319687
12811 0 0.003223
12812.7 0 0.00324913
12814.3 0 0.00327524
12815.9 0 0.00330134
12817.5 0 0.00332742
12819.1 0 0.00335349
12820.7 0 0.00337954
12822.2 0 0.00340557
12823.7 0 0.00343159
12825.2 0 0.00345759
12826.7 0 0.00348358
12828.2 0 0.00350955
12829.7 0 0.0035355
12831.1 0 0.00356143
12832.6 0 0.00358734
12834 0 0.00361323
12835.4 0 0.00363911
12836.8 0 0.00366497
12838.2 0 0.00369081
12839.5 0 0.00371664
12840.9 0 0.00374244
12842.2 0 0.00376823
12843.6 0 0.003794
12844.9 0 0.00381976
12846.2 0 0.0038455
12847.5 0 0.00387122
12848.7 0 0.00389692
12850 0 0.00392261
12851.3 0 0.00394829
12852.5 0 0.00397395
12853.7 0 0.0039996
12855 0 0.00402523
12856.2 0 0.00405085
12857.4 0 0.00407646
12858.5 0 0.00410205
12859.7 0 0.00412764
12860.9 0 0.00415321
12862 0 0.00417878
12863.1 0 0.00420433
12864.3 0 0.00422988
12865.4 0 0.00425542
12866.4 0 0.00428095
12867.5 0 0.00430647
12868.6 0 0.00433199
12869.6 0 0.00435751
12870.7 0 0.00438302
12871.7 0 0.00440852
12872.7 0 0.00443403
12873.7 0 0.00445953
12874.7 0 0.00448503
12875.7 0 0.00451053
12876.6 0 0.00453603
12877.5 0 0.00456154
12878.5 0 0.00458704
12879.4 0 0.00461255
12880.3 0 0.00463807
12881.2 0 0.00466358
12882 0 0.00468911
12882.9 0 0.00471463
12883.7 0 0.00474017
12884.6 0 0.00476571
12885.4 0 0.00479126
12886.2 0 0.00481682
12886.9 0 0.00484239
12887.7 0 0.00486797
12888.5 0 0.00489356
12889.2 0 0.00491915
12889.9 0 0.00494476
12890.6 0 0.00497038
12891.3 0 0.00499601
12892 0 0.00502165
12892.7 0 0.0050473
12893.3 0 0.00507296
12894 0 0.00509864
12894.6 0 0.00512432
12895.2 0 0.00515002
12895.8 0 0.00517572
12896.4 0 0.00520144
12897 0 0.00522717
12897.6 0 0.00525291
12898.1 0 0.00527865
12898.7 0 0.00530441
12899.2 0 0.00533017
12899.8 0 0.00535595
12900.3 0 0.00538175
12900.7 0 0.00540785
12901.2 0 0.00543397
12901.6 0 0.00546009
12902 0 0.00548622
12902.5 0 0.00551236
12902.9 0 0.0055385
12903.3 0 0.00556465
12903.7 0 0.00559081
12904.1 0 0.00561697
12904.5 0 0.00564313
12904.8 0 0.0056693
12905.2 0 0.00569547
12905.5 0 0.00572165
12905.9 0 0.00574783
12906.2 0 0.005774
12906.6 0 0.00580018
12906.9 0 0.00582637
12907.2 0 0.00585255
12907.5 0 0.00587873
12907.9 0 0.00590491
12908.2 0 0.00593109
12908.5 0 0.00595726
12908.8 0 0.00598344
12909 0 0.00600961
12909.3 0 0.00603578
12909.6 0 0.00606195
12909.9 0 0.00608812
12910.2 0 0.00611428
12910.4 0 0.00614044
12910.7 0 0.00616659
12910.9 0 0.00619274
12911.2 0 0.00621888
12911.4 0 0.00624502
12911.7 0 0.00627116
12911.9 0 0.00629729
12912.2 0 0.00632341
12912.4 0 0.00634953
12912.6 0 0.00637564
12912.9 0 0.00640174
12913.1 0 0.00642784
12913.3 0 0.00645394
12913.5 0 0.00648002
12913.7 0 0.0065061
12913.9 0 0.00653218
12914.1 0 0.00655824
12914.3 0 0.0065843
12914.5 0 0.00661036
12914.7 0 0.0066364
12914.9 0 0.00666244
12915.1 0 0.00668847
12915.3 0 0.00671449
12915.5 0 0.00674051
12915.7 0 0.00676652
12915.9 0 0.00679252
12916 0 0.00681851
12916.2 0 0.0068445
12916.4 0 0.00687048
12916.6 0 0.00689644
12916.7 0 0.00692241
12916.9 0 0.00694836
12917 0 0.00697431
12917.2 0 0.00700024
12917.4 0 0.00702617
12917.5 0 0.0070521
12917.7 0 0.00707801
12917.8 0 0.00710392
12918 0 0.00712981
12918.1 0 0.0071557
12918.2 0 0.00718158
12918.4 0 0.00720746
12918.5 0 0.00723332
12918.7 0 0.00725918
12918.8 0 0.00728503
12918.9 0 0.00731087
12919.1 0 0.0073367
12919.3 0 0.0073625
12919.6 0 0.00738824
12920.2 0 0.0074139
12921.1 0 0.00743944
12922.2 0 0.0074649
12923.4 0 0.0074903
12924.8 0 0.00751566
12926.3 0 0.00754096
12927.9 0 0.0075662
12929.8 0 0.00759134
12931.8 0 0.00761645
12933.7 0 0.00764154
12935.7 0 0.00766663
12937.6 0 0.0076917
12939.6 0 0.00771673
12941.8 0 0.0077417
12944.1 0 0.00776662
12946.6 0 0.00779144
12949.3 0 0.00781621
12951.9 0 0.00784097
12954.5 0 0.00786572
12957.1 0 0.00789046
12959.7 0 0.00791519
12962.3 0 0.0079399
12964.9 0 0.0079646
12967.5 0 0.00798929
12970.2 0 0.00801392
12973 0 0.0080385
12976 0 0.00806303
12979.1 0 0.00808746
12982.4 0 0.00811184
12985.6 0 0.00813621
12988.8 0 0.00816057
12992 0 0.00818492
12995.2 0 0.00820925
12998.4 0 0.00823357
13001.6 0 0.00825787
13004.8 0 0.00828217
13008 0 0.00830644
13011.2 0 0.00833071
13014.4 0 0.00835496
13017.6 0 0.00837919
13020.9 0 0.00840338
13024.2 0 0.00842752
13027.7 0 0.00845159
13031.3 0 0.00847561
13035 0 0.00849951
13038.8 0 0.00852342
13042.5 0 0.00854731
13046.3 0 0.00857118
13050 0 0.00859503
13053.7 0 0.00861887
13057.5 0 0.00864269
13061.2 0 0.0086665
13064.9 0 0.00869029
13068.7 0 0.00871406
13072.4 0 0.00873781
13076.1 0 0.00876155
13079.8 0 0.00878527
13083.5 0 0.00880897
13087.2 0 0.00883265
13090.9 0 0.00885632
13094.6 0 0.00887997
13098.4 0 0.00890358
13102.2 0 0.00892714
13106.1 0 0.00895064
13110 0 0.00897408
13114.2 0 0.00899743
13118.4 0 0.00902072
13122.6 0 0.00904399
13126.8 0 0.00906725
13130.9 0 0.00909048
13135.1 0 0.00911369
13139.3 0 0.00913688
13143.5 0 0.00916004
13147.6 0 0.00918319
13151.8 0 0.00920632
13155.9 0 0.00922942
13160.1 0 0.0092525
13164.3 0 0.00927556
13168.4 0 0.00929859
13172.5 0 0.00932161
13176.7 0 0.0093446
13180.8 0 0.00936757
13185 0 0.00939051
13189.1 0 0.00941344
13193.2 0 0.00943633
13197.4 0 0.00945921
13201.5 0 0.00948206
13205.6 0 0.00950489
13209.7 0 0.0095277
13213.9 0 0.00955046
13218.1 0 0.00957316
13222.4 0 0.0095958
13226.7 0 0.00961838
13231.2 0 0.00964087
13235.7 0 0.00966327
13240.2 0 0.00968565
13244.8 0 0.009708
13249.3 0 0.00973033
13253.8 0 0.00975262
13258.3 0 0.00977489
13262.8 0 0.00979713
13267.3 0 0.00981934
13271.8 0 0.00984152
13276.3 0 0.00986368
13280.8 0 0.00988581
13285.3 0 0.00990791
13289.8 0 0.00992998
13294.3 0 0.00995202
13298.7 0 0.00997403
13303.2 0 0.00999601
13307.7 0 0.010018
13312.2 0 0.0100399
13316.6 0 0.0100618
13321.1 0 0.0100837
13325.5 0 0.0101055
13330 0 0.0101273
13334.4 0 0.0101491
13338.9 0 0.0101708
13343.3 0 0.0101925
13347.7 0 0.0102142
13352.2 0 0.0102359
13356.6 0 0.0102575
13361 0 0.0102791
13365.5 0 0.0103007
13369.9 0 0.0103222
13374.3 0 0.0103437
13378.8 0 0.0103652
13383.3 0 0.0103865
13387.9 0 0.0104079
13392.5 0 0.0104291
13397.2 0 0.0104503
13402 0 0.0104713
13406.7 0 0.0104923
13411.5 0 0.0105133
13416.2 0 0.0105343
13420.9 0 0.0105552
13425.7 0 0.0105761
13430.4 0 0.0105969
13435.1 0 0.0106178
13439.8 0 0.0106386
13444.5 0 0.0106593
13449.3 0 0.0106801
13454 0 0.0107008
13458.7 0 0.0107214
13463.4 0 0.010742
13468.1 0 0.0107626
13472.8 0 0.0107832
13477.4 0 0.0108037
13482.1 0 0.0108242
13486.8 0 0.0108447
13491.5 0 0.0108651
13496.2 0 0.0108855
13500.8 0 0.0109059
13505.5 0 0.0109262
13510.1 0 0.0109465
13514.8 0 0.0109668
13519.5 0 0.0109871
13524.1 0 0.0110073
13528.8 0 0.0110274
13533.4 0 0.0110476
13538 0 0.0110677
13542.7 0 0.0110878
13547.3 0 0.0111078
13551.9 0 0.0111278
13556.6 0 0.0111478
13561.2 0 0.0111678
13565.8 0 0.0111877
13570.4 0 0.0112076
13575 0 0.0112274
13579.6 0 0.0112472
13584.2 0 0.011267
13588.8 0 0.0112868
13593.4 0 0.0113065
13598 0 0.0113262
13602.7 0 0.0113459
13607.4 0 0.0113655
13612.1 0 0.011385
13616.8 0 0.0114044
13621.6 0 0.0114238
13410.3 0 0.0113075
13470.1 0 0.0112848
13494.5 0 0.0112769
