0 -58.4752 -2.26119e-06
634.56 0 7.25414e-05
1173.57 0 0.00015203
1709.92 0 0.000231467
2243.81 0 0.000310746
2775.24 0 0.000389804
3304.22 0 0.000468635
3830.74 0 0.00054723
4354.77 0 0.000625587
4876.15 0 0.000703706
5394.56 0 0.000781595
5909.16 0 0.00085928
6418.2 0 0.000936817
6918.36 0 0.00101432
7403.99 0 0.00109197
7866.83 0 0.00117008
8297.18 0 0.001249
8686.59 0 0.00132906
9030.8 0 0.00141049
9330.49 0 0.00149341
9590.04 0 0.00157774
9815.21 0 0.00166341
10011.7 0 0.00175033
10184.8 0 0.00183819
10338.5 0 0.00192681
10475.8 0 0.002016
10599.4 0 0.00210577
10711.4 0 0.00219612
10812.7 0 0.00228766
10905.5 0 0.00237963
10991.1 0 0.00247198
11070.4 0 0.00256467
11143.9 0 0.00265774
11212.1 0 0.0027513
11276 0 0.00284513
11335.9 0 0.00293919
11392.3 0 0.00303346
11445.5 0 0.00312793
11495.9 0 0.00322257
11543.8 0 0.00331738
11589.3 0 0.00341233
11632.4 0 0.00350758
11673.3 0 0.00360318
11712.4 0 0.00369891
11749.8 0 0.00379474
11785.6 0 0.00389068
11820.1 0 0.00398672
11853.2 0 0.00408283
11885.1 0 0.00417902
11915.6 0 0.00427568
11945 0 0.00437268
11972.9 0 0.00446992
11999.8 0 0.00456725
12025.7 0 0.00466464
12050.7 0 0.00476217
12074.7 0 0.00486023
12097.7 0 0.00495831
12119.8 0 0.00505641
12141.1 0 0.00515453
12161.8 0 0.00525267
12181.9 0 0.00535084
12201.4 0 0.00544902
12220.3 0 0.00554721
12238.6 0 0.00564541
12256.3 0 0.00574362
12273.3 0 0.00584201
12289.7 0 0.00594048
12305.5 0 0.00603896
12320.9 0 0.00613744
12335.7 0 0.00623584
12349.8 0 0.00633404
12363.5 0 0.00643222
12376.5 0 0.00653131
12388.8 0 0.00663114
12400.7 0 0.00673095
12412.4 0 0.00683075
12423.7 0 0.00693053
12434.7 0 0.00703029
12445.5 0 0.00713004
12455.9 0 0.00722976
12466.1 0 0.00732947
12476 0 0.00742916
12485.7 0 0.00752884
12495.1 0 0.00762851
12504.3 0 0.00772816
12513.2 0 0.00782781
12521.8 0 0.00792745
12530.3 0 0.00802708
12538.4 0 0.00812671
12546.4 0 0.00822633
12554.2 0 0.00832595
12561.7 0 0.00842556
12569 0 0.00852516
12576.2 0 0.00862475
12583.1 0 0.00872434
12589.9 0 0.0088239
12596.5 0 0.00892346
12603 0 0.00902299
12609.3 0 0.00912251
12615.5 0 0.00922201
12621.6 0 0.00932148
12627.5 0 0.00942093
12633.3 0 0.00952053
12638.9 0 0.00962051
12644.3 0 0.0097211
12649.5 0 0.00982194
12654.6 0 0.00992273
12659.6 0 0.0100234
12664.4 0 0.010124
12669.2 0 0.0102246
12673.9 0 0.0103252
12678.6 0 0.0104258
12683.1 0 0.0105264
12687.6 0 0.010627
12692 0 0.0107275
12696.3 0 0.0108281
12700.6 0 0.0109286
12704.8 0 0.0110292
12708.9 0 0.0111297
12713 0 0.0112302
12717 0 0.0113308
12720.9 0 0.0114314
12724.7 0 0.0115319
12728.5 0 0.0116325
12732.1 0 0.011733
12735.7 0 0.0118333
12739.2 0 0.0119337
12742.7 0 0.012034
12746 0 0.0121344
12749.3 0 0.0122348
12752.5 0 0.0123351
12755.5 0 0.0124355
12758.3 0 0.0125359
12761.2 0 0.0126363
12763.9 0 0.0127367
12766.6 0 0.0128371
12769.2 0 0.0129375
12771.7 0 0.0130382
12774.1 0 0.0131392
12776.4 0 0.0132403
12778.6 0 0.0133414
12780.8 0 0.0134425
12783 0 0.0135435
12785.1 0 0.0136446
12787.2 0 0.0137456
12789.2 0 0.0138467
12791.2 0 0.0139477
12793.2 0 0.0140487
12795.1 0 0.0141497
12797 0 0.0142507
12798.8 0 0.0143517
12800.6 0 0.0144526
12802.4 0 0.0145535
12804.2 0 0.0146545
12805.9 0 0.0147554
12807.7 0 0.0148563
12809.4 0 0.0149571
12811 0 0.015058
12812.7 0 0.0151588
12814.3 0 0.0152596
12815.9 0 0.0153604
12817.5 0 0.0154612
12819.1 0 0.015562
12820.7 0 0.0156627
12822.2 0 0.0157635
12823.7 0 0.0158642
12825.2 0 0.0159649
12826.7 0 0.0160655
12828.2 0 0.0161662
12829.7 0 0.0162668
12831.1 0 0.0163675
12832.6 0 0.0164681
12834 0 0.0165687
12835.4 0 0.0166692
12836.8 0 0.0167698
12838.2 0 0.0168703
12839.5 0 0.0169709
12840.9 0 0.0170714
12842.2 0 0.0171719
12843.6 0 0.0172724
12844.9 0 0.0173729
12846.2 0 0.0174733
12847.5 0 0.0175738
12848.7 0 0.0176742
12850 0 0.0177746
12851.3 0 0.017875
12852.5 0 0.0179754
12853.7 0 0.0180758
12855 0 0.0181762
12856.2 0 0.0182766
12857.4 0 0.018377
12858.5 0 0.0184773
12859.7 0 0.0185777
12860.9 0 0.018678
12862 0 0.0187783
12863.1 0 0.0188786
12864.3 0 0.0189789
12865.4 0 0.0190792
12866.4 0 0.0191794
12867.5 0 0.0192797
12868.6 0 0.01938
12869.6 0 0.0194803
12870.7 0 0.0195805
12871.7 0 0.0196808
12872.7 0 0.0197811
12873.7 0 0.0198813
12874.7 0 0.0199816
12875.7 0 0.0200819
12876.6 0 0.0201821
12877.5 0 0.0202824
12878.5 0 0.0203827
12879.4 0 0.020483
12880.3 0 0.0205832
12881.2 0 0.0206835
12882 0 0.0207838
12882.9 0 0.0208841
12883.7 0 0.0209844
12884.6 0 0.0210847
12885.4 0 0.021185
12886.2 0 0.0212853
12886.9 0 0.0213856
12887.7 0 0.0214859
12888.5 0 0.0215862
12889.2 0 0.0216865
12889.9 0 0.0217868
12890.6 0 0.0218872
12891.3 0 0.0219875
12892 0 0.0220878
12892.7 0 0.0221881
12893.3 0 0.0222885
12894 0 0.0223888
12894.6 0 0.0224891
12895.2 0 0.0225895
12895.8 0 0.0226898
12896.4 0 0.0227902
12897 0 0.0228905
12897.6 0 0.0229909
12898.1 0 0.0230912
12898.7 0 0.0231915
12899.2 0 0.0232919
12899.8 0 0.0233922
12900.3 0 0.0234926
12900.7 0 0.0235937
12901.2 0 0.0236948
12901.6 0 0.0237959
12902 0 0.0238969
12902.5 0 0.023998
12902.9 0 0.0240991
12903.3 0 0.0242002
12903.7 0 0.0243013
12904.1 0 0.0244024
12904.5 0 0.0245034
12904.8 0 0.0246045
12905.2 0 0.0247056
12905.5 0 0.0248067
12905.9 0 0.0249078
12906.2 0 0.0250089
12906.6 0 0.02511
12906.9 0 0.025211
12907.2 0 0.0253121
12907.5 0 0.0254132
12907.9 0 0.0255142
12908.2 0 0.0256153
12908.5 0 0.0257164
12908.8 0 0.0258174
12909 0 0.0259185
12909.3 0 0.0260195
12909.6 0 0.0261206
12909.9 0 0.0262216
12910.2 0 0.0263227
12910.4 0 0.0264237
12910.7 0 0.0265247
12910.9 0 0.0266258
12911.2 0 0.0267268
12911.4 0 0.0268278
12911.7 0 0.0269288
12911.9 0 0.0270298
12912.2 0 0.0271308
12912.4 0 0.0272318
12912.6 0 0.0273328
12912.9 0 0.0274338
12913.1 0 0.0275347
12913.3 0 0.0276357
12913.5 0 0.0277367
12913.7 0 0.0278376
12913.9 0 0.0279386
12914.1 0 0.0280395
12914.3 0 0.0281404
12914.5 0 0.0282414
12914.7 0 0.0283423
12914.9 0 0.0284432
12915.1 0 0.0285441
12915.3 0 0.028645
12915.5 0 0.0287459
12915.7 0 0.0288468
12915.9 0 0.0289477
12916 0 0.0290486
12916.2 0 0.0291495
12916.4 0 0.0292503
12916.6 0 0.0293512
12916.7 0 0.029452
12916.9 0 0.0295529
12917 0 0.0296537
12917.2 0 0.0297546
12917.4 0 0.0298554
12917.5 0 0.0299562
12917.7 0 0.030057
12917.8 0 0.0301578
12918 0 0.0302586
12918.1 0 0.0303594
12918.2 0 0.0304602
12918.4 0 0.030561
12918.5 0 0.0306617
12918.7 0 0.0307625
12918.8 0 0.0308633
12918.9 0 0.030964
12919.1 0 0.0310648
12919.3 0 0.0311655
12919.6 0 0.0312662
12920.2 0 0.0313668
12921.1 0 0.0314673
12922.2 0 0.0315678
12923.4 0 0.0316682
12924.8 0 0.0317685
12926.3 0 0.0318689
12927.9 0 0.0319692
12929.8 0 0.0320694
12931.8 0 0.0321696
12933.7 0 0.0322697
12935.7 0 0.0323699
12937.6 0 0.0324701
12939.6 0 0.0325702
12941.8 0 0.0326703
12944.1 0 0.0327703
12946.6 0 0.0328703
12949.3 0 0.0329702
12951.9 0 0.0330701
12954.5 0 0.03317
12957.1 0 0.0332699
12959.7 0 0.0333698
12962.3 0 0.0334697
12964.9 0 0.0335696
12967.5 0 0.0336694
12970.2 0 0.0337693
12973 0 0.0338691
12976 0 0.0339688
12979.1 0 0.0340685
12982.4 0 0.0341681
12985.6 0 0.0342677
12988.8 0 0.0343672
12992 0 0.0344666
12995.2 0 0.0345661
12998.4 0 0.0346655
13001.6 0 0.0347649
13004.8 0 0.0348643
13008 0 0.0349637
13011.2 0 0.0350631
13014.4 0 0.0351624
13017.6 0 0.0352618
13020.9 0 0.0353611
13024.2 0 0.0354603
13027.7 0 0.0355595
13031.3 0 0.0356587
13035 0 0.0357578
13038.8 0 0.0358568
13042.5 0 0.0359559
13046.3 0 0.0360549
13050 0 0.0361539
13053.7 0 0.036253
13057.5 0 0.036352
13061.2 0 0.0364509
13064.9 0 0.0365499
13068.7 0 0.0366489
13072.4 0 0.0367478
13076.1 0 0.0368468
13079.8 0 0.0369457
13083.5 0 0.0370446
13087.2 0 0.0371435
13090.9 0 0.0372423
13094.6 0 0.0373412
13098.4 0 0.03744
13102.2 0 0.0375388
13106.1 0 0.0376375
13110 0 0.0377362
13114.2 0 0.0378348
13118.4 0 0.0379333
13122.6 0 0.0380319
13126.8 0 0.0381304
13130.9 0 0.0382289
13135.1 0 0.0383274
13139.3 0 0.0384258
13143.5 0 0.0385243
13147.6 0 0.0386227
13151.8 0 0.0387212
13155.9 0 0.0388196
13160.1 0 0.038918
13164.3 0 0.0390163
13168.4 0 0.0391147
13172.5 0 0.039213
13176.7 0 0.0393113
13180.8 0 0.0394096
13185 0 0.0395079
13189.1 0 0.0396062
13193.2 0 0.0397044
13197.4 0 0.0398026
13201.5 0 0.0399009
13205.6 0 0.039999
13209.7 0 0.0400972
13213.9 0 0.0401953
13218.1 0 0.0402934
13222.4 0 0.0403914
13226.7 0 0.0404894
13231.2 0 0.0405872
13235.7 0 0.040685
13240.2 0 0.0407829
13244.8 0 0.0408806
13249.3 0 0.0409784
13253.8 0 0.0410762
13258.3 0 0.0411739
13262.8 0 0.0412716
13267.3 0 0.0413693
13271.8 0 0.0414669
13276.3 0 0.0415646
13280.8 0 0.0416622
13285.3 0 0.0417598
13289.8 0 0.0418573
13294.3 0 0.0419549
13298.7 0 0.0420524
13303.2 0 0.0421499
13307.7 0 0.0422474
13312.2 0 0.0423448
13316.6 0 0.0424423
13321.1 0 0.0425397
13325.5 0 0.0426371
13330 0 0.0427344
13334.4 0 0.0428317
13338.9 0 0.0429291
13343.3 0 0.0430263
13347.7 0 0.0431236
13352.2 0 0.0432208
13356.6 0 0.0433181
13361 0 0.0434153
13365.5 0 0.0435124
13369.9 0 0.0436096
13374.3 0 0.0437066
13378.8 0 0.0438037
13383.3 0 0.0439006
13387.9 0 0.0439975
13392.5 0 0.0440944
13397.2 0 0.0441911
13402 0 0.0442878
13406.7 0 0.0443845
13411.5 0 0.0444812
13416.2 0 0.0445779
13420.9 0 0.0446745
13425.7 0 0.0447711
13430.4 0 0.0448676
13435.1 0 0.0449642
13439.8 0 0.0450607
13444.5 0 0.0451572
13449.3 0 0.0452536
13454 0 0.0453501
13458.7 0 0.0454465
13463.4 0 0.0455429
13468.1 0 0.0456392
13472.8 0 0.0457355
13477.4 0 0.0458318
13482.1 0 0.0459281
13486.8 0 0.0460243
13491.5 0 0.0461205
13496.2 0 0.0462167
13500.8 0 0.0463129
13505.5 0 0.046409
13510.1 0 0.0465051
13514.8 0 0.0466011
13519.5 0 0.0466972
13524.1 0 0.0467932
13528.8 0 0.0468892
13533.4 0 0.0469851
13538 0 0.0470811
13542.7 0 0.047177
13547.3 0 0.0472728
13551.9 0 0.0473687
13556.6 0 0.0474645
13561.2 0 0.0475603
13565.8 0 0.047656
13570.4 0 0.0477517
13575 0 0.0478474
13579.6 0 0.0479431
13584.2 0 0.0480388
13588.8 0 0.0481344
13593.4 0 0.0482299
13598 0 0.0483254
13602.7 0 0.0484209
13607.4 0 0.0485162
13612.1 0 0.0486115
13616.8 0 0.0487068
13621.6 0 0.0488018
13410.3 0 0.0487632
13470.1 0 0.0488171
13494.5 0 0.0488859
