0 -58.4752 -2.26119e-06
634.56 -223.938 -8.66126e-06
1173.57 -269.304 -1.04167e-05
1709.92 -315.845 -1.22179e-05
2243.81 -366.516 -1.41794e-05
2775.24 -422.797 -1.63587e-05
3304.22 -484.82 -1.87611e-05
3830.74 -552.855 -2.13973e-05
4354.77 -627.039 -2.42731e-05
4876.15 -707.326 -2.7387e-05
5394.56 -793.479 -3.07305e-05
5909.16 -884.852 -3.42788e-05
6418.2 -979.991 -3.79761e-05
6918.36 -1076.02 -4.1711e-05
7403.99 -1167.84 -4.52849e-05
7866.83 -1248.14 -4.8413e-05
8297.18 -1307.58 -5.07302e-05
8686.59 -1337.46 -5.18954e-05
9030.8 -1332.37 -5.16986e-05
9330.49 -1288.84 -5.00153e-05
9590.04 -1209.49 -4.69471e-05
9815.21 -1096.21 -4.25668e-05
10011.7 -952.313 -3.70025e-05
10184.8 -784.737 -3.05227e-05
10338.5 -597.024 -2.32642e-05
10475.8 -390.203 -1.52668e-05
10599.4 -166.801 -6.6283e-06
10711.4 0 2.65312e-06
10812.7 0 1.30212e-05
10905.5 0 2.38244e-05
10991.1 0 3.5015e-05
11070.4 0 4.65521e-05
11143.9 0 5.84708e-05
11212.1 0 7.08964e-05
11276 0 8.35857e-05
11335.9 0 9.65149e-05
11392.3 0 0.000109662
11445.5 0 0.000123008
11495.9 0 0.000136535
11543.8 0 0.000150226
11589.3 0 0.000164069
11632.4 0 0.000178193
11673.3 0 0.000192646
11712.4 0 0.000207224
11749.8 0 0.000221917
11785.6 0 0.000236714
11820.1 0 0.000251605
11853.2 0 0.00026658
11885.1 0 0.000281632
11915.6 0 0.000297018
11945 0 0.000312647
11972.9 0 0.000328602
11999.8 0 0.000344641
12025.7 0 0.000360739
12050.7 0 0.000376954
12074.7 0 0.000393552
12097.7 0 0.000410235
12119.8 0 0.000427051
12141.1 0 0.000443896
12161.8 0 0.000460764
12181.9 0 0.000477649
12201.4 0 0.00049455
12220.3 0 0.000511461
12238.6 0 0.00052838
12256.3 0 0.000545305
12273.3 0 0.000562423
12289.7 0 0.000579644
12305.5 0 0.000596866
12320.9 0 0.000614084
12335.7 0 0.000631313
12349.8 0 0.000648587
12363.5 0 0.000665844
12376.5 0 0.000683717
12388.8 0 0.000702133
12400.7 0 0.000720535
12412.4 0 0.00073892
12423.7 0 0.000757285
12434.7 0 0.00077563
12445.5 0 0.000793954
12455.9 0 0.000812256
12466.1 0 0.000830539
12476 0 0.000848804
12485.7 0 0.000867052
12495.1 0 0.000885285
12504.3 0 0.000903504
12513.2 0 0.000921713
12521.8 0 0.000939911
12530.3 0 0.000958101
12538.4 0 0.000976282
12546.4 0 0.000994455
12554.2 0 0.00101262
12561.7 0 0.00103078
12569 0 0.00104892
12576.2 0 0.00106706
12583.1 0 0.00108518
12589.9 0 0.00110328
12596.5 0 0.00112138
12603 0 0.00113945
12609.3 0 0.0011575
12615.5 0 0.00117553
12621.6 0 0.00119354
12627.5 0 0.00121152
12633.3 0 0.00122961
12638.9 0 0.00124797
12644.3 0 0.00126674
12649.5 0 0.00128567
12654.6 0 0.0013046
12659.6 0 0.00132356
12664.4 0 0.0013425
12669.2 0 0.00136142
12673.9 0 0.00138032
12678.6 0 0.00139921
12683.1 0 0.00141808
12687.6 0 0.00143693
12692 0 0.00145577
12696.3 0 0.00147459
12700.6 0 0.00149341
12704.8 0 0.00151222
12708.9 0 0.00153102
12713 0 0.00154982
12717 0 0.00156861
12720.9 0 0.0015874
12724.7 0 0.00160619
12728.5 0 0.00162499
12732.1 0 0.00164377
12735.7 0 0.00166255
12739.2 0 0.00168134
12742.7 0 0.00170011
12746 0 0.00171889
12749.3 0 0.00173768
12752.5 0 0.00175652
12755.5 0 0.00177568
12758.3 0 0.00179491
12761.2 0 0.00181413
12763.9 0 0.00183336
12766.6 0 0.0018526
12769.2 0 0.00187183
12771.7 0 0.00189135
12774.1 0 0.00191122
12776.4 0 0.00193109
12778.6 0 0.00195097
12780.8 0 0.00197085
12783 0 0.00199073
12785.1 0 0.0020106
12787.2 0 0.00203048
12789.2 0 0.00205034
12791.2 0 0.00207021
12793.2 0 0.00209006
12795.1 0 0.00210991
12797 0 0.00212975
12798.8 0 0.00214957
12800.6 0 0.00216939
12802.4 0 0.00218919
12804.2 0 0.00220898
12805.9 0 0.00222876
12807.7 0 0.00224852
12809.4 0 0.00226827
12811 0 0.002288
12812.7 0 0.00230772
12814.3 0 0.00232742
12815.9 0 0.0023471
12817.5 0 0.00236677
12819.1 0 0.00238642
12820.7 0 0.00240605
12822.2 0 0.00242567
12823.7 0 0.00244527
12825.2 0 0.00246485
12826.7 0 0.00248441
12828.2 0 0.00250396
12829.7 0 0.00252349
12831.1 0 0.002543
12832.6 0 0.0025625
12834 0 0.00258198
12835.4 0 0.00260144
12836.8 0 0.00262088
12838.2 0 0.00264031
12839.5 0 0.00265973
12840.9 0 0.00267913
12842.2 0 0.00269851
12843.6 0 0.00271788
12844.9 0 0.00273723
12846.2 0 0.00275657
12847.5 0 0.0027759
12848.7 0 0.00279521
12850 0 0.00281451
12851.3 0 0.00283379
12852.5 0 0.00285307
12853.7 0 0.00287233
12855 0 0.00289159
12856.2 0 0.00291083
12857.4 0 0.00293006
12858.5 0 0.00294928
12859.7 0 0.0029685
12860.9 0 0.00298768
12862 0 0.00300686
12863.1 0 0.00302603
12864.3 0 0.00304519
12865.4 0 0.00306434
12866.4 0 0.00308349
12867.5 0 0.00310264
12868.6 0 0.00312178
12869.6 0 0.00314092
12870.7 0 0.00316006
12871.7 0 0.00317919
12872.7 0 0.00319832
12873.7 0 0.00321745
12874.7 0 0.00323658
12875.7 0 0.00325572
12876.6 0 0.00327485
12877.5 0 0.00329398
12878.5 0 0.00331312
12879.4 0 0.00333226
12880.3 0 0.0033514
12881.2 0 0.00337054
12882 0 0.00338969
12882.9 0 0.00340884
12883.7 0 0.003428
12884.6 0 0.00344716
12885.4 0 0.00346633
12886.2 0 0.0034855
12886.9 0 0.00350468
12887.7 0 0.00352386
12888.5 0 0.00354305
12889.2 0 0.00356224
12889.9 0 0.00358144
12890.6 0 0.00360065
12891.3 0 0.00361986
12892 0 0.00363908
12892.7 0 0.0036583
12893.3 0 0.00367753
12894 0 0.00369677
12894.6 0 0.00371601
12895.2 0 0.00373525
12895.8 0 0.0037545
12896.4 0 0.00377375
12897 0 0.00379301
12897.6 0 0.00381227
12898.1 0 0.00383153
12898.7 0 0.0038508
12899.2 0 0.00387007
12899.8 0 0.00388934
12900.3 0 0.00390865
12900.7 0 0.00392852
12901.2 0 0.0039484
12901.6 0 0.00396828
12902 0 0.00398816
12902.5 0 0.00400805
12902.9 0 0.00402794
12903.3 0 0.00404783
12903.7 0 0.00406773
12904.1 0 0.00408763
12904.5 0 0.00410753
12904.8 0 0.00412743
12905.2 0 0.00414733
12905.5 0 0.00416723
12905.9 0 0.00418713
12906.2 0 0.00420703
12906.6 0 0.00422693
12906.9 0 0.00424683
12907.2 0 0.00426673
12907.5 0 0.00428663
12907.9 0 0.00430652
12908.2 0 0.00432641
12908.5 0 0.0043463
12908.8 0 0.00436618
12909 0 0.00438606
12909.3 0 0.00440594
12909.6 0 0.00442581
12909.9 0 0.00444568
12910.2 0 0.00446555
12910.4 0 0.00448541
12910.7 0 0.00450527
12910.9 0 0.00452512
12911.2 0 0.00454497
12911.4 0 0.00456481
12911.7 0 0.00458464
12911.9 0 0.00460448
12912.2 0 0.0046243
12912.4 0 0.00464412
12912.6 0 0.00466393
12912.9 0 0.00468374
12913.1 0 0.00470354
12913.3 0 0.00472334
12913.5 0 0.00474313
12913.7 0 0.00476291
12913.9 0 0.00478269
12914.1 0 0.00480246
12914.3 0 0.00482222
12914.5 0 0.00484198
12914.7 0 0.00486173
12914.9 0 0.00488148
12915.1 0 0.00490122
12915.3 0 0.00492095
12915.5 0 0.00494067
12915.7 0 0.00496039
12915.9 0 0.0049801
12916 0 0.0049998
12916.2 0 0.0050195
12916.4 0 0.00503919
12916.6 0 0.00505887
12916.7 0 0.00507855
12916.9 0 0.00509821
12917 0 0.00511788
12917.2 0 0.00513753
12917.4 0 0.00515718
12917.5 0 0.00517682
12917.7 0 0.00519645
12917.8 0 0.00521608
12918 0 0.0052357
12918.1 0 0.00525531
12918.2 0 0.00527491
12918.4 0 0.00529451
12918.5 0 0.0053141
12918.7 0 0.00533369
12918.8 0 0.00535326
12918.9 0 0.00537283
12919.1 0 0.00539239
12919.3 0 0.00541192
12919.6 0 0.00543141
12920.2 0 0.00545082
12921.1 0 0.00547014
12922.2 0 0.00548938
12923.4 0 0.00550858
12924.8 0 0.00552774
12926.3 0 0.00554684
12927.9 0 0.0055659
12929.8 0 0.00558487
12931.8 0 0.00560382
12933.7 0 0.00562275
12935.7 0 0.00564168
12937.6 0 0.0056606
12939.6 0 0.00567948
12941.8 0 0.00569831
12944.1 0 0.0057171
12946.6 0 0.0057358
12949.3 0 0.00575446
12951.9 0 0.00577312
12954.5 0 0.00579176
12957.1 0 0.0058104
12959.7 0 0.00582903
12962.3 0 0.00584765
12964.9 0 0.00586625
12967.5 0 0.00588485
12970.2 0 0.0059034
12973 0 0.00592191
12976 0 0.00594036
12979.1 0 0.00595874
12982.4 0 0.00597708
12985.6 0 0.0059954
12988.8 0 0.00601361
12992 0 0.00603182
12995.2 0 0.00605001
12998.4 0 0.00606818
13001.6 0 0.00608635
13004.8 0 0.0061045
13008 0 0.00612264
13011.2 0 0.00614077
13014.4 0 0.00615888
13017.6 0 0.00617698
13020.9 0 0.00619504
13024.2 0 0.00621304
13027.7 0 0.006231
13031.3 0 0.00624888
13035 0 0.00626669
13038.8 0 0.00628449
13042.5 0 0.00630228
13046.3 0 0.00632005
13050 0 0.00633781
13053.7 0 0.00635555
13057.5 0 0.00637328
13061.2 0 0.006391
13064.9 0 0.00640869
13068.7 0 0.00642638
13072.4 0 0.00644405
13076.1 0 0.0064617
13079.8 0 0.00647934
13083.5 0 0.00649697
13087.2 0 0.00651458
13090.9 0 0.00653217
13094.6 0 0.00654975
13098.4 0 0.00656729
13102.2 0 0.00658478
13106.1 0 0.00660222
13110 0 0.0066196
13114.2 0 0.00663689
13118.4 0 0.00665414
13122.6 0 0.00667138
13126.8 0 0.00668861
13130.9 0 0.00670581
13135.1 0 0.006723
13139.3 0 0.00674017
13143.5 0 0.00675732
13147.6 0 0.00677445
13151.8 0 0.00679156
13155.9 0 0.00680865
13160.1 0 0.00682573
13164.3 0 0.00684278
13168.4 0 0.00685982
13172.5 0 0.00687684
13176.7 0 0.00689383
13180.8 0 0.00691081
13185 0 0.00692777
13189.1 0 0.00694471
13193.2 0 0.00696163
13197.4 0 0.00697853
13201.5 0 0.00699541
13205.6 0 0.00701226
13209.7 0 0.0070291
13213.9 0 0.00704589
13218.1 0 0.00706262
13222.4 0 0.0070793
13226.7 0 0.00709592
13231.2 0 0.00711244
13235.7 0 0.00712892
13240.2 0 0.00714538
13244.8 0 0.00716181
13249.3 0 0.00717822
13253.8 0 0.00719461
13258.3 0 0.00721097
13262.8 0 0.00722731
13267.3 0 0.00724363
13271.8 0 0.00725992
13276.3 0 0.00727618
13280.8 0 0.00729243
13285.3 0 0.00730864
13289.8 0 0.00732484
13294.3 0 0.007341
13298.7 0 0.00735715
13303.2 0 0.00737327
13307.7 0 0.00738936
13312.2 0 0.00740543
13316.6 0 0.00742147
13321.1 0 0.00743749
13325.5 0 0.00745348
13330 0 0.00746945
13334.4 0 0.00748539
13338.9 0 0.0075013
13343.3 0 0.00751719
13347.7 0 0.00753305
13352.2 0 0.00754889
13356.6 0 0.0075647
13361 0 0.00758048
13365.5 0 0.00759624
13369.9 0 0.00761197
13374.3 0 0.00762765
13378.8 0 0.00764328
13383.3 0 0.00765884
13387.9 0 0.00767434
13392.5 0 0.00768978
13397.2 0 0.00770509
13402 0 0.00772039
13406.7 0 0.00773566
13411.5 0 0.0077509
13416.2 0 0.00776611
13420.9 0 0.00778129
13425.7 0 0.00779644
13430.4 0 0.00781157
13435.1 0 0.00782666
13439.8 0 0.00784173
13444.5 0 0.00785676
13449.3 0 0.00787177
13454 0 0.00788675
13458.7 0 0.0079017
13463.4 0 0.00791661
13468.1 0 0.0079315
13472.8 0 0.00794636
13477.4 0 0.0079612
13482.1 0 0.007976
13486.8 0 0.00799077
13491.5 0 0.00800551
13496.2 0 0.00802022
13500.8 0 0.00803491
13505.5 0 0.00804956
13510.1 0 0.00806419
13514.8 0 0.00807878
13519.5 0 0.00809335
13524.1 0 0.00810788
13528.8 0 0.00812239
13533.4 0 0.00813686
13538 0 0.00815131
13542.7 0 0.00816573
13547.3 0 0.00818012
13551.9 0 0.00819447
13556.6 0 0.0082088
13561.2 0 0.0082231
13565.8 0 0.00823737
13570.4 0 0.00825161
13575 0 0.00826582
13579.6 0 0.00828
13584.2 0 0.00829415
13588.8 0 0.00830827
13593.4 0 0.00832236
13598 0 0.00833638
13602.7 0 0.00835034
13607.4 0 0.00836424
13612.1 0 0.00837808
13616.8 0 0.00839185
13621.6 0 0.00840549
13410.3 0 0.00828472
13470.1 0 0.00825694
13494.5 0 0.00824395
