0 -58.4752 -2.26119e-06
634.56 0 7.6887e-05
1173.57 0 0.000160604
1709.92 0 0.000244287
2243.81 0 0.000327805
2775.24 0 0.000411112
3304.22 0 0.000494202
3830.74 0 0.000577061
4354.77 0 0.00065968
4876.15 0 0.00074206
5394.56 0 0.000824209
5909.16 0 0.000906153
6418.2 0 0.000987947
6918.36 0 0.0010697
7403.99 0 0.00115162
7866.83 0 0.00123399
8297.18 0 0.00131716
8686.59 0 0.0014015
9030.8 0 0.00148719
9330.49 0 0.00157435
9590.04 0 0.00166288
9815.21 0 0.00175263
10011.7 0 0.00184347
10184.8 0 0.00193519
10338.5 0 0.0020277
10475.8 0 0.00212125
10599.4 0 0.00221558
10711.4 0 0.00231066
10812.7 0 0.00240663
10905.5 0 0.00250304
10991.1 0 0.00259986
11070.4 0 0.00269703
11143.9 0 0.00279459
11212.1 0 0.00289268
11276 0 0.00299104
11335.9 0 0.00308965
11392.3 0 0.00318849
11445.5 0 0.00328753
11495.9 0 0.00338676
11543.8 0 0.00348615
11589.3 0 0.00358571
11632.4 0 0.00368552
11673.3 0 0.00378562
11712.4 0 0.00388585
11749.8 0 0.0039862
11785.6 0 0.00408666
11820.1 0 0.00418721
11853.2 0 0.00428784
11885.1 0 0.00438856
11915.6 0 0.00448936
11945 0 0.00459024
11972.9 0 0.00469159
11999.8 0 0.00479302
12025.7 0 0.0048945
12050.7 0 0.00499605
12074.7 0 0.00509774
12097.7 0 0.00519961
12119.8 0 0.00530184
12141.1 0 0.0054041
12161.8 0 0.00550638
12181.9 0 0.00560867
12201.4 0 0.00571098
12220.3 0 0.0058133
12238.6 0 0.00591562
12256.3 0 0.00601795
12273.3 0 0.0061205
12289.7 0 0.00622317
12305.5 0 0.00632584
12320.9 0 0.00642851
12335.7 0 0.00653135
12349.8 0 0.00663467
12363.5 0 0.00673798
12376.5 0 0.00684137
12388.8 0 0.00694496
12400.7 0 0.00704853
12412.4 0 0.00715208
12423.7 0 0.0072556
12434.7 0 0.0073591
12445.5 0 0.00746258
12455.9 0 0.00756603
12466.1 0 0.00766946
12476 0 0.00777287
12485.7 0 0.00787625
12495.1 0 0.00797962
12504.3 0 0.00808296
12513.2 0 0.00818629
12521.8 0 0.00828961
12530.3 0 0.00839291
12538.4 0 0.00849619
12546.4 0 0.00859947
12554.2 0 0.00870273
12561.7 0 0.00880598
12569 0 0.00890921
12576.2 0 0.00901243
12583.1 0 0.00911563
12589.9 0 0.00921882
12596.5 0 0.00932198
12603 0 0.00942513
12609.3 0 0.00952825
12615.5 0 0.00963136
12621.6 0 0.00973444
12627.5 0 0.00983749
12633.3 0 0.00994056
12638.9 0 0.0100437
12644.3 0 0.0101469
12649.5 0 0.0102501
12654.6 0 0.0103534
12659.6 0 0.010457
12664.4 0 0.0105606
12669.2 0 0.0106642
12673.9 0 0.0107678
12678.6 0 0.0108713
12683.1 0 0.0109748
12687.6 0 0.0110782
12692 0 0.0111817
12696.3 0 0.0112851
12700.6 0 0.0113885
12704.8 0 0.0114919
12708.9 0 0.0115953
12713 0 0.0116986
12717 0 0.011802
12720.9 0 0.0119053
12724.7 0 0.0120086
12728.5 0 0.0121119
12732.1 0 0.0122154
12735.7 0 0.012319
12739.2 0 0.0124227
12742.7 0 0.0125263
12746 0 0.01263
12749.3 0 0.0127336
12752.5 0 0.0128374
12755.5 0 0.0129421
12758.3 0 0.0130469
12761.2 0 0.0131517
12763.9 0 0.0132566
12766.6 0 0.0133615
12769.2 0 0.0134663
12771.7 0 0.0135714
12774.1 0 0.0136768
12776.4 0 0.0137823
12778.6 0 0.0138877
12780.8 0 0.0139931
12783 0 0.0140986
12785.1 0 0.0142041
12787.2 0 0.0143095
12789.2 0 0.014415
12791.2 0 0.0145205
12793.2 0 0.014626
12795.1 0 0.0147315
12797 0 0.014837
12798.8 0 0.0149425
12800.6 0 0.0150479
12802.4 0 0.0151534
12804.2 0 0.0152589
12805.9 0 0.0153644
12807.7 0 0.0154698
12809.4 0 0.0155753
12811 0 0.0156807
12812.7 0 0.0157861
12814.3 0 0.0158915
12815.9 0 0.0159969
12817.5 0 0.0161023
12819.1 0 0.0162076
12820.7 0 0.016313
12822.2 0 0.0164183
12823.7 0 0.0165236
12825.2 0 0.0166289
12826.7 0 0.0167342
12828.2 0 0.0168394
12829.7 0 0.0169447
12831.1 0 0.0170499
12832.6 0 0.0171551
12834 0 0.0172603
12835.4 0 0.0173655
12836.8 0 0.0174706
12838.2 0 0.0175758
12839.5 0 0.0176809
12840.9 0 0.017786
12842.2 0 0.0178911
12843.6 0 0.0179961
12844.9 0 0.0181012
12846.2 0 0.0182062
12847.5 0 0.0183112
12848.7 0 0.0184162
12850 0 0.0185212
12851.3 0 0.0186262
12852.5 0 0.0187311
12853.7 0 0.0188361
12855 0 0.018941
12856.2 0 0.0190459
12857.4 0 0.0191508
12858.5 0 0.0192557
12859.7 0 0.0193606
12860.9 0 0.0194655
12862 0 0.0195703
12863.1 0 0.0196752
12864.3 0 0.01978
12865.4 0 0.0198849
12866.4 0 0.0199897
12867.5 0 0.0200945
12868.6 0 0.0201993
12869.6 0 0.0203042
12870.7 0 0.020409
12871.7 0 0.0205138
12872.7 0 0.0206186
12873.7 0 0.0207234
12874.7 0 0.0208282
12875.7 0 0.020933
12876.6 0 0.0210378
12877.5 0 0.0211426
12878.5 0 0.0212474
12879.4 0 0.0213522
12880.3 0 0.021457
12881.2 0 0.0215618
12882 0 0.0216666
12882.9 0 0.0217715
12883.7 0 0.0218763
12884.6 0 0.0219811
12885.4 0 0.022086
12886.2 0 0.0221908
12886.9 0 0.0222957
12887.7 0 0.0224006
12888.5 0 0.0225054
12889.2 0 0.0226103
12889.9 0 0.0227152
12890.6 0 0.0228202
12891.3 0 0.0229251
12892 0 0.02303
12892.7 0 0.023135
12893.3 0 0.0232399
12894 0 0.0233449
12894.6 0 0.0234498
12895.2 0 0.0235548
12895.8 0 0.0236598
12896.4 0 0.0237648
12897 0 0.0238698
12897.6 0 0.0239749
12898.1 0 0.0240799
12898.7 0 0.0241849
12899.2 0 0.02429
12899.8 0 0.024395
12900.3 0 0.0245001
12900.7 0 0.0246055
12901.2 0 0.024711
12901.6 0 0.0248164
12902 0 0.0249218
12902.5 0 0.0250273
12902.9 0 0.0251328
12903.3 0 0.0252382
12903.7 0 0.0253437
12904.1 0 0.0254492
12904.5 0 0.0255546
12904.8 0 0.0256601
12905.2 0 0.0257656
12905.5 0 0.0258711
12905.9 0 0.0259766
12906.2 0 0.0260821
12906.6 0 0.0261875
12906.9 0 0.026293
12907.2 0 0.0263985
12907.5 0 0.026504
12907.9 0 0.0266095
12908.2 0 0.026715
12908.5 0 0.0268205
12908.8 0 0.026926
12909 0 0.0270314
12909.3 0 0.0271369
12909.6 0 0.0272424
12909.9 0 0.0273479
12910.2 0 0.0274533
12910.4 0 0.0275588
12910.7 0 0.0276643
12910.9 0 0.0277697
12911.2 0 0.0278752
12911.4 0 0.0279806
12911.7 0 0.0280861
12911.9 0 0.0281915
12912.2 0 0.0282969
12912.4 0 0.0284023
12912.6 0 0.0285078
12912.9 0 0.0286132
12913.1 0 0.0287186
12913.3 0 0.028824
12913.5 0 0.0289294
12913.7 0 0.0290348
12913.9 0 0.0291401
12914.1 0 0.0292455
12914.3 0 0.0293509
12914.5 0 0.0294562
12914.7 0 0.0295616
12914.9 0 0.0296669
12915.1 0 0.0297723
12915.3 0 0.0298776
12915.5 0 0.0299829
12915.7 0 0.0300883
12915.9 0 0.0301936
12916 0 0.0302989
12916.2 0 0.0304042
12916.4 0 0.0305094
12916.6 0 0.0306147
12916.7 0 0.03072
12916.9 0 0.0308253
12917 0 0.0309305
12917.2 0 0.0310358
12917.4 0 0.031141
12917.5 0 0.0312462
12917.7 0 0.0313514
12917.8 0 0.0314567
12918 0 0.0315619
12918.1 0 0.0316671
12918.2 0 0.0317723
12918.4 0 0.0318774
12918.5 0 0.0319826
12918.7 0 0.0320878
12918.8 0 0.0321929
12918.9 0 0.0322981
12919.1 0 0.0324032
12919.3 0 0.0325083
12919.6 0 0.0326134
12920.2 0 0.0327184
12921.1 0 0.0328232
12922.2 0 0.032928
12923.4 0 0.0330327
12924.8 0 0.0331374
12926.3 0 0.033242
12927.9 0 0.0333466
12929.8 0 0.033451
12931.8 0 0.0335555
12933.7 0 0.0336599
12935.7 0 0.0337643
12937.6 0 0.0338687
12939.6 0 0.0339731
12941.8 0 0.0340774
12944.1 0 0.0341816
12946.6 0 0.0342857
12949.3 0 0.0343898
12951.9 0 0.0344939
12954.5 0 0.034598
12957.1 0 0.0347021
12959.7 0 0.0348061
12962.3 0 0.0349102
12964.9 0 0.0350142
12967.5 0 0.0351182
12970.2 0 0.0352222
12973 0 0.0353261
12976 0 0.03543
12979.1 0 0.0355337
12982.4 0 0.0356375
12985.6 0 0.0357412
12988.8 0 0.0358449
12992 0 0.0359485
12995.2 0 0.0360522
12998.4 0 0.0361558
13001.6 0 0.0362595
13004.8 0 0.0363631
13008 0 0.0364667
13011.2 0 0.0365703
13014.4 0 0.0366739
13017.6 0 0.0367774
13020.9 0 0.0368809
13024.2 0 0.0369844
13027.7 0 0.0370878
13031.3 0 0.0371911
13035 0 0.0372944
13038.8 0 0.0373976
13042.5 0 0.0375008
13046.3 0 0.037604
13050 0 0.0377072
13053.7 0 0.0378104
13057.5 0 0.0379135
13061.2 0 0.0380167
13064.9 0 0.0381198
13068.7 0 0.0382229
13072.4 0 0.038326
13076.1 0 0.0384291
13079.8 0 0.0385321
13083.5 0 0.0386351
13087.2 0 0.0387382
13090.9 0 0.0388412
13094.6 0 0.0389442
13098.4 0 0.0390471
13102.2 0 0.03915
13106.1 0 0.0392528
13110 0 0.0393556
13114.2 0 0.0394583
13118.4 0 0.0395609
13122.6 0 0.0396635
13126.8 0 0.0397661
13130.9 0 0.0398687
13135.1 0 0.0399712
13139.3 0 0.0400738
13143.5 0 0.0401763
13147.6 0 0.0402788
13151.8 0 0.0403812
13155.9 0 0.0404837
13160.1 0 0.0405861
13164.3 0 0.0406885
13168.4 0 0.0407909
13172.5 0 0.0408932
13176.7 0 0.0409956
13180.8 0 0.0410979
13185 0 0.0412002
13189.1 0 0.0413024
13193.2 0 0.0414047
13197.4 0 0.0415069
13201.5 0 0.0416091
13205.6 0 0.0417113
13209.7 0 0.0418134
13213.9 0 0.0419155
13218.1 0 0.0420176
13222.4 0 0.0421196
13226.7 0 0.0422215
13231.2 0 0.0423233
13235.7 0 0.0424251
13240.2 0 0.0425268
13244.8 0 0.0426285
13249.3 0 0.0427302
13253.8 0 0.0428319
13258.3 0 0.0429335
13262.8 0 0.0430351
13267.3 0 0.0431366
13271.8 0 0.0432382
13276.3 0 0.0433397
13280.8 0 0.0434412
13285.3 0 0.0435426
13289.8 0 0.0436441
13294.3 0 0.0437455
13298.7 0 0.0438468
13303.2 0 0.0439482
13307.7 0 0.0440495
13312.2 0 0.0441508
13316.6 0 0.044252
13321.1 0 0.0443533
13325.5 0 0.0444545
13330 0 0.0445556
13334.4 0 0.0446568
13338.9 0 0.0447579
13343.3 0 0.044859
13347.7 0 0.04496
13352.2 0 0.045061
13356.6 0 0.045162
13361 0 0.045263
13365.5 0 0.0453639
13369.9 0 0.0454648
13374.3 0 0.0455657
13378.8 0 0.0456665
13383.3 0 0.0457672
13387.9 0 0.0458679
13392.5 0 0.0459685
13397.2 0 0.046069
13402 0 0.0461695
13406.7 0 0.0462699
13411.5 0 0.0463702
13416.2 0 0.0464706
13420.9 0 0.0465709
13425.7 0 0.0466711
13430.4 0 0.0467714
13435.1 0 0.0468716
13439.8 0 0.0469717
13444.5 0 0.0470719
13449.3 0 0.047172
13454 0 0.047272
13458.7 0 0.0473721
13463.4 0 0.0474721
13468.1 0 0.0475721
13472.8 0 0.047672
13477.4 0 0.0477719
13482.1 0 0.0478718
13486.8 0 0.0479716
13491.5 0 0.0480715
13496.2 0 0.0481712
13500.8 0 0.048271
13505.5 0 0.0483707
13510.1 0 0.0484704
13514.8 0 0.04857
13519.5 0 0.0486697
13524.1 0 0.0487693
13528.8 0 0.0488688
13533.4 0 0.0489683
13538 0 0.0490678
13542.7 0 0.0491673
13547.3 0 0.0492667
13551.9 0 0.0493661
13556.6 0 0.0494655
13561.2 0 0.0495648
13565.8 0 0.0496641
13570.4 0 0.0497634
13575 0 0.0498626
13579.6 0 0.0499618
13584.2 0 0.050061
13588.8 0 0.0501602
13593.4 0 0.0502593
13598 0 0.0503584
13602.7 0 0.0504574
13607.4 0 0.0505564
13612.1 0 0.0506553
13616.8 0 0.0507541
13621.6 0 0.0508529
13410.3 0 0.050816
13470.1 0 0.0508728
13494.5 0 0.0509444
