0 -58.4752 -2.26119e-06
634.56 0 5.38878e-05
1173.57 0 0.000114572
1709.92 0 0.000175227
2243.81 0 0.000235714
2775.24 0 0.000295993
3304.22 0 0.00035606
3830.74 0 0.000415895
4354.77 0 0.000475491
4876.15 0 0.000534846
5394.56 0 0.000593972
5909.16 0 0.000652891
6418.2 0 0.000711661
6918.36 0 0.000770393
7403.99 0 0.000829289
7866.83 0 0.000888628
8297.18 0 0.00094878
8686.59 0 0.00101009
9030.8 0 0.00107277
9330.49 0 0.00113689
9590.04 0 0.00120238
9815.21 0 0.00126906
10011.7 0 0.00133677
10184.8 0 0.00140535
10338.5 0 0.00147472
10475.8 0 0.00154528
10599.4 0 0.00161667
10711.4 0 0.00168887
10812.7 0 0.00176186
10905.5 0 0.0018353
10991.1 0 0.00190915
11070.4 0 0.00198337
11143.9 0 0.00205798
11212.1 0 0.00213312
11276 0 0.00220853
11335.9 0 0.00228421
11392.3 0 0.00236011
11445.5 0 0.00243621
11495.9 0 0.00251251
11543.8 0 0.00258898
11589.3 0 0.00266561
11632.4 0 0.00274248
11673.3 0 0.00281963
11712.4 0 0.00289691
11749.8 0 0.00297431
11785.6 0 0.00305181
11820.1 0 0.00312941
11853.2 0 0.0032071
11885.1 0 0.00328487
11915.6 0 0.00336262
11945 0 0.00344037
11972.9 0 0.00351864
11999.8 0 0.003597
12025.7 0 0.00367541
12050.7 0 0.00375387
12074.7 0 0.00383235
12097.7 0 0.00391105
12119.8 0 0.00399023
12141.1 0 0.00406942
12161.8 0 0.00414864
12181.9 0 0.00422788
12201.4 0 0.00430712
12220.3 0 0.00438637
12238.6 0 0.00446563
12256.3 0 0.00454489
12273.3 0 0.00462439
12289.7 0 0.00470402
12305.5 0 0.00478365
12320.9 0 0.00486328
12335.7 0 0.00494314
12349.8 0 0.00502369
12363.5 0 0.00510423
12376.5 0 0.0051846
12388.8 0 0.00526502
12400.7 0 0.00534542
12412.4 0 0.0054258
12423.7 0 0.00550615
12434.7 0 0.00558648
12445.5 0 0.00566678
12455.9 0 0.00574705
12466.1 0 0.0058273
12476 0 0.00590752
12485.7 0 0.00598772
12495.1 0 0.00606789
12504.3 0 0.00614805
12513.2 0 0.00622819
12521.8 0 0.00630831
12530.3 0 0.00638841
12538.4 0 0.0064685
12546.4 0 0.00654857
12554.2 0 0.00662863
12561.7 0 0.00670867
12569 0 0.00678869
12576.2 0 0.0068687
12583.1 0 0.0069487
12589.9 0 0.00702867
12596.5 0 0.00710862
12603 0 0.00718856
12609.3 0 0.00726847
12615.5 0 0.00734836
12621.6 0 0.00742822
12627.5 0 0.00750806
12633.3 0 0.00758788
12638.9 0 0.00766767
12644.3 0 0.00774737
12649.5 0 0.00782701
12654.6 0 0.00790677
12659.6 0 0.007987
12664.4 0 0.00806719
12669.2 0 0.00814736
12673.9 0 0.0082275
12678.6 0 0.00830761
12683.1 0 0.00838769
12687.6 0 0.00846775
12692 0 0.00854778
12696.3 0 0.00862778
12700.6 0 0.00870776
12704.8 0 0.00878771
12708.9 0 0.00886764
12713 0 0.00894754
12717 0 0.00902742
12720.9 0 0.00910728
12724.7 0 0.00918712
12728.5 0 0.00926693
12732.1 0 0.00934701
12735.7 0 0.00942737
12739.2 0 0.00950771
12742.7 0 0.00958805
12746 0 0.00966838
12749.3 0 0.00974869
12752.5 0 0.00982923
12755.5 0 0.00991092
12758.3 0 0.00999277
12761.2 0 0.0100746
12763.9 0 0.0101565
12766.6 0 0.0102384
12769.2 0 0.0103203
12771.7 0 0.0104025
12774.1 0 0.0104849
12776.4 0 0.0105673
12778.6 0 0.0106497
12780.8 0 0.0107322
12783 0 0.0108146
12785.1 0 0.0108971
12787.2 0 0.0109796
12789.2 0 0.0110621
12791.2 0 0.0111447
12793.2 0 0.0112272
12795.1 0 0.0113097
12797 0 0.0113923
12798.8 0 0.0114748
12800.6 0 0.0115573
12802.4 0 0.0116399
12804.2 0 0.0117224
12805.9 0 0.0118049
12807.7 0 0.0118874
12809.4 0 0.01197
12811 0 0.0120525
12812.7 0 0.0121349
12814.3 0 0.0122174
12815.9 0 0.0122999
12817.5 0 0.0123823
12819.1 0 0.0124648
12820.7 0 0.0125472
12822.2 0 0.0126296
12823.7 0 0.012712
12825.2 0 0.0127943
12826.7 0 0.0128767
12828.2 0 0.012959
12829.7 0 0.0130413
12831.1 0 0.0131236
12832.6 0 0.0132059
12834 0 0.0132882
12835.4 0 0.0133704
12836.8 0 0.0134526
12838.2 0 0.0135349
12839.5 0 0.013617
12840.9 0 0.0136992
12842.2 0 0.0137814
12843.6 0 0.0138635
12844.9 0 0.0139456
12846.2 0 0.0140277
12847.5 0 0.0141098
12848.7 0 0.0141919
12850 0 0.0142739
12851.3 0 0.0143559
12852.5 0 0.014438
12853.7 0 0.01452
12855 0 0.014602
12856.2 0 0.0146839
12857.4 0 0.0147659
12858.5 0 0.0148478
12859.7 0 0.0149298
12860.9 0 0.0150117
12862 0 0.0150936
12863.1 0 0.0151756
12864.3 0 0.0152575
12865.4 0 0.0153394
12866.4 0 0.0154212
12867.5 0 0.0155031
12868.6 0 0.015585
12869.6 0 0.0156669
12870.7 0 0.0157487
12871.7 0 0.0158306
12872.7 0 0.0159124
12873.7 0 0.0159943
12874.7 0 0.0160762
12875.7 0 0.016158
12876.6 0 0.0162399
12877.5 0 0.0163217
12878.5 0 0.0164036
12879.4 0 0.0164854
12880.3 0 0.0165673
12881.2 0 0.0166492
12882 0 0.0167311
12882.9 0 0.0168129
12883.7 0 0.0168948
12884.6 0 0.0169767
12885.4 0 0.0170586
12886.2 0 0.0171406
12886.9 0 0.0172225
12887.7 0 0.0173044
12888.5 0 0.0173864
12889.2 0 0.0174683
12889.9 0 0.0175503
12890.6 0 0.0176323
12891.3 0 0.0177143
12892 0 0.0177963
12892.7 0 0.0178783
12893.3 0 0.0179604
12894 0 0.0180424
12894.6 0 0.0181245
12895.2 0 0.0182065
12895.8 0 0.0182886
12896.4 0 0.0183707
12897 0 0.0184528
12897.6 0 0.0185349
12898.1 0 0.0186171
12898.7 0 0.0186992
12899.2 0 0.0187814
12899.8 0 0.0188635
12900.3 0 0.0189457
12900.7 0 0.0190281
12901.2 0 0.0191106
12901.6 0 0.019193
12902 0 0.0192755
12902.5 0 0.0193579
12902.9 0 0.0194404
12903.3 0 0.0195229
12903.7 0 0.0196053
12904.1 0 0.0196878
12904.5 0 0.0197703
12904.8 0 0.0198528
12905.2 0 0.0199353
12905.5 0 0.0200178
12905.9 0 0.0201003
12906.2 0 0.0201828
12906.6 0 0.0202653
12906.9 0 0.0203478
12907.2 0 0.0204303
12907.5 0 0.0205129
12907.9 0 0.0205954
12908.2 0 0.0206779
12908.5 0 0.0207604
12908.8 0 0.0208429
12909 0 0.0209254
12909.3 0 0.0210079
12909.6 0 0.0210904
12909.9 0 0.0211729
12910.2 0 0.0212554
12910.4 0 0.0213379
12910.7 0 0.0214204
12910.9 0 0.0215028
12911.2 0 0.0215853
12911.4 0 0.0216678
12911.7 0 0.0217503
12911.9 0 0.0218327
12912.2 0 0.0219152
12912.4 0 0.0219976
12912.6 0 0.0220801
12912.9 0 0.0221625
12913.1 0 0.022245
12913.3 0 0.0223274
12913.5 0 0.0224098
12913.7 0 0.0224922
12913.9 0 0.0225746
12914.1 0 0.022657
12914.3 0 0.0227394
12914.5 0 0.0228218
12914.7 0 0.0229042
12914.9 0 0.0229865
12915.1 0 0.0230689
12915.3 0 0.0231513
12915.5 0 0.0232336
12915.7 0 0.023316
12915.9 0 0.0233983
12916 0 0.0234806
12916.2 0 0.0235629
12916.4 0 0.0236452
12916.6 0 0.0237275
12916.7 0 0.0238098
12916.9 0 0.0238921
12917 0 0.0239744
12917.2 0 0.0240566
12917.4 0 0.0241389
12917.5 0 0.0242212
12917.7 0 0.0243034
12917.8 0 0.0243856
12918 0 0.0244679
12918.1 0 0.0245501
12918.2 0 0.0246323
12918.4 0 0.0247145
12918.5 0 0.0247967
12918.7 0 0.0248789
12918.8 0 0.024961
12918.9 0 0.0250432
12919.1 0 0.0251254
12919.3 0 0.0252075
12919.6 0 0.0252895
12920.2 0 0.0253715
12921.1 0 0.0254534
12922.2 0 0.0255352
12923.4 0 0.0256169
12924.8 0 0.0256985
12926.3 0 0.0257801
12927.9 0 0.0258617
12929.8 0 0.0259431
12931.8 0 0.0260245
12933.7 0 0.0261059
12935.7 0 0.0261873
12937.6 0 0.0262686
12939.6 0 0.02635
12941.8 0 0.0264312
12944.1 0 0.0265124
12946.6 0 0.0265935
12949.3 0 0.0266746
12951.9 0 0.0267556
12954.5 0 0.0268367
12957.1 0 0.0269177
12959.7 0 0.0269987
12962.3 0 0.0270797
12964.9 0 0.0271607
12967.5 0 0.0272416
12970.2 0 0.0273225
12973 0 0.0274034
12976 0 0.0274842
12979.1 0 0.0275649
12982.4 0 0.0276455
12985.6 0 0.0277261
12988.8 0 0.0278068
12992 0 0.0278874
12995.2 0 0.0279681
12998.4 0 0.0280487
13001.6 0 0.0281293
13004.8 0 0.0282098
13008 0 0.0282904
13011.2 0 0.028371
13014.4 0 0.0284515
13017.6 0 0.028532
13020.9 0 0.0286125
13024.2 0 0.0286929
13027.7 0 0.0287733
13031.3 0 0.0288536
13035 0 0.0289338
13038.8 0 0.029014
13042.5 0 0.0290941
13046.3 0 0.0291743
13050 0 0.0292544
13053.7 0 0.0293345
13057.5 0 0.0294146
13061.2 0 0.0294947
13064.9 0 0.0295748
13068.7 0 0.0296548
13072.4 0 0.0297348
13076.1 0 0.0298148
13079.8 0 0.0298948
13083.5 0 0.0299748
13087.2 0 0.0300548
13090.9 0 0.0301347
13094.6 0 0.0302146
13098.4 0 0.0302945
13102.2 0 0.0303743
13106.1 0 0.0304541
13110 0 0.0305338
13114.2 0 0.0306134
13118.4 0 0.030693
13122.6 0 0.0307725
13126.8 0 0.030852
13130.9 0 0.0309315
13135.1 0 0.031011
13139.3 0 0.0310904
13143.5 0 0.0311699
13147.6 0 0.0312493
13151.8 0 0.0313286
13155.9 0 0.031408
13160.1 0 0.0314873
13164.3 0 0.0315666
13168.4 0 0.0316459
13172.5 0 0.0317252
13176.7 0 0.0318044
13180.8 0 0.0318836
13185 0 0.0319628
13189.1 0 0.032042
13193.2 0 0.0321212
13197.4 0 0.0322003
13201.5 0 0.0322794
13205.6 0 0.0323584
13209.7 0 0.0324375
13213.9 0 0.0325165
13218.1 0 0.0325954
13222.4 0 0.0326743
13226.7 0 0.0327531
13231.2 0 0.0328319
13235.7 0 0.0329105
13240.2 0 0.0329891
13244.8 0 0.0330677
13249.3 0 0.0331462
13253.8 0 0.0332248
13258.3 0 0.0333032
13262.8 0 0.0333817
13267.3 0 0.0334601
13271.8 0 0.0335386
13276.3 0 0.0336169
13280.8 0 0.0336953
13285.3 0 0.0337736
13289.8 0 0.0338519
13294.3 0 0.0339301
13298.7 0 0.0340084
13303.2 0 0.0340866
13307.7 0 0.0341647
13312.2 0 0.0342429
13316.6 0 0.034321
13321.1 0 0.034399
13325.5 0 0.0344771
13330 0 0.0345551
13334.4 0 0.0346331
13338.9 0 0.034711
13343.3 0 0.034789
13347.7 0 0.0348668
13352.2 0 0.0349447
13356.6 0 0.0350225
13361 0 0.0351003
13365.5 0 0.0351781
13369.9 0 0.0352558
13374.3 0 0.0353335
13378.8 0 0.0354112
13383.3 0 0.0354888
13387.9 0 0.0355663
13392.5 0 0.0356437
13397.2 0 0.0357211
13402 0 0.0357983
13406.7 0 0.0358755
13411.5 0 0.0359527
13416.2 0 0.0360298
13420.9 0 0.0361069
13425.7 0 0.036184
13430.4 0 0.036261
13435.1 0 0.036338
13439.8 0 0.036415
13444.5 0 0.0364919
13449.3 0 0.0365688
13454 0 0.0366457
13458.7 0 0.0367225
13463.4 0 0.0367993
13468.1 0 0.0368761
13472.8 0 0.0369528
13477.4 0 0.0370295
13482.1 0 0.0371062
13486.8 0 0.0371828
13491.5 0 0.0372594
13496.2 0 0.037336
13500.8 0 0.0374125
13505.5 0 0.037489
13510.1 0 0.0375655
13514.8 0 0.0376419
13519.5 0 0.0377183
13524.1 0 0.0377947
13528.8 0 0.037871
13533.4 0 0.0379473
13538 0 0.0380236
13542.7 0 0.0380998
13547.3 0 0.038176
13551.9 0 0.0382522
13556.6 0 0.0383283
13561.2 0 0.0384044
13565.8 0 0.0384805
13570.4 0 0.0385566
13575 0 0.0386326
13579.6 0 0.0387085
13584.2 0 0.0387845
13588.8 0 0.0388604
13593.4 0 0.0389363
13598 0 0.0390121
13602.7 0 0.0390879
13607.4 0 0.0391637
13612.1 0 0.0392394
13616.8 0 0.039315
13621.6 0 0.0393906
13410.3 0 0.03933
13470.1 0 0.0393634
13494.5 0 0.0394115
