0 -58.4752 -2.26119e-06
634.56 -83.8466 -3.24236e-06
1173.57 0 3.05722e-07
1709.92 0 3.82569e-06
2243.81 0 7.17719e-06
2775.24 0 1.03214e-05
3304.22 0 1.32538e-05
3830.74 0 1.59552e-05
4354.77 0 1.8416e-05
4876.15 0 2.06375e-05
5394.56 0 2.26284e-05
5909.16 0 2.44133e-05
6418.2 0 2.60486e-05
6918.36 0 2.76459e-05
7403.99 0 2.94082e-05
7866.83 0 3.16126e-05
8297.18 0 3.46304e-05
8686.59 0 3.88065e-05
9030.8 0 4.43474e-05
9330.49 0 5.13386e-05
9590.04 0 5.96853e-05
9815.21 0 6.92216e-05
10011.7 0 7.97807e-05
10184.8 0 9.12069e-05
10338.5 0 0.00010343
10475.8 0 0.000116861
10599.4 0 0.000131132
10711.4 0 0.000146213
10812.7 0 0.000162079
10905.5 0 0.0001784
10991.1 0 0.000195125
11070.4 0 0.000212214
11143.9 0 0.000229703
11212.1 0 0.000247721
11276 0 0.000266018
11335.9 0 0.00028457
11392.3 0 0.000303351
11445.5 0 0.00032234
11495.9 0 0.000341518
11543.8 0 0.00036087
11589.3 0 0.000380382
11632.4 0 0.000400137
11673.3 0 0.000420165
11712.4 0 0.000440322
11749.8 0 0.000460597
11785.6 0 0.000480978
11820.1 0 0.000501457
11853.2 0 0.000522024
11885.1 0 0.000542672
11915.6 0 0.00056328
11945 0 0.000583875
11972.9 0 0.000605002
11999.8 0 0.000626222
12025.7 0 0.000647493
12050.7 0 0.000668803
12074.7 0 0.000690118
12097.7 0 0.000711662
12119.8 0 0.000733695
12141.1 0 0.000755753
12161.8 0 0.00077783
12181.9 0 0.000799922
12201.4 0 0.000822026
12220.3 0 0.000844137
12238.6 0 0.000866253
12256.3 0 0.000888372
12273.3 0 0.000910735
12289.7 0 0.000933228
12305.5 0 0.00095572
12320.9 0 0.000978206
12335.7 0 0.00100094
12349.8 0 0.0010244
12363.5 0 0.00104785
12376.5 0 0.00107109
12388.8 0 0.00109435
12400.7 0 0.00111759
12412.4 0 0.00114081
12423.7 0 0.001164
12434.7 0 0.00118717
12445.5 0 0.00121031
12455.9 0 0.00123342
12466.1 0 0.0012565
12476 0 0.00127956
12485.7 0 0.0013026
12495.1 0 0.00132562
12504.3 0 0.00134861
12513.2 0 0.00137158
12521.8 0 0.00139454
12530.3 0 0.00141748
12538.4 0 0.0014404
12546.4 0 0.00146331
12554.2 0 0.0014862
12561.7 0 0.00150908
12569 0 0.00153194
12576.2 0 0.00155478
12583.1 0 0.00157761
12589.9 0 0.00160041
12596.5 0 0.0016232
12603 0 0.00164597
12609.3 0 0.00166871
12615.5 0 0.00169144
12621.6 0 0.00171413
12627.5 0 0.0017368
12633.3 0 0.00175945
12638.9 0 0.00178205
12644.3 0 0.00180454
12649.5 0 0.00182695
12654.6 0 0.00184949
12659.6 0 0.00187251
12664.4 0 0.00189551
12669.2 0 0.00191848
12673.9 0 0.00194142
12678.6 0 0.00196433
12683.1 0 0.00198721
12687.6 0 0.00201006
12692 0 0.00203289
12696.3 0 0.00205569
12700.6 0 0.00207847
12704.8 0 0.00210121
12708.9 0 0.00212393
12713 0 0.00214663
12717 0 0.0021693
12720.9 0 0.00219195
12724.7 0 0.00221458
12728.5 0 0.00223718
12732.1 0 0.00226006
12735.7 0 0.00228324
12739.2 0 0.0023064
12742.7 0 0.00232956
12746 0 0.0023527
12749.3 0 0.00237583
12752.5 0 0.00239919
12755.5 0 0.00242375
12758.3 0 0.00244847
12761.2 0 0.00247321
12763.9 0 0.00249797
12766.6 0 0.00252275
12769.2 0 0.00254754
12771.7 0 0.00257254
12774.1 0 0.0025978
12776.4 0 0.00262309
12778.6 0 0.0026484
12780.8 0 0.00267372
12783 0 0.00269907
12785.1 0 0.00272443
12787.2 0 0.00274981
12789.2 0 0.00277519
12791.2 0 0.00280059
12793.2 0 0.002826
12795.1 0 0.00285141
12797 0 0.00287682
12798.8 0 0.00290224
12800.6 0 0.00292766
12802.4 0 0.00295307
12804.2 0 0.00297848
12805.9 0 0.00300389
12807.7 0 0.00302929
12809.4 0 0.00305468
12811 0 0.00308006
12812.7 0 0.00310543
12814.3 0 0.00313079
12815.9 0 0.00315613
12817.5 0 0.00318146
12819.1 0 0.00320678
12820.7 0 0.00323208
12822.2 0 0.00325736
12823.7 0 0.00328263
12825.2 0 0.00330788
12826.7 0 0.00333312
12828.2 0 0.00335834
12829.7 0 0.00338353
12831.1 0 0.00340872
12832.6 0 0.00343388
12834 0 0.00345902
12835.4 0 0.00348415
12836.8 0 0.00350925
12838.2 0 0.00353434
12839.5 0 0.00355941
12840.9 0 0.00358446
12842.2 0 0.0036095
12843.6 0 0.00363451
12844.9 0 0.00365951
12846.2 0 0.00368449
12847.5 0 0.00370945
12848.7 0 0.0037344
12850 0 0.00375933
12851.3 0 0.00378425
12852.5 0 0.00380914
12853.7 0 0.00383403
12855 0 0.0038589
12856.2 0 0.00388375
12857.4 0 0.00390859
12858.5 0 0.00393342
12859.7 0 0.00395824
12860.9 0 0.00398305
12862 0 0.00400786
12863.1 0 0.00403265
12864.3 0 0.00405743
12865.4 0 0.00408221
12866.4 0 0.00410698
12867.5 0 0.00413174
12868.6 0 0.00415649
12869.6 0 0.00418124
12870.7 0 0.00420598
12871.7 0 0.00423072
12872.7 0 0.00425546
12873.7 0 0.0042802
12874.7 0 0.00430493
12875.7 0 0.00432966
12876.6 0 0.0043544
12877.5 0 0.00437914
12878.5 0 0.00440387
12879.4 0 0.00442862
12880.3 0 0.00445336
12881.2 0 0.00447811
12882 0 0.00450287
12882.9 0 0.00452763
12883.7 0 0.00455241
12884.6 0 0.00457718
12885.4 0 0.00460197
12886.2 0 0.00462677
12886.9 0 0.00465158
12887.7 0 0.0046764
12888.5 0 0.00470123
12889.2 0 0.00472607
12889.9 0 0.00475092
12890.6 0 0.00477579
12891.3 0 0.00480066
12892 0 0.00482555
12892.7 0 0.00485046
12893.3 0 0.00487538
12894 0 0.00490031
12894.6 0 0.00492525
12895.2 0 0.00495021
12895.8 0 0.00497518
12896.4 0 0.00500016
12897 0 0.00502515
12897.6 0 0.00505016
12898.1 0 0.00507518
12898.7 0 0.00510021
12899.2 0 0.00512525
12899.8 0 0.0051503
12900.3 0 0.00517538
12900.7 0 0.00520067
12901.2 0 0.00522597
12901.6 0 0.00525128
12902 0 0.0052766
12902.5 0 0.00530193
12902.9 0 0.00532726
12903.3 0 0.0053526
12903.7 0 0.00537795
12904.1 0 0.00540331
12904.5 0 0.00542867
12904.8 0 0.00545404
12905.2 0 0.00547941
12905.5 0 0.00550478
12905.9 0 0.00553016
12906.2 0 0.00555554
12906.6 0 0.00558092
12906.9 0 0.0056063
12907.2 0 0.00563169
12907.5 0 0.00565707
12907.9 0 0.00568246
12908.2 0 0.00570784
12908.5 0 0.00573322
12908.8 0 0.0057586
12909 0 0.00578398
12909.3 0 0.00580936
12909.6 0 0.00583473
12909.9 0 0.00586011
12910.2 0 0.00588547
12910.4 0 0.00591084
12910.7 0 0.0059362
12910.9 0 0.00596156
12911.2 0 0.00598691
12911.4 0 0.00601225
12911.7 0 0.0060376
12911.9 0 0.00606293
12912.2 0 0.00608826
12912.4 0 0.00611359
12912.6 0 0.00613891
12912.9 0 0.00616422
12913.1 0 0.00618953
12913.3 0 0.00621483
12913.5 0 0.00624013
12913.7 0 0.00626541
12913.9 0 0.00629069
12914.1 0 0.00631597
12914.3 0 0.00634123
12914.5 0 0.00636649
12914.7 0 0.00639174
12914.9 0 0.00641699
12915.1 0 0.00644223
12915.3 0 0.00646745
12915.5 0 0.00649268
12915.7 0 0.00651789
12915.9 0 0.0065431
12916 0 0.00656829
12916.2 0 0.00659348
12916.4 0 0.00661866
12916.6 0 0.00664384
12916.7 0 0.006669
12916.9 0 0.00669416
12917 0 0.00671931
12917.2 0 0.00674445
12917.4 0 0.00676958
12917.5 0 0.00679471
12917.7 0 0.00681982
12917.8 0 0.00684493
12918 0 0.00687003
12918.1 0 0.00689512
12918.2 0 0.0069202
12918.4 0 0.00694527
12918.5 0 0.00697034
12918.7 0 0.00699539
12918.8 0 0.00702044
12918.9 0 0.00704548
12919.1 0 0.00707051
12919.3 0 0.0070955
12919.6 0 0.00712044
12920.2 0 0.00714529
12921.1 0 0.00717002
12922.2 0 0.00719465
12923.4 0 0.00721923
12924.8 0 0.00724376
12926.3 0 0.00726823
12927.9 0 0.00729264
12929.8 0 0.00731694
12931.8 0 0.00734121
12933.7 0 0.00736547
12935.7 0 0.00738971
12937.6 0 0.00741394
12939.6 0 0.00743813
12941.8 0 0.00746226
12944.1 0 0.00748632
12946.6 0 0.00751029
12949.3 0 0.0075342
12951.9 0 0.00755811
12954.5 0 0.007582
12957.1 0 0.00760587
12959.7 0 0.00762974
12962.3 0 0.00765359
12964.9 0 0.00767743
12967.5 0 0.00770125
12970.2 0 0.00772502
12973 0 0.00774873
12976 0 0.00777238
12979.1 0 0.00779593
12982.4 0 0.00781943
12985.6 0 0.00784293
12988.8 0 0.00786644
12992 0 0.00788994
12995.2 0 0.00791343
12998.4 0 0.00793691
13001.6 0 0.00796037
13004.8 0 0.00798381
13008 0 0.00800724
13011.2 0 0.00803066
13014.4 0 0.00805406
13017.6 0 0.00807744
13020.9 0 0.00810078
13024.2 0 0.00812407
13027.7 0 0.00814729
13031.3 0 0.00817046
13035 0 0.0081935
13038.8 0 0.00821655
13042.5 0 0.00823957
13046.3 0 0.00826258
13050 0 0.00828558
13053.7 0 0.00830855
13057.5 0 0.00833151
13061.2 0 0.00835445
13064.9 0 0.00837738
13068.7 0 0.00840028
13072.4 0 0.00842317
13076.1 0 0.00844604
13079.8 0 0.00846889
13083.5 0 0.00849172
13087.2 0 0.00851454
13090.9 0 0.00853733
13094.6 0 0.00856011
13098.4 0 0.00858286
13102.2 0 0.00860555
13106.1 0 0.00862817
13110 0 0.00865074
13114.2 0 0.00867321
13118.4 0 0.00869562
13122.6 0 0.00871801
13126.8 0 0.00874038
13130.9 0 0.00876272
13135.1 0 0.00878505
13139.3 0 0.00880735
13143.5 0 0.00882963
13147.6 0 0.00885188
13151.8 0 0.00887412
13155.9 0 0.00889633
13160.1 0 0.00891851
13164.3 0 0.00894068
13168.4 0 0.00896282
13172.5 0 0.00898494
13176.7 0 0.00900703
13180.8 0 0.0090291
13185 0 0.00905115
13189.1 0 0.00907317
13193.2 0 0.00909517
13197.4 0 0.00911714
13201.5 0 0.00913909
13205.6 0 0.00916101
13209.7 0 0.00918291
13213.9 0 0.00920477
13218.1 0 0.00922657
13222.4 0 0.0092483
13226.7 0 0.00926997
13231.2 0 0.00929155
13235.7 0 0.00931303
13240.2 0 0.00933449
13244.8 0 0.00935591
13249.3 0 0.00937731
13253.8 0 0.00939868
13258.3 0 0.00942002
13262.8 0 0.00944133
13267.3 0 0.00946261
13271.8 0 0.00948387
13276.3 0 0.00950509
13280.8 0 0.00952628
13285.3 0 0.00954744
13289.8 0 0.00956858
13294.3 0 0.00958968
13298.7 0 0.00961075
13303.2 0 0.00963179
13307.7 0 0.0096528
13312.2 0 0.00967378
13316.6 0 0.00969473
13321.1 0 0.00971565
13325.5 0 0.00973654
13330 0 0.0097574
13334.4 0 0.00977822
13338.9 0 0.00979902
13343.3 0 0.00981978
13347.7 0 0.00984051
13352.2 0 0.00986121
13356.6 0 0.00988188
13361 0 0.00990252
13365.5 0 0.00992313
13369.9 0 0.0099437
13374.3 0 0.00996425
13378.8 0 0.00998474
13383.3 0 0.0100052
13387.9 0 0.0100255
13392.5 0 0.0100458
13397.2 0 0.010066
13402 0 0.0100861
13406.7 0 0.0101061
13411.5 0 0.0101261
13416.2 0 0.0101461
13420.9 0 0.010166
13425.7 0 0.0101859
13430.4 0 0.0102058
13435.1 0 0.0102257
13439.8 0 0.0102455
13444.5 0 0.0102652
13449.3 0 0.010285
13454 0 0.0103047
13458.7 0 0.0103243
13463.4 0 0.010344
13468.1 0 0.0103636
13472.8 0 0.0103831
13477.4 0 0.0104027
13482.1 0 0.0104222
13486.8 0 0.0104416
13491.5 0 0.0104611
13496.2 0 0.0104805
13500.8 0 0.0104998
13505.5 0 0.0105192
13510.1 0 0.0105385
13514.8 0 0.0105577
13519.5 0 0.010577
13524.1 0 0.0105962
13528.8 0 0.0106153
13533.4 0 0.0106344
13538 0 0.0106535
13542.7 0 0.0106726
13547.3 0 0.0106916
13551.9 0 0.0107106
13556.6 0 0.0107296
13561.2 0 0.0107485
13565.8 0 0.0107674
13570.4 0 0.0107863
13575 0 0.0108052
13579.6 0 0.010824
13584.2 0 0.0108427
13588.8 0 0.0108615
13593.4 0 0.0108802
13598 0 0.0108989
13602.7 0 0.0109175
13607.4 0 0.0109361
13612.1 0 0.0109546
13616.8 0 0.0109731
13621.6 0 0.0109915
13410.3 0 0.0108737
13470.1 0 0.0108498
13494.5 0 0.0108407
