0 -58.4752 -2.26119e-06
634.56 0 3.54999e-05
1173.57 0 7.79571e-05
1709.92 0 0.000120361
2243.81 0 0.000162607
2775.24 0 0.000204632
3304.22 0 0.000246428
3830.74 0 0.000287989
4354.77 0 0.000329311
4876.15 0 0.000370396
5394.56 0 0.000411251
5909.16 0 0.000451902
6418.2 0 0.000492405
6918.36 0 0.00053287
7403.99 0 0.000573494
7866.83 0 0.000614565
8297.18 0 0.000656447
8686.59 0 0.000699477
9030.8 0 0.000743869
9330.49 0 0.000789763
9590.04 0 0.000837054
9815.21 0 0.000885713
10011.7 0 0.000935628
10184.8 0 0.000986479
10338.5 0 0.0010381
10475.8 0 0.00109025
10599.4 0 0.00114296
10711.4 0 0.00119623
10812.7 0 0.00125072
10905.5 0 0.00130565
10991.1 0 0.00136095
11070.4 0 0.00141658
11143.9 0 0.0014726
11212.1 0 0.00152911
11276 0 0.00158587
11335.9 0 0.00164287
11392.3 0 0.00170009
11445.5 0 0.00175749
11495.9 0 0.00181508
11543.8 0 0.00187282
11589.3 0 0.00193071
11632.4 0 0.0019889
11673.3 0 0.00204745
11712.4 0 0.00210612
11749.8 0 0.0021649
11785.6 0 0.00222378
11820.1 0 0.00228276
11853.2 0 0.00234182
11885.1 0 0.00240095
11915.6 0 0.00246059
11945 0 0.00252058
11972.9 0 0.00258081
11999.8 0 0.00264111
12025.7 0 0.00270148
12050.7 0 0.002762
12074.7 0 0.00282307
12097.7 0 0.00288417
12119.8 0 0.00294523
12141.1 0 0.00300633
12161.8 0 0.00306745
12181.9 0 0.0031286
12201.4 0 0.00318975
12220.3 0 0.00325092
12238.6 0 0.0033121
12256.3 0 0.00337329
12273.3 0 0.00343464
12289.7 0 0.00349609
12305.5 0 0.00355754
12320.9 0 0.00361899
12335.7 0 0.00368034
12349.8 0 0.00374143
12363.5 0 0.00380251
12376.5 0 0.00386457
12388.8 0 0.0039274
12400.7 0 0.00399022
12412.4 0 0.00405303
12423.7 0 0.00411582
12434.7 0 0.00417859
12445.5 0 0.00424134
12455.9 0 0.00430408
12466.1 0 0.0043668
12476 0 0.0044295
12485.7 0 0.00449219
12495.1 0 0.00455487
12504.3 0 0.00461754
12513.2 0 0.0046802
12521.8 0 0.00474285
12530.3 0 0.0048055
12538.4 0 0.00486815
12546.4 0 0.00493078
12554.2 0 0.00499342
12561.7 0 0.00505605
12569 0 0.00511867
12576.2 0 0.00518128
12583.1 0 0.00524388
12589.9 0 0.00530647
12596.5 0 0.00536904
12603 0 0.0054316
12609.3 0 0.00549414
12615.5 0 0.00555665
12621.6 0 0.00561915
12627.5 0 0.00568162
12633.3 0 0.00574425
12638.9 0 0.00580729
12644.3 0 0.00587098
12649.5 0 0.00593495
12654.6 0 0.00599885
12659.6 0 0.00606257
12664.4 0 0.00612628
12669.2 0 0.00618997
12673.9 0 0.00625365
12678.6 0 0.00631731
12683.1 0 0.00638097
12687.6 0 0.00644461
12692 0 0.00650825
12696.3 0 0.00657188
12700.6 0 0.00663551
12704.8 0 0.00669914
12708.9 0 0.00676277
12713 0 0.00682641
12717 0 0.00689005
12720.9 0 0.0069537
12724.7 0 0.00701736
12728.5 0 0.00708103
12732.1 0 0.00714456
12735.7 0 0.00720796
12739.2 0 0.00727137
12742.7 0 0.00733477
12746 0 0.00739818
12749.3 0 0.00746161
12752.5 0 0.00752501
12755.5 0 0.00758835
12758.3 0 0.0076517
12761.2 0 0.00771504
12763.9 0 0.00777838
12766.6 0 0.00784172
12769.2 0 0.00790505
12771.7 0 0.0079687
12774.1 0 0.00803275
12776.4 0 0.00809678
12778.6 0 0.00816082
12780.8 0 0.00822485
12783 0 0.00828886
12785.1 0 0.00835287
12787.2 0 0.00841687
12789.2 0 0.00848085
12791.2 0 0.00854483
12793.2 0 0.00860879
12795.1 0 0.00867273
12797 0 0.00873666
12798.8 0 0.00880057
12800.6 0 0.00886446
12802.4 0 0.00892834
12804.2 0 0.00899221
12805.9 0 0.00905605
12807.7 0 0.00911988
12809.4 0 0.00918368
12811 0 0.00924748
12812.7 0 0.00931125
12814.3 0 0.009375
12815.9 0 0.00943874
12817.5 0 0.00950246
12819.1 0 0.00956616
12820.7 0 0.00962984
12822.2 0 0.00969351
12823.7 0 0.00975716
12825.2 0 0.00982079
12826.7 0 0.0098844
12828.2 0 0.009948
12829.7 0 0.0100116
12831.1 0 0.0100751
12832.6 0 0.0101387
12834 0 0.0102022
12835.4 0 0.0102657
12836.8 0 0.0103292
12838.2 0 0.0103927
12839.5 0 0.0104562
12840.9 0 0.0105196
12842.2 0 0.0105831
12843.6 0 0.0106465
12844.9 0 0.0107099
12846.2 0 0.0107733
12847.5 0 0.0108367
12848.7 0 0.0109001
12850 0 0.0109635
12851.3 0 0.0110268
12852.5 0 0.0110902
12853.7 0 0.0111535
12855 0 0.0112168
12856.2 0 0.0112801
12857.4 0 0.0113434
12858.5 0 0.0114067
12859.7 0 0.01147
12860.9 0 0.0115333
12862 0 0.0115965
12863.1 0 0.0116598
12864.3 0 0.011723
12865.4 0 0.0117862
12866.4 0 0.0118495
12867.5 0 0.0119127
12868.6 0 0.0119759
12869.6 0 0.0120391
12870.7 0 0.0121023
12871.7 0 0.0121655
12872.7 0 0.0122287
12873.7 0 0.0122919
12874.7 0 0.0123552
12875.7 0 0.0124184
12876.6 0 0.0124816
12877.5 0 0.0125448
12878.5 0 0.012608
12879.4 0 0.0126712
12880.3 0 0.0127344
12881.2 0 0.0127977
12882 0 0.0128609
12882.9 0 0.0129241
12883.7 0 0.0129873
12884.6 0 0.0130506
12885.4 0 0.0131138
12886.2 0 0.0131771
12886.9 0 0.0132403
12887.7 0 0.0133036
12888.5 0 0.0133668
12889.2 0 0.0134301
12889.9 0 0.0134933
12890.6 0 0.0135566
12891.3 0 0.0136198
12892 0 0.0136831
12892.7 0 0.0137464
12893.3 0 0.0138096
12894 0 0.0138729
12894.6 0 0.0139362
12895.2 0 0.0139995
12895.8 0 0.0140627
12896.4 0 0.014126
12897 0 0.0141893
12897.6 0 0.0142526
12898.1 0 0.0143158
12898.7 0 0.0143791
12899.2 0 0.0144424
12899.8 0 0.0145057
12900.3 0 0.014569
12900.7 0 0.014633
12901.2 0 0.014697
12901.6 0 0.0147611
12902 0 0.0148251
12902.5 0 0.0148892
12902.9 0 0.0149532
12903.3 0 0.0150172
12903.7 0 0.0150813
12904.1 0 0.0151453
12904.5 0 0.0152094
12904.8 0 0.0152734
12905.2 0 0.0153374
12905.5 0 0.0154015
12905.9 0 0.0154655
12906.2 0 0.0155296
12906.6 0 0.0155936
12906.9 0 0.0156576
12907.2 0 0.0157217
12907.5 0 0.0157857
12907.9 0 0.0158497
12908.2 0 0.0159137
12908.5 0 0.0159777
12908.8 0 0.0160417
12909 0 0.0161058
12909.3 0 0.0161698
12909.6 0 0.0162338
12909.9 0 0.0162977
12910.2 0 0.0163617
12910.4 0 0.0164257
12910.7 0 0.0164897
12910.9 0 0.0165537
12911.2 0 0.0166176
12911.4 0 0.0166816
12911.7 0 0.0167456
12911.9 0 0.0168095
12912.2 0 0.0168735
12912.4 0 0.0169374
12912.6 0 0.0170013
12912.9 0 0.0170653
12913.1 0 0.0171292
12913.3 0 0.0171931
12913.5 0 0.017257
12913.7 0 0.0173209
12913.9 0 0.0173848
12914.1 0 0.0174487
12914.3 0 0.0175126
12914.5 0 0.0175765
12914.7 0 0.0176404
12914.9 0 0.0177043
12915.1 0 0.0177681
12915.3 0 0.017832
12915.5 0 0.0178958
12915.7 0 0.0179597
12915.9 0 0.0180235
12916 0 0.0180873
12916.2 0 0.0181512
12916.4 0 0.018215
12916.6 0 0.0182788
12916.7 0 0.0183426
12916.9 0 0.0184064
12917 0 0.0184702
12917.2 0 0.018534
12917.4 0 0.0185977
12917.5 0 0.0186615
12917.7 0 0.0187253
12917.8 0 0.018789
12918 0 0.0188528
12918.1 0 0.0189165
12918.2 0 0.0189803
12918.4 0 0.019044
12918.5 0 0.0191077
12918.7 0 0.0191715
12918.8 0 0.0192352
12918.9 0 0.0192989
12919.1 0 0.0193626
12919.3 0 0.0194263
12919.6 0 0.0194899
12920.2 0 0.0195535
12921.1 0 0.0196169
12922.2 0 0.0196804
12923.4 0 0.0197437
12924.8 0 0.0198071
12926.3 0 0.0198704
12927.9 0 0.0199336
12929.8 0 0.0199968
12931.8 0 0.0200599
12933.7 0 0.0201231
12935.7 0 0.0201862
12937.6 0 0.0202493
12939.6 0 0.0203124
12941.8 0 0.0203755
12944.1 0 0.0204385
12946.6 0 0.0205014
12949.3 0 0.0205643
12951.9 0 0.0206272
12954.5 0 0.0206901
12957.1 0 0.020753
12959.7 0 0.0208158
12962.3 0 0.0208787
12964.9 0 0.0209416
12967.5 0 0.0210044
12970.2 0 0.0210672
12973 0 0.02113
12976 0 0.0211927
12979.1 0 0.0212553
12982.4 0 0.0213179
12985.6 0 0.0213805
12988.8 0 0.021443
12992 0 0.0215054
12995.2 0 0.0215678
12998.4 0 0.0216302
13001.6 0 0.0216926
13004.8 0 0.0217549
13008 0 0.0218173
13011.2 0 0.0218796
13014.4 0 0.021942
13017.6 0 0.0220043
13020.9 0 0.0220666
13024.2 0 0.0221288
13027.7 0 0.022191
13031.3 0 0.0222531
13035 0 0.0223151
13038.8 0 0.0223772
13042.5 0 0.0224392
13046.3 0 0.0225012
13050 0 0.0225632
13053.7 0 0.0226252
13057.5 0 0.0226872
13061.2 0 0.0227491
13064.9 0 0.0228111
13068.7 0 0.022873
13072.4 0 0.0229349
13076.1 0 0.0229969
13079.8 0 0.0230587
13083.5 0 0.0231206
13087.2 0 0.0231825
13090.9 0 0.0232443
13094.6 0 0.0233062
13098.4 0 0.023368
13102.2 0 0.0234297
13106.1 0 0.0234914
13110 0 0.0235531
13114.2 0 0.0236146
13118.4 0 0.0236762
13122.6 0 0.0237377
13126.8 0 0.0237992
13130.9 0 0.0238607
13135.1 0 0.0239222
13139.3 0 0.0239836
13143.5 0 0.0240451
13147.6 0 0.0241065
13151.8 0 0.0241679
13155.9 0 0.0242293
13160.1 0 0.0242906
13164.3 0 0.024352
13168.4 0 0.0244133
13172.5 0 0.0244747
13176.7 0 0.024536
13180.8 0 0.0245972
13185 0 0.0246585
13189.1 0 0.0247198
13193.2 0 0.024781
13197.4 0 0.0248422
13201.5 0 0.0249034
13205.6 0 0.0249646
13209.7 0 0.0250257
13213.9 0 0.0250868
13218.1 0 0.0251479
13222.4 0 0.0252089
13226.7 0 0.0252698
13231.2 0 0.0253307
13235.7 0 0.0253915
13240.2 0 0.0254523
13244.8 0 0.0255131
13249.3 0 0.0255739
13253.8 0 0.0256346
13258.3 0 0.0256953
13262.8 0 0.025756
13267.3 0 0.0258167
13271.8 0 0.0258774
13276.3 0 0.025938
13280.8 0 0.0259986
13285.3 0 0.0260592
13289.8 0 0.0261198
13294.3 0 0.0261803
13298.7 0 0.0262408
13303.2 0 0.0263013
13307.7 0 0.0263618
13312.2 0 0.0264223
13316.6 0 0.0264827
13321.1 0 0.0265431
13325.5 0 0.0266035
13330 0 0.0266639
13334.4 0 0.0267242
13338.9 0 0.0267845
13343.3 0 0.0268448
13347.7 0 0.0269051
13352.2 0 0.0269653
13356.6 0 0.0270255
13361 0 0.0270857
13365.5 0 0.0271459
13369.9 0 0.0272061
13374.3 0 0.0272661
13378.8 0 0.0273262
13383.3 0 0.0273861
13387.9 0 0.0274461
13392.5 0 0.0275059
13397.2 0 0.0275656
13402 0 0.0276254
13406.7 0 0.0276851
13411.5 0 0.0277448
13416.2 0 0.0278044
13420.9 0 0.0278641
13425.7 0 0.0279237
13430.4 0 0.0279833
13435.1 0 0.0280428
13439.8 0 0.0281024
13444.5 0 0.0281619
13449.3 0 0.0282213
13454 0 0.0282808
13458.7 0 0.0283402
13463.4 0 0.0283996
13468.1 0 0.028459
13472.8 0 0.0285183
13477.4 0 0.0285776
13482.1 0 0.0286369
13486.8 0 0.0286962
13491.5 0 0.0287554
13496.2 0 0.0288146
13500.8 0 0.0288738
13505.5 0 0.0289329
13510.1 0 0.028992
13514.8 0 0.0290511
13519.5 0 0.0291102
13524.1 0 0.0291692
13528.8 0 0.0292282
13533.4 0 0.0292872
13538 0 0.0293462
13542.7 0 0.0294051
13547.3 0 0.029464
13551.9 0 0.0295228
13556.6 0 0.0295817
13561.2 0 0.0296405
13565.8 0 0.0296993
13570.4 0 0.029758
13575 0 0.0298167
13579.6 0 0.0298754
13584.2 0 0.0299341
13588.8 0 0.0299927
13593.4 0 0.0300513
13598 0 0.0301099
13602.7 0 0.0301683
13607.4 0 0.0302267
13612.1 0 0.030285
13616.8 0 0.0303433
13621.6 0 0.0304014
13410.3 0 0.0303259
13470.1 0 0.0303429
13494.5 0 0.0303748
