0 -58.4752 -2.26119e-06
634.56 -647.63 -2.50715e-05
1173.57 -1115.43 -4.32445e-05
1709.92 -1582.44 -6.14622e-05
2243.81 -2051.26 -7.98406e-05
2775.24 -2522.92 -9.84361e-05
3304.22 -2997.18 -0.000117254
3830.74 -3473.96 -0.000136306
4354.77 -3953.03 -0.000155597
4876.15 -4434.02 -0.000175126
5394.56 -4916.36 -0.000194885
5909.16 -5399.12 -0.000214849
6418.2 -5880.64 -0.000234962
6918.36 -6358.05 -0.000255113
7403.99 -6826.52 -0.000275102
7866.83 -7279.52 -0.000294646
8297.18 -7708.96 -0.000313379
8686.59 -8107.65 -0.000330959
9030.8 -8471.7 -0.000347178
9330.49 -8799.26 -0.000361912
9590.04 -9093.45 -0.000375262
9815.21 -9356.74 -0.000387309
10011.7 -9592.6 -0.000398182
10184.8 -9807.19 -0.000408142
10338.5 -10003.7 -0.000417322
10475.8 -10182.7 -0.000425734
10599.4 -10346.9 -0.000433492
10711.4 -10496.6 -0.000440597
10812.7 -10623.1 -0.000446635
10905.5 -10740 -0.000452235
10991.1 -10848.5 -0.000457448
11070.4 -10949.3 -0.000462313
11143.9 -11041.9 -0.000466795
11212.1 -11123.7 -0.000470769
11276 -11199.9 -0.000474478
11335.9 -11271 -0.000477946
11392.3 -11337.4 -0.000481195
11445.5 -11399.6 -0.000484245
11495.9 -11458 -0.000487115
11543.8 -11512.9 -0.000489818
11589.3 -11564.6 -0.00049237
11632.4 -11610.6 -0.000494643
11673.3 -11649.9 -0.000496591
11712.4 -11686.7 -0.000498412
11749.8 -11721.1 -0.00050012
11785.6 -11753.4 -0.000501723
11820.1 -11783.7 -0.000503232
11853.2 -11812.3 -0.000504656
11885.1 -11839.3 -0.000506003
11915.6 -11860.1 -0.00050704
11945 -11876.3 -0.000507849
11972.9 -11885.8 -0.00050832
11999.8 -11893.5 -0.000508706
12025.7 -11900 -0.000509034
12050.7 -11904.4 -0.00050925
12074.7 -11900.7 -0.000509106
12097.7 -11894.5 -0.000508869
12119.8 -11884.3 -0.000508476
12141.1 -11873.4 -0.000508054
12161.8 -11861.9 -0.000507609
12181.9 -11850 -0.000507147
12201.4 -11837.7 -0.000506671
12220.3 -11825.1 -0.000506184
12238.6 -11812.3 -0.000505689
12256.3 -11799.3 -0.000505188
12273.3 -11781.3 -0.000504492
12289.7 -11760.6 -0.00050369
12305.5 -11739.8 -0.000502887
12320.9 -11719.2 -0.00050209
12335.7 -11697.9 -0.000501265
12349.8 -11674.3 -0.000500354
12363.5 -11651.1 -0.000499458
12376.5 -11613.4 -0.000497998
12388.8 -11562.4 -0.000496029
12400.7 -11511.9 -0.000494073
12412.4 -11461.8 -0.000492136
12423.7 -11412.2 -0.000490218
12434.7 -11363.1 -0.000488321
12445.5 -11314.6 -0.000486446
12455.9 -11266.7 -0.000484591
12466.1 -11219.2 -0.000482757
12476 -11172.3 -0.000480942
12485.7 -11125.8 -0.000479144
12495.1 -11079.7 -0.000477362
12504.3 -11034 -0.000475593
12513.2 -10988.5 -0.000473836
12521.8 -10943.3 -0.000472089
12530.3 -10898.4 -0.000470352
12538.4 -10853.7 -0.000468623
12546.4 -10809.2 -0.000466903
12554.2 -10765 -0.000465192
12561.7 -10721 -0.00046349
12569 -10677.2 -0.000461799
12576.2 -10633.8 -0.000460119
12583.1 -10590.7 -0.000458453
12589.9 -10548 -0.000456802
12596.5 -10505.7 -0.000455167
12603 -10463.9 -0.000453551
12609.3 -10422.6 -0.000451954
12615.5 -10381.9 -0.00045038
12621.6 -10341.8 -0.000448828
12627.5 -10302.3 -0.0004473
12633.3 -10260.4 -0.000445681
12638.9 -10211.8 -0.000443802
12644.3 -10153.6 -0.000441552
12649.5 -10091.4 -0.000439148
12654.6 -10029.2 -0.00043674
12659.6 -9965.47 -0.000434277
12664.4 -9902.28 -0.000431833
12669.2 -9839.6 -0.00042941
12673.9 -9777.42 -0.000427005
12678.6 -9715.71 -0.000424619
12683.1 -9654.44 -0.00042225
12687.6 -9593.58 -0.000419896
12692 -9533.09 -0.000417557
12696.3 -9472.94 -0.000415231
12700.6 -9413.07 -0.000412917
12704.8 -9353.46 -0.000410611
12708.9 -9294.05 -0.000408314
12713 -9234.81 -0.000406023
12717 -9175.68 -0.000403737
12720.9 -9116.64 -0.000401454
12724.7 -9057.63 -0.000399172
12728.5 -8998.63 -0.000396891
12732.1 -8939.33 -0.000394598
12735.7 -8879.71 -0.000392293
12739.2 -8820.05 -0.000389985
12742.7 -8760.5 -0.000387683
12746 -8700.93 -0.000385379
12749.3 -8641.27 -0.000383072
12752.5 -8579.97 -0.000380702
12755.5 -8508.66 -0.000377945
12758.3 -8435.81 -0.000375128
12761.2 -8362.83 -0.000372306
12763.9 -8289.73 -0.000369479
12766.6 -8216.53 -0.000366649
12769.2 -8143.27 -0.000363816
12771.7 -8062.88 -0.000360707
12774.1 -7973.44 -0.000357249
12776.4 -7883.85 -0.000353785
12778.6 -7794.16 -0.000350316
12780.8 -7704.41 -0.000346846
12783 -7614.64 -0.000343375
12785.1 -7524.89 -0.000339904
12787.2 -7435.19 -0.000336436
12789.2 -7345.59 -0.000332971
12791.2 -7256.12 -0.000329511
12793.2 -7166.81 -0.000326058
12795.1 -7077.69 -0.000322612
12797 -6988.8 -0.000319175
12798.8 -6900.16 -0.000315747
12800.6 -6811.8 -0.00031233
12802.4 -6723.74 -0.000308925
12804.2 -6636 -0.000305533
12805.9 -6548.6 -0.000302153
12807.7 -6461.56 -0.000298787
12809.4 -6374.89 -0.000295436
12811 -6288.62 -0.0002921
12812.7 -6202.74 -0.000288779
12814.3 -6117.27 -0.000285474
12815.9 -6032.22 -0.000282186
12817.5 -5947.61 -0.000278914
12819.1 -5863.42 -0.000275658
12820.7 -5779.67 -0.00027242
12822.2 -5696.37 -0.000269199
12823.7 -5613.51 -0.000265995
12825.2 -5531.09 -0.000262808
12826.7 -5449.12 -0.000259639
12828.2 -5367.6 -0.000256486
12829.7 -5286.53 -0.000253351
12831.1 -5205.9 -0.000250233
12832.6 -5125.7 -0.000247133
12834 -5045.95 -0.000244049
12835.4 -4966.62 -0.000240981
12836.8 -4887.73 -0.00023793
12838.2 -4809.25 -0.000234896
12839.5 -4731.19 -0.000231877
12840.9 -4653.53 -0.000228875
12842.2 -4576.27 -0.000225887
12843.6 -4499.41 -0.000222915
12844.9 -4422.92 -0.000219957
12846.2 -4346.81 -0.000217014
12847.5 -4271.05 -0.000214085
12848.7 -4195.65 -0.000211169
12850 -4120.59 -0.000208267
12851.3 -4045.85 -0.000205377
12852.5 -3971.43 -0.000202499
12853.7 -3897.31 -0.000199633
12855 -3823.49 -0.000196778
12856.2 -3749.93 -0.000193934
12857.4 -3676.64 -0.0001911
12858.5 -3603.59 -0.000188275
12859.7 -3530.86 -0.000185463
12860.9 -3458.77 -0.000182675
12862 -3386.89 -0.000179896
12863.1 -3315.21 -0.000177124
12864.3 -3243.71 -0.000174359
12865.4 -3172.37 -0.000171601
12866.4 -3101.17 -0.000168848
12867.5 -3030.1 -0.0001661
12868.6 -2959.14 -0.000163356
12869.6 -2888.28 -0.000160616
12870.7 -2817.49 -0.000157878
12871.7 -2746.76 -0.000155143
12872.7 -2676.07 -0.00015241
12873.7 -2605.4 -0.000149677
12874.7 -2534.74 -0.000146945
12875.7 -2464.08 -0.000144213
12876.6 -2393.39 -0.000141479
12877.5 -2322.67 -0.000138745
12878.5 -2251.89 -0.000136008
12879.4 -2181.05 -0.000133268
12880.3 -2110.12 -0.000130526
12881.2 -2039.11 -0.00012778
12882 -1968 -0.00012503
12882.9 -1896.77 -0.000122276
12883.7 -1825.42 -0.000119517
12884.6 -1753.94 -0.000116753
12885.4 -1682.32 -0.000113984
12886.2 -1610.56 -0.000111209
12886.9 -1538.65 -0.000108428
12887.7 -1466.58 -0.000105642
12888.5 -1394.36 -0.000102849
12889.2 -1321.98 -0.00010005
12889.9 -1249.44 -9.72449e-05
12890.6 -1176.73 -9.44336e-05
12891.3 -1103.87 -9.16162e-05
12892 -1030.85 -8.87926e-05
12892.7 -957.674 -8.5963e-05
12893.3 -884.346 -8.31276e-05
12894 -810.871 -8.02865e-05
12894.6 -737.254 -7.74399e-05
12895.2 -663.5 -7.45879e-05
12895.8 -589.617 -7.1731e-05
12896.4 -515.611 -6.88693e-05
12897 -441.489 -6.60032e-05
12897.6 -367.26 -6.31329e-05
12898.1 -292.931 -6.02588e-05
12898.7 -218.513 -5.73812e-05
12899.2 -144.013 -5.45004e-05
12899.8 -69.4406 -5.16168e-05
12900.3 0 -4.86893e-05
12900.7 0 -4.52303e-05
12901.2 0 -4.17657e-05
12901.6 0 -3.82959e-05
12902 0 -3.48215e-05
12902.5 0 -3.13428e-05
12902.9 0 -2.78606e-05
12903.3 0 -2.43751e-05
12903.7 0 -2.08869e-05
12904.1 0 -1.73965e-05
12904.5 0 -1.39044e-05
12904.8 0 -1.04109e-05
12905.2 0 -6.91648e-06
12905.5 0 -3.42162e-06
12905.9 0 7.32818e-08
12906.2 0 3.56785e-06
12906.6 0 7.0617e-06
12906.9 0 1.05545e-05
12907.2 0 1.40458e-05
12907.5 0 1.75353e-05
12907.9 0 2.10228e-05
12908.2 0 2.45078e-05
12908.5 0 2.79901e-05
12908.8 0 3.14694e-05
12909 0 3.49455e-05
12909.3 0 3.84181e-05
12909.6 0 4.18869e-05
12909.9 0 4.53517e-05
12910.2 0 4.88123e-05
12910.4 0 5.22686e-05
12910.7 0 5.57202e-05
12910.9 0 5.9167e-05
12911.2 0 6.26089e-05
12911.4 0 6.60457e-05
12911.7 0 6.94771e-05
12911.9 0 7.29032e-05
12912.2 0 7.63237e-05
12912.4 0 7.97385e-05
12912.6 0 8.31475e-05
12912.9 0 8.65506e-05
12913.1 0 8.99477e-05
12913.3 0 9.33387e-05
12913.5 0 9.67234e-05
12913.7 0 0.000100102
12913.9 0 0.000103474
12914.1 0 0.000106839
12914.3 0 0.000110199
12914.5 0 0.000113551
12914.7 0 0.000116897
12914.9 0 0.000120236
12915.1 0 0.000123568
12915.3 0 0.000126894
12915.5 0 0.000130213
12915.7 0 0.000133524
12915.9 0 0.000136829
12916 0 0.000140127
12916.2 0 0.000143418
12916.4 0 0.000146702
12916.6 0 0.000149979
12916.7 0 0.000153249
12916.9 0 0.000156512
12917 0 0.000159767
12917.2 0 0.000163016
12917.4 0 0.000166257
12917.5 0 0.000169491
12917.7 0 0.000172718
12917.8 0 0.000175938
12918 0 0.000179151
12918.1 0 0.000182356
12918.2 0 0.000185554
12918.4 0 0.000188745
12918.5 0 0.000191929
12918.7 0 0.000195105
12918.8 0 0.000198275
12918.9 0 0.000201437
12919.1 0 0.000204589
12919.3 0 0.000207715
12919.6 0 0.000210792
12920.2 0 0.000213796
12921.1 0 0.000216704
12922.2 0 0.000219535
12923.4 0 0.000222319
12924.8 0 0.000225063
12926.3 0 0.000227757
12927.9 0 0.0002304
12929.8 0 0.000232954
12931.8 0 0.000235483
12933.7 0 0.000238002
12935.7 0 0.000240513
12937.6 0 0.000243014
12939.6 0 0.000245477
12941.8 0 0.000247892
12944.1 0 0.000250256
12946.6 0 0.000252538
12949.3 0 0.000254783
12951.9 0 0.000257017
12954.5 0 0.000259242
12957.1 0 0.000261457
12959.7 0 0.000263663
12962.3 0 0.000265858
12964.9 0 0.000268044
12967.5 0 0.000270216
12970.2 0 0.000272346
12973 0 0.000274427
12976 0 0.00027646
12979.1 0 0.000278409
12982.4 0 0.000280325
12985.6 0 0.000282219
12988.8 0 0.000284015
12992 0 0.000285799
12995.2 0 0.000287571
12998.4 0 0.00028933
13001.6 0 0.000291077
13004.8 0 0.000292811
13008 0 0.000294532
13011.2 0 0.000296241
13014.4 0 0.000297938
13017.6 0 0.000299619
13020.9 0 0.000301257
13024.2 0 0.000302843
13027.7 0 0.000304377
13031.3 0 0.000305838
13035 0 0.000307229
13038.8 0 0.000308608
13042.5 0 0.000309974
13046.3 0 0.000311325
13050 0 0.000312661
13053.7 0 0.000313983
13057.5 0 0.000315289
13061.2 0 0.000316581
13064.9 0 0.000317858
13068.7 0 0.00031912
13072.4 0 0.000320367
13076.1 0 0.000321599
13079.8 0 0.000322815
13083.5 0 0.000324016
13087.2 0 0.000325201
13090.9 0 0.000326371
13094.6 0 0.000327525
13098.4 0 0.000328643
13102.2 0 0.000329709
13106.1 0 0.000330722
13110 0 0.000331681
13114.2 0 0.000332541
13118.4 0 0.000333372
13122.6 0 0.000334185
13126.8 0 0.000334979
13130.9 0 0.000335756
13135.1 0 0.000336514
13139.3 0 0.000337254
13143.5 0 0.000337975
13147.6 0 0.000338677
13151.8 0 0.000339361
13155.9 0 0.000340025
13160.1 0 0.00034067
13164.3 0 0.000341296
13168.4 0 0.000341903
13172.5 0 0.00034249
13176.7 0 0.000343057
13180.8 0 0.000343605
13185 0 0.000344132
13189.1 0 0.000344639
13193.2 0 0.000345126
13197.4 0 0.000345593
13201.5 0 0.000346039
13205.6 0 0.000346465
13209.7 0 0.000346868
13213.9 0 0.000347225
13218.1 0 0.000347526
13222.4 0 0.00034777
13226.7 0 0.000347957
13231.2 0 0.000348044
13235.7 0 0.000348088
13240.2 0 0.000348108
13244.8 0 0.000348105
13249.3 0 0.000348078
13253.8 0 0.000348027
13258.3 0 0.000347952
13262.8 0 0.000347853
13267.3 0 0.00034773
13271.8 0 0.000347582
13276.3 0 0.000347409
13280.8 0 0.000347211
13285.3 0 0.000346989
13289.8 0 0.000346742
13294.3 0 0.000346469
13298.7 0 0.000346172
13303.2 0 0.000345849
13307.7 0 0.0003455
13312.2 0 0.000345126
13316.6 0 0.000344726
13321.1 0 0.000344301
13325.5 0 0.00034385
13330 0 0.000343372
13334.4 0 0.000342869
13338.9 0 0.000342339
13343.3 0 0.000341784
13347.7 0 0.000341202
13352.2 0 0.000340593
13356.6 0 0.000339958
13361 0 0.000339297
13365.5 0 0.000338609
13369.9 0 0.000337893
13374.3 0 0.00033713
13378.8 0 0.000336307
13383.3 0 0.000335423
13387.9 0 0.000334478
13392.5 0 0.00033347
13397.2 0 0.000332338
13402 0 0.000331185
13406.7 0 0.000330003
13411.5 0 0.000328792
13416.2 0 0.000327552
13420.9 0 0.000326282
13425.7 0 0.000324983
13430.4 0 0.000323655
13435.1 0 0.000322297
13439.8 0 0.000320909
13444.5 0 0.000319492
13449.3 0 0.000318046
13454 0 0.00031657
13458.7 0 0.000315064
13463.4 0 0.000313528
13468.1 0 0.000311963
13472.8 0 0.000310369
13477.4 0 0.000308744
13482.1 0 0.00030709
13486.8 0 0.000305406
13491.5 0 0.000303692
13496.2 0 0.000301949
13500.8 0 0.000300176
13505.5 0 0.000298373
13510.1 0 0.00029654
13514.8 0 0.000294678
13519.5 0 0.000292785
13524.1 0 0.000290863
13528.8 0 0.000288911
13533.4 0 0.000286929
13538 0 0.000284918
13542.7 0 0.000282877
13547.3 0 0.000280805
13551.9 0 0.000278704
13556.6 0 0.000276574
13561.2 0 0.000274413
13565.8 0 0.000272223
13570.4 0 0.000270002
13575 0 0.000267752
13579.6 0 0.000265473
13584.2 0 0.000263163
13588.8 0 0.000260823
13593.4 0 0.000258448
13598 0 0.000256014
13602.7 0 0.00025352
13607.4 0 0.000250962
13612.1 0 0.000248342
13616.8 0 0.000245657
13621.6 0 0.000242847
13410.3 0 0.000105508
13470.1 0 6.12313e-05
13494.5 0 3.17292e-05
