0 -58.4752 -2.26119e-06
634.56 0 4.45543e-05
1173.57 0 9.60637e-05
1709.92 0 0.00014752
2243.81 0 0.000198819
2775.24 0 0.000249896
3304.22 0 0.000300745
3830.74 0 0.000351359
4354.77 0 0.000401734
4876.15 0 0.000451871
5394.56 0 0.00050178
5909.16 0 0.000551483
6418.2 0 0.000601038
6918.36 0 0.000650556
7403.99 0 0.000700233
7866.83 0 0.000750357
8297.18 0 0.000801291
8686.59 0 0.000853375
9030.8 0 0.000906819
9330.49 0 0.000961766
9590.04 0 0.00101811
9815.21 0 0.00107582
10011.7 0 0.00113478
10184.8 0 0.00119467
10338.5 0 0.00125534
10475.8 0 0.00131655
10599.4 0 0.00137831
10711.4 0 0.00144065
10812.7 0 0.0015042
10905.5 0 0.00156817
10991.1 0 0.00163253
11070.4 0 0.00169723
11143.9 0 0.0017623
11212.1 0 0.00182786
11276 0 0.00189369
11335.9 0 0.00195975
11392.3 0 0.00202602
11445.5 0 0.00209248
11495.9 0 0.00215913
11543.8 0 0.00222593
11589.3 0 0.00229288
11632.4 0 0.00236013
11673.3 0 0.00242773
11712.4 0 0.00249546
11749.8 0 0.0025633
11785.6 0 0.00263124
11820.1 0 0.00269927
11853.2 0 0.00276739
11885.1 0 0.00283558
11915.6 0 0.00290427
11945 0 0.00297331
11972.9 0 0.00304258
11999.8 0 0.00311194
12025.7 0 0.00318136
12050.7 0 0.00325093
12074.7 0 0.00332104
12097.7 0 0.00339117
12119.8 0 0.00346129
12141.1 0 0.00353144
12161.8 0 0.00360161
12181.9 0 0.00367181
12201.4 0 0.00374201
12220.3 0 0.00381223
12238.6 0 0.00388246
12256.3 0 0.0039527
12273.3 0 0.00402311
12289.7 0 0.00409361
12305.5 0 0.00416411
12320.9 0 0.0042346
12335.7 0 0.00430501
12349.8 0 0.00437518
12363.5 0 0.00444532
12376.5 0 0.00451643
12388.8 0 0.00458831
12400.7 0 0.00466017
12412.4 0 0.00473202
12423.7 0 0.00480385
12434.7 0 0.00487567
12445.5 0 0.00494747
12455.9 0 0.00501924
12466.1 0 0.00509101
12476 0 0.00516275
12485.7 0 0.00523448
12495.1 0 0.0053062
12504.3 0 0.00537791
12513.2 0 0.00544962
12521.8 0 0.00552131
12530.3 0 0.005593
12538.4 0 0.00566469
12546.4 0 0.00573637
12554.2 0 0.00580804
12561.7 0 0.00587971
12569 0 0.00595137
12576.2 0 0.00602303
12583.1 0 0.00609467
12589.9 0 0.0061663
12596.5 0 0.00623791
12603 0 0.00630951
12609.3 0 0.00638109
12615.5 0 0.00645264
12621.6 0 0.00652418
12627.5 0 0.00659569
12633.3 0 0.00666735
12638.9 0 0.00673943
12644.3 0 0.00681214
12649.5 0 0.00688512
12654.6 0 0.00695804
12659.6 0 0.00703079
12664.4 0 0.00710353
12669.2 0 0.00717625
12673.9 0 0.00724895
12678.6 0 0.00732165
12683.1 0 0.00739433
12687.6 0 0.007467
12692 0 0.00753966
12696.3 0 0.00761232
12700.6 0 0.00768498
12704.8 0 0.00775763
12708.9 0 0.00783029
12713 0 0.00790295
12717 0 0.00797562
12720.9 0 0.00804829
12724.7 0 0.00812097
12728.5 0 0.00819366
12732.1 0 0.00826623
12735.7 0 0.00833866
12739.2 0 0.0084111
12742.7 0 0.00848354
12746 0 0.00855599
12749.3 0 0.00862844
12752.5 0 0.00870088
12755.5 0 0.00877328
12758.3 0 0.00884568
12761.2 0 0.00891808
12763.9 0 0.00899048
12766.6 0 0.00906288
12769.2 0 0.00913526
12771.7 0 0.00920797
12774.1 0 0.00928107
12776.4 0 0.00935416
12778.6 0 0.00942725
12780.8 0 0.00950033
12783 0 0.0095734
12785.1 0 0.00964647
12787.2 0 0.00971952
12789.2 0 0.00979256
12791.2 0 0.00986559
12793.2 0 0.00993861
12795.1 0 0.0100116
12797 0 0.0100846
12798.8 0 0.0101576
12800.6 0 0.0102305
12802.4 0 0.0103035
12804.2 0 0.0103764
12805.9 0 0.0104493
12807.7 0 0.0105222
12809.4 0 0.010595
12811 0 0.0106679
12812.7 0 0.0107407
12814.3 0 0.0108135
12815.9 0 0.0108863
12817.5 0 0.0109591
12819.1 0 0.0110319
12820.7 0 0.0111046
12822.2 0 0.0111773
12823.7 0 0.01125
12825.2 0 0.0113227
12826.7 0 0.0113954
12828.2 0 0.011468
12829.7 0 0.0115407
12831.1 0 0.0116133
12832.6 0 0.0116859
12834 0 0.0117585
12835.4 0 0.0118311
12836.8 0 0.0119036
12838.2 0 0.0119762
12839.5 0 0.0120487
12840.9 0 0.0121212
12842.2 0 0.0121937
12843.6 0 0.0122662
12844.9 0 0.0123387
12846.2 0 0.0124111
12847.5 0 0.0124836
12848.7 0 0.012556
12850 0 0.0126285
12851.3 0 0.0127009
12852.5 0 0.0127733
12853.7 0 0.0128457
12855 0 0.012918
12856.2 0 0.0129904
12857.4 0 0.0130628
12858.5 0 0.0131351
12859.7 0 0.0132075
12860.9 0 0.0132798
12862 0 0.0133521
12863.1 0 0.0134244
12864.3 0 0.0134967
12865.4 0 0.013569
12866.4 0 0.0136413
12867.5 0 0.0137135
12868.6 0 0.0137858
12869.6 0 0.0138581
12870.7 0 0.0139304
12871.7 0 0.0140026
12872.7 0 0.0140749
12873.7 0 0.0141472
12874.7 0 0.0142194
12875.7 0 0.0142917
12876.6 0 0.014364
12877.5 0 0.0144362
12878.5 0 0.0145085
12879.4 0 0.0145808
12880.3 0 0.0146531
12881.2 0 0.0147254
12882 0 0.0147976
12882.9 0 0.0148699
12883.7 0 0.0149422
12884.6 0 0.0150145
12885.4 0 0.0150868
12886.2 0 0.0151591
12886.9 0 0.0152314
12887.7 0 0.0153037
12888.5 0 0.015376
12889.2 0 0.0154483
12889.9 0 0.0155206
12890.6 0 0.015593
12891.3 0 0.0156653
12892 0 0.0157376
12892.7 0 0.0158099
12893.3 0 0.0158823
12894 0 0.0159546
12894.6 0 0.0160269
12895.2 0 0.0160993
12895.8 0 0.0161716
12896.4 0 0.0162439
12897 0 0.0163163
12897.6 0 0.0163886
12898.1 0 0.0164609
12898.7 0 0.0165333
12899.2 0 0.0166056
12899.8 0 0.016678
12900.3 0 0.0167503
12900.7 0 0.0168234
12901.2 0 0.0168965
12901.6 0 0.0169696
12902 0 0.0170427
12902.5 0 0.0171158
12902.9 0 0.0171889
12903.3 0 0.017262
12903.7 0 0.0173351
12904.1 0 0.0174082
12904.5 0 0.0174813
12904.8 0 0.0175544
12905.2 0 0.0176275
12905.5 0 0.0177006
12905.9 0 0.0177736
12906.2 0 0.0178467
12906.6 0 0.0179198
12906.9 0 0.0179929
12907.2 0 0.018066
12907.5 0 0.0181391
12907.9 0 0.0182122
12908.2 0 0.0182852
12908.5 0 0.0183583
12908.8 0 0.0184314
12909 0 0.0185044
12909.3 0 0.0185775
12909.6 0 0.0186505
12909.9 0 0.0187236
12910.2 0 0.0187966
12910.4 0 0.0188697
12910.7 0 0.0189427
12910.9 0 0.0190158
12911.2 0 0.0190888
12911.4 0 0.0191618
12911.7 0 0.0192348
12911.9 0 0.0193078
12912.2 0 0.0193808
12912.4 0 0.0194538
12912.6 0 0.0195268
12912.9 0 0.0195998
12913.1 0 0.0196728
12913.3 0 0.0197458
12913.5 0 0.0198187
12913.7 0 0.0198917
12913.9 0 0.0199646
12914.1 0 0.0200376
12914.3 0 0.0201105
12914.5 0 0.0201835
12914.7 0 0.0202564
12914.9 0 0.0203293
12915.1 0 0.0204023
12915.3 0 0.0204752
12915.5 0 0.0205481
12915.7 0 0.020621
12915.9 0 0.0206939
12916 0 0.0207668
12916.2 0 0.0208396
12916.4 0 0.0209125
12916.6 0 0.0209854
12916.7 0 0.0210582
12916.9 0 0.0211311
12917 0 0.0212039
12917.2 0 0.0212768
12917.4 0 0.0213496
12917.5 0 0.0214224
12917.7 0 0.0214953
12917.8 0 0.0215681
12918 0 0.0216409
12918.1 0 0.0217137
12918.2 0 0.0217865
12918.4 0 0.0218593
12918.5 0 0.0219321
12918.7 0 0.0220048
12918.8 0 0.0220776
12918.9 0 0.0221504
12919.1 0 0.0222231
12919.3 0 0.0222959
12919.6 0 0.0223685
12920.2 0 0.0224412
12921.1 0 0.0225137
12922.2 0 0.0225862
12923.4 0 0.0226586
12924.8 0 0.022731
12926.3 0 0.0228033
12927.9 0 0.0228756
12929.8 0 0.0229479
12931.8 0 0.0230201
12933.7 0 0.0230923
12935.7 0 0.0231644
12937.6 0 0.0232366
12939.6 0 0.0233088
12941.8 0 0.0233809
12944.1 0 0.0234529
12946.6 0 0.0235249
12949.3 0 0.0235969
12951.9 0 0.0236688
12954.5 0 0.0237407
12957.1 0 0.0238127
12959.7 0 0.0238846
12962.3 0 0.0239565
12964.9 0 0.0240284
12967.5 0 0.0241003
12970.2 0 0.0241722
12973 0 0.024244
12976 0 0.0243157
12979.1 0 0.0243874
12982.4 0 0.0244591
12985.6 0 0.0245307
12988.8 0 0.0246022
12992 0 0.0246737
12995.2 0 0.0247451
12998.4 0 0.0248166
13001.6 0 0.024888
13004.8 0 0.0249594
13008 0 0.0250309
13011.2 0 0.0251023
13014.4 0 0.0251736
13017.6 0 0.025245
13020.9 0 0.0253163
13024.2 0 0.0253876
13027.7 0 0.0254589
13031.3 0 0.02553
13035 0 0.0256011
13038.8 0 0.0256722
13042.5 0 0.0257433
13046.3 0 0.0258143
13050 0 0.0258854
13053.7 0 0.0259564
13057.5 0 0.0260275
13061.2 0 0.0260985
13064.9 0 0.0261695
13068.7 0 0.0262405
13072.4 0 0.0263114
13076.1 0 0.0263824
13079.8 0 0.0264533
13083.5 0 0.0265243
13087.2 0 0.0265952
13090.9 0 0.0266661
13094.6 0 0.026737
13098.4 0 0.0268078
13102.2 0 0.0268786
13106.1 0 0.0269494
13110 0 0.0270201
13114.2 0 0.0270907
13118.4 0 0.0271613
13122.6 0 0.0272318
13126.8 0 0.0273024
13130.9 0 0.0273729
13135.1 0 0.0274434
13139.3 0 0.0275139
13143.5 0 0.0275844
13147.6 0 0.0276549
13151.8 0 0.0277254
13155.9 0 0.0277958
13160.1 0 0.0278662
13164.3 0 0.0279366
13168.4 0 0.028007
13172.5 0 0.0280774
13176.7 0 0.0281477
13180.8 0 0.0282181
13185 0 0.0282884
13189.1 0 0.0283587
13193.2 0 0.028429
13197.4 0 0.0284992
13201.5 0 0.0285695
13205.6 0 0.0286397
13209.7 0 0.0287099
13213.9 0 0.02878
13218.1 0 0.0288501
13222.4 0 0.0289202
13226.7 0 0.0289902
13231.2 0 0.0290601
13235.7 0 0.0291299
13240.2 0 0.0291998
13244.8 0 0.0292696
13249.3 0 0.0293394
13253.8 0 0.0294092
13258.3 0 0.029479
13262.8 0 0.0295487
13267.3 0 0.0296185
13271.8 0 0.0296882
13276.3 0 0.0297578
13280.8 0 0.0298275
13285.3 0 0.0298971
13289.8 0 0.0299667
13294.3 0 0.0300363
13298.7 0 0.0301059
13303.2 0 0.0301754
13307.7 0 0.030245
13312.2 0 0.0303145
13316.6 0 0.0303839
13321.1 0 0.0304534
13325.5 0 0.0305228
13330 0 0.0305922
13334.4 0 0.0306616
13338.9 0 0.030731
13343.3 0 0.0308003
13347.7 0 0.0308696
13352.2 0 0.0309389
13356.6 0 0.0310082
13361 0 0.0310774
13365.5 0 0.0311466
13369.9 0 0.0312158
13374.3 0 0.031285
13378.8 0 0.031354
13383.3 0 0.0314231
13387.9 0 0.031492
13392.5 0 0.0315609
13397.2 0 0.0316297
13402 0 0.0316985
13406.7 0 0.0317672
13411.5 0 0.0318359
13416.2 0 0.0319046
13420.9 0 0.0319733
13425.7 0 0.032042
13430.4 0 0.0321106
13435.1 0 0.0321792
13439.8 0 0.0322478
13444.5 0 0.0323163
13449.3 0 0.0323848
13454 0 0.0324533
13458.7 0 0.0325218
13463.4 0 0.0325902
13468.1 0 0.0326586
13472.8 0 0.032727
13477.4 0 0.0327954
13482.1 0 0.0328637
13486.8 0 0.032932
13491.5 0 0.0330003
13496.2 0 0.0330685
13500.8 0 0.0331367
13505.5 0 0.0332049
13510.1 0 0.033273
13514.8 0 0.0333412
13519.5 0 0.0334093
13524.1 0 0.0334774
13528.8 0 0.0335454
13533.4 0 0.0336134
13538 0 0.0336814
13542.7 0 0.0337494
13547.3 0 0.0338173
13551.9 0 0.0338852
13556.6 0 0.0339531
13561.2 0 0.0340209
13565.8 0 0.0340888
13570.4 0 0.0341565
13575 0 0.0342243
13579.6 0 0.034292
13584.2 0 0.0343598
13588.8 0 0.0344274
13593.4 0 0.0344951
13598 0 0.0345626
13602.7 0 0.0346301
13607.4 0 0.0346975
13612.1 0 0.0347649
13616.8 0 0.0348322
13621.6 0 0.0348993
13410.3 0 0.0348328
13470.1 0 0.0348589
13494.5 0 0.0348998
