0 -58.4752 -2.26119e-06
634.56 0 9.11237e-06
1173.57 0 2.50011e-05
1709.92 0 4.0864e-05
2243.81 0 5.65573e-05
2775.24 0 7.20447e-05
3304.22 0 8.73215e-05
3830.74 0 0.000102368
4354.77 0 0.000117173
4876.15 0 0.000131739
5394.56 0 0.000146075
5909.16 0 0.000160204
6418.2 0 0.000174183
6918.36 0 0.000188125
7403.99 0 0.000202232
7866.83 0 0.000216781
8297.18 0 0.000232143
8686.59 0 0.000248664
9030.8 0 0.000266551
9330.49 0 0.000285883
9590.04 0 0.000306567
9815.21 0 0.000328427
10011.7 0 0.000351289
10184.8 0 0.000375012
10338.5 0 0.000399535
10475.8 0 0.000425322
10599.4 0 0.000451973
10711.4 0 0.000479456
10812.7 0 0.000507687
10905.5 0 0.000536374
10991.1 0 0.000565468
11070.4 0 0.000594927
11143.9 0 0.00062479
11212.1 0 0.000655183
11276 0 0.000685859
11335.9 0 0.00071679
11392.3 0 0.000747952
11445.5 0 0.000779323
11495.9 0 0.000810884
11543.8 0 0.00084262
11589.3 0 0.000874517
11632.4 0 0.000906653
11673.3 0 0.000939054
11712.4 0 0.000971585
11749.8 0 0.00100423
11785.6 0 0.00103699
11820.1 0 0.00106985
11853.2 0 0.00110279
11885.1 0 0.00113581
11915.6 0 0.00116875
11945 0 0.00120165
11972.9 0 0.0012351
11999.8 0 0.00126864
12025.7 0 0.00130224
12050.7 0 0.00133586
12074.7 0 0.00136945
12097.7 0 0.00140328
12119.8 0 0.00143764
12141.1 0 0.00147203
12161.8 0 0.00150644
12181.9 0 0.00154086
12201.4 0 0.00157529
12220.3 0 0.00160973
12238.6 0 0.00164417
12256.3 0 0.00167862
12273.3 0 0.00171332
12289.7 0 0.00174815
12305.5 0 0.00178297
12320.9 0 0.0018178
12335.7 0 0.0018529
12349.8 0 0.0018888
12363.5 0 0.0019247
12376.5 0 0.00196029
12388.8 0 0.00199584
12400.7 0 0.00203136
12412.4 0 0.00206686
12423.7 0 0.00210234
12434.7 0 0.00213778
12445.5 0 0.0021732
12455.9 0 0.0022086
12466.1 0 0.00224396
12476 0 0.0022793
12485.7 0 0.00231462
12495.1 0 0.00234991
12504.3 0 0.00238518
12513.2 0 0.00242043
12521.8 0 0.00245566
12530.3 0 0.00249087
12538.4 0 0.00252607
12546.4 0 0.00256125
12554.2 0 0.00259641
12561.7 0 0.00263156
12569 0 0.00266668
12576.2 0 0.0027018
12583.1 0 0.00273689
12589.9 0 0.00277196
12596.5 0 0.00280702
12603 0 0.00284205
12609.3 0 0.00287706
12615.5 0 0.00291205
12621.6 0 0.00294701
12627.5 0 0.00298195
12633.3 0 0.00301684
12638.9 0 0.00305166
12644.3 0 0.00308629
12649.5 0 0.00312082
12654.6 0 0.0031555
12659.6 0 0.00319071
12664.4 0 0.0032259
12669.2 0 0.00326105
12673.9 0 0.00329618
12678.6 0 0.00333128
12683.1 0 0.00336634
12687.6 0 0.00340138
12692 0 0.00343639
12696.3 0 0.00347137
12700.6 0 0.00350632
12704.8 0 0.00354124
12708.9 0 0.00357613
12713 0 0.003611
12717 0 0.00364584
12720.9 0 0.00368065
12724.7 0 0.00371544
12728.5 0 0.0037502
12732.1 0 0.00378528
12735.7 0 0.00382069
12739.2 0 0.00385608
12742.7 0 0.00389146
12746 0 0.00392683
12749.3 0 0.00396218
12752.5 0 0.00399779
12755.5 0 0.0040347
12758.3 0 0.00407179
12761.2 0 0.00410889
12763.9 0 0.00414602
12766.6 0 0.00418316
12769.2 0 0.00422033
12771.7 0 0.00425769
12774.1 0 0.00429531
12776.4 0 0.00433295
12778.6 0 0.00437061
12780.8 0 0.0044083
12783 0 0.004446
12785.1 0 0.00448373
12787.2 0 0.00452147
12789.2 0 0.00455922
12791.2 0 0.00459699
12793.2 0 0.00463477
12795.1 0 0.00467255
12797 0 0.00471034
12798.8 0 0.00474813
12800.6 0 0.00478592
12802.4 0 0.00482372
12804.2 0 0.00486151
12805.9 0 0.00489929
12807.7 0 0.00493707
12809.4 0 0.00497484
12811 0 0.00501261
12812.7 0 0.00505036
12814.3 0 0.0050881
12815.9 0 0.00512583
12817.5 0 0.00516355
12819.1 0 0.00520125
12820.7 0 0.00523893
12822.2 0 0.0052766
12823.7 0 0.00531426
12825.2 0 0.0053519
12826.7 0 0.00538952
12828.2 0 0.00542712
12829.7 0 0.0054647
12831.1 0 0.00550227
12832.6 0 0.00553981
12834 0 0.00557734
12835.4 0 0.00561485
12836.8 0 0.00565234
12838.2 0 0.00568982
12839.5 0 0.00572727
12840.9 0 0.0057647
12842.2 0 0.00580212
12843.6 0 0.00583952
12844.9 0 0.0058769
12846.2 0 0.00591426
12847.5 0 0.00595161
12848.7 0 0.00598893
12850 0 0.00602624
12851.3 0 0.00606354
12852.5 0 0.00610082
12853.7 0 0.00613808
12855 0 0.00617533
12856.2 0 0.00621256
12857.4 0 0.00624978
12858.5 0 0.00628699
12859.7 0 0.00632418
12860.9 0 0.00636138
12862 0 0.00639856
12863.1 0 0.00643573
12864.3 0 0.0064729
12865.4 0 0.00651005
12866.4 0 0.0065472
12867.5 0 0.00658433
12868.6 0 0.00662147
12869.6 0 0.00665859
12870.7 0 0.00669572
12871.7 0 0.00673283
12872.7 0 0.00676995
12873.7 0 0.00680706
12874.7 0 0.00684417
12875.7 0 0.00688128
12876.6 0 0.00691839
12877.5 0 0.00695551
12878.5 0 0.00699262
12879.4 0 0.00702974
12880.3 0 0.00706687
12881.2 0 0.00710399
12882 0 0.00714113
12882.9 0 0.00717827
12883.7 0 0.00721542
12884.6 0 0.00725258
12885.4 0 0.00728975
12886.2 0 0.00732692
12886.9 0 0.00736411
12887.7 0 0.00740131
12888.5 0 0.00743852
12889.2 0 0.00747575
12889.9 0 0.00751298
12890.6 0 0.00755023
12891.3 0 0.00758749
12892 0 0.00762477
12892.7 0 0.00766206
12893.3 0 0.00769937
12894 0 0.00773669
12894.6 0 0.00777402
12895.2 0 0.00781137
12895.8 0 0.00784873
12896.4 0 0.0078861
12897 0 0.00792349
12897.6 0 0.00796089
12898.1 0 0.0079983
12898.7 0 0.00803573
12899.2 0 0.00807317
12899.8 0 0.00811062
12900.3 0 0.00814809
12900.7 0 0.00818574
12901.2 0 0.00822339
12901.6 0 0.00826106
12902 0 0.00829874
12902.5 0 0.00833642
12902.9 0 0.00837412
12903.3 0 0.00841182
12903.7 0 0.00844953
12904.1 0 0.00848724
12904.5 0 0.00852496
12904.8 0 0.00856269
12905.2 0 0.00860042
12905.5 0 0.00863816
12905.9 0 0.0086759
12906.2 0 0.00871364
12906.6 0 0.00875138
12906.9 0 0.00878913
12907.2 0 0.00882687
12907.5 0 0.00886462
12907.9 0 0.00890237
12908.2 0 0.00894012
12908.5 0 0.00897786
12908.8 0 0.00901561
12909 0 0.00905335
12909.3 0 0.00909109
12909.6 0 0.00912883
12909.9 0 0.00916657
12910.2 0 0.0092043
12910.4 0 0.00924203
12910.7 0 0.00927976
12910.9 0 0.00931748
12911.2 0 0.0093552
12911.4 0 0.00939291
12911.7 0 0.00943062
12911.9 0 0.00946832
12912.2 0 0.00950601
12912.4 0 0.00954371
12912.6 0 0.00958139
12912.9 0 0.00961907
12913.1 0 0.00965674
12913.3 0 0.00969441
12913.5 0 0.00973207
12913.7 0 0.00976972
12913.9 0 0.00980736
12914.1 0 0.009845
12914.3 0 0.00988263
12914.5 0 0.00992026
12914.7 0 0.00995787
12914.9 0 0.00999548
12915.1 0 0.0100331
12915.3 0 0.0100707
12915.5 0 0.0101083
12915.7 0 0.0101458
12915.9 0 0.0101834
12916 0 0.010221
12916.2 0 0.0102585
12916.4 0 0.0102961
12916.6 0 0.0103336
12916.7 0 0.0103711
12916.9 0 0.0104087
12917 0 0.0104462
12917.2 0 0.0104837
12917.4 0 0.0105212
12917.5 0 0.0105587
12917.7 0 0.0105961
12917.8 0 0.0106336
12918 0 0.0106711
12918.1 0 0.0107085
12918.2 0 0.010746
12918.4 0 0.0107834
12918.5 0 0.0108208
12918.7 0 0.0108582
12918.8 0 0.0108956
12918.9 0 0.010933
12919.1 0 0.0109704
12919.3 0 0.0110078
12919.6 0 0.0110451
12920.2 0 0.0110823
12921.1 0 0.0111194
12922.2 0 0.0111564
12923.4 0 0.0111933
12924.8 0 0.0112302
12926.3 0 0.011267
12927.9 0 0.0113037
12929.8 0 0.0113404
12931.8 0 0.011377
12933.7 0 0.0114136
12935.7 0 0.0114502
12937.6 0 0.0114868
12939.6 0 0.0115233
12941.8 0 0.0115598
12944.1 0 0.0115962
12946.6 0 0.0116325
12949.3 0 0.0116687
12951.9 0 0.0117049
12954.5 0 0.0117412
12957.1 0 0.0117774
12959.7 0 0.0118136
12962.3 0 0.0118498
12964.9 0 0.0118859
12967.5 0 0.0119221
12970.2 0 0.0119582
12973 0 0.0119942
12976 0 0.0120302
12979.1 0 0.0120661
12982.4 0 0.0121019
12985.6 0 0.0121377
12988.8 0 0.0121736
12992 0 0.0122094
12995.2 0 0.0122452
12998.4 0 0.0122811
13001.6 0 0.0123169
13004.8 0 0.0123526
13008 0 0.0123884
13011.2 0 0.0124242
13014.4 0 0.0124599
13017.6 0 0.0124956
13020.9 0 0.0125313
13024.2 0 0.0125669
13027.7 0 0.0126025
13031.3 0 0.012638
13035 0 0.0126734
13038.8 0 0.0127087
13042.5 0 0.0127441
13046.3 0 0.0127795
13050 0 0.0128148
13053.7 0 0.0128501
13057.5 0 0.0128854
13061.2 0 0.0129206
13064.9 0 0.0129559
13068.7 0 0.0129911
13072.4 0 0.0130264
13076.1 0 0.0130616
13079.8 0 0.0130967
13083.5 0 0.0131319
13087.2 0 0.013167
13090.9 0 0.0132022
13094.6 0 0.0132373
13098.4 0 0.0132723
13102.2 0 0.0133074
13106.1 0 0.0133423
13110 0 0.0133772
13114.2 0 0.013412
13118.4 0 0.0134467
13122.6 0 0.0134815
13126.8 0 0.0135161
13130.9 0 0.0135508
13135.1 0 0.0135854
13139.3 0 0.0136201
13143.5 0 0.0136547
13147.6 0 0.0136892
13151.8 0 0.0137238
13155.9 0 0.0137583
13160.1 0 0.0137928
13164.3 0 0.0138273
13168.4 0 0.0138618
13172.5 0 0.0138962
13176.7 0 0.0139306
13180.8 0 0.013965
13185 0 0.0139994
13189.1 0 0.0140337
13193.2 0 0.014068
13197.4 0 0.0141023
13201.5 0 0.0141366
13205.6 0 0.0141708
13209.7 0 0.014205
13213.9 0 0.0142392
13218.1 0 0.0142733
13222.4 0 0.0143073
13226.7 0 0.0143413
13231.2 0 0.0143752
13235.7 0 0.014409
13240.2 0 0.0144427
13244.8 0 0.0144765
13249.3 0 0.0145102
13253.8 0 0.0145438
13258.3 0 0.0145775
13262.8 0 0.0146111
13267.3 0 0.0146447
13271.8 0 0.0146782
13276.3 0 0.0147117
13280.8 0 0.0147452
13285.3 0 0.0147787
13289.8 0 0.0148121
13294.3 0 0.0148455
13298.7 0 0.0148789
13303.2 0 0.0149122
13307.7 0 0.0149455
13312.2 0 0.0149788
13316.6 0 0.015012
13321.1 0 0.0150453
13325.5 0 0.0150784
13330 0 0.0151116
13334.4 0 0.0151447
13338.9 0 0.0151778
13343.3 0 0.0152108
13347.7 0 0.0152439
13352.2 0 0.0152768
13356.6 0 0.0153098
13361 0 0.0153427
13365.5 0 0.0153756
13369.9 0 0.0154085
13374.3 0 0.0154413
13378.8 0 0.0154741
13383.3 0 0.0155068
13387.9 0 0.0155394
13392.5 0 0.015572
13397.2 0 0.0156045
13402 0 0.0156368
13406.7 0 0.0156692
13411.5 0 0.0157014
13416.2 0 0.0157337
13420.9 0 0.0157659
13425.7 0 0.0157981
13430.4 0 0.0158302
13435.1 0 0.0158623
13439.8 0 0.0158944
13444.5 0 0.0159265
13449.3 0 0.0159585
13454 0 0.0159904
13458.7 0 0.0160224
13463.4 0 0.0160543
13468.1 0 0.0160861
13472.8 0 0.016118
13477.4 0 0.0161498
13482.1 0 0.0161816
13486.8 0 0.0162133
13491.5 0 0.016245
13496.2 0 0.0162766
13500.8 0 0.0163083
13505.5 0 0.0163399
13510.1 0 0.0163714
13514.8 0 0.016403
13519.5 0 0.0164345
13524.1 0 0.0164659
13528.8 0 0.0164973
13533.4 0 0.0165287
13538 0 0.0165601
13542.7 0 0.0165914
13547.3 0 0.0166227
13551.9 0 0.016654
13556.6 0 0.0166852
13561.2 0 0.0167164
13565.8 0 0.0167476
13570.4 0 0.0167787
13575 0 0.0168098
13579.6 0 0.0168408
13584.2 0 0.0168719
13588.8 0 0.0169029
13593.4 0 0.0169338
13598 0 0.0169648
13602.7 0 0.0169957
13607.4 0 0.0170266
13612.1 0 0.0170573
13616.8 0 0.0170881
13621.6 0 0.0171188
13410.3 0 0.017013
13470.1 0 0.0170013
13494.5 0 0.0170044
