0 -58.4752 -2.26119e-06
634.56 -755.987 -2.92752e-05
1173.57 -1331.85 -5.16764e-05
1709.92 -1905.57 -7.41185e-05
2243.81 -2479.59 -9.67232e-05
2775.24 -3054.64 -0.000119543
3304.22 -3630.25 -0.000142582
3830.74 -4206.19 -0.000165855
4354.77 -4782.1 -0.000189367
4876.15 -5357.44 -0.000213118
5394.56 -5931.5 -0.000237099
5909.16 -6503.24 -0.000261285
6418.2 -7070.93 -0.00028562
6918.36 -7631.68 -0.000309993
7403.99 -8180.76 -0.000334203
7866.83 -8711.91 -0.000357969
8297.18 -9217.44 -0.000380924
8686.59 -9690.65 -0.000402724
9030.8 -10128.1 -0.000423162
9330.49 -10528.6 -0.000442123
9590.04 -10895.3 -0.000459708
9815.21 -11231.4 -0.000476014
10011.7 -11540.5 -0.00049118
10184.8 -11828.1 -0.000505445
10338.5 -12097.2 -0.000518925
10475.8 -12346.6 -0.000531538
10599.4 -12580.1 -0.000543455
10711.4 -12798.1 -0.000554682
10812.7 -12995.1 -0.000564906
10905.5 -13182.1 -0.00057469
10991.1 -13360.3 -0.000584081
11070.4 -13530.7 -0.000593121
11143.9 -13692.6 -0.000601775
11212.1 -13843.9 -0.000609915
11276 -13989.4 -0.000617788
11335.9 -14129.4 -0.000625416
11392.3 -14264.6 -0.000632824
11445.5 -14395.4 -0.00064003
11495.9 -14522.1 -0.000647053
11543.8 -14645.1 -0.000653909
11589.3 -14764.7 -0.000660612
11632.4 -14878.8 -0.000667043
11673.3 -14986.9 -0.000673161
11712.4 -15092.2 -0.000679152
11749.8 -15194.9 -0.000685028
11785.6 -15295.4 -0.0006908
11820.1 -15393.7 -0.000696477
11853.2 -15490.1 -0.000702068
11885.1 -15584.7 -0.000707581
11915.6 -15674.9 -0.000712863
11945 -15761.8 -0.000717972
11972.9 -15841.9 -0.0007227
11999.8 -15920.2 -0.00072734
12025.7 -15997.3 -0.000731924
12050.7 -16072.4 -0.000736412
12074.7 -16142.7 -0.000740622
12097.7 -16210.6 -0.000744707
12119.8 -16274.4 -0.00074856
12141.1 -16337.6 -0.000752386
12161.8 -16400.2 -0.00075619
12181.9 -16462.3 -0.000759977
12201.4 -16524.1 -0.00076375
12220.3 -16585.4 -0.000767513
12238.6 -16646.4 -0.000771269
12256.3 -16707.2 -0.00077502
12273.3 -16764.4 -0.000778565
12289.7 -16819.7 -0.000781997
12305.5 -16874.8 -0.00078543
12320.9 -16929.8 -0.000788868
12335.7 -16983.4 -0.000792229
12349.8 -17033.2 -0.000795358
12363.5 -17083.1 -0.000798501
12376.5 -17126.7 -0.000801256
12388.8 -17163.9 -0.000803612
12400.7 -17201.3 -0.000805985
12412.4 -17238.9 -0.000808376
12423.7 -17276.8 -0.000810788
12434.7 -17314.9 -0.000813222
12445.5 -17353.3 -0.000815678
12455.9 -17392 -0.000818158
12466.1 -17430.9 -0.000820658
12476 -17470 -0.000823179
12485.7 -17509.4 -0.000825719
12495.1 -17548.9 -0.000828276
12504.3 -17588.5 -0.000830848
12513.2 -17628.3 -0.000833433
12521.8 -17668.2 -0.000836031
12530.3 -17708.2 -0.00083864
12538.4 -17748.2 -0.000841259
12546.4 -17788.3 -0.000843889
12554.2 -17828.4 -0.000846529
12561.7 -17868.7 -0.000849179
12569 -17909 -0.000851842
12576.2 -17949.4 -0.000854517
12583.1 -17989.9 -0.000857207
12589.9 -18030.6 -0.000859912
12596.5 -18071.4 -0.000862635
12603 -18112.4 -0.000865376
12609.3 -18153.6 -0.000868138
12615.5 -18195 -0.000870922
12621.6 -18236.7 -0.000873729
12627.5 -18278.7 -0.000876561
12633.3 -18319.5 -0.000879328
12638.9 -18357.5 -0.000881904
12644.3 -18391.5 -0.00088422
12649.5 -18424 -0.000886433
12654.6 -18456 -0.000888615
12659.6 -18485.6 -0.000890643
12664.4 -18515.5 -0.000892693
12669.2 -18545.7 -0.000894765
12673.9 -18576.2 -0.000896859
12678.6 -18606.8 -0.000898972
12683.1 -18637.7 -0.000901106
12687.6 -18668.8 -0.000903258
12692 -18700.1 -0.000905427
12696.3 -18731.6 -0.000907613
12700.6 -18763.2 -0.000909813
12704.8 -18794.9 -0.000912027
12708.9 -18826.8 -0.000914252
12713 -18858.7 -0.000916489
12717 -18890.7 -0.000918734
12720.9 -18922.8 -0.000920987
12724.7 -18954.8 -0.000923246
12728.5 -18986.9 -0.00092551
12732.1 -19017.9 -0.000927703
12735.7 -19047.7 -0.000929819
12739.2 -19077.5 -0.000931936
12742.7 -19107.4 -0.00093406
12746 -19137.2 -0.000936185
12749.3 -19166.9 -0.00093831
12752.5 -19195.2 -0.000940334
12755.5 -19215.5 -0.000941787
12758.3 -19234.6 -0.000943156
12761.2 -19253.5 -0.000944518
12763.9 -19272.3 -0.000945871
12766.6 -19291 -0.000947218
12769.2 -19309.6 -0.000948559
12771.7 -19324.6 -0.000949641
12774.1 -19335 -0.000950391
12776.4 -19345.2 -0.000951132
12778.6 -19355.3 -0.000951865
12780.8 -19365.4 -0.000952592
12783 -19375.3 -0.000953314
12785.1 -19385.2 -0.000954033
12787.2 -19395.1 -0.000954751
12789.2 -19405 -0.000955469
12791.2 -19414.9 -0.000956188
12793.2 -19424.8 -0.00095691
12795.1 -19434.8 -0.000957637
12797 -19444.9 -0.00095837
12798.8 -19455 -0.000959109
12800.6 -19465.3 -0.000959857
12802.4 -19475.7 -0.000960615
12804.2 -19486.2 -0.000961383
12805.9 -19496.9 -0.000962162
12807.7 -19507.7 -0.000962954
12809.4 -19518.7 -0.000963759
12811 -19529.9 -0.000964578
12812.7 -19541.2 -0.000965411
12814.3 -19552.8 -0.000966259
12815.9 -19564.6 -0.000967122
12817.5 -19576.5 -0.000968001
12819.1 -19588.7 -0.000968897
12820.7 -19601.1 -0.000969809
12822.2 -19613.7 -0.000970738
12823.7 -19626.6 -0.000971685
12825.2 -19639.6 -0.000972648
12826.7 -19652.9 -0.000973629
12828.2 -19666.4 -0.000974627
12829.7 -19680.1 -0.000975642
12831.1 -19694.1 -0.000976675
12832.6 -19708.2 -0.000977725
12834 -19722.6 -0.000978792
12835.4 -19737.2 -0.000979876
12836.8 -19752 -0.000980978
12838.2 -19767.1 -0.000982096
12839.5 -19782.3 -0.00098323
12840.9 -19797.7 -0.000984381
12842.2 -19813.3 -0.000985548
12843.6 -19829.2 -0.000986731
12844.9 -19845.2 -0.000987929
12846.2 -19861.4 -0.000989142
12847.5 -19877.7 -0.00099037
12848.7 -19894.3 -0.000991612
12850 -19911 -0.000992868
12851.3 -19927.9 -0.000994138
12852.5 -19944.9 -0.00099542
12853.7 -19962 -0.000996715
12855 -19979.3 -0.000998022
12856.2 -19996.8 -0.00099934
12857.4 -20014.3 -0.00100067
12858.5 -20032 -0.00100201
12859.7 -20049.8 -0.00100336
12860.9 -20067.8 -0.00100473
12862 -20086 -0.00100611
12863.1 -20104.2 -0.0010075
12864.3 -20122.5 -0.0010089
12865.4 -20140.8 -0.0010103
12866.4 -20159.2 -0.00101171
12867.5 -20177.7 -0.00101312
12868.6 -20196.2 -0.00101454
12869.6 -20214.7 -0.00101596
12870.7 -20233.3 -0.00101739
12871.7 -20251.8 -0.00101882
12872.7 -20270.4 -0.00102025
12873.7 -20288.9 -0.00102168
12874.7 -20307.4 -0.00102311
12875.7 -20325.9 -0.00102454
12876.6 -20344.4 -0.00102597
12877.5 -20362.8 -0.0010274
12878.5 -20381.1 -0.00102883
12879.4 -20399.4 -0.00103026
12880.3 -20417.7 -0.00103168
12881.2 -20435.8 -0.0010331
12882 -20453.9 -0.00103451
12882.9 -20471.9 -0.00103592
12883.7 -20489.8 -0.00103732
12884.6 -20507.6 -0.00103872
12885.4 -20525.3 -0.00104011
12886.2 -20542.9 -0.00104149
12886.9 -20560.4 -0.00104287
12887.7 -20577.8 -0.00104424
12888.5 -20595 -0.00104561
12889.2 -20612.2 -0.00104696
12889.9 -20629.2 -0.00104831
12890.6 -20646.1 -0.00104965
12891.3 -20662.9 -0.00105099
12892 -20679.6 -0.00105231
12892.7 -20696.2 -0.00105363
12893.3 -20712.6 -0.00105494
12894 -20728.9 -0.00105625
12894.6 -20745.2 -0.00105754
12895.2 -20761.3 -0.00105883
12895.8 -20777.3 -0.00106011
12896.4 -20793.2 -0.00106139
12897 -20809 -0.00106266
12897.6 -20824.7 -0.00106392
12898.1 -20840.3 -0.00106518
12898.7 -20855.9 -0.00106643
12899.2 -20871.3 -0.00106768
12899.8 -20886.7 -0.00106892
12900.3 -20901.6 -0.00107013
12900.7 -20910.8 -0.00107087
12901.2 -20919.9 -0.00107161
12901.6 -20928.9 -0.00107234
12902 -20937.9 -0.00107307
12902.5 -20946.7 -0.00107379
12902.9 -20955.6 -0.0010745
12903.3 -20964.3 -0.00107521
12903.7 -20973 -0.00107592
12904.1 -20981.7 -0.00107663
12904.5 -20990.3 -0.00107733
12904.8 -20998.9 -0.00107803
12905.2 -21007.5 -0.00107873
12905.5 -21016 -0.00107943
12905.9 -21024.5 -0.00108012
12906.2 -21033 -0.00108082
12906.6 -21041.6 -0.00108152
12906.9 -21050.1 -0.00108221
12907.2 -21058.6 -0.00108291
12907.5 -21067.1 -0.00108361
12907.9 -21075.7 -0.00108431
12908.2 -21084.2 -0.00108501
12908.5 -21092.8 -0.00108572
12908.8 -21101.4 -0.00108643
12909 -21110.1 -0.00108714
12909.3 -21118.8 -0.00108785
12909.6 -21127.5 -0.00108857
12909.9 -21136.2 -0.00108929
12910.2 -21145 -0.00109002
12910.4 -21153.9 -0.00109075
12910.7 -21162.8 -0.00109148
12910.9 -21171.7 -0.00109222
12911.2 -21180.7 -0.00109296
12911.4 -21189.7 -0.00109371
12911.7 -21198.8 -0.00109446
12911.9 -21208 -0.00109522
12912.2 -21217.2 -0.00109599
12912.4 -21226.5 -0.00109676
12912.6 -21235.8 -0.00109753
12912.9 -21245.2 -0.00109832
12913.1 -21254.7 -0.0010991
12913.3 -21264.3 -0.0010999
12913.5 -21273.9 -0.0011007
12913.7 -21283.6 -0.00110151
12913.9 -21293.3 -0.00110232
12914.1 -21303.1 -0.00110314
12914.3 -21313 -0.00110397
12914.5 -21323 -0.0011048
12914.7 -21333 -0.00110564
12914.9 -21343.1 -0.00110649
12915.1 -21353.3 -0.00110734
12915.3 -21363.6 -0.0011082
12915.5 -21373.9 -0.00110907
12915.7 -21384.3 -0.00110995
12915.9 -21394.8 -0.00111083
12916 -21405.4 -0.00111172
12916.2 -21416 -0.00111262
12916.4 -21426.8 -0.00111352
12916.6 -21437.6 -0.00111443
12916.7 -21448.4 -0.00111535
12916.9 -21459.4 -0.00111628
12917 -21470.4 -0.00111721
12917.2 -21481.5 -0.00111815
12917.4 -21492.7 -0.0011191
12917.5 -21504 -0.00112005
12917.7 -21515.3 -0.00112102
12917.8 -21526.7 -0.00112199
12918 -21538.2 -0.00112297
12918.1 -21549.8 -0.00112395
12918.2 -21561.4 -0.00112495
12918.4 -21573.1 -0.00112595
12918.5 -21584.9 -0.00112695
12918.7 -21596.8 -0.00112797
12918.8 -21608.7 -0.00112899
12918.9 -21620.8 -0.00113002
12919.1 -21632.9 -0.00113107
12919.3 -21645.4 -0.00113213
12919.6 -21658.4 -0.00113325
12920.2 -21672.3 -0.00113445
12921.1 -21687.3 -0.00113575
12922.2 -21703.3 -0.00113712
12923.4 -21719.8 -0.00113855
12924.8 -21736.8 -0.00114002
12926.3 -21754.4 -0.00114154
12927.9 -21772.5 -0.00114312
12929.8 -21791.7 -0.00114479
12931.8 -21811.2 -0.00114648
12933.7 -21830.7 -0.00114819
12935.7 -21850.4 -0.0011499
12937.6 -21870.1 -0.00115163
12939.6 -21890.2 -0.00115339
12941.8 -21910.9 -0.00115521
12944.1 -21932.1 -0.00115708
12946.6 -21954.3 -0.00115903
12949.3 -21976.9 -0.00116103
12951.9 -21999.5 -0.00116303
12954.5 -22022.3 -0.00116505
12957.1 -22045.1 -0.00116707
12959.7 -22068 -0.00116911
12962.3 -22090.9 -0.00117116
12964.9 -22114 -0.00117322
12967.5 -22137.1 -0.00117529
12970.2 -22160.7 -0.00117741
12973 -22184.8 -0.00117957
12976 -22209.4 -0.00118179
12979.1 -22234.9 -0.0011841
12982.4 -22260.8 -0.00118644
12985.6 -22286.9 -0.0011888
12988.8 -22313.6 -0.00119124
12992 -22340.4 -0.00119368
12995.2 -22367.3 -0.00119614
12998.4 -22394.3 -0.00119861
13001.6 -22421.3 -0.00120109
13004.8 -22448.4 -0.00120359
13008 -22475.6 -0.0012061
13011.2 -22502.8 -0.00120862
13014.4 -22530.2 -0.00121116
13017.6 -22557.6 -0.00121371
13020.9 -22585.4 -0.0012163
13024.2 -22613.7 -0.00121895
13027.7 -22642.5 -0.00122165
13031.3 -22672 -0.00122442
13035 -22702.3 -0.00122727
13038.8 -22732.6 -0.00123014
13042.5 -22762.9 -0.00123301
13046.3 -22793.3 -0.0012359
13050 -22823.8 -0.00123881
13053.7 -22854.3 -0.00124173
13057.5 -22884.9 -0.00124467
13061.2 -22915.6 -0.00124762
13064.9 -22946.4 -0.00125059
13068.7 -22977.2 -0.00125357
13072.4 -23008.1 -0.00125657
13076.1 -23039.1 -0.00125959
13079.8 -23070.1 -0.00126262
13083.5 -23101.2 -0.00126567
13087.2 -23132.4 -0.00126873
13090.9 -23163.7 -0.00127181
13094.6 -23195 -0.00127491
13098.4 -23226.5 -0.00127804
13102.2 -23258.5 -0.00128122
13106.1 -23291 -0.00128446
13110 -23323.9 -0.00128776
13114.2 -23357.6 -0.00129115
13118.4 -23391.6 -0.00129458
13122.6 -23425.7 -0.00129803
13126.8 -23459.8 -0.0013015
13130.9 -23494 -0.00130498
13135.1 -23528.3 -0.00130849
13139.3 -23562.6 -0.00131201
13143.5 -23597 -0.00131556
13147.6 -23631.5 -0.00131912
13151.8 -23666 -0.00132271
13155.9 -23700.6 -0.00132631
13160.1 -23735.3 -0.00132993
13164.3 -23770 -0.00133358
13168.4 -23804.8 -0.00133724
13172.5 -23839.6 -0.00134092
13176.7 -23874.5 -0.00134463
13180.8 -23909.5 -0.00134836
13185 -23944.5 -0.0013521
13189.1 -23979.6 -0.00135587
13193.2 -24014.7 -0.00135966
13197.4 -24049.9 -0.00136347
13201.5 -24085.2 -0.0013673
13205.6 -24120.5 -0.00137115
13209.7 -24155.9 -0.00137503
13213.9 -24191.6 -0.00137895
13218.1 -24227.6 -0.00138293
13222.4 -24264 -0.00138697
13226.7 -24300.8 -0.00139106
13231.2 -24338.3 -0.00139526
13235.7 -24376.1 -0.0013995
13240.2 -24413.9 -0.00140378
13244.8 -24451.8 -0.00140807
13249.3 -24489.8 -0.0014124
13253.8 -24527.8 -0.00141674
13258.3 -24565.9 -0.00142112
13262.8 -24604 -0.00142552
13267.3 -24642.1 -0.00142994
13271.8 -24680.3 -0.00143439
13276.3 -24718.5 -0.00143886
13280.8 -24756.8 -0.00144336
13285.3 -24795.1 -0.00144789
13289.8 -24833.5 -0.00145244
13294.3 -24871.8 -0.00145702
13298.7 -24910.3 -0.00146163
13303.2 -24948.7 -0.00146626
13307.7 -24987.2 -0.00147092
13312.2 -25025.7 -0.00147561
13316.6 -25064.2 -0.00148032
13321.1 -25102.8 -0.00148506
13325.5 -25141.4 -0.00148982
13330 -25180 -0.00149462
13334.4 -25218.6 -0.00149944
13338.9 -25257.2 -0.00150429
13343.3 -25295.9 -0.00150916
13347.7 -25334.6 -0.00151406
13352.2 -25373.2 -0.00151899
13356.6 -25411.9 -0.00152395
13361 -25450.6 -0.00152894
13365.5 -25489.4 -0.00153395
13369.9 -25528.1 -0.00153899
13374.3 -25566.9 -0.00154408
13378.8 -25606 -0.00154922
13383.3 -25645.3 -0.00155443
13387.9 -25684.9 -0.0015597
13392.5 -25724.7 -0.00156503
13397.2 -25765.2 -0.00157048
13402 -25805.7 -0.00157597
13406.7 -25846.2 -0.0015815
13411.5 -25886.7 -0.00158705
13416.2 -25927.2 -0.00159263
13420.9 -25967.7 -0.00159825
13425.7 -26008.1 -0.00160389
13430.4 -26048.5 -0.00160957
13435.1 -26088.8 -0.00161527
13439.8 -26129.1 -0.00162101
13444.5 -26169.4 -0.00162677
13449.3 -26209.6 -0.00163257
13454 -26249.8 -0.0016384
13458.7 -26289.9 -0.00164426
13463.4 -26330 -0.00165015
13468.1 -26370 -0.00165607
13472.8 -26410 -0.00166202
13477.4 -26449.9 -0.001668
13482.1 -26489.7 -0.00167401
13486.8 -26529.5 -0.00168005
13491.5 -26569.2 -0.00168612
13496.2 -26608.8 -0.00169223
13500.8 -26648.4 -0.00169836
13505.5 -26687.9 -0.00170452
13510.1 -26727.3 -0.00171072
13514.8 -26766.6 -0.00171694
13519.5 -26805.9 -0.0017232
13524.1 -26845 -0.00172949
13528.8 -26884.1 -0.00173581
13533.4 -26923.1 -0.00174215
13538 -26962 -0.00174853
13542.7 -27000.8 -0.00175494
13547.3 -27039.5 -0.00176138
13551.9 -27078.1 -0.00176785
13556.6 -27116.6 -0.00177435
13561.2 -27155 -0.00178088
13565.8 -27193.2 -0.00178744
13570.4 -27231.4 -0.00179404
13575 -27269.4 -0.00180066
13579.6 -27307.4 -0.00180731
13584.2 -27345.2 -0.001814
13588.8 -27382.9 -0.00182071
13593.4 -27420.5 -0.00182746
13598 -27458.1 -0.00183425
13602.7 -27495.7 -0.00184111
13607.4 -27533.3 -0.00184802
13612.1 -27571 -0.001855
13616.8 -27608.7 -0.00186205
13621.6 -27646.6 -0.0018692
13410.3 -28338 -0.00201127
13470.1 -28549.4 -0.00206007
13494.5 -28689.5 -0.0020941
