0 -58.4752 -2.26119e-06
634.56 0 7.94917e-05
1173.57 0 0.000165884
1709.92 0 0.000252232
2243.81 0 0.000338419
2775.24 0 0.000424388
3304.22 0 0.000510135
3830.74 0 0.000595649
4354.77 0 0.000680922
4876.15 0 0.000765958
5394.56 0 0.000850764
5909.16 0 0.000935365
6418.2 0 0.00101982
6918.36 0 0.00110423
7403.99 0 0.00118881
7866.83 0 0.00127383
8297.18 0 0.00135966
8686.59 0 0.00144664
9030.8 0 0.00153499
9330.49 0 0.00162482
9590.04 0 0.00171604
9815.21 0 0.00180856
10011.7 0 0.00190226
10184.8 0 0.00199687
10338.5 0 0.00209226
10475.8 0 0.00218842
10599.4 0 0.00228522
10711.4 0 0.00238267
10812.7 0 0.00248119
10905.5 0 0.00258015
10991.1 0 0.0026795
11070.4 0 0.00277919
11143.9 0 0.00287927
11212.1 0 0.00297986
11276 0 0.00308071
11335.9 0 0.0031818
11392.3 0 0.00328311
11445.5 0 0.00338462
11495.9 0 0.00348631
11543.8 0 0.00358816
11589.3 0 0.00369017
11632.4 0 0.00379245
11673.3 0 0.00389507
11712.4 0 0.0039978
11749.8 0 0.00410066
11785.6 0 0.00420361
11820.1 0 0.00430666
11853.2 0 0.0044098
11885.1 0 0.00451301
11915.6 0 0.00461654
11945 0 0.00472031
11972.9 0 0.0048244
11999.8 0 0.00492858
12025.7 0 0.00503283
12050.7 0 0.00513718
12074.7 0 0.0052419
12097.7 0 0.00534671
12119.8 0 0.00545167
12141.1 0 0.00555666
12161.8 0 0.00566167
12181.9 0 0.0057667
12201.4 0 0.00587175
12220.3 0 0.0059768
12238.6 0 0.00608187
12256.3 0 0.00618693
12273.3 0 0.0062922
12289.7 0 0.00639757
12305.5 0 0.00650293
12320.9 0 0.0066083
12335.7 0 0.00671368
12349.8 0 0.00681914
12363.5 0 0.00692459
12376.5 0 0.00703061
12388.8 0 0.00713716
12400.7 0 0.00724369
12412.4 0 0.0073502
12423.7 0 0.00745669
12434.7 0 0.00756316
12445.5 0 0.00766962
12455.9 0 0.00777605
12466.1 0 0.00788246
12476 0 0.00798885
12485.7 0 0.00809522
12495.1 0 0.00820158
12504.3 0 0.00830792
12513.2 0 0.00841426
12521.8 0 0.00852058
12530.3 0 0.0086269
12538.4 0 0.0087332
12546.4 0 0.0088395
12554.2 0 0.00894579
12561.7 0 0.00905207
12569 0 0.00915834
12576.2 0 0.00926459
12583.1 0 0.00937084
12589.9 0 0.00947707
12596.5 0 0.00958328
12603 0 0.00968947
12609.3 0 0.00979565
12615.5 0 0.0099018
12621.6 0 0.0100079
12627.5 0 0.010114
12633.3 0 0.0102202
12638.9 0 0.0103267
12644.3 0 0.0104336
12649.5 0 0.0105406
12654.6 0 0.0106476
12659.6 0 0.0107546
12664.4 0 0.0108617
12669.2 0 0.0109687
12673.9 0 0.0110757
12678.6 0 0.0111826
12683.1 0 0.0112896
12687.6 0 0.0113966
12692 0 0.0115035
12696.3 0 0.0116104
12700.6 0 0.0117173
12704.8 0 0.0118242
12708.9 0 0.0119311
12713 0 0.012038
12717 0 0.0121449
12720.9 0 0.0122517
12724.7 0 0.0123586
12728.5 0 0.0124655
12732.1 0 0.0125724
12735.7 0 0.0126793
12739.2 0 0.0127862
12742.7 0 0.0128931
12746 0 0.0129999
12749.3 0 0.0131068
12752.5 0 0.0132138
12755.5 0 0.0133211
12758.3 0 0.0134285
12761.2 0 0.0135359
12763.9 0 0.0136433
12766.6 0 0.0137507
12769.2 0 0.013858
12771.7 0 0.0139657
12774.1 0 0.0140737
12776.4 0 0.0141818
12778.6 0 0.0142898
12780.8 0 0.0143978
12783 0 0.0145059
12785.1 0 0.0146139
12787.2 0 0.0147219
12789.2 0 0.0148299
12791.2 0 0.014938
12793.2 0 0.015046
12795.1 0 0.015154
12797 0 0.015262
12798.8 0 0.01537
12800.6 0 0.015478
12802.4 0 0.0155859
12804.2 0 0.0156939
12805.9 0 0.0158018
12807.7 0 0.0159097
12809.4 0 0.0160176
12811 0 0.0161255
12812.7 0 0.0162334
12814.3 0 0.0163413
12815.9 0 0.0164491
12817.5 0 0.016557
12819.1 0 0.0166648
12820.7 0 0.0167726
12822.2 0 0.0168803
12823.7 0 0.0169881
12825.2 0 0.0170958
12826.7 0 0.0172036
12828.2 0 0.0173113
12829.7 0 0.017419
12831.1 0 0.0175267
12832.6 0 0.0176343
12834 0 0.017742
12835.4 0 0.0178496
12836.8 0 0.0179572
12838.2 0 0.0180648
12839.5 0 0.0181724
12840.9 0 0.0182799
12842.2 0 0.0183875
12843.6 0 0.018495
12844.9 0 0.0186025
12846.2 0 0.01871
12847.5 0 0.0188175
12848.7 0 0.018925
12850 0 0.0190324
12851.3 0 0.0191399
12852.5 0 0.0192473
12853.7 0 0.0193548
12855 0 0.0194622
12856.2 0 0.0195696
12857.4 0 0.019677
12858.5 0 0.0197843
12859.7 0 0.0198917
12860.9 0 0.0199991
12862 0 0.0201064
12863.1 0 0.0202137
12864.3 0 0.0203211
12865.4 0 0.0204284
12866.4 0 0.0205357
12867.5 0 0.020643
12868.6 0 0.0207503
12869.6 0 0.0208576
12870.7 0 0.0209649
12871.7 0 0.0210722
12872.7 0 0.0211795
12873.7 0 0.0212868
12874.7 0 0.0213941
12875.7 0 0.0215014
12876.6 0 0.0216086
12877.5 0 0.0217159
12878.5 0 0.0218232
12879.4 0 0.0219305
12880.3 0 0.0220378
12881.2 0 0.0221451
12882 0 0.0222525
12882.9 0 0.0223598
12883.7 0 0.0224671
12884.6 0 0.0225744
12885.4 0 0.0226817
12886.2 0 0.0227891
12886.9 0 0.0228964
12887.7 0 0.0230038
12888.5 0 0.0231111
12889.2 0 0.0232185
12889.9 0 0.0233258
12890.6 0 0.0234332
12891.3 0 0.0235406
12892 0 0.023648
12892.7 0 0.0237553
12893.3 0 0.0238627
12894 0 0.0239701
12894.6 0 0.0240775
12895.2 0 0.0241849
12895.8 0 0.0242924
12896.4 0 0.0243998
12897 0 0.0245072
12897.6 0 0.0246146
12898.1 0 0.0247221
12898.7 0 0.0248295
12899.2 0 0.0249369
12899.8 0 0.0250444
12900.3 0 0.0251519
12900.7 0 0.0252599
12901.2 0 0.0253679
12901.6 0 0.0254759
12902 0 0.025584
12902.5 0 0.025692
12902.9 0 0.0258001
12903.3 0 0.0259081
12903.7 0 0.0260162
12904.1 0 0.0261242
12904.5 0 0.0262323
12904.8 0 0.0263403
12905.2 0 0.0264484
12905.5 0 0.0265564
12905.9 0 0.0266645
12906.2 0 0.0267725
12906.6 0 0.0268806
12906.9 0 0.0269887
12907.2 0 0.0270967
12907.5 0 0.0272048
12907.9 0 0.0273128
12908.2 0 0.0274209
12908.5 0 0.0275289
12908.8 0 0.0276369
12909 0 0.027745
12909.3 0 0.027853
12909.6 0 0.027961
12909.9 0 0.0280691
12910.2 0 0.0281771
12910.4 0 0.0282851
12910.7 0 0.0283931
12910.9 0 0.0285011
12911.2 0 0.0286091
12911.4 0 0.0287171
12911.7 0 0.0288251
12911.9 0 0.0289331
12912.2 0 0.0290411
12912.4 0 0.0291491
12912.6 0 0.029257
12912.9 0 0.029365
12913.1 0 0.029473
12913.3 0 0.0295809
12913.5 0 0.0296889
12913.7 0 0.0297968
12913.9 0 0.0299047
12914.1 0 0.0300127
12914.3 0 0.0301206
12914.5 0 0.0302285
12914.7 0 0.0303364
12914.9 0 0.0304443
12915.1 0 0.0305522
12915.3 0 0.0306601
12915.5 0 0.030768
12915.7 0 0.0308758
12915.9 0 0.0309837
12916 0 0.0310916
12916.2 0 0.0311994
12916.4 0 0.0313073
12916.6 0 0.0314151
12916.7 0 0.0315229
12916.9 0 0.0316308
12917 0 0.0317386
12917.2 0 0.0318464
12917.4 0 0.0319542
12917.5 0 0.032062
12917.7 0 0.0321698
12917.8 0 0.0322776
12918 0 0.0323853
12918.1 0 0.0324931
12918.2 0 0.0326009
12918.4 0 0.0327086
12918.5 0 0.0328164
12918.7 0 0.0329241
12918.8 0 0.0330318
12918.9 0 0.0331396
12919.1 0 0.0332473
12919.3 0 0.033355
12919.6 0 0.0334626
12920.2 0 0.0335702
12921.1 0 0.0336776
12922.2 0 0.033785
12923.4 0 0.0338924
12924.8 0 0.0339997
12926.3 0 0.0341069
12927.9 0 0.0342142
12929.8 0 0.0343213
12931.8 0 0.0344284
12933.7 0 0.0345355
12935.7 0 0.0346425
12937.6 0 0.0347496
12939.6 0 0.0348566
12941.8 0 0.0349636
12944.1 0 0.0350705
12946.6 0 0.0351774
12949.3 0 0.0352842
12951.9 0 0.035391
12954.5 0 0.0354978
12957.1 0 0.0356046
12959.7 0 0.0357113
12962.3 0 0.0358181
12964.9 0 0.0359249
12967.5 0 0.0360316
12970.2 0 0.0361383
12973 0 0.0362449
12976 0 0.0363515
12979.1 0 0.0364581
12982.4 0 0.0365645
12985.6 0 0.036671
12988.8 0 0.0367774
12992 0 0.0368837
12995.2 0 0.0369901
12998.4 0 0.0370964
13001.6 0 0.0372027
13004.8 0 0.037309
13008 0 0.0374153
13011.2 0 0.0375216
13014.4 0 0.0376278
13017.6 0 0.0377341
13020.9 0 0.0378403
13024.2 0 0.0379464
13027.7 0 0.0380525
13031.3 0 0.0381585
13035 0 0.0382645
13038.8 0 0.0383705
13042.5 0 0.0384764
13046.3 0 0.0385823
13050 0 0.0386882
13053.7 0 0.0387941
13057.5 0 0.0389
13061.2 0 0.0390058
13064.9 0 0.0391117
13068.7 0 0.0392175
13072.4 0 0.0393233
13076.1 0 0.0394291
13079.8 0 0.0395349
13083.5 0 0.0396407
13087.2 0 0.0397464
13090.9 0 0.0398522
13094.6 0 0.0399579
13098.4 0 0.0400636
13102.2 0 0.0401692
13106.1 0 0.0402748
13110 0 0.0403803
13114.2 0 0.0404857
13118.4 0 0.0405911
13122.6 0 0.0406965
13126.8 0 0.0408019
13130.9 0 0.0409072
13135.1 0 0.0410125
13139.3 0 0.0411179
13143.5 0 0.0412231
13147.6 0 0.0413284
13151.8 0 0.0414337
13155.9 0 0.0415389
13160.1 0 0.0416441
13164.3 0 0.0417493
13168.4 0 0.0418545
13172.5 0 0.0419597
13176.7 0 0.0420648
13180.8 0 0.0421699
13185 0 0.042275
13189.1 0 0.0423801
13193.2 0 0.0424851
13197.4 0 0.0425902
13201.5 0 0.0426952
13205.6 0 0.0428002
13209.7 0 0.0429052
13213.9 0 0.0430101
13218.1 0 0.043115
13222.4 0 0.0432198
13226.7 0 0.0433245
13231.2 0 0.0434292
13235.7 0 0.0435338
13240.2 0 0.0436384
13244.8 0 0.043743
13249.3 0 0.0438475
13253.8 0 0.043952
13258.3 0 0.0440565
13262.8 0 0.044161
13267.3 0 0.0442655
13271.8 0 0.0443699
13276.3 0 0.0444743
13280.8 0 0.0445787
13285.3 0 0.044683
13289.8 0 0.0447873
13294.3 0 0.0448916
13298.7 0 0.0449959
13303.2 0 0.0451002
13307.7 0 0.0452044
13312.2 0 0.0453086
13316.6 0 0.0454128
13321.1 0 0.0455169
13325.5 0 0.045621
13330 0 0.0457251
13334.4 0 0.0458292
13338.9 0 0.0459332
13343.3 0 0.0460373
13347.7 0 0.0461412
13352.2 0 0.0462452
13356.6 0 0.0463492
13361 0 0.0464531
13365.5 0 0.046557
13369.9 0 0.0466608
13374.3 0 0.0467646
13378.8 0 0.0468684
13383.3 0 0.0469721
13387.9 0 0.0470757
13392.5 0 0.0471793
13397.2 0 0.0472827
13402 0 0.0473861
13406.7 0 0.0474895
13411.5 0 0.0475929
13416.2 0 0.0476962
13420.9 0 0.0477995
13425.7 0 0.0479028
13430.4 0 0.0480061
13435.1 0 0.0481093
13439.8 0 0.0482125
13444.5 0 0.0483156
13449.3 0 0.0484188
13454 0 0.0485219
13458.7 0 0.0486249
13463.4 0 0.048728
13468.1 0 0.048831
13472.8 0 0.048934
13477.4 0 0.0490369
13482.1 0 0.0491399
13486.8 0 0.0492427
13491.5 0 0.0493456
13496.2 0 0.0494484
13500.8 0 0.0495512
13505.5 0 0.049654
13510.1 0 0.0497568
13514.8 0 0.0498595
13519.5 0 0.0499622
13524.1 0 0.0500648
13528.8 0 0.0501675
13533.4 0 0.0502701
13538 0 0.0503726
13542.7 0 0.0504752
13547.3 0 0.0505777
13551.9 0 0.0506801
13556.6 0 0.0507826
13561.2 0 0.050885
13565.8 0 0.0509874
13570.4 0 0.0510898
13575 0 0.0511921
13579.6 0 0.0512944
13584.2 0 0.0513967
13588.8 0 0.0514989
13593.4 0 0.0516011
13598 0 0.0517033
13602.7 0 0.0518053
13607.4 0 0.0519074
13612.1 0 0.0520093
13616.8 0 0.0521112
13621.6 0 0.052213
13410.3 0 0.0521802
13470.1 0 0.0522406
13494.5 0 0.0523157
