0 -58.4752 -2.26119e-06
634.56 0 2.93491e-05
1173.57 0 6.56432e-05
1709.92 0 0.000101886
2243.81 0 0.00013797
2775.24 0 0.000173834
3304.22 0 0.00020947
3830.74 0 0.000244872
4354.77 0 0.000280035
4876.15 0 0.000314959
5394.56 0 0.000349655
5909.16 0 0.000384146
6418.2 0 0.000418489
6918.36 0 0.000452794
7403.99 0 0.000487258
7866.83 0 0.00052217
8297.18 0 0.000557891
8686.59 0 0.000594763
9030.8 0 0.000632995
9330.49 0 0.000672727
9590.04 0 0.000713853
9815.21 0 0.000756333
10011.7 0 0.000800052
10184.8 0 0.000844702
10338.5 0 0.000890125
10475.8 0 0.000936128
10599.4 0 0.000982705
10711.4 0 0.00102987
10812.7 0 0.00107822
10905.5 0 0.001127
10991.1 0 0.00117616
11070.4 0 0.00122566
11143.9 0 0.00127554
11212.1 0 0.00132592
11276 0 0.00137655
11335.9 0 0.00142742
11392.3 0 0.00147851
11445.5 0 0.00152979
11495.9 0 0.00158125
11543.8 0 0.00163287
11589.3 0 0.00168463
11632.4 0 0.0017367
11673.3 0 0.00178911
11712.4 0 0.00184164
11749.8 0 0.00189429
11785.6 0 0.00194704
11820.1 0 0.00199988
11853.2 0 0.00205281
11885.1 0 0.00210581
11915.6 0 0.00215928
11945 0 0.00221307
11972.9 0 0.00226712
11999.8 0 0.00232125
12025.7 0 0.00237544
12050.7 0 0.00242978
12074.7 0 0.00248462
12097.7 0 0.00253951
12119.8 0 0.0025944
12141.1 0 0.00264933
12161.8 0 0.00270428
12181.9 0 0.00275924
12201.4 0 0.00281423
12220.3 0 0.00286922
12238.6 0 0.00292423
12256.3 0 0.00297924
12273.3 0 0.00303443
12289.7 0 0.00308971
12305.5 0 0.00314499
12320.9 0 0.00320027
12335.7 0 0.00325548
12349.8 0 0.00331051
12363.5 0 0.00336551
12376.5 0 0.00342141
12388.8 0 0.00347803
12400.7 0 0.00353464
12412.4 0 0.00359124
12423.7 0 0.00364781
12434.7 0 0.00370437
12445.5 0 0.00376091
12455.9 0 0.00381743
12466.1 0 0.00387393
12476 0 0.00393042
12485.7 0 0.00398689
12495.1 0 0.00404335
12504.3 0 0.0040998
12513.2 0 0.00415624
12521.8 0 0.00421267
12530.3 0 0.0042691
12538.4 0 0.00432552
12546.4 0 0.00438194
12554.2 0 0.00443835
12561.7 0 0.00449475
12569 0 0.00455115
12576.2 0 0.00460753
12583.1 0 0.00466391
12589.9 0 0.00472027
12596.5 0 0.00477661
12603 0 0.00483294
12609.3 0 0.00488925
12615.5 0 0.00494554
12621.6 0 0.0050018
12627.5 0 0.00505805
12633.3 0 0.00511443
12638.9 0 0.00517121
12644.3 0 0.00522856
12649.5 0 0.00528617
12654.6 0 0.00534372
12659.6 0 0.00540115
12664.4 0 0.00545857
12669.2 0 0.00551596
12673.9 0 0.00557334
12678.6 0 0.00563071
12683.1 0 0.00568806
12687.6 0 0.00574541
12692 0 0.00580274
12696.3 0 0.00586007
12700.6 0 0.00591739
12704.8 0 0.00597472
12708.9 0 0.00603204
12713 0 0.00608936
12717 0 0.00614669
12720.9 0 0.00620402
12724.7 0 0.00626136
12728.5 0 0.00631871
12732.1 0 0.00637595
12735.7 0 0.00643309
12739.2 0 0.00649023
12742.7 0 0.00654738
12746 0 0.00660453
12749.3 0 0.00666169
12752.5 0 0.00671884
12755.5 0 0.00677603
12758.3 0 0.00683323
12761.2 0 0.00689044
12763.9 0 0.00694764
12766.6 0 0.00700484
12769.2 0 0.00706204
12771.7 0 0.00711954
12774.1 0 0.00717743
12776.4 0 0.00723532
12778.6 0 0.0072932
12780.8 0 0.00735108
12783 0 0.00740895
12785.1 0 0.00746682
12787.2 0 0.00752467
12789.2 0 0.00758252
12791.2 0 0.00764035
12793.2 0 0.00769817
12795.1 0 0.00775598
12797 0 0.00781378
12798.8 0 0.00787156
12800.6 0 0.00792932
12802.4 0 0.00798707
12804.2 0 0.0080448
12805.9 0 0.00810252
12807.7 0 0.00816022
12809.4 0 0.0082179
12811 0 0.00827556
12812.7 0 0.00833321
12814.3 0 0.00839084
12815.9 0 0.00844845
12817.5 0 0.00850604
12819.1 0 0.00856362
12820.7 0 0.00862118
12822.2 0 0.00867872
12823.7 0 0.00873624
12825.2 0 0.00879375
12826.7 0 0.00885124
12828.2 0 0.00890871
12829.7 0 0.00896617
12831.1 0 0.0090236
12832.6 0 0.00908103
12834 0 0.00913843
12835.4 0 0.00919582
12836.8 0 0.0092532
12838.2 0 0.00931055
12839.5 0 0.0093679
12840.9 0 0.00942523
12842.2 0 0.00948254
12843.6 0 0.00953984
12844.9 0 0.00959713
12846.2 0 0.00965441
12847.5 0 0.00971167
12848.7 0 0.00976892
12850 0 0.00982616
12851.3 0 0.00988338
12852.5 0 0.0099406
12853.7 0 0.0099978
12855 0 0.010055
12856.2 0 0.0101122
12857.4 0 0.0101694
12858.5 0 0.0102265
12859.7 0 0.0102837
12860.9 0 0.0103408
12862 0 0.0103979
12863.1 0 0.010455
12864.3 0 0.0105121
12865.4 0 0.0105692
12866.4 0 0.0106263
12867.5 0 0.0106834
12868.6 0 0.0107405
12869.6 0 0.0107976
12870.7 0 0.0108547
12871.7 0 0.0109118
12872.7 0 0.0109688
12873.7 0 0.0110259
12874.7 0 0.011083
12875.7 0 0.0111401
12876.6 0 0.0111972
12877.5 0 0.0112542
12878.5 0 0.0113113
12879.4 0 0.0113684
12880.3 0 0.0114255
12881.2 0 0.0114826
12882 0 0.0115397
12882.9 0 0.0115968
12883.7 0 0.0116539
12884.6 0 0.011711
12885.4 0 0.0117681
12886.2 0 0.0118252
12886.9 0 0.0118823
12887.7 0 0.0119394
12888.5 0 0.0119966
12889.2 0 0.0120537
12889.9 0 0.0121108
12890.6 0 0.012168
12891.3 0 0.0122251
12892 0 0.0122822
12892.7 0 0.0123394
12893.3 0 0.0123965
12894 0 0.0124537
12894.6 0 0.0125108
12895.2 0 0.012568
12895.8 0 0.0126251
12896.4 0 0.0126823
12897 0 0.0127395
12897.6 0 0.0127966
12898.1 0 0.0128538
12898.7 0 0.0129109
12899.2 0 0.0129681
12899.8 0 0.0130253
12900.3 0 0.0130825
12900.7 0 0.0131404
12901.2 0 0.0131982
12901.6 0 0.0132561
12902 0 0.013314
12902.5 0 0.0133719
12902.9 0 0.0134298
12903.3 0 0.0134877
12903.7 0 0.0135456
12904.1 0 0.0136035
12904.5 0 0.0136614
12904.8 0 0.0137193
12905.2 0 0.0137772
12905.5 0 0.0138351
12905.9 0 0.0138929
12906.2 0 0.0139508
12906.6 0 0.0140087
12906.9 0 0.0140666
12907.2 0 0.0141245
12907.5 0 0.0141824
12907.9 0 0.0142403
12908.2 0 0.0142981
12908.5 0 0.014356
12908.8 0 0.0144139
12909 0 0.0144717
12909.3 0 0.0145296
12909.6 0 0.0145875
12909.9 0 0.0146453
12910.2 0 0.0147032
12910.4 0 0.014761
12910.7 0 0.0148188
12910.9 0 0.0148767
12911.2 0 0.0149345
12911.4 0 0.0149923
12911.7 0 0.0150501
12911.9 0 0.015108
12912.2 0 0.0151658
12912.4 0 0.0152236
12912.6 0 0.0152814
12912.9 0 0.0153391
12913.1 0 0.0153969
12913.3 0 0.0154547
12913.5 0 0.0155125
12913.7 0 0.0155702
12913.9 0 0.015628
12914.1 0 0.0156858
12914.3 0 0.0157435
12914.5 0 0.0158012
12914.7 0 0.015859
12914.9 0 0.0159167
12915.1 0 0.0159744
12915.3 0 0.0160321
12915.5 0 0.0160898
12915.7 0 0.0161475
12915.9 0 0.0162052
12916 0 0.0162629
12916.2 0 0.0163206
12916.4 0 0.0163783
12916.6 0 0.016436
12916.7 0 0.0164936
12916.9 0 0.0165513
12917 0 0.0166089
12917.2 0 0.0166666
12917.4 0 0.0167242
12917.5 0 0.0167818
12917.7 0 0.0168394
12917.8 0 0.0168971
12918 0 0.0169547
12918.1 0 0.0170123
12918.2 0 0.0170699
12918.4 0 0.0171275
12918.5 0 0.017185
12918.7 0 0.0172426
12918.8 0 0.0173002
12918.9 0 0.0173577
12919.1 0 0.0174153
12919.3 0 0.0174728
12919.6 0 0.0175303
12920.2 0 0.0175877
12921.1 0 0.0176451
12922.2 0 0.0177023
12923.4 0 0.0177595
12924.8 0 0.0178167
12926.3 0 0.0178739
12927.9 0 0.017931
12929.8 0 0.017988
12931.8 0 0.018045
12933.7 0 0.0181019
12935.7 0 0.0181589
12937.6 0 0.0182159
12939.6 0 0.0182728
12941.8 0 0.0183297
12944.1 0 0.0183865
12946.6 0 0.0184433
12949.3 0 0.0185
12951.9 0 0.0185567
12954.5 0 0.0186135
12957.1 0 0.0186702
12959.7 0 0.0187269
12962.3 0 0.0187836
12964.9 0 0.0188402
12967.5 0 0.0188969
12970.2 0 0.0189535
12973 0 0.0190101
12976 0 0.0190667
12979.1 0 0.0191231
12982.4 0 0.0191796
12985.6 0 0.019236
12988.8 0 0.0192923
12992 0 0.0193485
12995.2 0 0.0194048
12998.4 0 0.019461
13001.6 0 0.0195172
13004.8 0 0.0195734
13008 0 0.0196296
13011.2 0 0.0196858
13014.4 0 0.019742
13017.6 0 0.0197981
13020.9 0 0.0198542
13024.2 0 0.0199103
13027.7 0 0.0199663
13031.3 0 0.0200222
13035 0 0.0200781
13038.8 0 0.020134
13042.5 0 0.0201898
13046.3 0 0.0202457
13050 0 0.0203015
13053.7 0 0.0203573
13057.5 0 0.0204131
13061.2 0 0.0204689
13064.9 0 0.0205247
13068.7 0 0.0205805
13072.4 0 0.0206362
13076.1 0 0.020692
13079.8 0 0.0207477
13083.5 0 0.0208034
13087.2 0 0.0208591
13090.9 0 0.0209148
13094.6 0 0.0209704
13098.4 0 0.021026
13102.2 0 0.0210816
13106.1 0 0.0211371
13110 0 0.0211926
13114.2 0 0.021248
13118.4 0 0.0213033
13122.6 0 0.0213587
13126.8 0 0.021414
13130.9 0 0.0214693
13135.1 0 0.0215246
13139.3 0 0.0215799
13143.5 0 0.0216352
13147.6 0 0.0216904
13151.8 0 0.0217456
13155.9 0 0.0218008
13160.1 0 0.021856
13164.3 0 0.0219112
13168.4 0 0.0219663
13172.5 0 0.0220215
13176.7 0 0.0220766
13180.8 0 0.0221317
13185 0 0.0221868
13189.1 0 0.0222418
13193.2 0 0.0222969
13197.4 0 0.0223519
13201.5 0 0.0224069
13205.6 0 0.0224619
13209.7 0 0.0225169
13213.9 0 0.0225718
13218.1 0 0.0226266
13222.4 0 0.0226815
13226.7 0 0.0227362
13231.2 0 0.0227909
13235.7 0 0.0228455
13240.2 0 0.0229001
13244.8 0 0.0229547
13249.3 0 0.0230093
13253.8 0 0.0230638
13258.3 0 0.0231183
13262.8 0 0.0231728
13267.3 0 0.0232273
13271.8 0 0.0232818
13276.3 0 0.0233362
13280.8 0 0.0233906
13285.3 0 0.023445
13289.8 0 0.0234994
13294.3 0 0.0235537
13298.7 0 0.023608
13303.2 0 0.0236623
13307.7 0 0.0237166
13312.2 0 0.0237709
13316.6 0 0.0238251
13321.1 0 0.0238793
13325.5 0 0.0239335
13330 0 0.0239876
13334.4 0 0.0240418
13338.9 0 0.0240959
13343.3 0 0.0241499
13347.7 0 0.024204
13352.2 0 0.024258
13356.6 0 0.0243121
13361 0 0.024366
13365.5 0 0.02442
13369.9 0 0.0244739
13374.3 0 0.0245278
13378.8 0 0.0245816
13383.3 0 0.0246354
13387.9 0 0.0246891
13392.5 0 0.0247427
13397.2 0 0.0247963
13402 0 0.0248498
13406.7 0 0.0249033
13411.5 0 0.0249567
13416.2 0 0.0250102
13420.9 0 0.0250636
13425.7 0 0.025117
13430.4 0 0.0251704
13435.1 0 0.0252237
13439.8 0 0.025277
13444.5 0 0.0253303
13449.3 0 0.0253835
13454 0 0.0254368
13458.7 0 0.02549
13463.4 0 0.0255431
13468.1 0 0.0255963
13472.8 0 0.0256494
13477.4 0 0.0257025
13482.1 0 0.0257555
13486.8 0 0.0258085
13491.5 0 0.0258615
13496.2 0 0.0259145
13500.8 0 0.0259675
13505.5 0 0.0260204
13510.1 0 0.0260733
13514.8 0 0.0261261
13519.5 0 0.026179
13524.1 0 0.0262318
13528.8 0 0.0262845
13533.4 0 0.0263373
13538 0 0.02639
13542.7 0 0.0264427
13547.3 0 0.0264953
13551.9 0 0.026548
13556.6 0 0.0266006
13561.2 0 0.0266532
13565.8 0 0.0267057
13570.4 0 0.0267582
13575 0 0.0268107
13579.6 0 0.0268632
13584.2 0 0.0269156
13588.8 0 0.026968
13593.4 0 0.0270204
13598 0 0.0270727
13602.7 0 0.0271249
13607.4 0 0.027177
13612.1 0 0.0272291
13616.8 0 0.0272812
13621.6 0 0.027333
13410.3 0 0.0272511
13470.1 0 0.0272618
13494.5 0 0.0272874
