0 -58.4752 -2.26119e-06
634.56 -686.503 -2.65793e-05
1173.57 -1193.87 -4.62987e-05
1709.92 -1699.88 -6.60569e-05
2243.81 -2207.26 -8.59786e-05
2775.24 -2716.8 -0.000106114
3304.22 -3228.2 -0.000126468
3830.74 -3741.36 -0.000147054
4354.77 -4256.06 -0.000167881
4876.15 -4771.85 -0.000188946
5394.56 -5288.11 -0.000210241
5909.16 -5803.87 -0.000231742
6418.2 -6317.46 -0.000253392
6918.36 -6825.98 -0.000275079
7403.99 -7324.62 -0.000296604
7866.83 -7806.99 -0.000317684
8297.18 -8265.08 -0.000337953
8686.59 -8691.9 -0.000357067
9030.8 -9083.7 -0.000374818
9330.49 -9439.11 -0.000391097
9590.04 -9761.24 -0.000406003
9815.21 -10053.3 -0.000419645
10011.7 -10319 -0.000432168
10184.8 -10563.6 -0.000443795
10338.5 -10790 -0.000454635
10475.8 -10995.5 -0.00046455
10599.4 -11184.9 -0.000473745
10711.4 -11358.5 -0.000482229
10812.7 -11511.4 -0.000489748
10905.5 -11654.6 -0.000496823
10991.1 -11789.2 -0.000503505
11070.4 -11916 -0.000509833
11143.9 -12034.5 -0.000515771
11212.1 -12142.3 -0.000521195
11276 -12244.3 -0.000526348
11335.9 -12341 -0.000531256
11392.3 -12433.1 -0.000535941
11445.5 -12520.9 -0.000540423
11495.9 -12604.8 -0.000544722
11543.8 -12685.1 -0.000548852
11589.3 -12762.2 -0.000552828
11632.4 -12834 -0.000556538
11673.3 -12899.6 -0.00055994
11712.4 -12962.6 -0.000563216
11749.8 -13023.3 -0.000566376
11785.6 -13081.7 -0.000569432
11820.1 -13138.3 -0.000572391
11853.2 -13193.1 -0.000575265
11885.1 -13246.2 -0.000578061
11915.6 -13295.8 -0.000580671
11945 -13342.5 -0.00058314
11972.9 -13381.5 -0.000585202
11999.8 -13418.8 -0.000587176
12025.7 -13454.9 -0.000589094
12050.7 -13489.4 -0.000590926
12074.7 -13519.5 -0.000592526
12097.7 -13546.8 -0.000593984
12119.8 -13569 -0.000595166
12141.1 -13590.7 -0.000596321
12161.8 -13611.9 -0.000597454
12181.9 -13632.8 -0.000598571
12201.4 -13653.4 -0.000599675
12220.3 -13673.8 -0.000600769
12238.6 -13694.1 -0.000601856
12256.3 -13714.3 -0.000602939
12273.3 -13730.5 -0.000603809
12289.7 -13744.5 -0.000604564
12305.5 -13758.6 -0.000605319
12320.9 -13772.7 -0.00060608
12335.7 -13784.9 -0.000606734
12349.8 -13791.2 -0.000607073
12363.5 -13797.7 -0.000607425
12376.5 -13798.9 -0.000607491
12388.8 -13792 -0.000607221
12400.7 -13785.4 -0.000606969
12412.4 -13779.4 -0.000606736
12423.7 -13774 -0.000606524
12434.7 -13769.1 -0.000606336
12445.5 -13764.8 -0.000606171
12455.9 -13761.2 -0.000606029
12466.1 -13758.1 -0.00060591
12476 -13755.5 -0.000605811
12485.7 -13753.5 -0.000605732
12495.1 -13751.9 -0.000605671
12504.3 -13750.7 -0.000605626
12513.2 -13750 -0.000605596
12521.8 -13749.5 -0.000605579
12530.3 -13749.4 -0.000605574
12538.4 -13749.6 -0.000605581
12546.4 -13750 -0.000605599
12554.2 -13750.8 -0.000605628
12561.7 -13751.8 -0.000605668
12569 -13753.2 -0.000605721
12576.2 -13754.9 -0.000605788
12583.1 -13757 -0.000605869
12589.9 -13759.5 -0.000605966
12596.5 -13762.5 -0.000606082
12603 -13766 -0.000606216
12609.3 -13770 -0.000606372
12615.5 -13774.6 -0.000606549
12621.6 -13779.8 -0.00060675
12627.5 -13785.6 -0.000606975
12633.3 -13790.2 -0.000607152
12638.9 -13790.8 -0.000607176
12644.3 -13786.4 -0.000607006
12649.5 -13780.1 -0.000606761
12654.6 -13772.5 -0.00060647
12659.6 -13759.6 -0.000605968
12664.4 -13747.2 -0.00060549
12669.2 -13735.4 -0.000605034
12673.9 -13724.2 -0.000604601
12678.6 -13713.6 -0.00060419
12683.1 -13703.5 -0.0006038
12687.6 -13693.9 -0.00060343
12692 -13684.8 -0.000603079
12696.3 -13676.2 -0.000602746
12700.6 -13668.1 -0.00060243
12704.8 -13660.3 -0.000602129
12708.9 -13652.9 -0.000601843
12713 -13645.8 -0.00060157
12717 -13639.1 -0.000601308
12720.9 -13632.6 -0.000601057
12724.7 -13626.3 -0.000600815
12728.5 -13620.3 -0.000600581
12732.1 -13611.4 -0.00060024
12735.7 -13599.7 -0.000599785
12739.2 -13588 -0.000599334
12742.7 -13576.5 -0.00059889
12746 -13565.1 -0.000598449
12749.3 -13553.8 -0.00059801
12752.5 -13539.2 -0.000597448
12755.5 -13507.2 -0.000596208
12758.3 -13472.6 -0.000594872
12761.2 -13437.8 -0.000593526
12763.9 -13402.7 -0.00059217
12766.6 -13367.5 -0.000590806
12769.2 -13331.9 -0.000589433
12771.7 -13290 -0.000587811
12774.1 -13239.8 -0.000585869
12776.4 -13189.2 -0.000583914
12778.6 -13138.4 -0.00058195
12780.8 -13087.4 -0.000579978
12783 -13036.2 -0.000577998
12785.1 -12984.9 -0.000576013
12787.2 -12933.5 -0.000574024
12789.2 -12882 -0.000572034
12791.2 -12830.5 -0.000570043
12793.2 -12779 -0.000568053
12795.1 -12727.7 -0.000566066
12797 -12676.4 -0.000564083
12798.8 -12625.2 -0.000562106
12800.6 -12574.3 -0.000560136
12802.4 -12523.6 -0.000558174
12804.2 -12473.1 -0.000556221
12805.9 -12422.8 -0.000554279
12807.7 -12372.9 -0.000552348
12809.4 -12323.3 -0.000550429
12811 -12274 -0.000548524
12812.7 -12225.1 -0.000546632
12814.3 -12176.5 -0.000544755
12815.9 -12128.4 -0.000542893
12817.5 -12080.6 -0.000541046
12819.1 -12033.3 -0.000539215
12820.7 -11986.3 -0.000537401
12822.2 -11939.9 -0.000535603
12823.7 -11893.8 -0.000533823
12825.2 -11848.2 -0.000532059
12826.7 -11803 -0.000530313
12828.2 -11758.3 -0.000528584
12829.7 -11714.1 -0.000526873
12831.1 -11670.3 -0.000525179
12832.6 -11626.9 -0.000523503
12834 -11584 -0.000521844
12835.4 -11541.6 -0.000520202
12836.8 -11499.6 -0.000518578
12838.2 -11458 -0.000516971
12839.5 -11416.9 -0.00051538
12840.9 -11376.2 -0.000513807
12842.2 -11335.9 -0.000512249
12843.6 -11296 -0.000510708
12844.9 -11256.6 -0.000509182
12846.2 -11217.5 -0.000507672
12847.5 -11178.9 -0.000506177
12848.7 -11140.6 -0.000504697
12850 -11102.7 -0.000503231
12851.3 -11065.1 -0.000501779
12852.5 -11027.9 -0.00050034
12853.7 -10991 -0.000498915
12855 -10954.5 -0.000497501
12856.2 -10918.3 -0.0004961
12857.4 -10882.3 -0.00049471
12858.5 -10846.6 -0.00049333
12859.7 -10811.3 -0.000491963
12860.9 -10776.3 -0.000490612
12862 -10741.6 -0.000489271
12863.1 -10707.2 -0.000487938
12864.3 -10672.9 -0.000486612
12865.4 -10638.8 -0.000485294
12866.4 -10604.9 -0.000483983
12867.5 -10571.1 -0.000482677
12868.6 -10537.5 -0.000481376
12869.6 -10503.9 -0.000480079
12870.7 -10470.5 -0.000478786
12871.7 -10437.1 -0.000477496
12872.7 -10403.8 -0.000476207
12873.7 -10370.5 -0.00047492
12874.7 -10337.3 -0.000473634
12875.7 -10304 -0.000472348
12876.6 -10270.7 -0.00047106
12877.5 -10237.4 -0.000469772
12878.5 -10204 -0.000468481
12879.4 -10170.5 -0.000467187
12880.3 -10137 -0.00046589
12881.2 -10103.3 -0.000464588
12882 -10069.6 -0.000463283
12882.9 -10035.7 -0.000461972
12883.7 -10001.6 -0.000460655
12884.6 -9967.39 -0.000459332
12885.4 -9933 -0.000458002
12886.2 -9898.44 -0.000456666
12886.9 -9863.69 -0.000455322
12887.7 -9828.74 -0.000453971
12888.5 -9793.58 -0.000452611
12889.2 -9758.22 -0.000451244
12889.9 -9722.64 -0.000449868
12890.6 -9686.84 -0.000448484
12891.3 -9650.83 -0.000447091
12892 -9614.59 -0.00044569
12892.7 -9578.13 -0.00044428
12893.3 -9541.46 -0.000442862
12894 -9504.57 -0.000441435
12894.6 -9467.46 -0.000440001
12895.2 -9430.15 -0.000438558
12895.8 -9392.63 -0.000437107
12896.4 -9354.92 -0.000435649
12897 -9317.02 -0.000434183
12897.6 -9278.94 -0.000432711
12898.1 -9240.68 -0.000431231
12898.7 -9202.26 -0.000429746
12899.2 -9163.68 -0.000428254
12899.8 -9124.96 -0.000426757
12900.3 -9085.29 -0.000425223
12900.7 -9034.8 -0.000423271
12901.2 -8984.13 -0.000421311
12901.6 -8933.28 -0.000419345
12902 -8882.27 -0.000417373
12902.5 -8831.11 -0.000415394
12902.9 -8779.82 -0.000413411
12903.3 -8728.41 -0.000411423
12903.7 -8676.89 -0.000409431
12904.1 -8625.28 -0.000407435
12904.5 -8573.59 -0.000405436
12904.8 -8521.83 -0.000403435
12905.2 -8470.02 -0.000401432
12905.5 -8418.17 -0.000399427
12905.9 -8366.28 -0.00039742
12906.2 -8314.38 -0.000395413
12906.6 -8262.48 -0.000393406
12906.9 -8210.58 -0.0003914
12907.2 -8158.69 -0.000389393
12907.5 -8106.83 -0.000387388
12907.9 -8055.01 -0.000385384
12908.2 -8003.23 -0.000383382
12908.5 -7951.51 -0.000381382
12908.8 -7899.85 -0.000379384
12909 -7848.26 -0.000377389
12909.3 -7796.75 -0.000375398
12909.6 -7745.32 -0.000373409
12909.9 -7693.99 -0.000371424
12910.2 -7642.76 -0.000369443
12910.4 -7591.64 -0.000367466
12910.7 -7540.63 -0.000365494
12910.9 -7489.74 -0.000363526
12911.2 -7438.97 -0.000361563
12911.4 -7388.33 -0.000359605
12911.7 -7337.83 -0.000357652
12911.9 -7287.46 -0.000355704
12912.2 -7237.24 -0.000353762
12912.4 -7187.16 -0.000351826
12912.6 -7137.24 -0.000349896
12912.9 -7087.47 -0.000347971
12913.1 -7037.86 -0.000346053
12913.3 -6988.41 -0.000344141
12913.5 -6939.13 -0.000342235
12913.7 -6890.01 -0.000340336
12913.9 -6841.06 -0.000338443
12914.1 -6792.28 -0.000336557
12914.3 -6743.68 -0.000334678
12914.5 -6695.26 -0.000332805
12914.7 -6647.01 -0.000330939
12914.9 -6598.94 -0.000329081
12915.1 -6551.06 -0.000327229
12915.3 -6503.36 -0.000325385
12915.5 -6455.84 -0.000323547
12915.7 -6408.51 -0.000321717
12915.9 -6361.37 -0.000319894
12916 -6314.42 -0.000318079
12916.2 -6267.66 -0.000316271
12916.4 -6221.09 -0.00031447
12916.6 -6174.71 -0.000312677
12916.7 -6128.53 -0.000310891
12916.9 -6082.53 -0.000309112
12917 -6036.74 -0.000307341
12917.2 -5991.14 -0.000305578
12917.4 -5945.73 -0.000303822
12917.5 -5900.52 -0.000302074
12917.7 -5855.51 -0.000300334
12917.8 -5810.7 -0.000298601
12918 -5766.08 -0.000296876
12918.1 -5721.66 -0.000295158
12918.2 -5677.44 -0.000293448
12918.4 -5633.42 -0.000291746
12918.5 -5589.6 -0.000290051
12918.7 -5545.97 -0.000288365
12918.8 -5502.55 -0.000286685
12918.9 -5459.33 -0.000285014
12919.1 -5416.38 -0.000283353
12919.3 -5374.16 -0.000281721
12919.6 -5333.31 -0.000280141
12920.2 -5294.47 -0.000278639
12921.1 -5258.31 -0.000277241
12922.2 -5224.29 -0.000275926
12923.4 -5191.62 -0.000274662
12924.8 -5160.03 -0.000273441
12926.3 -5129.85 -0.000272274
12927.9 -5101.08 -0.000271161
12929.8 -5074.78 -0.000270145
12931.8 -5049.22 -0.000269156
12933.7 -5023.92 -0.000268178
12935.7 -4998.87 -0.000267209
12937.6 -4974.09 -0.000266251
12939.6 -4950.35 -0.000265333
12941.8 -4927.99 -0.000264468
12944.1 -4907.02 -0.000263657
12946.6 -4888.33 -0.000262935
12949.3 -4870.74 -0.000262255
12951.9 -4853.44 -0.000261586
12954.5 -4836.41 -0.000260927
12957.1 -4819.67 -0.00026028
12959.7 -4803.21 -0.000259643
12962.3 -4787.03 -0.000259018
12964.9 -4771.14 -0.000258403
12967.5 -4755.62 -0.000257803
12970.2 -4741.26 -0.000257248
12973 -4728.27 -0.000256746
12976 -4716.65 -0.000256296
12979.1 -4707.34 -0.000255936
12982.4 -4699.04 -0.000255615
12985.6 -4691.2 -0.000255312
12988.8 -4684.74 -0.000255063
12992 -4678.63 -0.000254826
12995.2 -4672.85 -0.000254603
12998.4 -4667.41 -0.000254392
13001.6 -4662.31 -0.000254195
13004.8 -4657.56 -0.000254011
13008 -4653.14 -0.000253841
13011.2 -4649.08 -0.000253683
13014.4 -4645.36 -0.00025354
13017.6 -4642.03 -0.000253411
13020.9 -4639.82 -0.000253325
13024.2 -4639.01 -0.000253294
13027.7 -4639.62 -0.000253318
13031.3 -4641.92 -0.000253407
13035 -4646.63 -0.000253589
13038.8 -4651.47 -0.000253776
13042.5 -4656.69 -0.000253978
13046.3 -4662.32 -0.000254196
13050 -4668.35 -0.000254429
13053.7 -4674.78 -0.000254677
13057.5 -4681.62 -0.000254942
13061.2 -4688.87 -0.000255222
13064.9 -4696.53 -0.000255518
13068.7 -4704.61 -0.000255831
13072.4 -4713.1 -0.000256159
13076.1 -4722.02 -0.000256504
13079.8 -4731.35 -0.000256865
13083.5 -4741.11 -0.000257242
13087.2 -4751.3 -0.000257636
13090.9 -4761.92 -0.000258047
13094.6 -4772.98 -0.000258474
13098.4 -4784.9 -0.000258935
13102.2 -4798.25 -0.000259451
13106.1 -4813.03 -0.000260023
13110 -4829.27 -0.000260651
13114.2 -4848.07 -0.000261378
13118.4 -4867.88 -0.000262144
13122.6 -4888.2 -0.00026293
13126.8 -4909.01 -0.000263735
13130.9 -4930.33 -0.000264559
13135.1 -4952.16 -0.000265403
13139.3 -4974.5 -0.000266267
13143.5 -4997.36 -0.000267151
13147.6 -5020.73 -0.000268055
13151.8 -5044.63 -0.000268979
13155.9 -5069.06 -0.000269923
13160.1 -5094.02 -0.000270888
13164.3 -5119.51 -0.000271874
13168.4 -5145.55 -0.000272881
13172.5 -5172.13 -0.000273909
13176.7 -5199.25 -0.000274957
13180.8 -5226.92 -0.000276028
13185 -5255.15 -0.000277119
13189.1 -5283.94 -0.000278232
13193.2 -5313.29 -0.000279367
13197.4 -5343.21 -0.000280524
13201.5 -5373.69 -0.000281703
13205.6 -5404.76 -0.000282904
13209.7 -5436.41 -0.000284128
13213.9 -5469.18 -0.000285395
13218.1 -5503.47 -0.000286721
13222.4 -5539.31 -0.000288107
13226.7 -5576.69 -0.000289552
13231.2 -5616.54 -0.000291093
13235.7 -5658 -0.000292696
13240.2 -5700.12 -0.000294325
13244.8 -5742.89 -0.000295979
13249.3 -5786.32 -0.000297658
13253.8 -5830.42 -0.000299364
13258.3 -5875.19 -0.000301095
13262.8 -5920.63 -0.000302852
13267.3 -5966.75 -0.000304635
13271.8 -6013.55 -0.000306445
13276.3 -6061.03 -0.000308281
13280.8 -6109.2 -0.000310143
13285.3 -6158.06 -0.000312033
13289.8 -6207.61 -0.000313949
13294.3 -6257.85 -0.000315892
13298.7 -6308.8 -0.000317862
13303.2 -6360.45 -0.000319859
13307.7 -6412.81 -0.000321883
13312.2 -6465.87 -0.000323935
13316.6 -6519.64 -0.000326014
13321.1 -6574.13 -0.000328121
13325.5 -6629.33 -0.000330256
13330 -6685.25 -0.000332418
13334.4 -6741.89 -0.000334608
13338.9 -6799.26 -0.000336826
13343.3 -6857.34 -0.000339073
13347.7 -6916.16 -0.000341347
13352.2 -6975.7 -0.000343649
13356.6 -7035.97 -0.00034598
13361 -7096.98 -0.000348339
13365.5 -7158.72 -0.000350726
13369.9 -7221.2 -0.000353142
13374.3 -7284.69 -0.000355597
13378.8 -7349.75 -0.000358113
13383.3 -7416.46 -0.000360693
13387.9 -7484.83 -0.000363336
13392.5 -7554.88 -0.000366045
13397.2 -7627.78 -0.000368864
13402 -7702.14 -0.000371739
13406.7 -7777.3 -0.000374646
13411.5 -7853.27 -0.000377583
13416.2 -7930.03 -0.000380551
13420.9 -8007.59 -0.000383551
13425.7 -8085.96 -0.000386581
13430.4 -8165.13 -0.000389642
13435.1 -8245.11 -0.000392735
13439.8 -8325.89 -0.000395858
13444.5 -8407.48 -0.000399013
13449.3 -8489.87 -0.000402199
13454 -8573.07 -0.000405416
13458.7 -8657.07 -0.000408664
13463.4 -8741.88 -0.000411944
13468.1 -8827.49 -0.000415254
13472.8 -8913.91 -0.000418596
13477.4 -9001.13 -0.000421969
13482.1 -9089.16 -0.000425373
13486.8 -9178 -0.000428808
13491.5 -9267.64 -0.000432274
13496.2 -9358.08 -0.000435771
13500.8 -9449.33 -0.0004393
13505.5 -9541.39 -0.000442859
13510.1 -9634.24 -0.00044645
13514.8 -9727.91 -0.000450072
13519.5 -9822.37 -0.000453724
13524.1 -9917.64 -0.000457408
13528.8 -10013.7 -0.000461123
13533.4 -10110.6 -0.000464869
13538 -10208.2 -0.000468646
13542.7 -10306.7 -0.000472453
13547.3 -10406 -0.000476292
13551.9 -10506.1 -0.000480162
13556.6 -10606.9 -0.000484062
13561.2 -10708.6 -0.000487994
13565.8 -10811.1 -0.000491956
13570.4 -10914.4 -0.000495949
13575 -11018.4 -0.000499973
13579.6 -11123.3 -0.000504028
13584.2 -11228.9 -0.000508114
13588.8 -11335.4 -0.00051223
13593.4 -11442.7 -0.00051638
13598 -11551.1 -0.000520572
13602.7 -11660.9 -0.000524818
13607.4 -11772.4 -0.000529128
13612.1 -11885.6 -0.000533504
13616.8 -12000.4 -0.000537944
13621.6 -12117.6 -0.000542475
13410.3 -15144.7 -0.000682153
13470.1 -15938.7 -0.000728436
13494.5 -16462.2 -0.000759966
