0 -58.4752 -2.26119e-06
634.56 0 1.05765e-05
1173.57 0 2.79555e-05
1709.92 0 4.53046e-05
2243.81 0 6.2486e-05
2775.24 0 7.94591e-05
3304.22 0 9.62191e-05
3830.74 0 0.000112748
4354.77 0 0.000129036
4876.15 0 0.000145085
5394.56 0 0.000160904
5909.16 0 0.000176517
6418.2 0 0.00019198
6918.36 0 0.000207405
7403.99 0 0.000222995
7866.83 0 0.000239027
8297.18 0 0.000255873
8686.59 0 0.000273876
9030.8 0 0.000293243
9330.49 0 0.000314065
9590.04 0 0.000336245
9815.21 0 0.000359628
10011.7 0 0.00038405
10184.8 0 0.000409344
10338.5 0 0.000435434
10475.8 0 0.000462682
10599.4 0 0.000490749
10711.4 0 0.00051961
10812.7 0 0.000549287
10905.5 0 0.000579416
10991.1 0 0.000609948
11070.4 0 0.000640842
11143.9 0 0.000672134
11212.1 0 0.000703952
11276 0 0.000736049
11335.9 0 0.000768399
11392.3 0 0.000800976
11445.5 0 0.000833761
11495.9 0 0.000866734
11543.8 0 0.000899879
11589.3 0 0.000933184
11632.4 0 0.000966736
11673.3 0 0.00100057
11712.4 0 0.00103453
11749.8 0 0.0010686
11785.6 0 0.00110279
11820.1 0 0.00113707
11853.2 0 0.00117143
11885.1 0 0.00120588
11915.6 0 0.00124033
11945 0 0.00127479
11972.9 0 0.00130976
11999.8 0 0.00134483
12025.7 0 0.00137994
12050.7 0 0.0014151
12074.7 0 0.00145031
12097.7 0 0.00148573
12119.8 0 0.0015216
12141.1 0 0.0015575
12161.8 0 0.00159342
12181.9 0 0.00162935
12201.4 0 0.0016653
12220.3 0 0.00170125
12238.6 0 0.00173721
12256.3 0 0.00177317
12273.3 0 0.00180937
12289.7 0 0.0018457
12305.5 0 0.00188202
12320.9 0 0.00191835
12335.7 0 0.00195489
12349.8 0 0.00199209
12363.5 0 0.00202928
12376.5 0 0.00206634
12388.8 0 0.00210348
12400.7 0 0.0021406
12412.4 0 0.0021777
12423.7 0 0.00221477
12434.7 0 0.00225182
12445.5 0 0.00228884
12455.9 0 0.00232583
12466.1 0 0.0023628
12476 0 0.00239975
12485.7 0 0.00243667
12495.1 0 0.00247357
12504.3 0 0.00251045
12513.2 0 0.00254731
12521.8 0 0.00258415
12530.3 0 0.00262098
12538.4 0 0.00265779
12546.4 0 0.00269459
12554.2 0 0.00273137
12561.7 0 0.00276814
12569 0 0.00280489
12576.2 0 0.00284163
12583.1 0 0.00287835
12589.9 0 0.00291505
12596.5 0 0.00295173
12603 0 0.00298839
12609.3 0 0.00302503
12615.5 0 0.00306165
12621.6 0 0.00309824
12627.5 0 0.00313481
12633.3 0 0.00317136
12638.9 0 0.00320791
12644.3 0 0.00324439
12649.5 0 0.00328082
12654.6 0 0.00331737
12659.6 0 0.00335435
12664.4 0 0.00339131
12669.2 0 0.00342824
12673.9 0 0.00346514
12678.6 0 0.00350201
12683.1 0 0.00353886
12687.6 0 0.00357568
12692 0 0.00361248
12696.3 0 0.00364925
12700.6 0 0.00368599
12704.8 0 0.00372271
12708.9 0 0.00375941
12713 0 0.00379608
12717 0 0.00383273
12720.9 0 0.00386937
12724.7 0 0.00390598
12728.5 0 0.00394257
12732.1 0 0.00397941
12735.7 0 0.00401651
12739.2 0 0.0040536
12742.7 0 0.00409068
12746 0 0.00412775
12749.3 0 0.00416481
12752.5 0 0.00420208
12755.5 0 0.00424046
12758.3 0 0.004279
12761.2 0 0.00431755
12763.9 0 0.00435611
12766.6 0 0.00439469
12769.2 0 0.00443329
12771.7 0 0.0044721
12774.1 0 0.00451119
12776.4 0 0.00455029
12778.6 0 0.00458942
12780.8 0 0.00462856
12783 0 0.00466772
12785.1 0 0.0047069
12787.2 0 0.00474608
12789.2 0 0.00478528
12791.2 0 0.00482448
12793.2 0 0.00486369
12795.1 0 0.00490291
12797 0 0.00494213
12798.8 0 0.00498134
12800.6 0 0.00502056
12802.4 0 0.00505977
12804.2 0 0.00509898
12805.9 0 0.00513819
12807.7 0 0.00517738
12809.4 0 0.00521657
12811 0 0.00525574
12812.7 0 0.00529491
12814.3 0 0.00533406
12815.9 0 0.0053732
12817.5 0 0.00541232
12819.1 0 0.00545143
12820.7 0 0.00549052
12822.2 0 0.0055296
12823.7 0 0.00556866
12825.2 0 0.00560771
12826.7 0 0.00564673
12828.2 0 0.00568574
12829.7 0 0.00572474
12831.1 0 0.00576371
12832.6 0 0.00580266
12834 0 0.0058416
12835.4 0 0.00588052
12836.8 0 0.00591942
12838.2 0 0.0059583
12839.5 0 0.00599717
12840.9 0 0.00603601
12842.2 0 0.00607484
12843.6 0 0.00611365
12844.9 0 0.00615245
12846.2 0 0.00619122
12847.5 0 0.00622998
12848.7 0 0.00626873
12850 0 0.00630745
12851.3 0 0.00634616
12852.5 0 0.00638486
12853.7 0 0.00642354
12855 0 0.00646221
12856.2 0 0.00650086
12857.4 0 0.0065395
12858.5 0 0.00657813
12859.7 0 0.00661675
12860.9 0 0.00665536
12862 0 0.00669396
12863.1 0 0.00673255
12864.3 0 0.00677113
12865.4 0 0.00680971
12866.4 0 0.00684827
12867.5 0 0.00688683
12868.6 0 0.00692538
12869.6 0 0.00696393
12870.7 0 0.00700247
12871.7 0 0.00704101
12872.7 0 0.00707955
12873.7 0 0.00711808
12874.7 0 0.00715662
12875.7 0 0.00719515
12876.6 0 0.00723369
12877.5 0 0.00727222
12878.5 0 0.00731076
12879.4 0 0.0073493
12880.3 0 0.00738785
12881.2 0 0.0074264
12882 0 0.00746495
12882.9 0 0.00750352
12883.7 0 0.00754209
12884.6 0 0.00758066
12885.4 0 0.00761925
12886.2 0 0.00765785
12886.9 0 0.00769645
12887.7 0 0.00773506
12888.5 0 0.00777369
12889.2 0 0.00781233
12889.9 0 0.00785097
12890.6 0 0.00788963
12891.3 0 0.0079283
12892 0 0.00796699
12892.7 0 0.00800568
12893.3 0 0.00804439
12894 0 0.00808311
12894.6 0 0.00812184
12895.2 0 0.00816059
12895.8 0 0.00819935
12896.4 0 0.00823811
12897 0 0.00827689
12897.6 0 0.00831569
12898.1 0 0.00835449
12898.7 0 0.0083933
12899.2 0 0.00843212
12899.8 0 0.00847096
12900.3 0 0.00850982
12900.7 0 0.00854893
12901.2 0 0.00858805
12901.6 0 0.00862717
12902 0 0.00866631
12902.5 0 0.00870545
12902.9 0 0.00874461
12903.3 0 0.00878377
12903.7 0 0.00882293
12904.1 0 0.0088621
12904.5 0 0.00890128
12904.8 0 0.00894046
12905.2 0 0.00897964
12905.5 0 0.00901883
12905.9 0 0.00905802
12906.2 0 0.00909721
12906.6 0 0.00913641
12906.9 0 0.0091756
12907.2 0 0.0092148
12907.5 0 0.00925399
12907.9 0 0.00929319
12908.2 0 0.00933238
12908.5 0 0.00937158
12908.8 0 0.00941077
12909 0 0.00944996
12909.3 0 0.00948915
12909.6 0 0.00952833
12909.9 0 0.00956751
12910.2 0 0.00960669
12910.4 0 0.00964587
12910.7 0 0.00968504
12910.9 0 0.0097242
12911.2 0 0.00976336
12911.4 0 0.00980252
12911.7 0 0.00984167
12911.9 0 0.00988082
12912.2 0 0.00991996
12912.4 0 0.0099591
12912.6 0 0.00999823
12912.9 0 0.0100373
12913.1 0 0.0100765
12913.3 0 0.0101156
12913.5 0 0.0101547
12913.7 0 0.0101938
12913.9 0 0.0102329
12914.1 0 0.010272
12914.3 0 0.010311
12914.5 0 0.0103501
12914.7 0 0.0103892
12914.9 0 0.0104282
12915.1 0 0.0104673
12915.3 0 0.0105063
12915.5 0 0.0105453
12915.7 0 0.0105844
12915.9 0 0.0106234
12916 0 0.0106624
12916.2 0 0.0107014
12916.4 0 0.0107404
12916.6 0 0.0107794
12916.7 0 0.0108183
12916.9 0 0.0108573
12917 0 0.0108963
12917.2 0 0.0109352
12917.4 0 0.0109742
12917.5 0 0.0110131
12917.7 0 0.011052
12917.8 0 0.011091
12918 0 0.0111299
12918.1 0 0.0111688
12918.2 0 0.0112077
12918.4 0 0.0112465
12918.5 0 0.0112854
12918.7 0 0.0113243
12918.8 0 0.0113632
12918.9 0 0.011402
12919.1 0 0.0114408
12919.3 0 0.0114797
12919.6 0 0.0115184
12920.2 0 0.0115571
12921.1 0 0.0115956
12922.2 0 0.0116341
12923.4 0 0.0116725
12924.8 0 0.0117108
12926.3 0 0.0117491
12927.9 0 0.0117874
12929.8 0 0.0118255
12931.8 0 0.0118636
12933.7 0 0.0119017
12935.7 0 0.0119398
12937.6 0 0.0119778
12939.6 0 0.0120158
12941.8 0 0.0120538
12944.1 0 0.0120917
12946.6 0 0.0121295
12949.3 0 0.0121672
12951.9 0 0.012205
12954.5 0 0.0122427
12957.1 0 0.0122804
12959.7 0 0.0123181
12962.3 0 0.0123558
12964.9 0 0.0123935
12967.5 0 0.0124312
12970.2 0 0.0124688
12973 0 0.0125063
12976 0 0.0125438
12979.1 0 0.0125812
12982.4 0 0.0126185
12985.6 0 0.0126559
12988.8 0 0.0126932
12992 0 0.0127306
12995.2 0 0.0127679
12998.4 0 0.0128052
13001.6 0 0.0128425
13004.8 0 0.0128798
13008 0 0.012917
13011.2 0 0.0129543
13014.4 0 0.0129915
13017.6 0 0.0130287
13020.9 0 0.0130659
13024.2 0 0.013103
13027.7 0 0.0131401
13031.3 0 0.0131771
13035 0 0.013214
13038.8 0 0.0132508
13042.5 0 0.0132877
13046.3 0 0.0133245
13050 0 0.0133614
13053.7 0 0.0133982
13057.5 0 0.013435
13061.2 0 0.0134718
13064.9 0 0.0135085
13068.7 0 0.0135453
13072.4 0 0.013582
13076.1 0 0.0136187
13079.8 0 0.0136554
13083.5 0 0.0136921
13087.2 0 0.0137287
13090.9 0 0.0137654
13094.6 0 0.013802
13098.4 0 0.0138386
13102.2 0 0.0138751
13106.1 0 0.0139116
13110 0 0.013948
13114.2 0 0.0139843
13118.4 0 0.0140206
13122.6 0 0.0140568
13126.8 0 0.014093
13130.9 0 0.0141292
13135.1 0 0.0141654
13139.3 0 0.0142015
13143.5 0 0.0142377
13147.6 0 0.0142738
13151.8 0 0.0143098
13155.9 0 0.0143459
13160.1 0 0.0143819
13164.3 0 0.014418
13168.4 0 0.014454
13172.5 0 0.0144899
13176.7 0 0.0145259
13180.8 0 0.0145618
13185 0 0.0145977
13189.1 0 0.0146336
13193.2 0 0.0146694
13197.4 0 0.0147052
13201.5 0 0.0147411
13205.6 0 0.0147768
13209.7 0 0.0148126
13213.9 0 0.0148483
13218.1 0 0.014884
13222.4 0 0.0149195
13226.7 0 0.0149551
13231.2 0 0.0149905
13235.7 0 0.0150259
13240.2 0 0.0150612
13244.8 0 0.0150965
13249.3 0 0.0151317
13253.8 0 0.015167
13258.3 0 0.0152022
13262.8 0 0.0152373
13267.3 0 0.0152725
13271.8 0 0.0153076
13276.3 0 0.0153427
13280.8 0 0.0153778
13285.3 0 0.0154128
13289.8 0 0.0154478
13294.3 0 0.0154828
13298.7 0 0.0155177
13303.2 0 0.0155526
13307.7 0 0.0155875
13312.2 0 0.0156223
13316.6 0 0.0156572
13321.1 0 0.015692
13325.5 0 0.0157267
13330 0 0.0157614
13334.4 0 0.0157961
13338.9 0 0.0158308
13343.3 0 0.0158655
13347.7 0 0.0159001
13352.2 0 0.0159346
13356.6 0 0.0159692
13361 0 0.0160037
13365.5 0 0.0160382
13369.9 0 0.0160726
13374.3 0 0.0161071
13378.8 0 0.0161414
13383.3 0 0.0161757
13387.9 0 0.01621
13392.5 0 0.0162441
13397.2 0 0.0162782
13402 0 0.0163122
13406.7 0 0.0163461
13411.5 0 0.01638
13416.2 0 0.0164138
13420.9 0 0.0164477
13425.7 0 0.0164815
13430.4 0 0.0165152
13435.1 0 0.016549
13439.8 0 0.0165826
13444.5 0 0.0166163
13449.3 0 0.0166499
13454 0 0.0166835
13458.7 0 0.0167171
13463.4 0 0.0167506
13468.1 0 0.0167841
13472.8 0 0.0168176
13477.4 0 0.016851
13482.1 0 0.0168844
13486.8 0 0.0169178
13491.5 0 0.0169511
13496.2 0 0.0169844
13500.8 0 0.0170176
13505.5 0 0.0170509
13510.1 0 0.0170841
13514.8 0 0.0171172
13519.5 0 0.0171503
13524.1 0 0.0171834
13528.8 0 0.0172165
13533.4 0 0.0172495
13538 0 0.0172825
13542.7 0 0.0173155
13547.3 0 0.0173484
13551.9 0 0.0173813
13556.6 0 0.0174142
13561.2 0 0.017447
13565.8 0 0.0174798
13570.4 0 0.0175126
13575 0 0.0175453
13579.6 0 0.017578
13584.2 0 0.0176107
13588.8 0 0.0176434
13593.4 0 0.017676
13598 0 0.0177086
13602.7 0 0.0177411
13607.4 0 0.0177736
13612.1 0 0.017806
13616.8 0 0.0178384
13621.6 0 0.0178707
13410.3 0 0.0177669
13470.1 0 0.017757
13494.5 0 0.0177619
