0 -58.4752 -2.26119e-06
634.56 -1142.88 -4.43133e-05
1173.57 -2100.1 -8.1761e-05
1709.92 -3047.25 -0.000119248
2243.81 -3985.22 -0.000156899
2775.24 -4913.39 -0.000194763
3304.22 -5830.23 -0.000232847
3830.74 -6734.62 -0.000271164
4354.77 -7625.45 -0.00030972
4876.15 -8501.56 -0.000348515
5394.56 -9361.78 -0.00038754
5909.16 -10204.7 -0.00042677
6418.2 -11028.6 -0.00046615
6918.36 -11830.6 -0.000505567
7403.99 -12606.7 -0.000544822
7866.83 -13351.8 -0.000583632
8297.18 -14060 -0.000621631
8686.59 -14726.6 -0.000658475
9030.8 -15350.1 -0.000693956
9330.49 -15930.7 -0.000727964
9590.04 -16472.5 -0.000760596
9815.21 -16979.2 -0.00079196
10011.7 -17454.7 -0.000822196
10184.8 -17904.3 -0.000851533
10338.5 -18330.7 -0.000880085
10475.8 -18733.3 -0.000907734
10599.4 -19116 -0.000934674
10711.4 -19479.7 -0.000960911
10812.7 -19821.6 -0.000986167
10905.5 -20149.8 -0.00101098
10991.1 -20465.3 -0.0010354
11070.4 -20769.3 -0.00105947
11143.9 -21061.5 -0.00108315
11212.1 -21341.1 -0.00110632
11276 -21611.3 -0.00112921
11335.9 -21872.8 -0.00115187
11392.3 -22126 -0.0011743
11445.5 -22371.5 -0.00119652
11495.9 -22609.7 -0.00121857
11543.8 -22840.9 -0.00124044
11589.3 -23065.5 -0.00126217
11632.4 -23282.5 -0.00128362
11673.3 -23491.9 -0.00130476
11712.4 -23695.6 -0.00132578
11749.8 -23893.8 -0.00134668
11785.6 -24086.8 -0.00136748
11820.1 -24274.9 -0.00138818
11853.2 -24458.2 -0.0014088
11885.1 -24637 -0.00142934
11915.6 -24810.1 -0.00144967
11945 -24978.4 -0.00146985
11972.9 -25139.8 -0.00148964
11999.8 -25297.2 -0.00150933
12025.7 -25450.9 -0.00152897
12050.7 -25600.7 -0.00154852
12074.7 -25745.5 -0.00156782
12097.7 -25886.3 -0.00158699
12119.8 -26022.3 -0.00160589
12141.1 -26155.4 -0.00162477
12161.8 -26285.6 -0.00164363
12181.9 -26413 -0.00166247
12201.4 -26537.6 -0.0016813
12220.3 -26659.7 -0.00170011
12238.6 -26779.1 -0.00171892
12256.3 -26896 -0.00173773
12273.3 -27009.1 -0.00175632
12289.7 -27119.2 -0.00177481
12305.5 -27227.1 -0.00179329
12320.9 -27332.7 -0.00181178
12335.7 -27435.5 -0.00183017
12349.8 -27534.7 -0.00184828
12363.5 -27631.8 -0.0018664
12376.5 -27725.3 -0.0018842
12388.8 -27814.9 -0.00190164
12400.7 -27902.8 -0.00191909
12412.4 -27989.1 -0.00193656
12423.7 -28073.6 -0.00195405
12434.7 -28156.5 -0.00197157
12445.5 -28237.8 -0.00198911
12455.9 -28317.4 -0.00200667
12466.1 -28395.5 -0.00202426
12476 -28472 -0.00204186
12485.7 -28547 -0.00205948
12495.1 -28620.4 -0.00207713
12504.3 -28692.3 -0.00209478
12513.2 -28762.7 -0.00211245
12521.8 -28831.5 -0.00213014
12530.3 -28898.9 -0.00214784
12538.4 -28964.9 -0.00216554
12546.4 -29029.4 -0.00218326
12554.2 -29092.5 -0.00220099
12561.7 -29154.2 -0.00221873
12569 -29214.5 -0.00223648
12576.2 -29273.5 -0.00225425
12583.1 -29331.2 -0.00227203
12589.9 -29387.6 -0.00228982
12596.5 -29442.7 -0.00230764
12603 -29496.5 -0.00232547
12609.3 -29549.1 -0.00234332
12615.5 -29600.5 -0.0023612
12621.6 -29650.8 -0.0023791
12627.5 -29699.8 -0.00239702
12633.3 -29747.5 -0.00241489
12638.9 -29793.6 -0.00243259
12644.3 -29838 -0.00245007
12649.5 -29881 -0.00246746
12654.6 -29922.9 -0.00248481
12659.6 -29963.3 -0.00250198
12664.4 -30002.8 -0.00251917
12669.2 -30041.3 -0.00253638
12673.9 -30078.8 -0.00255361
12678.6 -30115.5 -0.00257087
12683.1 -30151.2 -0.00258814
12687.6 -30186 -0.00260543
12692 -30219.9 -0.00262275
12696.3 -30253 -0.00264008
12700.6 -30285.2 -0.00265742
12704.8 -30316.5 -0.00267478
12708.9 -30346.9 -0.00269216
12713 -30376.5 -0.00270954
12717 -30405.3 -0.00272694
12720.9 -30433.2 -0.00274434
12724.7 -30460.4 -0.00276176
12728.5 -30486.7 -0.00277918
12732.1 -30512.1 -0.00279651
12735.7 -30536.6 -0.00281373
12739.2 -30560.3 -0.00283097
12742.7 -30583.3 -0.0028482
12746 -30605.6 -0.00286545
12749.3 -30627.1 -0.00288269
12752.5 -30647.8 -0.00289981
12755.5 -30667.1 -0.00291631
12758.3 -30685.6 -0.00293271
12761.2 -30703.6 -0.0029491
12763.9 -30720.9 -0.00296549
12766.6 -30737.6 -0.00298186
12769.2 -30753.7 -0.00299823
12771.7 -30769 -0.00301434
12774.1 -30783.5 -0.00303014
12776.4 -30797.5 -0.00304591
12778.6 -30810.9 -0.00306168
12780.8 -30823.8 -0.00307745
12783 -30836.3 -0.0030932
12785.1 -30848.2 -0.00310896
12787.2 -30859.7 -0.00312471
12789.2 -30870.7 -0.00314045
12791.2 -30881.2 -0.0031562
12793.2 -30891.3 -0.00317195
12795.1 -30900.9 -0.00318771
12797 -30910.1 -0.00320347
12798.8 -30918.9 -0.00321923
12800.6 -30927.2 -0.00323501
12802.4 -30935.2 -0.00325079
12804.2 -30942.7 -0.00326658
12805.9 -30949.8 -0.00328238
12807.7 -30956.5 -0.00329819
12809.4 -30962.8 -0.00331402
12811 -30968.7 -0.00332986
12812.7 -30974.2 -0.00334571
12814.3 -30979.4 -0.00336158
12815.9 -30984.1 -0.00337747
12817.5 -30988.5 -0.00339337
12819.1 -30992.6 -0.00340928
12820.7 -30996.2 -0.00342521
12822.2 -30999.6 -0.00344116
12823.7 -31002.5 -0.00345713
12825.2 -31005.1 -0.00347311
12826.7 -31007.4 -0.00348911
12828.2 -31009.4 -0.00350513
12829.7 -31011 -0.00352116
12831.1 -31012.2 -0.00353722
12832.6 -31013.2 -0.00355329
12834 -31013.8 -0.00356937
12835.4 -31014.1 -0.00358548
12836.8 -31014.1 -0.0036016
12838.2 -31013.8 -0.00361774
12839.5 -31013.1 -0.00363389
12840.9 -31012.2 -0.00365006
12842.2 -31011 -0.00366625
12843.6 -31009.5 -0.00368246
12844.9 -31007.6 -0.00369868
12846.2 -31005.5 -0.00371491
12847.5 -31003.1 -0.00373116
12848.7 -31000.5 -0.00374743
12850 -30997.5 -0.0037637
12851.3 -30994.3 -0.00378
12852.5 -30990.8 -0.0037963
12853.7 -30987.1 -0.00381262
12855 -30983.1 -0.00382895
12856.2 -30978.8 -0.00384529
12857.4 -30974.3 -0.00386165
12858.5 -30969.5 -0.00387801
12859.7 -30964.5 -0.00389438
12860.9 -30959.2 -0.00391078
12862 -30953.7 -0.00392718
12863.1 -30947.9 -0.00394359
12864.3 -30942 -0.00396001
12865.4 -30935.8 -0.00397644
12866.4 -30929.3 -0.00399287
12867.5 -30922.7 -0.00400931
12868.6 -30915.8 -0.00402575
12869.6 -30908.7 -0.0040422
12870.7 -30901.4 -0.00405865
12871.7 -30893.9 -0.0040751
12872.7 -30886.2 -0.00409155
12873.7 -30878.3 -0.00410801
12874.7 -30870.2 -0.00412447
12875.7 -30861.9 -0.00414092
12876.6 -30853.4 -0.00415738
12877.5 -30844.7 -0.00417383
12878.5 -30835.9 -0.00419029
12879.4 -30826.8 -0.00420674
12880.3 -30817.6 -0.00422318
12881.2 -30808.3 -0.00423962
12882 -30798.7 -0.00425606
12882.9 -30789 -0.00427249
12883.7 -30779.1 -0.00428892
12884.6 -30769.1 -0.00430534
12885.4 -30758.9 -0.00432176
12886.2 -30748.5 -0.00433816
12886.9 -30738.1 -0.00435456
12887.7 -30727.4 -0.00437096
12888.5 -30716.6 -0.00438734
12889.2 -30705.7 -0.00440372
12889.9 -30694.6 -0.00442009
12890.6 -30683.4 -0.00443645
12891.3 -30672.1 -0.0044528
12892 -30660.6 -0.00446915
12892.7 -30649.1 -0.00448549
12893.3 -30637.3 -0.00450182
12894 -30625.5 -0.00451814
12894.6 -30613.5 -0.00453445
12895.2 -30601.5 -0.00455076
12895.8 -30589.3 -0.00456705
12896.4 -30577 -0.00458335
12897 -30564.6 -0.00459963
12897.6 -30552 -0.00461591
12898.1 -30539.4 -0.00463218
12898.7 -30526.6 -0.00464844
12899.2 -30513.8 -0.0046647
12899.8 -30500.8 -0.00468096
12900.3 -30487.8 -0.00469718
12900.7 -30475 -0.00471296
12901.2 -30462.2 -0.00472873
12901.6 -30449.2 -0.0047445
12902 -30436.2 -0.00476026
12902.5 -30423 -0.00477602
12902.9 -30409.8 -0.00479177
12903.3 -30396.5 -0.00480752
12903.7 -30383.1 -0.00482326
12904.1 -30369.7 -0.004839
12904.5 -30356.1 -0.00485474
12904.8 -30342.5 -0.00487048
12905.2 -30328.8 -0.00488621
12905.5 -30315 -0.00490194
12905.9 -30301.1 -0.00491767
12906.2 -30287.2 -0.0049334
12906.6 -30273.2 -0.00494913
12906.9 -30259.1 -0.00496486
12907.2 -30245 -0.00498059
12907.5 -30230.7 -0.00499632
12907.9 -30216.4 -0.00501206
12908.2 -30202.1 -0.00502779
12908.5 -30187.6 -0.00504353
12908.8 -30173.1 -0.00505927
12909 -30158.6 -0.00507501
12909.3 -30143.9 -0.00509076
12909.6 -30129.2 -0.00510651
12909.9 -30114.5 -0.00512226
12910.2 -30099.6 -0.00513802
12910.4 -30084.7 -0.00515378
12910.7 -30069.8 -0.00516955
12910.9 -30054.8 -0.00518532
12911.2 -30039.7 -0.00520109
12911.4 -30024.6 -0.00521687
12911.7 -30009.4 -0.00523266
12911.9 -29994.1 -0.00524845
12912.2 -29978.8 -0.00526425
12912.4 -29963.4 -0.00528005
12912.6 -29948 -0.00529585
12912.9 -29932.5 -0.00531167
12913.1 -29917 -0.00532749
12913.3 -29901.4 -0.00534331
12913.5 -29885.8 -0.00535915
12913.7 -29870.1 -0.00537499
12913.9 -29854.4 -0.00539083
12914.1 -29838.6 -0.00540668
12914.3 -29822.7 -0.00542254
12914.5 -29806.9 -0.00543841
12914.7 -29790.9 -0.00545428
12914.9 -29775 -0.00547016
12915.1 -29758.9 -0.00548605
12915.3 -29742.9 -0.00550194
12915.5 -29726.8 -0.00551784
12915.7 -29710.6 -0.00553375
12915.9 -29694.4 -0.00554966
12916 -29678.2 -0.00556558
12916.2 -29661.9 -0.00558151
12916.4 -29645.6 -0.00559745
12916.6 -29629.2 -0.0056134
12916.7 -29612.8 -0.00562935
12916.9 -29596.3 -0.00564531
12917 -29579.9 -0.00566127
12917.2 -29563.3 -0.00567725
12917.4 -29546.8 -0.00569323
12917.5 -29530.2 -0.00570922
12917.7 -29513.6 -0.00572521
12917.8 -29496.9 -0.00574122
12918 -29480.2 -0.00575723
12918.1 -29463.5 -0.00577325
12918.2 -29446.7 -0.00578928
12918.4 -29429.9 -0.00580531
12918.5 -29413.1 -0.00582135
12918.7 -29396.2 -0.0058374
12918.8 -29379.3 -0.00585346
12918.9 -29362.4 -0.00586952
12919.1 -29345.5 -0.0058856
12919.3 -29328.5 -0.0059017
12919.6 -29311.4 -0.00591786
12920.2 -29294.2 -0.00593409
12921.1 -29276.9 -0.00595043
12922.2 -29259.5 -0.00596685
12923.4 -29242 -0.00598331
12924.8 -29224.5 -0.00599982
12926.3 -29206.9 -0.00601639
12927.9 -29189.2 -0.00603301
12929.8 -29171.4 -0.00604972
12931.8 -29153.5 -0.00606646
12933.7 -29135.6 -0.00608321
12935.7 -29117.7 -0.00609997
12937.6 -29099.8 -0.00611674
12939.6 -29081.8 -0.00613355
12941.8 -29063.7 -0.00615042
12944.1 -29045.6 -0.00616733
12946.6 -29027.3 -0.00618434
12949.3 -29009.1 -0.00620138
12951.9 -28990.7 -0.00621844
12954.5 -28972.4 -0.0062355
12957.1 -28954 -0.00625258
12959.7 -28935.7 -0.00626967
12962.3 -28917.3 -0.00628677
12964.9 -28898.8 -0.00630388
12967.5 -28880.4 -0.006321
12970.2 -28861.9 -0.00633817
12973 -28843.3 -0.00635539
12976 -28824.7 -0.00637267
12979.1 -28806 -0.00639003
12982.4 -28787.2 -0.00640743
12985.6 -28768.4 -0.00642485
12988.8 -28749.5 -0.00644233
12992 -28730.6 -0.00645982
12995.2 -28711.7 -0.00647732
12998.4 -28692.8 -0.00649484
13001.6 -28673.8 -0.00651237
13004.8 -28654.9 -0.00652992
13008 -28635.9 -0.00654747
13011.2 -28616.9 -0.00656504
13014.4 -28597.9 -0.00658263
13017.6 -28578.9 -0.00660023
13020.9 -28559.8 -0.00661787
13024.2 -28540.7 -0.00663556
13027.7 -28521.5 -0.00665331
13031.3 -28502.2 -0.00667113
13035 -28482.9 -0.00668904
13038.8 -28463.5 -0.00670695
13042.5 -28444.1 -0.00672488
13046.3 -28424.7 -0.00674282
13050 -28405.3 -0.00676078
13053.7 -28385.9 -0.00677875
13057.5 -28366.5 -0.00679674
13061.2 -28347 -0.00681474
13064.9 -28327.6 -0.00683277
13068.7 -28308.1 -0.0068508
13072.4 -28288.6 -0.00686885
13076.1 -28269.2 -0.00688692
13079.8 -28249.7 -0.00690501
13083.5 -28230.1 -0.00692311
13087.2 -28210.6 -0.00694123
13090.9 -28191.1 -0.00695936
13094.6 -28171.5 -0.00697751
13098.4 -28152 -0.0069957
13102.2 -28132.3 -0.00701393
13106.1 -28112.7 -0.00703223
13110 -28092.9 -0.00705058
13114.2 -28073.1 -0.00706903
13118.4 -28053.3 -0.00708752
13122.6 -28033.4 -0.00710602
13126.8 -28013.5 -0.00712455
13130.9 -27993.6 -0.00714309
13135.1 -27973.7 -0.00716166
13139.3 -27953.8 -0.00718024
13143.5 -27933.9 -0.00719884
13147.6 -27914 -0.00721747
13151.8 -27894.1 -0.00723611
13155.9 -27874.1 -0.00725477
13160.1 -27854.2 -0.00727346
13164.3 -27834.2 -0.00729216
13168.4 -27814.3 -0.00731089
13172.5 -27794.3 -0.00732963
13176.7 -27774.3 -0.0073484
13180.8 -27754.3 -0.00736719
13185 -27734.3 -0.007386
13189.1 -27714.3 -0.00740483
13193.2 -27694.3 -0.00742368
13197.4 -27674.3 -0.00744255
13201.5 -27654.2 -0.00746145
13205.6 -27634.2 -0.00748037
13209.7 -27614.2 -0.00749931
13213.9 -27594.1 -0.00751829
13218.1 -27574 -0.00753733
13222.4 -27553.8 -0.00755644
13226.7 -27533.6 -0.0075756
13231.2 -27513.3 -0.00759485
13235.7 -27493 -0.00761417
13240.2 -27472.6 -0.00763351
13244.8 -27452.3 -0.00765288
13249.3 -27431.9 -0.00767227
13253.8 -27411.5 -0.00769169
13258.3 -27391.2 -0.00771113
13262.8 -27370.8 -0.0077306
13267.3 -27350.4 -0.0077501
13271.8 -27330 -0.00776962
13276.3 -27309.6 -0.00778916
13280.8 -27289.2 -0.00780874
13285.3 -27268.8 -0.00782834
13289.8 -27248.4 -0.00784796
13294.3 -27228 -0.00786762
13298.7 -27207.5 -0.0078873
13303.2 -27187.1 -0.007907
13307.7 -27166.6 -0.00792674
13312.2 -27146.2 -0.0079465
13316.6 -27125.7 -0.00796629
13321.1 -27105.3 -0.0079861
13325.5 -27084.8 -0.00800594
13330 -27064.4 -0.00802581
13334.4 -27043.9 -0.00804571
13338.9 -27023.4 -0.00806564
13343.3 -27002.9 -0.00808559
13347.7 -26982.4 -0.00810557
13352.2 -26962 -0.00812558
13356.6 -26941.5 -0.00814562
13361 -26921 -0.00816568
13365.5 -26900.5 -0.00818578
13369.9 -26880 -0.0082059
13374.3 -26859.5 -0.00822606
13378.8 -26838.9 -0.00824628
13383.3 -26818.3 -0.00826657
13387.9 -26797.7 -0.00828692
13392.5 -26777 -0.00830733
13397.2 -26756.2 -0.00832786
13402 -26735.5 -0.00834844
13406.7 -26714.7 -0.00836904
13411.5 -26693.9 -0.00838968
13416.2 -26673.1 -0.00841035
13420.9 -26652.3 -0.00843105
13425.7 -26631.5 -0.00845179
13430.4 -26610.7 -0.00847255
13435.1 -26589.9 -0.00849334
13439.8 -26569.1 -0.00851416
13444.5 -26548.3 -0.00853502
13449.3 -26527.5 -0.00855591
13454 -26506.7 -0.00857682
13458.7 -26485.9 -0.00859777
13463.4 -26465.1 -0.00861875
13468.1 -26444.3 -0.00863976
13472.8 -26423.5 -0.0086608
13477.4 -26402.7 -0.00868187
13482.1 -26381.9 -0.00870297
13486.8 -26361.1 -0.00872411
13491.5 -26340.2 -0.00874527
13496.2 -26319.4 -0.00876646
13500.8 -26298.6 -0.00878769
13505.5 -26277.8 -0.00880895
13510.1 -26257 -0.00883024
13514.8 -26236.2 -0.00885155
13519.5 -26215.4 -0.0088729
13524.1 -26194.6 -0.00889428
13528.8 -26173.8 -0.0089157
13533.4 -26153 -0.00893714
13538 -26132.2 -0.00895861
13542.7 -26111.4 -0.00898011
13547.3 -26090.7 -0.00900165
13551.9 -26069.9 -0.00902321
13556.6 -26049.1 -0.00904481
13561.2 -26028.3 -0.00906644
13565.8 -26007.6 -0.00908809
13570.4 -25986.8 -0.00910978
13575 -25966 -0.0091315
13579.6 -25945.3 -0.00915325
13584.2 -25924.5 -0.00917503
13588.8 -25903.7 -0.00919684
13593.4 -25883 -0.00921869
13598 -25862.2 -0.00924057
13602.7 -25841.5 -0.00926252
13607.4 -25820.7 -0.00928453
13612.1 -25799.8 -0.0093066
13616.8 -25779 -0.00932874
13621.6 -25758.1 -0.00935097
13410.3 0 -0.00950826
13470.1 0 -0.00957221
13494.5 0 -0.00962139
