0 -58.4752 -2.26119e-06
634.56 -387.873 -1.50063e-05
1173.57 -598.663 -2.31729e-05
1709.92 -810.086 -3.13752e-05
2243.81 -1025.42 -3.97424e-05
2775.24 -1245.79 -4.83214e-05
3304.22 -1471.25 -5.71171e-05
3830.74 -1702.13 -6.61449e-05
4354.77 -1938.55 -7.5413e-05
4876.15 -2180.37 -8.49198e-05
5394.56 -2427.29 -9.46568e-05
5909.16 -2678.59 -0.000104599
6418.2 -2932.77 -0.000114691
6918.36 -3186.96 -0.000124821
7403.99 -3436.08 -0.000134787
7866.83 -3673.19 -0.00014431
8297.18 -3889.26 -0.00015302
8686.59 -4076.02 -0.000160575
9030.8 -4228.62 -0.000166766
9330.49 -4344.81 -0.000171491
9590.04 -4427.21 -0.000174849
9815.21 -4479.06 -0.000176964
10011.7 -4504.14 -0.000177988
10184.8 -4507.47 -0.000178124
10338.5 -4490.57 -0.00017747
10475.8 -4447.63 -0.00017581
10599.4 -4385.16 -0.000173394
10711.4 -4303.58 -0.000170239
10812.7 -4198.36 -0.000166171
10905.5 -4081.61 -0.000161657
10991.1 -3954.59 -0.000156745
11070.4 -3818.35 -0.000151477
11143.9 -3671.96 -0.000145816
11212.1 -3512.15 -0.000139636
11276 -3345.27 -0.000133184
11335.9 -3171.98 -0.000126483
11392.3 -2992.88 -0.000119557
11445.5 -2808.51 -0.000112428
11495.9 -2619.34 -0.000105113
11543.8 -2425.78 -9.76286e-05
11589.3 -2228.18 -8.99879e-05
11632.4 -2023.86 -8.20873e-05
11673.3 -1811.87 -7.38901e-05
11712.4 -1596.58 -6.55653e-05
11749.8 -1378.28 -5.7124e-05
11785.6 -1157.25 -4.85772e-05
11820.1 -933.743 -3.99347e-05
11853.2 -707.995 -3.12054e-05
11885.1 -480.202 -2.23971e-05
11915.6 -249.316 -1.34692e-05
11945 -15.9144 -4.44405e-06
11972.9 0 5.0241e-06
11999.8 0 1.45817e-05
12025.7 0 2.4194e-05
12050.7 0 3.3878e-05
12074.7 0 4.37289e-05
12097.7 0 5.37469e-05
12119.8 0 6.41025e-05
12141.1 0 7.44844e-05
12161.8 0 8.48872e-05
12181.9 0 9.53062e-05
12201.4 0 0.000105738
12220.3 0 0.000116178
12238.6 0 0.000126626
12256.3 0 0.000137077
12273.3 0 0.000147749
12289.7 0 0.000158542
12305.5 0 0.000169333
12320.9 0 0.00018012
12335.7 0 0.000191054
12349.8 0 0.00020242
12363.5 0 0.000213776
12376.5 0 0.000225275
12388.8 0 0.000237017
12400.7 0 0.000248742
12412.4 0 0.000260445
12423.7 0 0.000272126
12434.7 0 0.000283783
12445.5 0 0.000295416
12455.9 0 0.000307025
12466.1 0 0.00031861
12476 0 0.000330173
12485.7 0 0.000341715
12495.1 0 0.000353238
12504.3 0 0.000364743
12513.2 0 0.000376232
12521.8 0 0.000387707
12530.3 0 0.000399168
12538.4 0 0.000410617
12546.4 0 0.000422052
12554.2 0 0.000433476
12561.7 0 0.000444886
12569 0 0.000456284
12576.2 0 0.000467666
12583.1 0 0.000479033
12589.9 0 0.000490383
12596.5 0 0.000501715
12603 0 0.000513027
12609.3 0 0.000524318
12615.5 0 0.000535587
12621.6 0 0.000546832
12627.5 0 0.000558052
12633.3 0 0.000569298
12638.9 0 0.000580642
12644.3 0 0.000592089
12649.5 0 0.000603568
12654.6 0 0.000615116
12659.6 0 0.000626955
12664.4 0 0.000638769
12669.2 0 0.000650558
12673.9 0 0.000662323
12678.6 0 0.000674065
12683.1 0 0.000685784
12687.6 0 0.00069748
12692 0 0.000709154
12696.3 0 0.000720808
12700.6 0 0.000732442
12704.8 0 0.000744057
12708.9 0 0.000755655
12713 0 0.000767236
12717 0 0.000778803
12720.9 0 0.000790354
12724.7 0 0.000801893
12728.5 0 0.000813421
12732.1 0 0.000825104
12735.7 0 0.000836953
12739.2 0 0.000848796
12742.7 0 0.000860631
12746 0 0.000872461
12749.3 0 0.000884287
12752.5 0 0.000896265
12755.5 0 0.000909072
12758.3 0 0.000921996
12761.2 0 0.000934931
12763.9 0 0.000947879
12766.6 0 0.000960838
12769.2 0 0.000973809
12771.7 0 0.000987014
12774.1 0 0.00100053
12776.4 0 0.00101405
12778.6 0 0.00102759
12780.8 0 0.00104114
12783 0 0.0010547
12785.1 0 0.00106827
12787.2 0 0.00108185
12789.2 0 0.00109543
12791.2 0 0.00110901
12793.2 0 0.0011226
12795.1 0 0.00113618
12797 0 0.00114977
12798.8 0 0.00116335
12800.6 0 0.00117692
12802.4 0 0.00119049
12804.2 0 0.00120405
12805.9 0 0.0012176
12807.7 0 0.00123114
12809.4 0 0.00124468
12811 0 0.00125819
12812.7 0 0.0012717
12814.3 0 0.00128519
12815.9 0 0.00129867
12817.5 0 0.00131213
12819.1 0 0.00132558
12820.7 0 0.00133901
12822.2 0 0.00135242
12823.7 0 0.00136582
12825.2 0 0.0013792
12826.7 0 0.00139256
12828.2 0 0.00140591
12829.7 0 0.00141924
12831.1 0 0.00143255
12832.6 0 0.00144584
12834 0 0.00145911
12835.4 0 0.00147237
12836.8 0 0.00148561
12838.2 0 0.00149883
12839.5 0 0.00151204
12840.9 0 0.00152522
12842.2 0 0.0015384
12843.6 0 0.00155155
12844.9 0 0.00156469
12846.2 0 0.00157781
12847.5 0 0.00159091
12848.7 0 0.00160401
12850 0 0.00161708
12851.3 0 0.00163014
12852.5 0 0.00164319
12853.7 0 0.00165622
12855 0 0.00166924
12856.2 0 0.00168225
12857.4 0 0.00169525
12858.5 0 0.00170823
12859.7 0 0.00172121
12860.9 0 0.00173417
12862 0 0.00174712
12863.1 0 0.00176006
12864.3 0 0.00177299
12865.4 0 0.00178592
12866.4 0 0.00179884
12867.5 0 0.00181175
12868.6 0 0.00182466
12869.6 0 0.00183756
12870.7 0 0.00185046
12871.7 0 0.00186336
12872.7 0 0.00187625
12873.7 0 0.00188914
12874.7 0 0.00190203
12875.7 0 0.00191492
12876.6 0 0.00192782
12877.5 0 0.00194071
12878.5 0 0.00195361
12879.4 0 0.00196651
12880.3 0 0.00197941
12881.2 0 0.00199232
12882 0 0.00200523
12882.9 0 0.00201814
12883.7 0 0.00203107
12884.6 0 0.002044
12885.4 0 0.00205694
12886.2 0 0.00206988
12886.9 0 0.00208284
12887.7 0 0.0020958
12888.5 0 0.00210877
12889.2 0 0.00212175
12889.9 0 0.00213474
12890.6 0 0.00214774
12891.3 0 0.00216075
12892 0 0.00217376
12892.7 0 0.00218679
12893.3 0 0.00219983
12894 0 0.00221288
12894.6 0 0.00222594
12895.2 0 0.002239
12895.8 0 0.00225208
12896.4 0 0.00226516
12897 0 0.00227826
12897.6 0 0.00229136
12898.1 0 0.00230447
12898.7 0 0.00231759
12899.2 0 0.00233072
12899.8 0 0.00234385
12900.3 0 0.00235702
12900.7 0 0.00237054
12901.2 0 0.00238408
12901.6 0 0.00239762
12902 0 0.00241117
12902.5 0 0.00242472
12902.9 0 0.00243828
12903.3 0 0.00245185
12903.7 0 0.00246542
12904.1 0 0.00247899
12904.5 0 0.00249257
12904.8 0 0.00250616
12905.2 0 0.00251974
12905.5 0 0.00253333
12905.9 0 0.00254692
12906.2 0 0.00256051
12906.6 0 0.0025741
12906.9 0 0.00258769
12907.2 0 0.00260128
12907.5 0 0.00261487
12907.9 0 0.00262846
12908.2 0 0.00264205
12908.5 0 0.00265563
12908.8 0 0.00266922
12909 0 0.0026828
12909.3 0 0.00269638
12909.6 0 0.00270995
12909.9 0 0.00272353
12910.2 0 0.0027371
12910.4 0 0.00275066
12910.7 0 0.00276422
12910.9 0 0.00277778
12911.2 0 0.00279133
12911.4 0 0.00280487
12911.7 0 0.00281841
12911.9 0 0.00283195
12912.2 0 0.00284548
12912.4 0 0.002859
12912.6 0 0.00287252
12912.9 0 0.00288603
12913.1 0 0.00289954
12913.3 0 0.00291304
12913.5 0 0.00292653
12913.7 0 0.00294002
12913.9 0 0.0029535
12914.1 0 0.00296698
12914.3 0 0.00298044
12914.5 0 0.0029939
12914.7 0 0.00300736
12914.9 0 0.0030208
12915.1 0 0.00303424
12915.3 0 0.00304767
12915.5 0 0.0030611
12915.7 0 0.00307451
12915.9 0 0.00308792
12916 0 0.00310132
12916.2 0 0.00311472
12916.4 0 0.0031281
12916.6 0 0.00314148
12916.7 0 0.00315485
12916.9 0 0.00316822
12917 0 0.00318157
12917.2 0 0.00319492
12917.4 0 0.00320826
12917.5 0 0.00322159
12917.7 0 0.00323492
12917.8 0 0.00324823
12918 0 0.00326154
12918.1 0 0.00327484
12918.2 0 0.00328814
12918.4 0 0.00330142
12918.5 0 0.0033147
12918.7 0 0.00332797
12918.8 0 0.00334123
12918.9 0 0.00335448
12919.1 0 0.00336772
12919.3 0 0.00338094
12919.6 0 0.00339409
12920.2 0 0.00340717
12921.1 0 0.00342014
12922.2 0 0.00343303
12923.4 0 0.00344586
12924.8 0 0.00345864
12926.3 0 0.00347137
12927.9 0 0.00348405
12929.8 0 0.00349662
12931.8 0 0.00350917
12933.7 0 0.0035217
12935.7 0 0.00353422
12937.6 0 0.00354674
12939.6 0 0.00355921
12941.8 0 0.00357162
12944.1 0 0.00358398
12946.6 0 0.00359625
12949.3 0 0.00360848
12951.9 0 0.00362069
12954.5 0 0.00363289
12957.1 0 0.00364508
12959.7 0 0.00365726
12962.3 0 0.00366942
12964.9 0 0.00368158
12967.5 0 0.00369372
12970.2 0 0.00370581
12973 0 0.00371785
12976 0 0.00372983
12979.1 0 0.00374172
12982.4 0 0.00375357
12985.6 0 0.0037654
12988.8 0 0.0037772
12992 0 0.00378899
12995.2 0 0.00380077
12998.4 0 0.00381253
13001.6 0 0.00382428
13004.8 0 0.00383601
13008 0 0.00384774
13011.2 0 0.00385944
13014.4 0 0.00387114
13017.6 0 0.00388281
13020.9 0 0.00389445
13024.2 0 0.00390603
13027.7 0 0.00391755
13031.3 0 0.00392901
13035 0 0.00394037
13038.8 0 0.00395173
13042.5 0 0.00396307
13046.3 0 0.00397439
13050 0 0.0039857
13053.7 0 0.00399699
13057.5 0 0.00400827
13061.2 0 0.00401952
13064.9 0 0.00403077
13068.7 0 0.00404199
13072.4 0 0.0040532
13076.1 0 0.0040644
13079.8 0 0.00407557
13083.5 0 0.00408673
13087.2 0 0.00409787
13090.9 0 0.004109
13094.6 0 0.0041201
13098.4 0 0.00413118
13102.2 0 0.0041422
13106.1 0 0.00415316
13110 0 0.00416406
13114.2 0 0.00417487
13118.4 0 0.00418563
13122.6 0 0.00419637
13126.8 0 0.00420709
13130.9 0 0.00421779
13135.1 0 0.00422847
13139.3 0 0.00423913
13143.5 0 0.00424977
13147.6 0 0.00426038
13151.8 0 0.00427098
13155.9 0 0.00428156
13160.1 0 0.00429211
13164.3 0 0.00430264
13168.4 0 0.00431316
13172.5 0 0.00432365
13176.7 0 0.00433411
13180.8 0 0.00434456
13185 0 0.00435498
13189.1 0 0.00436538
13193.2 0 0.00437576
13197.4 0 0.00438612
13201.5 0 0.00439645
13205.6 0 0.00440676
13209.7 0 0.00441705
13213.9 0 0.00442729
13218.1 0 0.00443748
13222.4 0 0.0044476
13226.7 0 0.00445767
13231.2 0 0.00446764
13235.7 0 0.00447753
13240.2 0 0.0044874
13244.8 0 0.00449725
13249.3 0 0.00450707
13253.8 0 0.00451686
13258.3 0 0.00452662
13262.8 0 0.00453636
13267.3 0 0.00454607
13271.8 0 0.00455576
13276.3 0 0.00456541
13280.8 0 0.00457504
13285.3 0 0.00458464
13289.8 0 0.00459421
13294.3 0 0.00460376
13298.7 0 0.00461328
13303.2 0 0.00462277
13307.7 0 0.00463223
13312.2 0 0.00464166
13316.6 0 0.00465107
13321.1 0 0.00466044
13325.5 0 0.00466979
13330 0 0.00467911
13334.4 0 0.0046884
13338.9 0 0.00469766
13343.3 0 0.00470689
13347.7 0 0.00471609
13352.2 0 0.00472527
13356.6 0 0.00473441
13361 0 0.00474353
13365.5 0 0.00475261
13369.9 0 0.00476167
13374.3 0 0.00477069
13378.8 0 0.00477965
13383.3 0 0.00478855
13387.9 0 0.00479738
13392.5 0 0.00480614
13397.2 0 0.0048148
13402 0 0.00482339
13406.7 0 0.00483194
13411.5 0 0.00484047
13416.2 0 0.00484896
13420.9 0 0.00485741
13425.7 0 0.00486584
13430.4 0 0.00487424
13435.1 0 0.0048826
13439.8 0 0.00489093
13444.5 0 0.00489923
13449.3 0 0.00490749
13454 0 0.00491573
13458.7 0 0.00492393
13463.4 0 0.0049321
13468.1 0 0.00494024
13472.8 0 0.00494835
13477.4 0 0.00495642
13482.1 0 0.00496447
13486.8 0 0.00497248
13491.5 0 0.00498046
13496.2 0 0.00498841
13500.8 0 0.00499632
13505.5 0 0.00500421
13510.1 0 0.00501206
13514.8 0 0.00501988
13519.5 0 0.00502767
13524.1 0 0.00503543
13528.8 0 0.00504315
13533.4 0 0.00505085
13538 0 0.00505851
13542.7 0 0.00506614
13547.3 0 0.00507374
13551.9 0 0.00508131
13556.6 0 0.00508884
13561.2 0 0.00509635
13565.8 0 0.00510382
13570.4 0 0.00511126
13575 0 0.00511867
13579.6 0 0.00512605
13584.2 0 0.0051334
13588.8 0 0.00514072
13593.4 0 0.005148
13598 0 0.00515525
13602.7 0 0.00516245
13607.4 0 0.00516959
13612.1 0 0.00517666
13616.8 0 0.00518366
13621.6 0 0.00519059
13410.3 0 0.00506206
13470.1 0 0.00502709
13494.5 0 0.00500686
