0 -58.4752 -2.26119e-06
634.56 -120.372 -4.65499e-06
1173.57 -65.8649 -2.54729e-06
1709.92 -11.9743 -4.63454e-07
2243.81 0 1.44995e-06
2775.24 0 3.15861e-06
3304.22 0 4.65809e-06
3830.74 0 5.92738e-06
4354.77 0 6.95569e-06
4876.15 0 7.74445e-06
5394.56 0 8.30237e-06
5909.16 0 8.65414e-06
6418.2 0 8.85598e-06
6918.36 0 9.01981e-06
7403.99 0 9.34957e-06
7866.83 0 1.01206e-05
8297.18 0 1.17056e-05
8686.59 0 1.44504e-05
9030.8 0 1.85606e-05
9330.49 0 2.41125e-05
9590.04 0 3.10128e-05
9815.21 0 3.90733e-05
10011.7 0 4.81177e-05
10184.8 0 5.80176e-05
10338.5 0 6.87192e-05
10475.8 0 8.07409e-05
10599.4 0 9.36499e-05
10711.4 0 0.00010741
10812.7 0 0.000121883
10905.5 0 0.000136815
10991.1 0 0.000152155
11070.4 0 0.000167863
11143.9 0 0.000183976
11212.1 0 0.000200623
11276 0 0.000217554
11335.9 0 0.000234742
11392.3 0 0.000252162
11445.5 0 0.000269792
11495.9 0 0.000287614
11543.8 0 0.000305611
11589.3 0 0.00032377
11632.4 0 0.000342164
11673.3 0 0.000360816
11712.4 0 0.000379599
11749.8 0 0.0003985
11785.6 0 0.00041751
11820.1 0 0.000436617
11853.2 0 0.000455812
11885.1 0 0.00047509
11915.6 0 0.000494238
11945 0 0.000513312
11972.9 0 0.000532967
11999.8 0 0.000552717
12025.7 0 0.000572516
12050.7 0 0.000592335
12074.7 0 0.000612069
12097.7 0 0.000632066
12119.8 0 0.000652638
12141.1 0 0.000673234
12161.8 0 0.000693848
12181.9 0 0.000714476
12201.4 0 0.000735115
12220.3 0 0.000755761
12238.6 0 0.000776412
12256.3 0 0.000797064
12273.3 0 0.000817972
12289.7 0 0.000839017
12305.5 0 0.000860061
12320.9 0 0.000881098
12335.7 0 0.000902442
12349.8 0 0.00092467
12363.5 0 0.000946894
12376.5 0 0.000968709
12388.8 0 0.00099042
12400.7 0 0.00101211
12412.4 0 0.00103377
12423.7 0 0.00105541
12434.7 0 0.00107702
12445.5 0 0.0010986
12455.9 0 0.00112015
12466.1 0 0.00114168
12476 0 0.00116318
12485.7 0 0.00118465
12495.1 0 0.0012061
12504.3 0 0.00122752
12513.2 0 0.00124893
12521.8 0 0.00127031
12530.3 0 0.00129168
12538.4 0 0.00131303
12546.4 0 0.00133436
12554.2 0 0.00135567
12561.7 0 0.00137696
12569 0 0.00139824
12576.2 0 0.0014195
12583.1 0 0.00144074
12589.9 0 0.00146197
12596.5 0 0.00148317
12603 0 0.00150435
12609.3 0 0.0015255
12615.5 0 0.00154664
12621.6 0 0.00156775
12627.5 0 0.00158883
12633.3 0 0.00160985
12638.9 0 0.00163076
12644.3 0 0.00165143
12649.5 0 0.00167196
12654.6 0 0.00169265
12659.6 0 0.00171393
12664.4 0 0.00173519
12669.2 0 0.00175642
12673.9 0 0.00177761
12678.6 0 0.00179877
12683.1 0 0.00181991
12687.6 0 0.00184101
12692 0 0.00186208
12696.3 0 0.00188312
12700.6 0 0.00190413
12704.8 0 0.00192511
12708.9 0 0.00194605
12713 0 0.00196697
12717 0 0.00198786
12720.9 0 0.00200872
12724.7 0 0.00202956
12728.5 0 0.00205036
12732.1 0 0.00207151
12735.7 0 0.00209303
12739.2 0 0.00211453
12742.7 0 0.00213602
12746 0 0.0021575
12749.3 0 0.00217896
12752.5 0 0.00220069
12755.5 0 0.00222383
12758.3 0 0.00224716
12761.2 0 0.00227051
12763.9 0 0.00229388
12766.6 0 0.00231727
12769.2 0 0.00234069
12771.7 0 0.00236429
12774.1 0 0.00238813
12776.4 0 0.00241201
12778.6 0 0.0024359
12780.8 0 0.00245983
12783 0 0.00248377
12785.1 0 0.00250774
12787.2 0 0.00253172
12789.2 0 0.00255572
12791.2 0 0.00257973
12793.2 0 0.00260376
12795.1 0 0.00262779
12797 0 0.00265183
12798.8 0 0.00267588
12800.6 0 0.00269992
12802.4 0 0.00272397
12804.2 0 0.00274802
12805.9 0 0.00277206
12807.7 0 0.0027961
12809.4 0 0.00282013
12811 0 0.00284415
12812.7 0 0.00286817
12814.3 0 0.00289217
12815.9 0 0.00291616
12817.5 0 0.00294014
12819.1 0 0.0029641
12820.7 0 0.00298805
12822.2 0 0.00301198
12823.7 0 0.0030359
12825.2 0 0.0030598
12826.7 0 0.00308368
12828.2 0 0.00310755
12829.7 0 0.00313139
12831.1 0 0.00315522
12832.6 0 0.00317903
12834 0 0.00320282
12835.4 0 0.00322659
12836.8 0 0.00325034
12838.2 0 0.00327408
12839.5 0 0.00329779
12840.9 0 0.00332149
12842.2 0 0.00334516
12843.6 0 0.00336882
12844.9 0 0.00339246
12846.2 0 0.00341608
12847.5 0 0.00343969
12848.7 0 0.00346327
12850 0 0.00348684
12851.3 0 0.00351039
12852.5 0 0.00353393
12853.7 0 0.00355745
12855 0 0.00358095
12856.2 0 0.00360444
12857.4 0 0.00362791
12858.5 0 0.00365137
12859.7 0 0.00367482
12860.9 0 0.00369828
12862 0 0.00372172
12863.1 0 0.00374515
12864.3 0 0.00376857
12865.4 0 0.00379198
12866.4 0 0.00381538
12867.5 0 0.00383877
12868.6 0 0.00386216
12869.6 0 0.00388554
12870.7 0 0.00390892
12871.7 0 0.00393229
12872.7 0 0.00395566
12873.7 0 0.00397903
12874.7 0 0.0040024
12875.7 0 0.00402576
12876.6 0 0.00404913
12877.5 0 0.0040725
12878.5 0 0.00409587
12879.4 0 0.00411924
12880.3 0 0.00414262
12881.2 0 0.004166
12882 0 0.00418939
12882.9 0 0.00421279
12883.7 0 0.00423619
12884.6 0 0.00425961
12885.4 0 0.00428303
12886.2 0 0.00430647
12886.9 0 0.00432991
12887.7 0 0.00435337
12888.5 0 0.00437684
12889.2 0 0.00440032
12889.9 0 0.00442382
12890.6 0 0.00444733
12891.3 0 0.00447086
12892 0 0.0044944
12892.7 0 0.00451795
12893.3 0 0.00454152
12894 0 0.0045651
12894.6 0 0.0045887
12895.2 0 0.00461232
12895.8 0 0.00463595
12896.4 0 0.00465959
12897 0 0.00468325
12897.6 0 0.00470692
12898.1 0 0.00473061
12898.7 0 0.00475431
12899.2 0 0.00477802
12899.8 0 0.00480175
12900.3 0 0.0048255
12900.7 0 0.00484937
12901.2 0 0.00487326
12901.6 0 0.00489717
12902 0 0.00492108
12902.5 0 0.004945
12902.9 0 0.00496893
12903.3 0 0.00499286
12903.7 0 0.00501681
12904.1 0 0.00504076
12904.5 0 0.00506472
12904.8 0 0.00508869
12905.2 0 0.00511266
12905.5 0 0.00513663
12905.9 0 0.00516061
12906.2 0 0.00518459
12906.6 0 0.00520857
12906.9 0 0.00523256
12907.2 0 0.00525655
12907.5 0 0.00528054
12907.9 0 0.00530453
12908.2 0 0.00532851
12908.5 0 0.0053525
12908.8 0 0.00537649
12909 0 0.00540048
12909.3 0 0.00542446
12909.6 0 0.00544844
12909.9 0 0.00547242
12910.2 0 0.00549639
12910.4 0 0.00552037
12910.7 0 0.00554434
12910.9 0 0.0055683
12911.2 0 0.00559226
12911.4 0 0.00561621
12911.7 0 0.00564016
12911.9 0 0.00566411
12912.2 0 0.00568805
12912.4 0 0.00571198
12912.6 0 0.00573591
12912.9 0 0.00575983
12913.1 0 0.00578375
12913.3 0 0.00580766
12913.5 0 0.00583156
12913.7 0 0.00585545
12913.9 0 0.00587934
12914.1 0 0.00590322
12914.3 0 0.0059271
12914.5 0 0.00595096
12914.7 0 0.00597482
12914.9 0 0.00599867
12915.1 0 0.00602252
12915.3 0 0.00604635
12915.5 0 0.00607018
12915.7 0 0.006094
12915.9 0 0.00611781
12916 0 0.00614162
12916.2 0 0.00616541
12916.4 0 0.0061892
12916.6 0 0.00621298
12916.7 0 0.00623675
12916.9 0 0.00626051
12917 0 0.00628426
12917.2 0 0.006308
12917.4 0 0.00633174
12917.5 0 0.00635547
12917.7 0 0.00637918
12917.8 0 0.00640289
12918 0 0.00642659
12918.1 0 0.00645029
12918.2 0 0.00647397
12918.4 0 0.00649764
12918.5 0 0.00652131
12918.7 0 0.00654496
12918.8 0 0.00656861
12918.9 0 0.00659225
12919.1 0 0.00661588
12919.3 0 0.00663947
12919.6 0 0.006663
12920.2 0 0.00668644
12921.1 0 0.00670976
12922.2 0 0.00673297
12923.4 0 0.00675613
12924.8 0 0.00677924
12926.3 0 0.00680228
12927.9 0 0.00682526
12929.8 0 0.00684813
12931.8 0 0.00687096
12933.7 0 0.00689378
12935.7 0 0.00691659
12937.6 0 0.00693938
12939.6 0 0.00696213
12941.8 0 0.00698481
12944.1 0 0.00700743
12946.6 0 0.00702995
12949.3 0 0.00705241
12951.9 0 0.00707486
12954.5 0 0.0070973
12957.1 0 0.00711972
12959.7 0 0.00714212
12962.3 0 0.00716452
12964.9 0 0.0071869
12967.5 0 0.00720926
12970.2 0 0.00723157
12973 0 0.00725382
12976 0 0.007276
12979.1 0 0.00729808
12982.4 0 0.00732011
12985.6 0 0.00734213
12988.8 0 0.00736421
12992 0 0.00738627
12995.2 0 0.00740831
12998.4 0 0.00743034
13001.6 0 0.00745236
13004.8 0 0.00747436
13008 0 0.00749635
13011.2 0 0.00751832
13014.4 0 0.00754028
13017.6 0 0.00756222
13020.9 0 0.00758411
13024.2 0 0.00760595
13027.7 0 0.00762773
13031.3 0 0.00764946
13035 0 0.00767104
13038.8 0 0.00769263
13042.5 0 0.0077142
13046.3 0 0.00773575
13050 0 0.00775729
13053.7 0 0.00777881
13057.5 0 0.00780031
13061.2 0 0.00782179
13064.9 0 0.00784325
13068.7 0 0.0078647
13072.4 0 0.00788612
13076.1 0 0.00790753
13079.8 0 0.00792892
13083.5 0 0.00795029
13087.2 0 0.00797164
13090.9 0 0.00799297
13094.6 0 0.00801429
13098.4 0 0.00803557
13102.2 0 0.00805679
13106.1 0 0.00807795
13110 0 0.00809905
13114.2 0 0.00812005
13118.4 0 0.00814098
13122.6 0 0.00816189
13126.8 0 0.00818278
13130.9 0 0.00820365
13135.1 0 0.00822449
13139.3 0 0.00824531
13143.5 0 0.00826611
13147.6 0 0.00828688
13151.8 0 0.00830763
13155.9 0 0.00832836
13160.1 0 0.00834906
13164.3 0 0.00836974
13168.4 0 0.00839039
13172.5 0 0.00841102
13176.7 0 0.00843162
13180.8 0 0.0084522
13185 0 0.00847275
13189.1 0 0.00849328
13193.2 0 0.00851378
13197.4 0 0.00853426
13201.5 0 0.00855471
13205.6 0 0.00857514
13209.7 0 0.00859554
13213.9 0 0.0086159
13218.1 0 0.0086362
13222.4 0 0.00865644
13226.7 0 0.0086766
13231.2 0 0.00869668
13235.7 0 0.00871665
13240.2 0 0.0087366
13244.8 0 0.00875651
13249.3 0 0.00877639
13253.8 0 0.00879624
13258.3 0 0.00881606
13262.8 0 0.00883585
13267.3 0 0.00885561
13271.8 0 0.00887534
13276.3 0 0.00889504
13280.8 0 0.00891471
13285.3 0 0.00893434
13289.8 0 0.00895395
13294.3 0 0.00897352
13298.7 0 0.00899306
13303.2 0 0.00901257
13307.7 0 0.00903205
13312.2 0 0.00905149
13316.6 0 0.00907091
13321.1 0 0.00909029
13325.5 0 0.00910964
13330 0 0.00912896
13334.4 0 0.00914824
13338.9 0 0.00916749
13343.3 0 0.00918671
13347.7 0 0.0092059
13352.2 0 0.00922506
13356.6 0 0.00924418
13361 0 0.00926327
13365.5 0 0.00928232
13369.9 0 0.00930135
13374.3 0 0.00932035
13378.8 0 0.0093393
13383.3 0 0.00935817
13387.9 0 0.00937698
13392.5 0 0.00939571
13397.2 0 0.00941436
13402 0 0.00943287
13406.7 0 0.00945135
13411.5 0 0.00946979
13416.2 0 0.00948819
13420.9 0 0.00950656
13425.7 0 0.00952489
13430.4 0 0.00954319
13435.1 0 0.00956145
13439.8 0 0.00957968
13444.5 0 0.00959787
13449.3 0 0.00961603
13454 0 0.00963415
13458.7 0 0.00965224
13463.4 0 0.00967029
13468.1 0 0.00968831
13472.8 0 0.00970629
13477.4 0 0.00972424
13482.1 0 0.00974215
13486.8 0 0.00976003
13491.5 0 0.00977788
13496.2 0 0.00979569
13500.8 0 0.00981346
13505.5 0 0.0098312
13510.1 0 0.00984891
13514.8 0 0.00986658
13519.5 0 0.00988422
13524.1 0 0.00990182
13528.8 0 0.00991939
13533.4 0 0.00993693
13538 0 0.00995443
13542.7 0 0.0099719
13547.3 0 0.00998933
13551.9 0 0.0100067
13556.6 0 0.0100241
13561.2 0 0.0100414
13565.8 0 0.0100587
13570.4 0 0.010076
13575 0 0.0100932
13579.6 0 0.0101104
13584.2 0 0.0101276
13588.8 0 0.0101447
13593.4 0 0.0101618
13598 0 0.0101789
13602.7 0 0.010196
13607.4 0 0.010213
13612.1 0 0.0102299
13616.8 0 0.0102468
13621.6 0 0.0102637
13410.3 0 0.0101438
13470.1 0 0.0101182
13494.5 0 0.0101073
