0 -58.4752 -2.26119e-06
634.56 -122.184 -4.72505e-06
1173.57 -64.1091 -2.47942e-06
1709.92 -7.47679 -2.89559e-07
2243.81 0 1.74464e-06
2775.24 0 3.55519e-06
3304.22 0 5.13633e-06
3830.74 0 6.48191e-06
4354.77 0 7.5886e-06
4876.15 0 8.45777e-06
5394.56 0 9.09808e-06
5909.16 0 9.53403e-06
6418.2 0 9.82146e-06
6918.36 0 1.00715e-05
7403.99 0 1.04804e-05
7866.83 0 1.13369e-05
8297.18 0 1.3003e-05
8686.59 0 1.58177e-05
9030.8 0 1.99928e-05
9330.49 0 2.56746e-05
9590.04 0 3.27579e-05
9815.21 0 4.12221e-05
10011.7 0 5.09609e-05
10184.8 0 6.16424e-05
10338.5 0 7.30922e-05
10475.8 0 8.50176e-05
10599.4 0 9.74726e-05
10711.4 0 0.000110476
10812.7 0 0.000124736
10905.5 0 0.00013942
10991.1 0 0.000154482
11070.4 0 0.000169881
11143.9 0 0.00018565
11212.1 0 0.000201915
11276 0 0.000218434
11335.9 0 0.000235185
11392.3 0 0.000252148
11445.5 0 0.000269304
11495.9 0 0.000286636
11543.8 0 0.000304128
11589.3 0 0.000321767
11632.4 0 0.000339707
11673.3 0 0.000358009
11712.4 0 0.000376434
11749.8 0 0.000394972
11785.6 0 0.000413611
11820.1 0 0.000432343
11853.2 0 0.000451157
11885.1 0 0.000470047
11915.6 0 0.00048948
11945 0 0.000509299
11972.9 0 0.000529328
11999.8 0 0.000549438
12025.7 0 0.00056961
12050.7 0 0.000589943
12074.7 0 0.000610871
12097.7 0 0.000631804
12119.8 0 0.00065267
12141.1 0 0.000673567
12161.8 0 0.000694488
12181.9 0 0.00071543
12201.4 0 0.000736387
12220.3 0 0.000757358
12238.6 0 0.000778338
12256.3 0 0.000799325
12273.3 0 0.000820477
12289.7 0 0.000841718
12305.5 0 0.000862959
12320.9 0 0.000884197
12335.7 0 0.000905314
12349.8 0 0.000926094
12363.5 0 0.000946853
12376.5 0 0.000968692
12388.8 0 0.000991366
12400.7 0 0.00101403
12412.4 0 0.00103668
12423.7 0 0.00105931
12434.7 0 0.00108193
12445.5 0 0.00110453
12455.9 0 0.00112711
12466.1 0 0.00114968
12476 0 0.00117223
12485.7 0 0.00119477
12495.1 0 0.00121729
12504.3 0 0.00123981
12513.2 0 0.00126232
12521.8 0 0.00128483
12530.3 0 0.00130733
12538.4 0 0.00132983
12546.4 0 0.00135232
12554.2 0 0.00137481
12561.7 0 0.0013973
12569 0 0.00141977
12576.2 0 0.00144224
12583.1 0 0.0014647
12589.9 0 0.00148715
12596.5 0 0.00150958
12603 0 0.001532
12609.3 0 0.00155439
12615.5 0 0.00157677
12621.6 0 0.00159912
12627.5 0 0.00162145
12633.3 0 0.00164396
12638.9 0 0.00166692
12644.3 0 0.00169058
12649.5 0 0.00171454
12654.6 0 0.00173843
12659.6 0 0.00176208
12664.4 0 0.00178572
12669.2 0 0.00180935
12673.9 0 0.00183296
12678.6 0 0.00185657
12683.1 0 0.00188016
12687.6 0 0.00190374
12692 0 0.00192732
12696.3 0 0.0019509
12700.6 0 0.00197447
12704.8 0 0.00199805
12708.9 0 0.00202163
12713 0 0.00204521
12717 0 0.00206881
12720.9 0 0.00209241
12724.7 0 0.00211603
12728.5 0 0.00213966
12732.1 0 0.00216313
12735.7 0 0.00218642
12739.2 0 0.00220972
12742.7 0 0.00223302
12746 0 0.00225633
12749.3 0 0.00227966
12752.5 0 0.00230293
12755.5 0 0.00232605
12758.3 0 0.00234917
12761.2 0 0.00237228
12763.9 0 0.00239538
12766.6 0 0.00241848
12769.2 0 0.00244157
12771.7 0 0.00246499
12774.1 0 0.00248881
12776.4 0 0.00251262
12778.6 0 0.00253643
12780.8 0 0.00256023
12783 0 0.00258402
12785.1 0 0.00260779
12787.2 0 0.00263156
12789.2 0 0.0026553
12791.2 0 0.00267904
12793.2 0 0.00270276
12795.1 0 0.00272646
12797 0 0.00275014
12798.8 0 0.00277381
12800.6 0 0.00279746
12802.4 0 0.00282109
12804.2 0 0.0028447
12805.9 0 0.0028683
12807.7 0 0.00289187
12809.4 0 0.00291543
12811 0 0.00293897
12812.7 0 0.00296249
12814.3 0 0.00298599
12815.9 0 0.00300948
12817.5 0 0.00303294
12819.1 0 0.00305639
12820.7 0 0.00307982
12822.2 0 0.00310323
12823.7 0 0.00312663
12825.2 0 0.00315
12826.7 0 0.00317336
12828.2 0 0.0031967
12829.7 0 0.00322003
12831.1 0 0.00324334
12832.6 0 0.00326663
12834 0 0.00328991
12835.4 0 0.00331317
12836.8 0 0.00333641
12838.2 0 0.00335964
12839.5 0 0.00338286
12840.9 0 0.00340606
12842.2 0 0.00342925
12843.6 0 0.00345243
12844.9 0 0.00347559
12846.2 0 0.00349874
12847.5 0 0.00352188
12848.7 0 0.00354501
12850 0 0.00356813
12851.3 0 0.00359123
12852.5 0 0.00361433
12853.7 0 0.00363742
12855 0 0.00366049
12856.2 0 0.00368356
12857.4 0 0.00370663
12858.5 0 0.00372968
12859.7 0 0.00375272
12860.9 0 0.00377573
12862 0 0.00379872
12863.1 0 0.00382171
12864.3 0 0.0038447
12865.4 0 0.00386768
12866.4 0 0.00389065
12867.5 0 0.00391362
12868.6 0 0.00393659
12869.6 0 0.00395956
12870.7 0 0.00398253
12871.7 0 0.00400549
12872.7 0 0.00402846
12873.7 0 0.00405142
12874.7 0 0.00407438
12875.7 0 0.00409735
12876.6 0 0.00412031
12877.5 0 0.00414328
12878.5 0 0.00416625
12879.4 0 0.00418922
12880.3 0 0.00421219
12881.2 0 0.00423516
12882 0 0.00425814
12882.9 0 0.00428112
12883.7 0 0.00430411
12884.6 0 0.00432709
12885.4 0 0.00435008
12886.2 0 0.00437307
12886.9 0 0.00439607
12887.7 0 0.00441907
12888.5 0 0.00444207
12889.2 0 0.00446507
12889.9 0 0.00448808
12890.6 0 0.00451109
12891.3 0 0.0045341
12892 0 0.00455711
12892.7 0 0.00458012
12893.3 0 0.00460313
12894 0 0.00462615
12894.6 0 0.00464916
12895.2 0 0.00467218
12895.8 0 0.00469519
12896.4 0 0.00471821
12897 0 0.00474122
12897.6 0 0.00476423
12898.1 0 0.00478724
12898.7 0 0.00481025
12899.2 0 0.00483326
12899.8 0 0.00485626
12900.3 0 0.00487932
12900.7 0 0.00490313
12901.2 0 0.00492693
12901.6 0 0.00495074
12902 0 0.00497455
12902.5 0 0.00499836
12902.9 0 0.00502218
12903.3 0 0.00504599
12903.7 0 0.0050698
12904.1 0 0.00509361
12904.5 0 0.00511743
12904.8 0 0.00514124
12905.2 0 0.00516505
12905.5 0 0.00518885
12905.9 0 0.00521266
12906.2 0 0.00523646
12906.6 0 0.00526027
12906.9 0 0.00528406
12907.2 0 0.00530786
12907.5 0 0.00533165
12907.9 0 0.00535544
12908.2 0 0.00537923
12908.5 0 0.00540301
12908.8 0 0.00542678
12909 0 0.00545056
12909.3 0 0.00547433
12909.6 0 0.00549809
12909.9 0 0.00552185
12910.2 0 0.00554561
12910.4 0 0.00556936
12910.7 0 0.0055931
12910.9 0 0.00561684
12911.2 0 0.00564058
12911.4 0 0.0056643
12911.7 0 0.00568803
12911.9 0 0.00571175
12912.2 0 0.00573546
12912.4 0 0.00575917
12912.6 0 0.00578287
12912.9 0 0.00580656
12913.1 0 0.00583025
12913.3 0 0.00585394
12913.5 0 0.00587761
12913.7 0 0.00590129
12913.9 0 0.00592495
12914.1 0 0.00594861
12914.3 0 0.00597226
12914.5 0 0.00599591
12914.7 0 0.00601955
12914.9 0 0.00604319
12915.1 0 0.00606682
12915.3 0 0.00609044
12915.5 0 0.00611406
12915.7 0 0.00613767
12915.9 0 0.00616127
12916 0 0.00618487
12916.2 0 0.00620846
12916.4 0 0.00623204
12916.6 0 0.00625562
12916.7 0 0.00627919
12916.9 0 0.00630276
12917 0 0.00632632
12917.2 0 0.00634987
12917.4 0 0.00637342
12917.5 0 0.00639696
12917.7 0 0.00642049
12917.8 0 0.00644402
12918 0 0.00646754
12918.1 0 0.00649105
12918.2 0 0.00651456
12918.4 0 0.00653807
12918.5 0 0.00656156
12918.7 0 0.00658505
12918.8 0 0.00660853
12918.9 0 0.00663201
12919.1 0 0.00665548
12919.3 0 0.00667893
12919.6 0 0.00670233
12920.2 0 0.00672567
12921.1 0 0.00674893
12922.2 0 0.00677212
12923.4 0 0.00679527
12924.8 0 0.00681839
12926.3 0 0.00684147
12927.9 0 0.0068645
12929.8 0 0.00688746
12931.8 0 0.00691039
12933.7 0 0.00693332
12935.7 0 0.00695624
12937.6 0 0.00697915
12939.6 0 0.00700203
12941.8 0 0.00702487
12944.1 0 0.00704767
12946.6 0 0.00707039
12949.3 0 0.00709309
12951.9 0 0.00711578
12954.5 0 0.00713846
12957.1 0 0.00716113
12959.7 0 0.0071838
12962.3 0 0.00720646
12964.9 0 0.00722911
12967.5 0 0.00725174
12970.2 0 0.00727435
12973 0 0.00729691
12976 0 0.00731943
12979.1 0 0.00734187
12982.4 0 0.0073643
12985.6 0 0.00738669
12988.8 0 0.00740891
12992 0 0.00743111
12995.2 0 0.00745331
12998.4 0 0.00747549
13001.6 0 0.00749766
13004.8 0 0.00751982
13008 0 0.00754197
13011.2 0 0.0075641
13014.4 0 0.00758623
13017.6 0 0.00760834
13020.9 0 0.00763041
13024.2 0 0.00765243
13027.7 0 0.0076744
13031.3 0 0.00769629
13035 0 0.00771815
13038.8 0 0.00773998
13042.5 0 0.00776181
13046.3 0 0.00778362
13050 0 0.00780541
13053.7 0 0.0078272
13057.5 0 0.00784897
13061.2 0 0.00787073
13064.9 0 0.00789248
13068.7 0 0.00791421
13072.4 0 0.00793593
13076.1 0 0.00795763
13079.8 0 0.00797932
13083.5 0 0.008001
13087.2 0 0.00802267
13090.9 0 0.00804432
13094.6 0 0.00806596
13098.4 0 0.00808755
13102.2 0 0.0081091
13106.1 0 0.00813061
13110 0 0.00815206
13114.2 0 0.00817341
13118.4 0 0.00819476
13122.6 0 0.00821609
13126.8 0 0.0082374
13130.9 0 0.00825869
13135.1 0 0.00827997
13139.3 0 0.00830124
13143.5 0 0.00832249
13147.6 0 0.00834372
13151.8 0 0.00836494
13155.9 0 0.00838614
13160.1 0 0.00840732
13164.3 0 0.00842848
13168.4 0 0.00844963
13172.5 0 0.00847077
13176.7 0 0.00849188
13180.8 0 0.00851298
13185 0 0.00853406
13189.1 0 0.00855512
13193.2 0 0.00857617
13197.4 0 0.0085972
13201.5 0 0.00861821
13205.6 0 0.0086392
13209.7 0 0.00866017
13213.9 0 0.00868109
13218.1 0 0.00870196
13222.4 0 0.00872278
13226.7 0 0.00874355
13231.2 0 0.0087642
13235.7 0 0.00878485
13240.2 0 0.00880548
13244.8 0 0.00882609
13249.3 0 0.00884668
13253.8 0 0.00886725
13258.3 0 0.0088878
13262.8 0 0.00890833
13267.3 0 0.00892883
13271.8 0 0.00894932
13276.3 0 0.00896978
13280.8 0 0.00899022
13285.3 0 0.00901064
13289.8 0 0.00903104
13294.3 0 0.00905142
13298.7 0 0.00907177
13303.2 0 0.0090921
13307.7 0 0.00911242
13312.2 0 0.0091327
13316.6 0 0.00915297
13321.1 0 0.00917322
13325.5 0 0.00919344
13330 0 0.00921364
13334.4 0 0.00923381
13338.9 0 0.00925397
13343.3 0 0.0092741
13347.7 0 0.0092942
13352.2 0 0.00931429
13356.6 0 0.00933435
13361 0 0.00935439
13365.5 0 0.0093744
13369.9 0 0.00939439
13374.3 0 0.00941432
13378.8 0 0.00943419
13383.3 0 0.009454
13387.9 0 0.00947375
13392.5 0 0.00949345
13397.2 0 0.009513
13402 0 0.00953259
13406.7 0 0.00955216
13411.5 0 0.0095717
13416.2 0 0.00959122
13420.9 0 0.00961071
13425.7 0 0.00963017
13430.4 0 0.00964961
13435.1 0 0.00966902
13439.8 0 0.0096884
13444.5 0 0.00970776
13449.3 0 0.00972709
13454 0 0.0097464
13458.7 0 0.00976567
13463.4 0 0.00978492
13468.1 0 0.00980415
13472.8 0 0.00982335
13477.4 0 0.00984251
13482.1 0 0.00986166
13486.8 0 0.00988077
13491.5 0 0.00989986
13496.2 0 0.00991892
13500.8 0 0.00993796
13505.5 0 0.00995696
13510.1 0 0.00997594
13514.8 0 0.00999489
13519.5 0 0.0100138
13524.1 0 0.0100327
13528.8 0 0.0100516
13533.4 0 0.0100704
13538 0 0.0100892
13542.7 0 0.010108
13547.3 0 0.0101268
13551.9 0 0.0101455
13556.6 0 0.0101642
13561.2 0 0.0101829
13565.8 0 0.0102015
13570.4 0 0.0102202
13575 0 0.0102388
13579.6 0 0.0102573
13584.2 0 0.0102759
13588.8 0 0.0102944
13593.4 0 0.0103128
13598 0 0.0103312
13602.7 0 0.0103495
13607.4 0 0.0103678
13612.1 0 0.0103859
13616.8 0 0.0104041
13621.6 0 0.010422
13410.3 0 0.0103066
13470.1 0 0.0102836
13494.5 0 0.0102754
