0 -58.4752 -2.26119e-06
634.56 -227.292 -8.79106e-06
1173.57 -274.679 -1.06247e-05
1709.92 -323.445 -1.25121e-05
2243.81 -376.244 -1.45561e-05
2775.24 -434.772 -1.68225e-05
3304.22 -499.17 -1.9317e-05
3830.74 -569.612 -2.20468e-05
4354.77 -646.186 -2.50156e-05
4876.15 -728.846 -2.8222e-05
5394.56 -817.355 -3.16574e-05
5909.16 -911.067 -3.52973e-05
6418.2 -1008.53 -3.90858e-05
6918.36 -1106.88 -4.29118e-05
7403.99 -1201.05 -4.65784e-05
7866.83 -1283.67 -4.97978e-05
8297.18 -1345.46 -5.22073e-05
8686.59 -1377.76 -5.34676e-05
9030.8 -1375.16 -5.33671e-05
9330.49 -1333.71 -5.17641e-05
9590.04 -1256.1 -4.87629e-05
9815.21 -1143.13 -4.43949e-05
10011.7 -997.689 -3.87709e-05
10184.8 -828.009 -3.22097e-05
10338.5 -638.405 -2.48781e-05
10475.8 -435.109 -1.7017e-05
10599.4 -217.526 -8.60352e-06
10711.4 0 3.77822e-07
10812.7 0 1.05805e-05
10905.5 0 2.12102e-05
10991.1 0 3.22192e-05
11070.4 0 4.35671e-05
11143.9 0 5.52884e-05
11212.1 0 6.75067e-05
11276 0 7.99816e-05
11335.9 0 9.269e-05
11392.3 0 0.000105612
11445.5 0 0.000118728
11495.9 0 0.00013202
11543.8 0 0.000145474
11589.3 0 0.000159075
11632.4 0 0.000172974
11673.3 0 0.000187228
11712.4 0 0.000201605
11749.8 0 0.000216096
11785.6 0 0.000230688
11820.1 0 0.000245373
11853.2 0 0.000260142
11885.1 0 0.000274986
11915.6 0 0.00029033
11945 0 0.000306031
11972.9 0 0.000321966
11999.8 0 0.000337982
12025.7 0 0.00035406
12050.7 0 0.00037029
12074.7 0 0.000387071
12097.7 0 0.000403874
12119.8 0 0.000420651
12141.1 0 0.000437458
12161.8 0 0.000454289
12181.9 0 0.00047114
12201.4 0 0.000488007
12220.3 0 0.000504886
12238.6 0 0.000521775
12256.3 0 0.000538671
12273.3 0 0.000555736
12289.7 0 0.000572894
12305.5 0 0.000590052
12320.9 0 0.000607207
12335.7 0 0.000624268
12349.8 0 0.00064107
12363.5 0 0.000657852
12376.5 0 0.000675619
12388.8 0 0.000694161
12400.7 0 0.000712692
12412.4 0 0.000731209
12423.7 0 0.000749709
12434.7 0 0.000768191
12445.5 0 0.000786655
12455.9 0 0.000805101
12466.1 0 0.000823529
12476 0 0.000841942
12485.7 0 0.000860341
12495.1 0 0.000878729
12504.3 0 0.000897107
12513.2 0 0.000915477
12521.8 0 0.000933841
12530.3 0 0.0009522
12538.4 0 0.000970554
12546.4 0 0.000988904
12554.2 0 0.00100725
12561.7 0 0.00102559
12569 0 0.00104392
12576.2 0 0.00106224
12583.1 0 0.00108055
12589.9 0 0.00109885
12596.5 0 0.00111713
12603 0 0.0011354
12609.3 0 0.00115364
12615.5 0 0.00117187
12621.6 0 0.00119007
12627.5 0 0.00120826
12633.3 0 0.00122659
12638.9 0 0.00124535
12644.3 0 0.00126475
12649.5 0 0.00128443
12654.6 0 0.00130404
12659.6 0 0.00132347
12664.4 0 0.00134289
12669.2 0 0.00136229
12673.9 0 0.00138168
12678.6 0 0.00140106
12683.1 0 0.00142042
12687.6 0 0.00143978
12692 0 0.00145913
12696.3 0 0.00147847
12700.6 0 0.00149781
12704.8 0 0.00151715
12708.9 0 0.00153649
12713 0 0.00155584
12717 0 0.00157519
12720.9 0 0.00159455
12724.7 0 0.00161392
12728.5 0 0.0016333
12732.1 0 0.00165255
12735.7 0 0.00167165
12739.2 0 0.00169077
12742.7 0 0.00170989
12746 0 0.00172901
12749.3 0 0.00174814
12752.5 0 0.00176725
12755.5 0 0.0017863
12758.3 0 0.00180536
12761.2 0 0.00182441
12763.9 0 0.00184347
12766.6 0 0.00186251
12769.2 0 0.00188155
12771.7 0 0.00190091
12774.1 0 0.00192066
12776.4 0 0.00194041
12778.6 0 0.00196015
12780.8 0 0.00197989
12783 0 0.00199962
12785.1 0 0.00201933
12787.2 0 0.00203904
12789.2 0 0.00205873
12791.2 0 0.00207842
12793.2 0 0.00209808
12795.1 0 0.00211773
12797 0 0.00213737
12798.8 0 0.00215699
12800.6 0 0.0021766
12802.4 0 0.00219618
12804.2 0 0.00221576
12805.9 0 0.00223531
12807.7 0 0.00225484
12809.4 0 0.00227436
12811 0 0.00229386
12812.7 0 0.00231334
12814.3 0 0.00233281
12815.9 0 0.00235225
12817.5 0 0.00237168
12819.1 0 0.00239109
12820.7 0 0.00241048
12822.2 0 0.00242985
12823.7 0 0.00244921
12825.2 0 0.00246855
12826.7 0 0.00248787
12828.2 0 0.00250718
12829.7 0 0.00252646
12831.1 0 0.00254574
12832.6 0 0.00256499
12834 0 0.00258423
12835.4 0 0.00260345
12836.8 0 0.00262266
12838.2 0 0.00264185
12839.5 0 0.00266103
12840.9 0 0.0026802
12842.2 0 0.00269935
12843.6 0 0.00271848
12844.9 0 0.00273761
12846.2 0 0.00275672
12847.5 0 0.00277581
12848.7 0 0.0027949
12850 0 0.00281398
12851.3 0 0.00283304
12852.5 0 0.00285209
12853.7 0 0.00287114
12855 0 0.00289017
12856.2 0 0.0029092
12857.4 0 0.00292822
12858.5 0 0.00294723
12859.7 0 0.00296622
12860.9 0 0.00298518
12862 0 0.00300414
12863.1 0 0.00302309
12864.3 0 0.00304203
12865.4 0 0.00306097
12866.4 0 0.0030799
12867.5 0 0.00309883
12868.6 0 0.00311775
12869.6 0 0.00313668
12870.7 0 0.0031556
12871.7 0 0.00317452
12872.7 0 0.00319344
12873.7 0 0.00321235
12874.7 0 0.00323127
12875.7 0 0.00325019
12876.6 0 0.00326911
12877.5 0 0.00328803
12878.5 0 0.00330696
12879.4 0 0.00332588
12880.3 0 0.00334481
12881.2 0 0.00336374
12882 0 0.00338268
12882.9 0 0.00340161
12883.7 0 0.00342055
12884.6 0 0.0034395
12885.4 0 0.00345844
12886.2 0 0.00347739
12886.9 0 0.00349635
12887.7 0 0.0035153
12888.5 0 0.00353426
12889.2 0 0.00355323
12889.9 0 0.00357219
12890.6 0 0.00359116
12891.3 0 0.00361013
12892 0 0.00362911
12892.7 0 0.00364809
12893.3 0 0.00366706
12894 0 0.00368604
12894.6 0 0.00370503
12895.2 0 0.00372401
12895.8 0 0.00374299
12896.4 0 0.00376198
12897 0 0.00378096
12897.6 0 0.00379994
12898.1 0 0.00381893
12898.7 0 0.00383791
12899.2 0 0.00385689
12899.8 0 0.00387587
12900.3 0 0.0038949
12900.7 0 0.00391464
12901.2 0 0.00393438
12901.6 0 0.00395413
12902 0 0.00397387
12902.5 0 0.00399362
12902.9 0 0.00401337
12903.3 0 0.00403312
12903.7 0 0.00405287
12904.1 0 0.00407262
12904.5 0 0.00409238
12904.8 0 0.00411213
12905.2 0 0.00413187
12905.5 0 0.00415162
12905.9 0 0.00417137
12906.2 0 0.00419111
12906.6 0 0.00421086
12906.9 0 0.0042306
12907.2 0 0.00425033
12907.5 0 0.00427007
12907.9 0 0.0042898
12908.2 0 0.00430953
12908.5 0 0.00432925
12908.8 0 0.00434897
12909 0 0.00436869
12909.3 0 0.0043884
12909.6 0 0.00440811
12909.9 0 0.00442781
12910.2 0 0.00444751
12910.4 0 0.0044672
12910.7 0 0.00448689
12910.9 0 0.00450658
12911.2 0 0.00452625
12911.4 0 0.00454593
12911.7 0 0.00456559
12911.9 0 0.00458526
12912.2 0 0.00460491
12912.4 0 0.00462456
12912.6 0 0.00464421
12912.9 0 0.00466385
12913.1 0 0.00468348
12913.3 0 0.00470311
12913.5 0 0.00472273
12913.7 0 0.00474235
12913.9 0 0.00476196
12914.1 0 0.00478156
12914.3 0 0.00480116
12914.5 0 0.00482075
12914.7 0 0.00484033
12914.9 0 0.00485991
12915.1 0 0.00487948
12915.3 0 0.00489905
12915.5 0 0.00491861
12915.7 0 0.00493816
12915.9 0 0.00495771
12916 0 0.00497725
12916.2 0 0.00499678
12916.4 0 0.00501631
12916.6 0 0.00503583
12916.7 0 0.00505534
12916.9 0 0.00507485
12917 0 0.00509435
12917.2 0 0.00511385
12917.4 0 0.00513333
12917.5 0 0.00515282
12917.7 0 0.00517229
12917.8 0 0.00519176
12918 0 0.00521122
12918.1 0 0.00523068
12918.2 0 0.00525013
12918.4 0 0.00526957
12918.5 0 0.00528901
12918.7 0 0.00530844
12918.8 0 0.00532786
12918.9 0 0.00534728
12919.1 0 0.00536668
12919.3 0 0.00538607
12919.6 0 0.00540541
12920.2 0 0.00542469
12921.1 0 0.00544388
12922.2 0 0.005463
12923.4 0 0.00548208
12924.8 0 0.00550113
12926.3 0 0.00552013
12927.9 0 0.00553909
12929.8 0 0.00555797
12931.8 0 0.00557683
12933.7 0 0.00559568
12935.7 0 0.00561453
12937.6 0 0.00563336
12939.6 0 0.00565216
12941.8 0 0.00567092
12944.1 0 0.00568963
12946.6 0 0.00570828
12949.3 0 0.00572689
12951.9 0 0.00574549
12954.5 0 0.00576408
12957.1 0 0.00578267
12959.7 0 0.00580125
12962.3 0 0.00581982
12964.9 0 0.00583838
12967.5 0 0.00585693
12970.2 0 0.00587544
12973 0 0.00589391
12976 0 0.00591234
12979.1 0 0.0059307
12982.4 0 0.00594903
12985.6 0 0.00596733
12988.8 0 0.00598546
12992 0 0.00600359
12995.2 0 0.0060217
12998.4 0 0.0060398
13001.6 0 0.00605789
13004.8 0 0.00607597
13008 0 0.00609404
13011.2 0 0.0061121
13014.4 0 0.00613014
13017.6 0 0.00614817
13020.9 0 0.00616616
13024.2 0 0.0061841
13027.7 0 0.00620199
13031.3 0 0.00621979
13035 0 0.00623756
13038.8 0 0.00625531
13042.5 0 0.00627305
13046.3 0 0.00629077
13050 0 0.00630848
13053.7 0 0.00632618
13057.5 0 0.00634386
13061.2 0 0.00636153
13064.9 0 0.00637919
13068.7 0 0.00639683
13072.4 0 0.00641446
13076.1 0 0.00643208
13079.8 0 0.00644968
13083.5 0 0.00646727
13087.2 0 0.00648484
13090.9 0 0.0065024
13094.6 0 0.00651995
13098.4 0 0.00653746
13102.2 0 0.00655492
13106.1 0 0.00657233
13110 0 0.00658969
13114.2 0 0.00660695
13118.4 0 0.00662419
13122.6 0 0.00664143
13126.8 0 0.00665864
13130.9 0 0.00667584
13135.1 0 0.00669302
13139.3 0 0.00671019
13143.5 0 0.00672734
13147.6 0 0.00674447
13151.8 0 0.00676158
13155.9 0 0.00677868
13160.1 0 0.00679576
13164.3 0 0.00681283
13168.4 0 0.00682988
13172.5 0 0.00684691
13176.7 0 0.00686392
13180.8 0 0.00688091
13185 0 0.00689789
13189.1 0 0.00691485
13193.2 0 0.00693179
13197.4 0 0.00694871
13201.5 0 0.00696562
13205.6 0 0.0069825
13209.7 0 0.00699937
13213.9 0 0.00701618
13218.1 0 0.00703295
13222.4 0 0.00704966
13226.7 0 0.00706631
13231.2 0 0.00708286
13235.7 0 0.0070994
13240.2 0 0.00711591
13244.8 0 0.00713241
13249.3 0 0.00714888
13253.8 0 0.00716533
13258.3 0 0.00718176
13262.8 0 0.00719817
13267.3 0 0.00721456
13271.8 0 0.00723093
13276.3 0 0.00724727
13280.8 0 0.00726359
13285.3 0 0.00727989
13289.8 0 0.00729617
13294.3 0 0.00731243
13298.7 0 0.00732866
13303.2 0 0.00734487
13307.7 0 0.00736106
13312.2 0 0.00737722
13316.6 0 0.00739336
13321.1 0 0.00740948
13325.5 0 0.00742558
13330 0 0.00744165
13334.4 0 0.0074577
13338.9 0 0.00747372
13343.3 0 0.00748973
13347.7 0 0.0075057
13352.2 0 0.00752166
13356.6 0 0.00753759
13361 0 0.0075535
13365.5 0 0.00756938
13369.9 0 0.00758524
13374.3 0 0.00760104
13378.8 0 0.00761677
13383.3 0 0.00763246
13387.9 0 0.00764808
13392.5 0 0.00766365
13397.2 0 0.00767907
13402 0 0.00769452
13406.7 0 0.00770995
13411.5 0 0.00772535
13416.2 0 0.00774072
13420.9 0 0.00775607
13425.7 0 0.00777139
13430.4 0 0.00778669
13435.1 0 0.00780195
13439.8 0 0.00781719
13444.5 0 0.00783241
13449.3 0 0.00784759
13454 0 0.00786275
13458.7 0 0.00787788
13463.4 0 0.00789298
13468.1 0 0.00790806
13472.8 0 0.00792311
13477.4 0 0.00793813
13482.1 0 0.00795312
13486.8 0 0.00796809
13491.5 0 0.00798303
13496.2 0 0.00799794
13500.8 0 0.00801282
13505.5 0 0.00802768
13510.1 0 0.00804251
13514.8 0 0.00805731
13519.5 0 0.00807208
13524.1 0 0.00808682
13528.8 0 0.00810154
13533.4 0 0.00811623
13538 0 0.00813089
13542.7 0 0.00814552
13547.3 0 0.00816012
13551.9 0 0.0081747
13556.6 0 0.00818924
13561.2 0 0.00820376
13565.8 0 0.00821825
13570.4 0 0.00823272
13575 0 0.00824715
13579.6 0 0.00826156
13584.2 0 0.00827594
13588.8 0 0.00829029
13593.4 0 0.0083046
13598 0 0.00831882
13602.7 0 0.00833298
13607.4 0 0.00834707
13612.1 0 0.00836111
13616.8 0 0.00837508
13621.6 0 0.00838888
13410.3 0 0.00826908
13470.1 0 0.00824184
13494.5 0 0.00822941
