0 -58.4752 -2.26119e-06
634.56 0 4.73535e-06
1173.57 0 1.64412e-05
1709.92 0 2.80914e-05
2243.81 0 3.95858e-05
2775.24 0 5.08566e-05
3304.22 0 6.18981e-05
3830.74 0 7.27039e-05
4354.77 0 8.32709e-05
4876.15 0 9.36004e-05
5394.56 0 0.000103701
5909.16 0 0.000113597
6418.2 0 0.000123345
6918.36 0 0.000133055
7403.99 0 0.000142924
7866.83 0 0.000153241
8297.18 0 0.000164368
8686.59 0 0.000176643
9030.8 0 0.000190278
9330.49 0 0.00020542
9590.04 0 0.000221964
9815.21 0 0.000239888
10011.7 0 0.000259087
10184.8 0 0.000279228
10338.5 0 0.000300137
10475.8 0 0.000321523
10599.4 0 0.000343439
10711.4 0 0.000365903
10812.7 0 0.000389623
10905.5 0 0.000413768
10991.1 0 0.000438291
11070.4 0 0.00046315
11143.9 0 0.00048838
11212.1 0 0.000514105
11276 0 0.000540085
11335.9 0 0.000566297
11392.3 0 0.000592721
11445.5 0 0.000619337
11495.9 0 0.00064613
11543.8 0 0.000673083
11589.3 0 0.000700182
11632.4 0 0.000727583
11673.3 0 0.000755345
11712.4 0 0.000783231
11749.8 0 0.000811229
11785.6 0 0.00083933
11820.1 0 0.000867522
11853.2 0 0.000895797
11885.1 0 0.000924147
11915.6 0 0.00095304
11945 0 0.000982319
11972.9 0 0.00101181
11999.8 0 0.00104138
12025.7 0 0.00107101
12050.7 0 0.0011008
12074.7 0 0.00113119
12097.7 0 0.00116158
12119.8 0 0.00119191
12141.1 0 0.00122227
12161.8 0 0.00125265
12181.9 0 0.00128305
12201.4 0 0.00131347
12220.3 0 0.0013439
12238.6 0 0.00137434
12256.3 0 0.00140479
12273.3 0 0.0014354
12289.7 0 0.0014661
12305.5 0 0.0014968
12320.9 0 0.0015275
12335.7 0 0.00155808
12349.8 0 0.00158832
12363.5 0 0.00161854
12376.5 0 0.00164984
12388.8 0 0.00168197
12400.7 0 0.00171409
12412.4 0 0.0017462
12423.7 0 0.0017783
12434.7 0 0.00181037
12445.5 0 0.00184243
12455.9 0 0.00187447
12466.1 0 0.0019065
12476 0 0.00193851
12485.7 0 0.00197051
12495.1 0 0.00200249
12504.3 0 0.00203447
12513.2 0 0.00206644
12521.8 0 0.00209841
12530.3 0 0.00213037
12538.4 0 0.00216233
12546.4 0 0.00219428
12554.2 0 0.00222623
12561.7 0 0.00225817
12569 0 0.00229011
12576.2 0 0.00232204
12583.1 0 0.00235396
12589.9 0 0.00238587
12596.5 0 0.00241776
12603 0 0.00244963
12609.3 0 0.00248149
12615.5 0 0.00251332
12621.6 0 0.00254514
12627.5 0 0.00257693
12633.3 0 0.00260889
12638.9 0 0.00264131
12644.3 0 0.00267442
12649.5 0 0.00270785
12654.6 0 0.00274119
12659.6 0 0.00277431
12664.4 0 0.0028074
12669.2 0 0.00284049
12673.9 0 0.00287356
12678.6 0 0.00290662
12683.1 0 0.00293967
12687.6 0 0.00297272
12692 0 0.00300575
12696.3 0 0.00303879
12700.6 0 0.00307182
12704.8 0 0.00310486
12708.9 0 0.0031379
12713 0 0.00317094
12717 0 0.00320399
12720.9 0 0.00323706
12724.7 0 0.00327013
12728.5 0 0.00330322
12732.1 0 0.00333615
12735.7 0 0.0033689
12739.2 0 0.00340166
12742.7 0 0.00343442
12746 0 0.00346719
12749.3 0 0.00349997
12752.5 0 0.0035327
12755.5 0 0.00356529
12758.3 0 0.00359786
12761.2 0 0.00363043
12763.9 0 0.003663
12766.6 0 0.00369556
12769.2 0 0.00372811
12771.7 0 0.00376098
12774.1 0 0.00379426
12776.4 0 0.00382754
12778.6 0 0.00386081
12780.8 0 0.00389407
12783 0 0.00392731
12785.1 0 0.00396055
12787.2 0 0.00399377
12789.2 0 0.00402698
12791.2 0 0.00406018
12793.2 0 0.00409336
12795.1 0 0.00412652
12797 0 0.00415966
12798.8 0 0.00419279
12800.6 0 0.0042259
12802.4 0 0.00425899
12804.2 0 0.00429207
12805.9 0 0.00432512
12807.7 0 0.00435816
12809.4 0 0.00439118
12811 0 0.00442418
12812.7 0 0.00445716
12814.3 0 0.00449012
12815.9 0 0.00452307
12817.5 0 0.00455599
12819.1 0 0.0045889
12820.7 0 0.00462179
12822.2 0 0.00465466
12823.7 0 0.00468752
12825.2 0 0.00472036
12826.7 0 0.00475317
12828.2 0 0.00478598
12829.7 0 0.00481876
12831.1 0 0.00485153
12832.6 0 0.00488429
12834 0 0.00491702
12835.4 0 0.00494975
12836.8 0 0.00498245
12838.2 0 0.00501514
12839.5 0 0.00504782
12840.9 0 0.00508049
12842.2 0 0.00511314
12843.6 0 0.00514577
12844.9 0 0.0051784
12846.2 0 0.00521101
12847.5 0 0.00524361
12848.7 0 0.0052762
12850 0 0.00530877
12851.3 0 0.00534134
12852.5 0 0.0053739
12853.7 0 0.00540644
12855 0 0.00543898
12856.2 0 0.00547151
12857.4 0 0.00550404
12858.5 0 0.00553655
12859.7 0 0.00556905
12860.9 0 0.00560152
12862 0 0.00563397
12863.1 0 0.00566642
12864.3 0 0.00569887
12865.4 0 0.00573131
12866.4 0 0.00576375
12867.5 0 0.00579618
12868.6 0 0.00582861
12869.6 0 0.00586104
12870.7 0 0.00589347
12871.7 0 0.00592589
12872.7 0 0.00595831
12873.7 0 0.00599074
12874.7 0 0.00602316
12875.7 0 0.00605559
12876.6 0 0.00608801
12877.5 0 0.00612044
12878.5 0 0.00615287
12879.4 0 0.0061853
12880.3 0 0.00621773
12881.2 0 0.00625017
12882 0 0.00628261
12882.9 0 0.00631505
12883.7 0 0.00634749
12884.6 0 0.00637994
12885.4 0 0.00641239
12886.2 0 0.00644484
12886.9 0 0.0064773
12887.7 0 0.00650976
12888.5 0 0.00654222
12889.2 0 0.00657468
12889.9 0 0.00660715
12890.6 0 0.00663962
12891.3 0 0.00667209
12892 0 0.00670456
12892.7 0 0.00673703
12893.3 0 0.00676951
12894 0 0.00680198
12894.6 0 0.00683446
12895.2 0 0.00686693
12895.8 0 0.00689941
12896.4 0 0.00693188
12897 0 0.00696436
12897.6 0 0.00699683
12898.1 0 0.0070293
12898.7 0 0.00706177
12899.2 0 0.00709424
12899.8 0 0.00712671
12900.3 0 0.00715923
12900.7 0 0.00719249
12901.2 0 0.00722576
12901.6 0 0.00725903
12902 0 0.0072923
12902.5 0 0.00732557
12902.9 0 0.00735884
12903.3 0 0.00739212
12903.7 0 0.00742539
12904.1 0 0.00745866
12904.5 0 0.00749193
12904.8 0 0.00752521
12905.2 0 0.00755848
12905.5 0 0.00759174
12905.9 0 0.00762501
12906.2 0 0.00765828
12906.6 0 0.00769154
12906.9 0 0.0077248
12907.2 0 0.00775805
12907.5 0 0.00779131
12907.9 0 0.00782456
12908.2 0 0.0078578
12908.5 0 0.00789104
12908.8 0 0.00792428
12909 0 0.00795751
12909.3 0 0.00799074
12909.6 0 0.00802397
12909.9 0 0.00805719
12910.2 0 0.0080904
12910.4 0 0.00812361
12910.7 0 0.00815682
12910.9 0 0.00819002
12911.2 0 0.00822322
12911.4 0 0.00825641
12911.7 0 0.00828959
12911.9 0 0.00832277
12912.2 0 0.00835594
12912.4 0 0.00838911
12912.6 0 0.00842227
12912.9 0 0.00845543
12913.1 0 0.00848858
12913.3 0 0.00852172
12913.5 0 0.00855486
12913.7 0 0.00858799
12913.9 0 0.00862112
12914.1 0 0.00865424
12914.3 0 0.00868735
12914.5 0 0.00872046
12914.7 0 0.00875356
12914.9 0 0.00878666
12915.1 0 0.00881975
12915.3 0 0.00885283
12915.5 0 0.00888591
12915.7 0 0.00891898
12915.9 0 0.00895204
12916 0 0.0089851
12916.2 0 0.00901815
12916.4 0 0.00905119
12916.6 0 0.00908423
12916.7 0 0.00911727
12916.9 0 0.00915029
12917 0 0.00918331
12917.2 0 0.00921633
12917.4 0 0.00924933
12917.5 0 0.00928233
12917.7 0 0.00931533
12917.8 0 0.00934832
12918 0 0.0093813
12918.1 0 0.00941427
12918.2 0 0.00944724
12918.4 0 0.0094802
12918.5 0 0.00951316
12918.7 0 0.00954611
12918.8 0 0.00957905
12918.9 0 0.00961199
12919.1 0 0.00964492
12919.3 0 0.00967783
12919.6 0 0.00971069
12920.2 0 0.00974349
12921.1 0 0.00977621
12922.2 0 0.00980887
12923.4 0 0.00984148
12924.8 0 0.00987406
12926.3 0 0.00990659
12927.9 0 0.00993909
12929.8 0 0.0099715
12931.8 0 0.0100039
12933.7 0 0.0100363
12935.7 0 0.0100687
12937.6 0 0.010101
12939.6 0 0.0101334
12941.8 0 0.0101657
12944.1 0 0.0101979
12946.6 0 0.0102301
12949.3 0 0.0102623
12951.9 0 0.0102944
12954.5 0 0.0103266
12957.1 0 0.0103587
12959.7 0 0.0103908
12962.3 0 0.0104229
12964.9 0 0.0104551
12967.5 0 0.0104872
12970.2 0 0.0105192
12973 0 0.0105512
12976 0 0.0105832
12979.1 0 0.0106151
12982.4 0 0.010647
12985.6 0 0.0106789
12988.8 0 0.0107105
12992 0 0.0107422
12995.2 0 0.0107739
12998.4 0 0.0108055
13001.6 0 0.0108371
13004.8 0 0.0108687
13008 0 0.0109004
13011.2 0 0.010932
13014.4 0 0.0109635
13017.6 0 0.0109951
13020.9 0 0.0110266
13024.2 0 0.0110581
13027.7 0 0.0110896
13031.3 0 0.0111209
13035 0 0.0111522
13038.8 0 0.0111835
13042.5 0 0.0112148
13046.3 0 0.0112461
13050 0 0.0112773
13053.7 0 0.0113086
13057.5 0 0.0113398
13061.2 0 0.011371
13064.9 0 0.0114022
13068.7 0 0.0114334
13072.4 0 0.0114646
13076.1 0 0.0114958
13079.8 0 0.0115269
13083.5 0 0.0115581
13087.2 0 0.0115892
13090.9 0 0.0116203
13094.6 0 0.0116514
13098.4 0 0.0116824
13102.2 0 0.0117135
13106.1 0 0.0117444
13110 0 0.0117753
13114.2 0 0.0118061
13118.4 0 0.011837
13122.6 0 0.0118677
13126.8 0 0.0118985
13130.9 0 0.0119293
13135.1 0 0.01196
13139.3 0 0.0119907
13143.5 0 0.0120214
13147.6 0 0.0120521
13151.8 0 0.0120828
13155.9 0 0.0121135
13160.1 0 0.0121441
13164.3 0 0.0121747
13168.4 0 0.0122053
13172.5 0 0.0122359
13176.7 0 0.0122665
13180.8 0 0.0122971
13185 0 0.0123276
13189.1 0 0.0123581
13193.2 0 0.0123886
13197.4 0 0.0124191
13201.5 0 0.0124496
13205.6 0 0.0124801
13209.7 0 0.0125105
13213.9 0 0.0125409
13218.1 0 0.0125712
13222.4 0 0.0126015
13226.7 0 0.0126317
13231.2 0 0.0126618
13235.7 0 0.0126919
13240.2 0 0.012722
13244.8 0 0.0127521
13249.3 0 0.0127821
13253.8 0 0.0128122
13258.3 0 0.0128422
13262.8 0 0.0128722
13267.3 0 0.0129021
13271.8 0 0.0129321
13276.3 0 0.012962
13280.8 0 0.0129919
13285.3 0 0.0130218
13289.8 0 0.0130516
13294.3 0 0.0130815
13298.7 0 0.0131113
13303.2 0 0.0131411
13307.7 0 0.0131708
13312.2 0 0.0132006
13316.6 0 0.0132303
13321.1 0 0.01326
13325.5 0 0.0132897
13330 0 0.0133194
13334.4 0 0.013349
13338.9 0 0.0133786
13343.3 0 0.0134082
13347.7 0 0.0134378
13352.2 0 0.0134673
13356.6 0 0.0134968
13361 0 0.0135263
13365.5 0 0.0135558
13369.9 0 0.0135853
13374.3 0 0.0136146
13378.8 0 0.013644
13383.3 0 0.0136732
13387.9 0 0.0137025
13392.5 0 0.0137316
13397.2 0 0.0137606
13402 0 0.0137897
13406.7 0 0.0138187
13411.5 0 0.0138477
13416.2 0 0.0138767
13420.9 0 0.0139056
13425.7 0 0.0139346
13430.4 0 0.0139635
13435.1 0 0.0139923
13439.8 0 0.0140212
13444.5 0 0.01405
13449.3 0 0.0140788
13454 0 0.0141075
13458.7 0 0.0141363
13463.4 0 0.014165
13468.1 0 0.0141937
13472.8 0 0.0142223
13477.4 0 0.014251
13482.1 0 0.0142796
13486.8 0 0.0143081
13491.5 0 0.0143367
13496.2 0 0.0143652
13500.8 0 0.0143937
13505.5 0 0.0144222
13510.1 0 0.0144506
13514.8 0 0.014479
13519.5 0 0.0145074
13524.1 0 0.0145357
13528.8 0 0.0145641
13533.4 0 0.0145924
13538 0 0.0146207
13542.7 0 0.0146489
13547.3 0 0.0146771
13551.9 0 0.0147053
13556.6 0 0.0147335
13561.2 0 0.0147616
13565.8 0 0.0147897
13570.4 0 0.0148178
13575 0 0.0148458
13579.6 0 0.0148739
13584.2 0 0.0149019
13588.8 0 0.0149298
13593.4 0 0.0149578
13598 0 0.0149856
13602.7 0 0.0150134
13607.4 0 0.0150411
13612.1 0 0.0150687
13616.8 0 0.0150963
13621.6 0 0.0151237
13410.3 0 0.0150177
13470.1 0 0.0150041
13494.5 0 0.0150054
