0 -58.4752 -2.26119e-06
634.56 0 0.00010751
1173.57 0 0.000221876
1709.92 0 0.000336203
2243.81 0 0.000450366
2775.24 0 0.000564317
3304.22 0 0.000678049
3830.74 0 0.000791548
4354.77 0 0.000904808
4876.15 0 0.00101783
5394.56 0 0.00113062
5909.16 0 0.00124321
6418.2 0 0.00135564
6918.36 0 0.00146804
7403.99 0 0.0015806
7866.83 0 0.00169361
8297.18 0 0.00180742
8686.59 0 0.0019224
9030.8 0 0.00203873
9330.49 0 0.00215654
9590.04 0 0.00227572
9815.21 0 0.00239615
10011.7 0 0.0025177
10184.8 0 0.00264015
10338.5 0 0.00276338
10475.8 0 0.00288755
10599.4 0 0.00301246
10711.4 0 0.00313808
10812.7 0 0.00326465
10905.5 0 0.00339167
10991.1 0 0.00351908
11070.4 0 0.00364685
11143.9 0 0.003775
11212.1 0 0.00390368
11276 0 0.00403262
11335.9 0 0.00416181
11392.3 0 0.00429122
11445.5 0 0.00442084
11495.9 0 0.00455064
11543.8 0 0.00468061
11589.3 0 0.00481073
11632.4 0 0.00494112
11673.3 0 0.00507181
11712.4 0 0.00520263
11749.8 0 0.00533357
11785.6 0 0.00546461
11820.1 0 0.00559575
11853.2 0 0.00572697
11885.1 0 0.00585827
11915.6 0 0.00598974
11945 0 0.00612134
11972.9 0 0.00625336
11999.8 0 0.00638547
12025.7 0 0.00651763
12050.7 0 0.00664987
12074.7 0 0.00678233
12097.7 0 0.00691494
12119.8 0 0.00704784
12141.1 0 0.00718077
12161.8 0 0.00731372
12181.9 0 0.00744668
12201.4 0 0.00757966
12220.3 0 0.00771264
12238.6 0 0.00784564
12256.3 0 0.00797864
12273.3 0 0.00811185
12289.7 0 0.00824518
12305.5 0 0.0083785
12320.9 0 0.00851183
12335.7 0 0.00864527
12349.8 0 0.00877905
12363.5 0 0.00891282
12376.5 0 0.00904684
12388.8 0 0.00918117
12400.7 0 0.00931549
12412.4 0 0.00944979
12423.7 0 0.00958407
12434.7 0 0.00971832
12445.5 0 0.00985255
12455.9 0 0.00998676
12466.1 0 0.0101209
12476 0 0.0102551
12485.7 0 0.0103892
12495.1 0 0.0105234
12504.3 0 0.0106575
12513.2 0 0.0107916
12521.8 0 0.0109257
12530.3 0 0.0110597
12538.4 0 0.0111938
12546.4 0 0.0113278
12554.2 0 0.0114619
12561.7 0 0.0115959
12569 0 0.0117299
12576.2 0 0.0118639
12583.1 0 0.0119979
12589.9 0 0.0121318
12596.5 0 0.0122658
12603 0 0.0123997
12609.3 0 0.0125336
12615.5 0 0.0126675
12621.6 0 0.0128013
12627.5 0 0.0129352
12633.3 0 0.0130691
12638.9 0 0.0132031
12644.3 0 0.0133373
12649.5 0 0.0134715
12654.6 0 0.0136058
12659.6 0 0.0137404
12664.4 0 0.0138749
12669.2 0 0.0140094
12673.9 0 0.0141438
12678.6 0 0.0142783
12683.1 0 0.0144127
12687.6 0 0.0145471
12692 0 0.0146815
12696.3 0 0.0148159
12700.6 0 0.0149502
12704.8 0 0.0150845
12708.9 0 0.0152188
12713 0 0.0153531
12717 0 0.0154874
12720.9 0 0.0156217
12724.7 0 0.015756
12728.5 0 0.0158902
12732.1 0 0.0160246
12735.7 0 0.0161591
12739.2 0 0.0162936
12742.7 0 0.0164281
12746 0 0.0165626
12749.3 0 0.0166971
12752.5 0 0.0168317
12755.5 0 0.016967
12758.3 0 0.0171025
12761.2 0 0.0172379
12763.9 0 0.0173733
12766.6 0 0.0175088
12769.2 0 0.0176443
12771.7 0 0.01778
12774.1 0 0.017916
12776.4 0 0.0180521
12778.6 0 0.0181881
12780.8 0 0.0183242
12783 0 0.0184603
12785.1 0 0.0185963
12787.2 0 0.0187324
12789.2 0 0.0188685
12791.2 0 0.0190046
12793.2 0 0.0191407
12795.1 0 0.0192767
12797 0 0.0194128
12798.8 0 0.0195489
12800.6 0 0.019685
12802.4 0 0.019821
12804.2 0 0.0199571
12805.9 0 0.0200931
12807.7 0 0.0202291
12809.4 0 0.0203652
12811 0 0.0205012
12812.7 0 0.0206372
12814.3 0 0.0207731
12815.9 0 0.0209091
12817.5 0 0.021045
12819.1 0 0.021181
12820.7 0 0.0213169
12822.2 0 0.0214528
12823.7 0 0.0215887
12825.2 0 0.0217245
12826.7 0 0.0218604
12828.2 0 0.0219962
12829.7 0 0.022132
12831.1 0 0.0222678
12832.6 0 0.0224036
12834 0 0.0225393
12835.4 0 0.0226751
12836.8 0 0.0228108
12838.2 0 0.0229465
12839.5 0 0.0230822
12840.9 0 0.0232179
12842.2 0 0.0233535
12843.6 0 0.0234892
12844.9 0 0.0236248
12846.2 0 0.0237604
12847.5 0 0.023896
12848.7 0 0.0240316
12850 0 0.0241671
12851.3 0 0.0243027
12852.5 0 0.0244382
12853.7 0 0.0245737
12855 0 0.0247093
12856.2 0 0.0248447
12857.4 0 0.0249802
12858.5 0 0.0251157
12859.7 0 0.0252512
12860.9 0 0.0253866
12862 0 0.0255221
12863.1 0 0.0256575
12864.3 0 0.0257929
12865.4 0 0.0259283
12866.4 0 0.0260637
12867.5 0 0.0261991
12868.6 0 0.0263345
12869.6 0 0.0264699
12870.7 0 0.0266053
12871.7 0 0.0267407
12872.7 0 0.0268761
12873.7 0 0.0270115
12874.7 0 0.0271469
12875.7 0 0.0272823
12876.6 0 0.0274176
12877.5 0 0.027553
12878.5 0 0.0276884
12879.4 0 0.0278238
12880.3 0 0.0279592
12881.2 0 0.0280946
12882 0 0.02823
12882.9 0 0.0283654
12883.7 0 0.0285008
12884.6 0 0.0286362
12885.4 0 0.0287717
12886.2 0 0.0289071
12886.9 0 0.0290425
12887.7 0 0.029178
12888.5 0 0.0293134
12889.2 0 0.0294489
12889.9 0 0.0295844
12890.6 0 0.0297199
12891.3 0 0.0298554
12892 0 0.0299909
12892.7 0 0.0301264
12893.3 0 0.0302619
12894 0 0.0303974
12894.6 0 0.030533
12895.2 0 0.0306685
12895.8 0 0.0308041
12896.4 0 0.0309396
12897 0 0.0310752
12897.6 0 0.0312108
12898.1 0 0.0313463
12898.7 0 0.0314819
12899.2 0 0.0316175
12899.8 0 0.0317531
12900.3 0 0.0318888
12900.7 0 0.0320248
12901.2 0 0.0321609
12901.6 0 0.0322969
12902 0 0.032433
12902.5 0 0.032569
12902.9 0 0.0327051
12903.3 0 0.0328412
12903.7 0 0.0329773
12904.1 0 0.0331134
12904.5 0 0.0332494
12904.8 0 0.0333855
12905.2 0 0.0335216
12905.5 0 0.0336577
12905.9 0 0.0337938
12906.2 0 0.0339299
12906.6 0 0.034066
12906.9 0 0.0342021
12907.2 0 0.0343382
12907.5 0 0.0344743
12907.9 0 0.0346104
12908.2 0 0.0347465
12908.5 0 0.0348826
12908.8 0 0.0350187
12909 0 0.0351548
12909.3 0 0.0352909
12909.6 0 0.035427
12909.9 0 0.035563
12910.2 0 0.0356991
12910.4 0 0.0358352
12910.7 0 0.0359712
12910.9 0 0.0361073
12911.2 0 0.0362434
12911.4 0 0.0363794
12911.7 0 0.0365155
12911.9 0 0.0366515
12912.2 0 0.0367875
12912.4 0 0.0369236
12912.6 0 0.0370596
12912.9 0 0.0371956
12913.1 0 0.0373316
12913.3 0 0.0374676
12913.5 0 0.0376036
12913.7 0 0.0377396
12913.9 0 0.0378756
12914.1 0 0.0380116
12914.3 0 0.0381475
12914.5 0 0.0382835
12914.7 0 0.0384195
12914.9 0 0.0385554
12915.1 0 0.0386914
12915.3 0 0.0388273
12915.5 0 0.0389632
12915.7 0 0.0390991
12915.9 0 0.0392351
12916 0 0.039371
12916.2 0 0.0395069
12916.4 0 0.0396428
12916.6 0 0.0397787
12916.7 0 0.0399145
12916.9 0 0.0400504
12917 0 0.0401863
12917.2 0 0.0403221
12917.4 0 0.040458
12917.5 0 0.0405938
12917.7 0 0.0407296
12917.8 0 0.0408655
12918 0 0.0410013
12918.1 0 0.0411371
12918.2 0 0.0412729
12918.4 0 0.0414087
12918.5 0 0.0415445
12918.7 0 0.0416803
12918.8 0 0.041816
12918.9 0 0.0419518
12919.1 0 0.0420875
12919.3 0 0.0422233
12919.6 0 0.0423589
12920.2 0 0.0424945
12921.1 0 0.04263
12922.2 0 0.0427654
12923.4 0 0.0429008
12924.8 0 0.0430361
12926.3 0 0.0431713
12927.9 0 0.0433065
12929.8 0 0.0434416
12931.8 0 0.0435767
12933.7 0 0.0437118
12935.7 0 0.0438468
12937.6 0 0.0439819
12939.6 0 0.0441169
12941.8 0 0.0442518
12944.1 0 0.0443867
12946.6 0 0.0445215
12949.3 0 0.0446563
12951.9 0 0.044791
12954.5 0 0.0449258
12957.1 0 0.0450605
12959.7 0 0.0451952
12962.3 0 0.0453299
12964.9 0 0.0454646
12967.5 0 0.0455993
12970.2 0 0.0457339
12973 0 0.0458685
12976 0 0.0460031
12979.1 0 0.0461375
12982.4 0 0.0462719
12985.6 0 0.0464063
12988.8 0 0.0465406
12992 0 0.0466749
12995.2 0 0.0468092
12998.4 0 0.0469435
13001.6 0 0.0470778
13004.8 0 0.0472121
13008 0 0.0473463
13011.2 0 0.0474806
13014.4 0 0.0476148
13017.6 0 0.047749
13020.9 0 0.0478832
13024.2 0 0.0480173
13027.7 0 0.0481514
13031.3 0 0.0482854
13035 0 0.0484193
13038.8 0 0.0485532
13042.5 0 0.048687
13046.3 0 0.0488209
13050 0 0.0489548
13053.7 0 0.0490886
13057.5 0 0.0492224
13061.2 0 0.0493562
13064.9 0 0.04949
13068.7 0 0.0496238
13072.4 0 0.0497575
13076.1 0 0.0498913
13079.8 0 0.050025
13083.5 0 0.0501587
13087.2 0 0.0502924
13090.9 0 0.050426
13094.6 0 0.0505597
13098.4 0 0.0506933
13102.2 0 0.0508269
13106.1 0 0.0509604
13110 0 0.0510938
13114.2 0 0.0512272
13118.4 0 0.0513605
13122.6 0 0.0514938
13126.8 0 0.0516271
13130.9 0 0.0517603
13135.1 0 0.0518935
13139.3 0 0.0520268
13143.5 0 0.05216
13147.6 0 0.0522931
13151.8 0 0.0524263
13155.9 0 0.0525594
13160.1 0 0.0526925
13164.3 0 0.0528256
13168.4 0 0.0529587
13172.5 0 0.0530917
13176.7 0 0.0532248
13180.8 0 0.0533578
13185 0 0.0534908
13189.1 0 0.0536237
13193.2 0 0.0537567
13197.4 0 0.0538896
13201.5 0 0.0540225
13205.6 0 0.0541554
13209.7 0 0.0542882
13213.9 0 0.054421
13218.1 0 0.0545538
13222.4 0 0.0546864
13226.7 0 0.0548191
13231.2 0 0.0549516
13235.7 0 0.0550841
13240.2 0 0.0552165
13244.8 0 0.0553489
13249.3 0 0.0554813
13253.8 0 0.0556137
13258.3 0 0.055746
13262.8 0 0.0558784
13267.3 0 0.0560106
13271.8 0 0.0561429
13276.3 0 0.0562751
13280.8 0 0.0564074
13285.3 0 0.0565395
13289.8 0 0.0566717
13294.3 0 0.0568038
13298.7 0 0.0569359
13303.2 0 0.057068
13307.7 0 0.0572
13312.2 0 0.057332
13316.6 0 0.057464
13321.1 0 0.057596
13325.5 0 0.0577279
13330 0 0.0578598
13334.4 0 0.0579917
13338.9 0 0.0581236
13343.3 0 0.0582554
13347.7 0 0.0583872
13352.2 0 0.0585189
13356.6 0 0.0586507
13361 0 0.0587824
13365.5 0 0.0589141
13369.9 0 0.0590457
13374.3 0 0.0591773
13378.8 0 0.0593089
13383.3 0 0.0594404
13387.9 0 0.0595718
13392.5 0 0.0597032
13397.2 0 0.0598344
13402 0 0.0599656
13406.7 0 0.0600967
13411.5 0 0.0602279
13416.2 0 0.060359
13420.9 0 0.06049
13425.7 0 0.0606211
13430.4 0 0.0607521
13435.1 0 0.060883
13439.8 0 0.061014
13444.5 0 0.0611449
13449.3 0 0.0612758
13454 0 0.0614066
13458.7 0 0.0615374
13463.4 0 0.0616682
13468.1 0 0.0617989
13472.8 0 0.0619297
13477.4 0 0.0620604
13482.1 0 0.062191
13486.8 0 0.0623216
13491.5 0 0.0624522
13496.2 0 0.0625828
13500.8 0 0.0627133
13505.5 0 0.0628438
13510.1 0 0.0629743
13514.8 0 0.0631047
13519.5 0 0.0632351
13524.1 0 0.0633655
13528.8 0 0.0634959
13533.4 0 0.0636262
13538 0 0.0637565
13542.7 0 0.0638867
13547.3 0 0.0640169
13551.9 0 0.0641471
13556.6 0 0.0642773
13561.2 0 0.0644074
13565.8 0 0.0645375
13570.4 0 0.0646676
13575 0 0.0647976
13579.6 0 0.0649276
13584.2 0 0.0650576
13588.8 0 0.0651875
13593.4 0 0.0653174
13598 0 0.0654473
13602.7 0 0.0655771
13607.4 0 0.0657068
13612.1 0 0.0658365
13616.8 0 0.0659661
13621.6 0 0.0660957
13410.3 0 0.06609
13470.1 0 0.0661777
13494.5 0 0.0662802
