0 -58.4752 -2.26119e-06
634.56 -768.815 -2.97731e-05
1173.57 -1359.39 -5.27508e-05
1709.92 -1947.32 -7.57574e-05
2243.81 -2535.46 -9.89321e-05
2775.24 -3124.16 -0.000122315
3304.22 -3712.93 -0.000145909
3830.74 -4301.66 -0.000169735
4354.77 -4890.02 -0.000193802
4876.15 -5477.45 -0.000218107
5394.56 -6063.22 -0.000242644
5909.16 -6646.28 -0.000267386
6418.2 -7224.89 -0.000292277
6918.36 -7796.13 -0.000317207
7403.99 -8355.25 -0.000341972
7866.83 -8896.12 -0.000366295
8297.18 -9411.02 -0.000389804
8686.59 -9893.26 -0.000412155
9030.8 -10339.5 -0.000433142
9330.49 -10749.2 -0.000452677
9590.04 -11125.5 -0.000470855
9815.21 -11472.7 -0.000487838
10011.7 -11795 -0.000503791
10184.8 -12096.3 -0.000518876
10338.5 -12378.6 -0.000533164
10475.8 -12634.8 -0.000546264
10599.4 -12872.5 -0.000558534
10711.4 -13092.6 -0.000569999
10812.7 -13295.7 -0.000580667
10905.5 -13488.6 -0.000590882
10991.1 -13672.4 -0.000600692
11070.4 -13848.1 -0.00061014
11143.9 -14015.1 -0.000619188
11212.1 -14171.3 -0.000627708
11276 -14321.4 -0.00063595
11335.9 -14466 -0.000643937
11392.3 -14605.5 -0.000651696
11445.5 -14740.4 -0.000659248
11495.9 -14871.2 -0.00066661
11543.8 -14998.1 -0.000673799
11589.3 -15121.5 -0.000680829
11632.4 -15240 -0.000687614
11673.3 -15353 -0.000694124
11712.4 -15463.2 -0.000700504
11749.8 -15570.7 -0.000706767
11785.6 -15675.9 -0.000712923
11820.1 -15779 -0.000718982
11853.2 -15880 -0.000724954
11885.1 -15979.1 -0.000730844
11915.6 -16078.2 -0.000736759
11945 -16176.8 -0.000742674
11972.9 -16266.3 -0.000748068
11999.8 -16353.8 -0.000753368
12025.7 -16440.1 -0.000758617
12050.7 -16525.3 -0.000763825
12074.7 -16609.8 -0.00076901
12097.7 -16690.3 -0.000773973
12119.8 -16762.8 -0.000778462
12141.1 -16834.6 -0.000782926
12161.8 -16905.9 -0.00078737
12181.9 -16976.6 -0.0007918
12201.4 -17046.9 -0.000796218
12220.3 -17116.8 -0.000800628
12238.6 -17186.3 -0.000805033
12256.3 -17255.6 -0.000809435
12273.3 -17320.8 -0.000813596
12289.7 -17383.7 -0.000817627
12305.5 -17446.4 -0.00082166
12320.9 -17509 -0.000825698
12335.7 -17567.7 -0.000829497
12349.8 -17615.6 -0.000832603
12363.5 -17663.4 -0.000835717
12376.5 -17713.7 -0.000839005
12388.8 -17763.3 -0.00084225
12400.7 -17813 -0.000845515
12412.4 -17863 -0.000848803
12423.7 -17913.1 -0.000852117
12434.7 -17963.5 -0.000855456
12445.5 -18014.2 -0.000858822
12455.9 -18065.1 -0.000862215
12466.1 -18116.2 -0.000865633
12476 -18167.6 -0.000869076
12485.7 -18219.1 -0.000872543
12495.1 -18270.8 -0.000876031
12504.3 -18322.7 -0.00087954
12513.2 -18374.6 -0.000883069
12521.8 -18426.7 -0.000886615
12530.3 -18478.8 -0.000890177
12538.4 -18531 -0.000893756
12546.4 -18583.3 -0.00089735
12554.2 -18635.6 -0.000900959
12561.7 -18688 -0.000904584
12569 -18740.4 -0.000908224
12576.2 -18792.8 -0.000911881
12583.1 -18845.4 -0.000915556
12589.9 -18898 -0.000919248
12596.5 -18950.8 -0.000922961
12603 -19003.6 -0.000926694
12609.3 -19056.6 -0.000930449
12615.5 -19109.7 -0.000934226
12621.6 -19163 -0.000938029
12627.5 -19216.4 -0.000941856
12633.3 -19270 -0.000945708
12638.9 -19323.8 -0.000949582
12644.3 -19378.7 -0.000953556
12649.5 -19434.2 -0.00095759
12654.6 -19487.9 -0.000961505
12659.6 -19535 -0.000964953
12664.4 -19582.4 -0.000968429
12669.2 -19629.9 -0.000971933
12673.9 -19677.7 -0.000975466
12678.6 -19725.8 -0.000979025
12683.1 -19774 -0.000982613
12687.6 -19822.4 -0.000986228
12692 -19871.1 -0.00098987
12696.3 -19919.9 -0.000993539
12700.6 -19968.9 -0.000997233
12704.8 -20018.1 -0.00100095
12708.9 -20067.4 -0.0010047
12713 -20116.9 -0.00100847
12717 -20166.5 -0.00101226
12720.9 -20216.2 -0.00101607
12724.7 -20266 -0.00101991
12728.5 -20315.9 -0.00102377
12732.1 -20362.2 -0.00102736
12735.7 -20404.7 -0.00103067
12739.2 -20447.3 -0.00103399
12742.7 -20489.9 -0.00103733
12746 -20532.4 -0.00104067
12749.3 -20575 -0.00104402
12752.5 -20614.6 -0.00104715
12755.5 -20639.5 -0.00104913
12758.3 -20662.3 -0.00105094
12761.2 -20684.9 -0.00105273
12763.9 -20707.2 -0.00105451
12766.6 -20729.2 -0.00105627
12769.2 -20751 -0.00105801
12771.7 -20770.2 -0.00105955
12774.1 -20786 -0.00106081
12776.4 -20801.5 -0.00106206
12778.6 -20816.7 -0.00106328
12780.8 -20831.7 -0.00106448
12783 -20846.4 -0.00106567
12785.1 -20861 -0.00106684
12787.2 -20875.3 -0.001068
12789.2 -20889.5 -0.00106915
12791.2 -20903.6 -0.00107029
12793.2 -20917.6 -0.00107142
12795.1 -20931.4 -0.00107254
12797 -20945.3 -0.00107367
12798.8 -20959.1 -0.00107479
12800.6 -20972.9 -0.00107591
12802.4 -20986.7 -0.00107703
12804.2 -21000.5 -0.00107816
12805.9 -21014.4 -0.0010793
12807.7 -21028.4 -0.00108044
12809.4 -21042.5 -0.00108159
12811 -21056.6 -0.00108275
12812.7 -21070.9 -0.00108392
12814.3 -21085.3 -0.0010851
12815.9 -21099.9 -0.0010863
12817.5 -21114.6 -0.00108751
12819.1 -21129.5 -0.00108874
12820.7 -21144.5 -0.00108998
12822.2 -21159.8 -0.00109123
12823.7 -21175.2 -0.0010925
12825.2 -21190.8 -0.00109379
12826.7 -21206.5 -0.0010951
12828.2 -21222.5 -0.00109643
12829.7 -21238.7 -0.00109777
12831.1 -21255 -0.00109913
12832.6 -21271.6 -0.00110051
12834 -21288.4 -0.00110191
12835.4 -21305.3 -0.00110332
12836.8 -21322.5 -0.00110476
12838.2 -21339.8 -0.00110621
12839.5 -21357.4 -0.00110768
12840.9 -21375.1 -0.00110917
12842.2 -21393 -0.00111068
12843.6 -21411.1 -0.0011122
12844.9 -21429.4 -0.00111374
12846.2 -21447.9 -0.0011153
12847.5 -21466.5 -0.00111688
12848.7 -21485.3 -0.00111847
12850 -21504.3 -0.00112008
12851.3 -21523.4 -0.00112171
12852.5 -21542.7 -0.00112335
12853.7 -21562.1 -0.00112501
12855 -21581.7 -0.00112668
12856.2 -21601.4 -0.00112836
12857.4 -21621.2 -0.00113006
12858.5 -21641.1 -0.00113177
12859.7 -21661.1 -0.00113349
12860.9 -21681.2 -0.00113522
12862 -21701.3 -0.00113695
12863.1 -21721.5 -0.0011387
12864.3 -21741.8 -0.00114045
12865.4 -21762.1 -0.00114222
12866.4 -21782.5 -0.00114399
12867.5 -21803 -0.00114577
12868.6 -21823.4 -0.00114755
12869.6 -21843.9 -0.00114934
12870.7 -21864.5 -0.00115114
12871.7 -21885 -0.00115294
12872.7 -21905.5 -0.00115474
12873.7 -21926 -0.00115654
12874.7 -21946.5 -0.00115835
12875.7 -21967 -0.00116015
12876.6 -21987.4 -0.00116195
12877.5 -22007.7 -0.00116376
12878.5 -22028 -0.00116556
12879.4 -22048.2 -0.00116735
12880.3 -22068.4 -0.00116915
12881.2 -22088.4 -0.00117093
12882 -22108.4 -0.00117272
12882.9 -22128.2 -0.00117449
12883.7 -22147.9 -0.00117626
12884.6 -22167.5 -0.00117802
12885.4 -22187 -0.00117977
12886.2 -22206.3 -0.00118151
12886.9 -22225.5 -0.00118325
12887.7 -22244.5 -0.00118497
12888.5 -22263.4 -0.00118668
12889.2 -22282.2 -0.00118838
12889.9 -22300.7 -0.00119006
12890.6 -22319.1 -0.00119174
12891.3 -22337.4 -0.0011934
12892 -22355.4 -0.00119505
12892.7 -22373.3 -0.00119669
12893.3 -22391.1 -0.00119832
12894 -22408.6 -0.00119993
12894.6 -22426 -0.00120153
12895.2 -22443.3 -0.00120312
12895.8 -22460.3 -0.00120469
12896.4 -22477.2 -0.00120625
12897 -22494 -0.0012078
12897.6 -22510.6 -0.00120934
12898.1 -22527.1 -0.00121087
12898.7 -22543.4 -0.00121238
12899.2 -22559.5 -0.00121389
12899.8 -22575.6 -0.00121538
12900.3 -22591.3 -0.00121685
12900.7 -22604.6 -0.00121809
12901.2 -22617.7 -0.00121932
12901.6 -22630.7 -0.00122054
12902 -22643.7 -0.00122175
12902.5 -22656.5 -0.00122296
12902.9 -22669.2 -0.00122415
12903.3 -22681.8 -0.00122534
12903.7 -22694.3 -0.00122652
12904.1 -22706.8 -0.0012277
12904.5 -22719.2 -0.00122887
12904.8 -22731.5 -0.00123004
12905.2 -22743.8 -0.0012312
12905.5 -22756 -0.00123236
12905.9 -22768.2 -0.00123352
12906.2 -22780.3 -0.00123467
12906.6 -22792.4 -0.00123582
12906.9 -22804.5 -0.00123697
12907.2 -22816.6 -0.00123812
12907.5 -22828.6 -0.00123927
12907.9 -22840.6 -0.00124042
12908.2 -22852.7 -0.00124157
12908.5 -22864.7 -0.00124272
12908.8 -22876.7 -0.00124388
12909 -22888.7 -0.00124503
12909.3 -22900.8 -0.00124619
12909.6 -22912.8 -0.00124735
12909.9 -22924.9 -0.00124851
12910.2 -22937 -0.00124968
12910.4 -22949.1 -0.00125085
12910.7 -22961.2 -0.00125202
12910.9 -22973.4 -0.0012532
12911.2 -22985.6 -0.00125438
12911.4 -22997.8 -0.00125557
12911.7 -23010.1 -0.00125676
12911.9 -23022.4 -0.00125796
12912.2 -23034.7 -0.00125916
12912.4 -23047.1 -0.00126037
12912.6 -23059.6 -0.00126159
12912.9 -23072 -0.00126281
12913.1 -23084.6 -0.00126403
12913.3 -23097.2 -0.00126527
12913.5 -23109.8 -0.00126651
12913.7 -23122.5 -0.00126776
12913.9 -23135.2 -0.00126901
12914.1 -23148 -0.00127027
12914.3 -23160.9 -0.00127154
12914.5 -23173.8 -0.00127281
12914.7 -23186.8 -0.0012741
12914.9 -23199.8 -0.00127539
12915.1 -23212.9 -0.00127668
12915.3 -23226 -0.00127799
12915.5 -23239.2 -0.0012793
12915.7 -23252.5 -0.00128062
12915.9 -23265.8 -0.00128195
12916 -23279.2 -0.00128329
12916.2 -23292.7 -0.00128463
12916.4 -23306.2 -0.00128598
12916.6 -23319.7 -0.00128734
12916.7 -23333.4 -0.00128871
12916.9 -23347.1 -0.00129009
12917 -23360.8 -0.00129147
12917.2 -23374.6 -0.00129286
12917.4 -23388.5 -0.00129427
12917.5 -23402.5 -0.00129568
12917.7 -23416.5 -0.00129709
12917.8 -23430.5 -0.00129852
12918 -23444.7 -0.00129995
12918.1 -23458.9 -0.0013014
12918.2 -23473.1 -0.00130285
12918.4 -23487.4 -0.00130431
12918.5 -23501.8 -0.00130578
12918.7 -23516.3 -0.00130726
12918.8 -23530.8 -0.00130874
12918.9 -23545.3 -0.00131023
12919.1 -23560 -0.00131174
12919.3 -23574.9 -0.00131328
12919.6 -23590.4 -0.00131487
12920.2 -23606.7 -0.00131656
12921.1 -23624.1 -0.00131836
12922.2 -23642.4 -0.00132025
12923.4 -23661.2 -0.0013222
12924.8 -23680.4 -0.0013242
12926.3 -23700.1 -0.00132626
12927.9 -23720.4 -0.00132838
12929.8 -23741.7 -0.0013306
12931.8 -23763.2 -0.00133286
12933.7 -23784.8 -0.00133513
12935.7 -23806.4 -0.00133741
12937.6 -23828.1 -0.00133971
12939.6 -23850.2 -0.00134205
12941.8 -23872.8 -0.00134445
12944.1 -23895.9 -0.00134691
12946.6 -23919.8 -0.00134946
12949.3 -23944.2 -0.00135207
12951.9 -23968.6 -0.00135469
12954.5 -23993.1 -0.00135733
12957.1 -24017.6 -0.00135997
12959.7 -24042.2 -0.00136263
12962.3 -24066.8 -0.0013653
12964.9 -24091.5 -0.00136799
12967.5 -24116.2 -0.00137069
12970.2 -24141.4 -0.00137344
12973 -24167 -0.00137625
12976 -24193.1 -0.00137912
12979.1 -24220 -0.00138209
12982.4 -24247.2 -0.00138511
12985.6 -24274.5 -0.00138813
12988.8 -24301.5 -0.00139114
12992 -24328.5 -0.00139417
12995.2 -24355.6 -0.0013972
12998.4 -24382.7 -0.00140026
13001.6 -24409.9 -0.00140332
13004.8 -24437.1 -0.0014064
13008 -24464.4 -0.0014095
13011.2 -24491.7 -0.00141261
13014.4 -24519 -0.00141573
13017.6 -24546.4 -0.00141887
13020.9 -24574 -0.00142206
13024.2 -24602.1 -0.0014253
13027.7 -24630.6 -0.0014286
13031.3 -24659.4 -0.00143195
13035 -24689.3 -0.00143543
13038.8 -24719 -0.00143891
13042.5 -24748.7 -0.00144241
13046.3 -24778.5 -0.00144592
13050 -24808.3 -0.00144945
13053.7 -24838.1 -0.001453
13057.5 -24868 -0.00145656
13061.2 -24897.9 -0.00146014
13064.9 -24927.8 -0.00146374
13068.7 -24957.8 -0.00146736
13072.4 -24987.8 -0.00147099
13076.1 -25017.8 -0.00147465
13079.8 -25047.9 -0.00147832
13083.5 -25078 -0.001482
13087.2 -25108.1 -0.00148571
13090.9 -25138.2 -0.00148944
13094.6 -25168.4 -0.00149318
13098.4 -25198.7 -0.00149696
13102.2 -25229.4 -0.00150079
13106.1 -25260.4 -0.00150468
13110 -25291.7 -0.00150864
13114.2 -25323.7 -0.00151269
13118.4 -25356 -0.0015168
13122.6 -25388.4 -0.00152093
13126.8 -25420.7 -0.00152508
13130.9 -25453.1 -0.00152925
13135.1 -25485.5 -0.00153345
13139.3 -25517.9 -0.00153766
13143.5 -25550.3 -0.0015419
13147.6 -25582.8 -0.00154617
13151.8 -25615.3 -0.00155045
13155.9 -25647.8 -0.00155476
13160.1 -25680.3 -0.00155909
13164.3 -25712.9 -0.00156344
13168.4 -25745.4 -0.00156781
13172.5 -25778 -0.00157221
13176.7 -25810.6 -0.00157664
13180.8 -25843.2 -0.00158108
13185 -25875.9 -0.00158555
13189.1 -25908.5 -0.00159005
13193.2 -25941.2 -0.00159457
13197.4 -25973.9 -0.00159911
13201.5 -26006.6 -0.00160368
13205.6 -26039.3 -0.00160827
13209.7 -26072 -0.00161289
13213.9 -26104.8 -0.00161754
13218.1 -26137.9 -0.00162226
13222.4 -26171.2 -0.00162704
13226.7 -26204.9 -0.00163189
13231.2 -26238.9 -0.00163682
13235.7 -26273.5 -0.00164185
13240.2 -26308 -0.00164691
13244.8 -26342.5 -0.001652
13249.3 -26377 -0.00165711
13253.8 -26411.6 -0.00166225
13258.3 -26446.1 -0.00166743
13262.8 -26480.6 -0.00167263
13267.3 -26515.1 -0.00167786
13271.8 -26549.6 -0.00168312
13276.3 -26584 -0.00168841
13280.8 -26618.5 -0.00169372
13285.3 -26653 -0.00169907
13289.8 -26687.4 -0.00170445
13294.3 -26721.8 -0.00170986
13298.7 -26756.2 -0.00171529
13303.2 -26790.6 -0.00172076
13307.7 -26825 -0.00172626
13312.2 -26859.3 -0.00173179
13316.6 -26893.6 -0.00173735
13321.1 -26927.9 -0.00174294
13325.5 -26962.2 -0.00174856
13330 -26996.4 -0.00175421
13334.4 -27030.6 -0.00175989
13338.9 -27064.7 -0.0017656
13343.3 -27098.8 -0.00177135
13347.7 -27132.9 -0.00177712
13352.2 -27166.9 -0.00178293
13356.6 -27200.9 -0.00178877
13361 -27234.8 -0.00179464
13365.5 -27268.7 -0.00180053
13369.9 -27302.6 -0.00180647
13374.3 -27336.3 -0.00181242
13378.8 -27370.2 -0.00181844
13383.3 -27404.2 -0.00182452
13387.9 -27438.4 -0.00183068
13392.5 -27472.6 -0.0018369
13397.2 -27507.2 -0.00184321
13402 -27542.1 -0.00184964
13406.7 -27576.9 -0.0018561
13411.5 -27611.6 -0.0018626
13416.2 -27646.3 -0.00186912
13420.9 -27680.8 -0.00187569
13425.7 -27715.3 -0.00188228
13430.4 -27749.7 -0.00188891
13435.1 -27784 -0.00189558
13439.8 -27818.2 -0.00190227
13444.5 -27852.3 -0.00190901
13449.3 -27886.3 -0.00191577
13454 -27920.2 -0.00192257
13458.7 -27953.9 -0.0019294
13463.4 -27987.6 -0.00193627
13468.1 -28021.2 -0.00194317
13472.8 -28054.6 -0.0019501
13477.4 -28088 -0.00195707
13482.1 -28121.2 -0.00196407
13486.8 -28154.3 -0.0019711
13491.5 -28187.3 -0.00197817
13496.2 -28220.1 -0.00198527
13500.8 -28252.8 -0.00199241
13505.5 -28285.4 -0.00199957
13510.1 -28317.9 -0.00200677
13514.8 -28350.2 -0.00201401
13519.5 -28382.4 -0.00202127
13524.1 -28414.4 -0.00202857
13528.8 -28446.3 -0.00203591
13533.4 -28478.1 -0.00204327
13538 -28509.7 -0.00205067
13542.7 -28541.2 -0.0020581
13547.3 -28572.5 -0.00206557
13551.9 -28603.6 -0.00207307
13556.6 -28634.6 -0.0020806
13561.2 -28665.5 -0.00208816
13565.8 -28696.2 -0.00209576
13570.4 -28726.7 -0.00210338
13575 -28757.1 -0.00211105
13579.6 -28787.3 -0.00211874
13584.2 -28817.4 -0.00212646
13588.8 -28847.2 -0.00213422
13593.4 -28876.9 -0.00214201
13598 -28906.4 -0.00214981
13602.7 -28935.7 -0.00215766
13607.4 -28965 -0.00216557
13612.1 -28994.2 -0.00217355
13616.8 -29023.4 -0.0021816
13621.6 -29052.4 -0.00218968
13410.3 -29521.6 -0.00233393
13470.1 -29665 -0.00238424
13494.5 -29760.5 -0.00241983
