0 -58.4752 -2.26119e-06
634.56 -1001.32 -3.88055e-05
1173.57 -1819.27 -7.07337e-05
1709.92 -2630.74 -0.000102703
2243.81 -3437.29 -0.000134835
2775.24 -4238.87 -0.000167182
3304.22 -5034.42 -0.00019975
3830.74 -5823.16 -0.000232551
4354.77 -6604.25 -0.000265591
4876.15 -7376.76 -0.00029887
5394.56 -8139.65 -0.000332378
5909.16 -8891.65 -0.000366092
6418.2 -9630.92 -0.000399955
6918.36 -10354.6 -0.000433856
7403.99 -11058.4 -0.000467594
7866.83 -11736.6 -0.000500888
8297.18 -12382.6 -0.00053337
8686.59 -12991.1 -0.000564699
9030.8 -13559.6 -0.000594665
9330.49 -14088 -0.000623153
9590.04 -14579.8 -0.000650264
9815.21 -15038.5 -0.000676093
10011.7 -15467.9 -0.000700778
10184.8 -15873.3 -0.000724559
10338.5 -16257.8 -0.000747558
10475.8 -16621 -0.000769701
10599.4 -16966.3 -0.000791154
10711.4 -17294.6 -0.000811922
10812.7 -17601.3 -0.000831679
10905.5 -17896.2 -0.000850996
10991.1 -18180.1 -0.000869921
11070.4 -18454.2 -0.000888495
11143.9 -18718.2 -0.000906683
11212.1 -18970.6 -0.000924359
11276 -19215.2 -0.000941767
11335.9 -19452.6 -0.000958931
11392.3 -19683.3 -0.000975875
11445.5 -19907.7 -0.000992618
11495.9 -20126.2 -0.00100918
11543.8 -20339.2 -0.00102557
11589.3 -20546.9 -0.00104181
11632.4 -20748.1 -0.00105778
11673.3 -20942.4 -0.00107343
11712.4 -21132.2 -0.00108896
11749.8 -21317.8 -0.00110437
11785.6 -21499.5 -0.00111967
11820.1 -21677.3 -0.00113489
11853.2 -21851.6 -0.00115001
11885.1 -22022.4 -0.00116506
11915.6 -22188.1 -0.00117987
11945 -22349.3 -0.00119449
11972.9 -22504.2 -0.00120875
11999.8 -22656 -0.00122291
12025.7 -22805 -0.00123702
12050.7 -22950.9 -0.00125103
12074.7 -23091.8 -0.00126475
12097.7 -23229.6 -0.00127835
12119.8 -23363.3 -0.00129172
12141.1 -23494.9 -0.00130507
12161.8 -23624.6 -0.0013184
12181.9 -23752.3 -0.00133171
12201.4 -23878.1 -0.00134501
12220.3 -24002.1 -0.0013583
12238.6 -24124.4 -0.00137158
12256.3 -24244.9 -0.00138485
12273.3 -24362 -0.00139792
12289.7 -24476.5 -0.00141088
12305.5 -24589.5 -0.00142384
12320.9 -24701 -0.0014368
12335.7 -24810.4 -0.0014497
12349.8 -24916.5 -0.00146238
12363.5 -25021.3 -0.00147507
12376.5 -25121.4 -0.00148736
12388.8 -25216.9 -0.00149923
12400.7 -25311.3 -0.00151111
12412.4 -25404.7 -0.00152302
12423.7 -25497 -0.00153494
12434.7 -25588.3 -0.00154689
12445.5 -25678.6 -0.00155886
12455.9 -25768 -0.00157085
12466.1 -25856.3 -0.00158287
12476 -25943.6 -0.0015949
12485.7 -26029.9 -0.00160695
12495.1 -26115.2 -0.00161902
12504.3 -26199.5 -0.00163111
12513.2 -26282.7 -0.00164321
12521.8 -26364.9 -0.00165531
12530.3 -26446.1 -0.00166744
12538.4 -26526.3 -0.00167957
12546.4 -26605.5 -0.00169171
12554.2 -26683.6 -0.00170386
12561.7 -26760.8 -0.00171602
12569 -26837 -0.00172819
12576.2 -26912.2 -0.00174038
12583.1 -26986.5 -0.00175258
12589.9 -27059.9 -0.00176479
12596.5 -27132.3 -0.00177702
12603 -27203.9 -0.00178928
12609.3 -27274.5 -0.00180155
12615.5 -27344.3 -0.00181384
12621.6 -27413.3 -0.00182616
12627.5 -27481.4 -0.0018385
12633.3 -27548.2 -0.00185077
12638.9 -27612.9 -0.00186285
12644.3 -27675.3 -0.00187464
12649.5 -27736.3 -0.00188633
12654.6 -27796.3 -0.00189799
12659.6 -27854.8 -0.00190951
12664.4 -27912.6 -0.00192106
12669.2 -27969.8 -0.00193262
12673.9 -28026.2 -0.0019442
12678.6 -28082 -0.00195581
12683.1 -28137.1 -0.00196743
12687.6 -28191.5 -0.00197908
12692 -28245.2 -0.00199073
12696.3 -28298.2 -0.00200241
12700.6 -28350.6 -0.0020141
12704.8 -28402.3 -0.0020258
12708.9 -28453.3 -0.00203752
12713 -28503.6 -0.00204924
12717 -28553.2 -0.00206097
12720.9 -28602.2 -0.00207271
12724.7 -28650.4 -0.00208446
12728.5 -28698 -0.0020962
12732.1 -28744.6 -0.00210789
12735.7 -28790.3 -0.00211951
12739.2 -28835.3 -0.00213113
12742.7 -28879.7 -0.00214275
12746 -28923.5 -0.00215438
12749.3 -28966.6 -0.002166
12752.5 -29008.7 -0.00217753
12755.5 -29048.2 -0.00218851
12758.3 -29087 -0.00219941
12761.2 -29125.1 -0.00221031
12763.9 -29162.7 -0.0022212
12766.6 -29199.7 -0.00223208
12769.2 -29236.2 -0.00224295
12771.7 -29271.3 -0.00225357
12774.1 -29304.8 -0.00226385
12776.4 -29337.9 -0.00227412
12778.6 -29370.5 -0.00228438
12780.8 -29402.6 -0.00229464
12783 -29434.3 -0.00230489
12785.1 -29465.5 -0.00231514
12787.2 -29496.3 -0.00232539
12789.2 -29526.7 -0.00233564
12791.2 -29556.6 -0.0023459
12793.2 -29586.2 -0.00235615
12795.1 -29615.3 -0.00236641
12797 -29644.1 -0.00237668
12798.8 -29672.4 -0.00238696
12800.6 -29700.4 -0.00239724
12802.4 -29728 -0.00240753
12804.2 -29755.3 -0.00241784
12805.9 -29782.2 -0.00242815
12807.7 -29808.7 -0.00243848
12809.4 -29834.8 -0.00244882
12811 -29860.7 -0.00245918
12812.7 -29886.1 -0.00246955
12814.3 -29911.2 -0.00247993
12815.9 -29936 -0.00249033
12817.5 -29960.5 -0.00250075
12819.1 -29984.6 -0.00251118
12820.7 -30008.3 -0.00252163
12822.2 -30031.8 -0.0025321
12823.7 -30054.9 -0.00254258
12825.2 -30077.7 -0.00255308
12826.7 -30100.2 -0.0025636
12828.2 -30122.3 -0.00257414
12829.7 -30144.1 -0.00258469
12831.1 -30165.6 -0.00259526
12832.6 -30186.8 -0.00260585
12834 -30207.7 -0.00261645
12835.4 -30228.3 -0.00262707
12836.8 -30248.5 -0.00263771
12838.2 -30268.5 -0.00264837
12839.5 -30288.1 -0.00265904
12840.9 -30307.4 -0.00266973
12842.2 -30326.5 -0.00268043
12843.6 -30345.2 -0.00269115
12844.9 -30363.6 -0.00270188
12846.2 -30381.7 -0.00271263
12847.5 -30399.5 -0.0027234
12848.7 -30417 -0.00273418
12850 -30434.2 -0.00274497
12851.3 -30451.1 -0.00275577
12852.5 -30467.8 -0.00276659
12853.7 -30484.1 -0.00277742
12855 -30500.1 -0.00278827
12856.2 -30515.9 -0.00279912
12857.4 -30531.3 -0.00280998
12858.5 -30546.5 -0.00282086
12859.7 -30561.4 -0.00283175
12860.9 -30576 -0.00284265
12862 -30590.3 -0.00285357
12863.1 -30604.4 -0.00286449
12864.3 -30618.1 -0.00287543
12865.4 -30631.6 -0.00288636
12866.4 -30644.8 -0.00289731
12867.5 -30657.8 -0.00290826
12868.6 -30670.4 -0.00291921
12869.6 -30682.8 -0.00293017
12870.7 -30694.9 -0.00294113
12871.7 -30706.8 -0.0029521
12872.7 -30718.4 -0.00296306
12873.7 -30729.7 -0.00297403
12874.7 -30740.7 -0.002985
12875.7 -30751.5 -0.00299597
12876.6 -30762.1 -0.00300693
12877.5 -30772.3 -0.0030179
12878.5 -30782.4 -0.00302886
12879.4 -30792.1 -0.00303982
12880.3 -30801.7 -0.00305078
12881.2 -30811 -0.00306173
12882 -30820 -0.00307268
12882.9 -30828.8 -0.00308363
12883.7 -30837.3 -0.00309456
12884.6 -30845.6 -0.0031055
12885.4 -30853.7 -0.00311642
12886.2 -30861.6 -0.00312735
12886.9 -30869.2 -0.00313826
12887.7 -30876.6 -0.00314917
12888.5 -30883.7 -0.00316007
12889.2 -30890.7 -0.00317096
12889.9 -30897.4 -0.00318185
12890.6 -30903.9 -0.00319272
12891.3 -30910.2 -0.0032036
12892 -30916.3 -0.00321446
12892.7 -30922.2 -0.00322532
12893.3 -30927.8 -0.00323616
12894 -30933.3 -0.00324701
12894.6 -30938.6 -0.00325784
12895.2 -30943.6 -0.00326867
12895.8 -30948.5 -0.00327949
12896.4 -30953.2 -0.0032903
12897 -30957.7 -0.00330111
12897.6 -30962 -0.00331192
12898.1 -30966.1 -0.00332271
12898.7 -30970 -0.00333351
12899.2 -30973.7 -0.00334429
12899.8 -30977.3 -0.00335508
12900.3 -30980.7 -0.00336582
12900.7 -30983.7 -0.0033761
12901.2 -30986.6 -0.00338636
12901.6 -30989.4 -0.00339663
12902 -30992 -0.00340688
12902.5 -30994.4 -0.00341713
12902.9 -30996.7 -0.00342738
12903.3 -30998.8 -0.00343762
12903.7 -31000.8 -0.00344786
12904.1 -31002.7 -0.0034581
12904.5 -31004.4 -0.00346833
12904.8 -31006 -0.00347856
12905.2 -31007.4 -0.00348879
12905.5 -31008.7 -0.00349902
12905.9 -31009.8 -0.00350925
12906.2 -31010.8 -0.00351948
12906.6 -31011.7 -0.00352971
12906.9 -31012.4 -0.00353994
12907.2 -31013 -0.00355017
12907.5 -31013.5 -0.0035604
12907.9 -31013.8 -0.00357063
12908.2 -31014 -0.00358087
12908.5 -31014.1 -0.00359111
12908.8 -31014.1 -0.00360135
12909 -31013.9 -0.00361159
12909.3 -31013.6 -0.00362184
12909.6 -31013.2 -0.00363209
12909.9 -31012.7 -0.00364234
12910.2 -31012 -0.0036526
12910.4 -31011.3 -0.00366286
12910.7 -31010.4 -0.00367313
12910.9 -31009.4 -0.0036834
12911.2 -31008.2 -0.00369367
12911.4 -31007 -0.00370396
12911.7 -31005.6 -0.00371424
12911.9 -31004.2 -0.00372453
12912.2 -31002.6 -0.00373483
12912.4 -31000.9 -0.00374513
12912.6 -30999.1 -0.00375544
12912.9 -30997.1 -0.00376576
12913.1 -30995.1 -0.00377608
12913.3 -30993 -0.00378641
12913.5 -30990.7 -0.00379674
12913.7 -30988.4 -0.00380708
12913.9 -30985.9 -0.00381743
12914.1 -30983.4 -0.00382778
12914.3 -30980.7 -0.00383814
12914.5 -30977.9 -0.0038485
12914.7 -30975.1 -0.00385888
12914.9 -30972.1 -0.00386926
12915.1 -30969 -0.00387964
12915.3 -30965.8 -0.00389004
12915.5 -30962.5 -0.00390044
12915.7 -30959.2 -0.00391085
12915.9 -30955.7 -0.00392126
12916 -30952.1 -0.00393168
12916.2 -30948.5 -0.00394211
12916.4 -30944.7 -0.00395255
12916.6 -30940.9 -0.00396299
12916.7 -30936.9 -0.00397344
12916.9 -30932.9 -0.0039839
12917 -30928.7 -0.00399437
12917.2 -30924.5 -0.00400484
12917.4 -30920.2 -0.00401532
12917.5 -30915.8 -0.00402581
12917.7 -30911.3 -0.0040363
12917.8 -30906.7 -0.00404681
12918 -30902 -0.00405732
12918.1 -30897.2 -0.00406784
12918.2 -30892.4 -0.00407836
12918.4 -30887.5 -0.00408889
12918.5 -30882.4 -0.00409943
12918.7 -30877.3 -0.00410998
12918.8 -30872.1 -0.00412054
12918.9 -30866.9 -0.0041311
12919.1 -30861.5 -0.00414167
12919.3 -30856.1 -0.00415227
12919.6 -30850.5 -0.00416292
12920.2 -30844.8 -0.00417365
12921.1 -30839 -0.00418448
12922.2 -30833.1 -0.00419538
12923.4 -30827.1 -0.00420634
12924.8 -30820.9 -0.00421734
12926.3 -30814.7 -0.00422839
12927.9 -30808.3 -0.00423949
12929.8 -30801.8 -0.00425069
12931.8 -30795.3 -0.00426191
12933.7 -30788.6 -0.00427314
12935.7 -30781.9 -0.00428439
12937.6 -30775 -0.00429564
12939.6 -30768.1 -0.00430693
12941.8 -30761.1 -0.00431827
12944.1 -30753.9 -0.00432967
12946.6 -30746.6 -0.00434115
12949.3 -30739.3 -0.00435267
12951.9 -30731.8 -0.0043642
12954.5 -30724.3 -0.00437574
12957.1 -30716.7 -0.00438729
12959.7 -30709 -0.00439886
12962.3 -30701.2 -0.00441043
12964.9 -30693.3 -0.00442201
12967.5 -30685.4 -0.00443361
12970.2 -30677.4 -0.00444525
12973 -30669.2 -0.00445694
12976 -30661 -0.00446868
12979.1 -30652.6 -0.00448051
12982.4 -30644.1 -0.00449238
12985.6 -30635.6 -0.00450427
12988.8 -30626.9 -0.00451622
12992 -30618.1 -0.0045282
12995.2 -30609.3 -0.00454018
12998.4 -30600.4 -0.00455218
13001.6 -30591.4 -0.00456419
13004.8 -30582.4 -0.00457621
13008 -30573.2 -0.00458825
13011.2 -30564 -0.0046003
13014.4 -30554.8 -0.00461236
13017.6 -30545.4 -0.00462444
13020.9 -30536 -0.00463656
13024.2 -30526.4 -0.00464873
13027.7 -30516.8 -0.00466096
13031.3 -30507 -0.00467325
13035 -30497.1 -0.00468563
13038.8 -30487.1 -0.00469802
13042.5 -30477.1 -0.00471042
13046.3 -30467 -0.00472284
13050 -30456.8 -0.00473527
13053.7 -30446.5 -0.00474772
13057.5 -30436.2 -0.00476018
13061.2 -30425.8 -0.00477266
13064.9 -30415.4 -0.00478515
13068.7 -30404.8 -0.00479766
13072.4 -30394.2 -0.00481018
13076.1 -30383.6 -0.00482272
13079.8 -30372.8 -0.00483528
13083.5 -30362 -0.00484785
13087.2 -30351.2 -0.00486044
13090.9 -30340.3 -0.00487304
13094.6 -30329.3 -0.00488566
13098.4 -30318.2 -0.00489832
13102.2 -30307 -0.00491103
13106.1 -30295.7 -0.00492379
13110 -30284.4 -0.00493661
13114.2 -30272.8 -0.00494953
13118.4 -30261.3 -0.00496248
13122.6 -30249.6 -0.00497545
13126.8 -30237.9 -0.00498844
13130.9 -30226.1 -0.00500145
13135.1 -30214.2 -0.00501448
13139.3 -30202.3 -0.00502752
13143.5 -30190.3 -0.00504059
13147.6 -30178.3 -0.00505368
13151.8 -30166.2 -0.00506678
13155.9 -30154 -0.00507991
13160.1 -30141.8 -0.00509305
13164.3 -30129.5 -0.00510622
13168.4 -30117.1 -0.0051194
13172.5 -30104.7 -0.00513261
13176.7 -30092.3 -0.00514583
13180.8 -30079.7 -0.00515908
13185 -30067.1 -0.00517235
13189.1 -30054.5 -0.00518564
13193.2 -30041.7 -0.00519895
13197.4 -30029 -0.00521228
13201.5 -30016.1 -0.00522563
13205.6 -30003.2 -0.005239
13209.7 -29990.3 -0.0052524
13213.9 -29977.2 -0.00526584
13218.1 -29964.1 -0.00527934
13222.4 -29950.9 -0.0052929
13226.7 -29937.6 -0.00530651
13231.2 -29924.1 -0.00532023
13235.7 -29910.6 -0.00533399
13240.2 -29897 -0.00534778
13244.8 -29883.4 -0.0053616
13249.3 -29869.7 -0.00537544
13253.8 -29855.9 -0.00538931
13258.3 -29842.1 -0.0054032
13262.8 -29828.2 -0.00541711
13267.3 -29814.2 -0.00543105
13271.8 -29800.2 -0.00544502
13276.3 -29786.2 -0.00545901
13280.8 -29772.1 -0.00547303
13285.3 -29757.9 -0.00548707
13289.8 -29743.7 -0.00550114
13294.3 -29729.4 -0.00551524
13298.7 -29715.1 -0.00552936
13303.2 -29700.7 -0.00554351
13307.7 -29686.2 -0.00555769
13312.2 -29671.7 -0.00557189
13316.6 -29657.2 -0.00558612
13321.1 -29642.6 -0.00560037
13325.5 -29627.9 -0.00561465
13330 -29613.2 -0.00562896
13334.4 -29598.4 -0.0056433
13338.9 -29583.6 -0.00565766
13343.3 -29568.7 -0.00567205
13347.7 -29553.8 -0.00568647
13352.2 -29538.8 -0.00570091
13356.6 -29523.8 -0.00571539
13361 -29508.7 -0.00572989
13365.5 -29493.6 -0.00574441
13369.9 -29478.4 -0.00575897
13374.3 -29463.1 -0.00577357
13378.8 -29447.8 -0.00578823
13383.3 -29432.4 -0.00580295
13387.9 -29416.9 -0.00581773
13392.5 -29401.3 -0.00583258
13397.2 -29385.6 -0.00584754
13402 -29369.8 -0.00586255
13406.7 -29353.9 -0.00587758
13411.5 -29338 -0.00589265
13416.2 -29322.1 -0.00590774
13420.9 -29306.1 -0.00592287
13425.7 -29290.1 -0.00593803
13430.4 -29274 -0.00595321
13435.1 -29257.8 -0.00596843
13439.8 -29241.6 -0.00598368
13444.5 -29225.4 -0.00599895
13449.3 -29209.1 -0.00601426
13454 -29192.8 -0.0060296
13458.7 -29176.4 -0.00604497
13463.4 -29160 -0.00606037
13468.1 -29143.5 -0.0060758
13472.8 -29127 -0.00609126
13477.4 -29110.5 -0.00610675
13482.1 -29093.9 -0.00612227
13486.8 -29077.2 -0.00613782
13491.5 -29060.5 -0.00615341
13496.2 -29043.8 -0.00616902
13500.8 -29027 -0.00618466
13505.5 -29010.2 -0.00620034
13510.1 -28993.3 -0.00621604
13514.8 -28976.4 -0.00623177
13519.5 -28959.5 -0.00624754
13524.1 -28942.5 -0.00626334
13528.8 -28925.4 -0.00627916
13533.4 -28908.4 -0.00629502
13538 -28891.3 -0.00631091
13542.7 -28874.1 -0.00632682
13547.3 -28856.9 -0.00634277
13551.9 -28839.7 -0.00635875
13556.6 -28822.4 -0.00637476
13561.2 -28805.1 -0.0063908
13565.8 -28787.8 -0.00640687
13570.4 -28770.4 -0.00642297
13575 -28753 -0.0064391
13579.6 -28735.5 -0.00645526
13584.2 -28718.1 -0.00647145
13588.8 -28700.5 -0.00648767
13593.4 -28683 -0.00650393
13598 -28665.3 -0.00652023
13602.7 -28647.7 -0.0065366
13607.4 -28629.9 -0.00655302
13612.1 -28612.1 -0.00656951
13616.8 -28594.2 -0.00658607
13621.6 -28576.2 -0.00660273
13410.3 -28412.4 -0.00675426
13470.1 -28349.4 -0.00681255
13494.5 -28302.4 -0.00685607
