0 -58.4752 -2.26119e-06
634.56 0 2.5667e-05
1173.57 0 5.8079e-05
1709.92 0 9.04699e-05
2243.81 0 0.000122689
2775.24 0 0.000154705
3304.22 0 0.000186514
3830.74 0 0.000218093
4354.77 0 0.00024943
4876.15 0 0.000280528
5394.56 0 0.000311395
5909.16 0 0.000342056
6418.2 0 0.000372567
6918.36 0 0.000403039
7403.99 0 0.000433678
7866.83 0 0.000464758
8297.18 0 0.000496652
8686.59 0 0.000529707
9030.8 0 0.000564128
9330.49 0 0.000599985
9590.04 0 0.000637186
9815.21 0 0.000675528
10011.7 0 0.00071483
10184.8 0 0.000754979
10338.5 0 0.000795934
10475.8 0 0.00083828
10599.4 0 0.000881543
10711.4 0 0.000925683
10812.7 0 0.000970491
10905.5 0 0.00101576
10991.1 0 0.00106144
11070.4 0 0.00110749
11143.9 0 0.00115395
11212.1 0 0.00120094
11276 0 0.00124822
11335.9 0 0.00129576
11392.3 0 0.00134354
11445.5 0 0.00139153
11495.9 0 0.00143971
11543.8 0 0.00148806
11589.3 0 0.00153658
11632.4 0 0.00158533
11673.3 0 0.00163433
11712.4 0 0.00168346
11749.8 0 0.0017327
11785.6 0 0.00178206
11820.1 0 0.00183151
11853.2 0 0.00188106
11885.1 0 0.00193069
11915.6 0 0.00198012
11945 0 0.00202945
11972.9 0 0.00207939
11999.8 0 0.00212943
12025.7 0 0.00217951
12050.7 0 0.0022296
12074.7 0 0.00227955
12097.7 0 0.00232979
12119.8 0 0.00238065
12141.1 0 0.00243153
12161.8 0 0.00248244
12181.9 0 0.00253336
12201.4 0 0.00258428
12220.3 0 0.00263522
12238.6 0 0.00268616
12256.3 0 0.0027371
12273.3 0 0.0027883
12289.7 0 0.00283965
12305.5 0 0.00289099
12320.9 0 0.00294233
12335.7 0 0.002994
12349.8 0 0.00304667
12363.5 0 0.00309934
12376.5 0 0.00315146
12388.8 0 0.00320341
12400.7 0 0.00325533
12412.4 0 0.00330723
12423.7 0 0.0033591
12434.7 0 0.00341094
12445.5 0 0.00346275
12455.9 0 0.00351453
12466.1 0 0.00356628
12476 0 0.00361801
12485.7 0 0.00366971
12495.1 0 0.00372138
12504.3 0 0.00377303
12513.2 0 0.00382466
12521.8 0 0.00387626
12530.3 0 0.00392785
12538.4 0 0.00397942
12546.4 0 0.00403096
12554.2 0 0.00408249
12561.7 0 0.004134
12569 0 0.0041855
12576.2 0 0.00423697
12583.1 0 0.00428842
12589.9 0 0.00433986
12596.5 0 0.00439127
12603 0 0.00444266
12609.3 0 0.00449403
12615.5 0 0.00454538
12621.6 0 0.0045967
12627.5 0 0.00464799
12633.3 0 0.0046992
12638.9 0 0.00475026
12644.3 0 0.00480098
12649.5 0 0.00485154
12654.6 0 0.00490227
12659.6 0 0.00495368
12664.4 0 0.00500505
12669.2 0 0.00505638
12673.9 0 0.00510769
12678.6 0 0.00515896
12683.1 0 0.00521021
12687.6 0 0.00526141
12692 0 0.00531259
12696.3 0 0.00536373
12700.6 0 0.00541484
12704.8 0 0.00546591
12708.9 0 0.00551695
12713 0 0.00556796
12717 0 0.00561894
12720.9 0 0.00566988
12724.7 0 0.0057208
12728.5 0 0.00577168
12732.1 0 0.00582295
12735.7 0 0.00587463
12739.2 0 0.0059263
12742.7 0 0.00597795
12746 0 0.00602959
12749.3 0 0.00608121
12752.5 0 0.00613312
12755.5 0 0.00618658
12758.3 0 0.00624024
12761.2 0 0.00629393
12763.9 0 0.00634764
12766.6 0 0.00640138
12769.2 0 0.00645514
12771.7 0 0.00650907
12774.1 0 0.00656323
12776.4 0 0.00661742
12778.6 0 0.00667164
12780.8 0 0.00672589
12783 0 0.00678017
12785.1 0 0.00683446
12787.2 0 0.00688878
12789.2 0 0.00694312
12791.2 0 0.00699747
12793.2 0 0.00705184
12795.1 0 0.00710621
12797 0 0.0071606
12798.8 0 0.00721499
12800.6 0 0.00726939
12802.4 0 0.00732379
12804.2 0 0.00737819
12805.9 0 0.00743259
12807.7 0 0.00748698
12809.4 0 0.00754137
12811 0 0.00759575
12812.7 0 0.00765012
12814.3 0 0.00770448
12815.9 0 0.00775883
12817.5 0 0.00781317
12819.1 0 0.00786749
12820.7 0 0.0079218
12822.2 0 0.00797609
12823.7 0 0.00803037
12825.2 0 0.00808463
12826.7 0 0.00813887
12828.2 0 0.0081931
12829.7 0 0.0082473
12831.1 0 0.00830149
12832.6 0 0.00835566
12834 0 0.00840981
12835.4 0 0.00846394
12836.8 0 0.00851805
12838.2 0 0.00857214
12839.5 0 0.00862621
12840.9 0 0.00868027
12842.2 0 0.0087343
12843.6 0 0.00878832
12844.9 0 0.00884231
12846.2 0 0.00889629
12847.5 0 0.00895025
12848.7 0 0.00900419
12850 0 0.00905811
12851.3 0 0.00911202
12852.5 0 0.00916591
12853.7 0 0.00921978
12855 0 0.00927363
12856.2 0 0.00932747
12857.4 0 0.0093813
12858.5 0 0.00943511
12859.7 0 0.00948891
12860.9 0 0.00954272
12862 0 0.00959651
12863.1 0 0.00965029
12864.3 0 0.00970407
12865.4 0 0.00975783
12866.4 0 0.00981158
12867.5 0 0.00986533
12868.6 0 0.00991907
12869.6 0 0.0099728
12870.7 0 0.0100265
12871.7 0 0.0100803
12872.7 0 0.010134
12873.7 0 0.0101877
12874.7 0 0.0102414
12875.7 0 0.0102951
12876.6 0 0.0103488
12877.5 0 0.0104026
12878.5 0 0.0104563
12879.4 0 0.01051
12880.3 0 0.0105637
12881.2 0 0.0106175
12882 0 0.0106712
12882.9 0 0.010725
12883.7 0 0.0107787
12884.6 0 0.0108325
12885.4 0 0.0108863
12886.2 0 0.01094
12886.9 0 0.0109938
12887.7 0 0.0110477
12888.5 0 0.0111015
12889.2 0 0.0111553
12889.9 0 0.0112092
12890.6 0 0.011263
12891.3 0 0.0113169
12892 0 0.0113708
12892.7 0 0.0114247
12893.3 0 0.0114787
12894 0 0.0115326
12894.6 0 0.0115866
12895.2 0 0.0116406
12895.8 0 0.0116946
12896.4 0 0.0117486
12897 0 0.0118026
12897.6 0 0.0118567
12898.1 0 0.0119107
12898.7 0 0.0119648
12899.2 0 0.0120189
12899.8 0 0.012073
12900.3 0 0.0121271
12900.7 0 0.0121813
12901.2 0 0.0122355
12901.6 0 0.0122897
12902 0 0.012344
12902.5 0 0.0123982
12902.9 0 0.0124525
12903.3 0 0.0125067
12903.7 0 0.012561
12904.1 0 0.0126153
12904.5 0 0.0126696
12904.8 0 0.0127239
12905.2 0 0.0127782
12905.5 0 0.0128325
12905.9 0 0.0128868
12906.2 0 0.0129411
12906.6 0 0.0129954
12906.9 0 0.0130497
12907.2 0 0.0131041
12907.5 0 0.0131584
12907.9 0 0.0132127
12908.2 0 0.013267
12908.5 0 0.0133213
12908.8 0 0.0133757
12909 0 0.01343
12909.3 0 0.0134843
12909.6 0 0.0135386
12909.9 0 0.0135929
12910.2 0 0.0136472
12910.4 0 0.0137015
12910.7 0 0.0137559
12910.9 0 0.0138102
12911.2 0 0.0138644
12911.4 0 0.0139187
12911.7 0 0.013973
12911.9 0 0.0140273
12912.2 0 0.0140816
12912.4 0 0.0141358
12912.6 0 0.0141901
12912.9 0 0.0142444
12913.1 0 0.0142986
12913.3 0 0.0143529
12913.5 0 0.0144071
12913.7 0 0.0144613
12913.9 0 0.0145156
12914.1 0 0.0145698
12914.3 0 0.014624
12914.5 0 0.0146782
12914.7 0 0.0147324
12914.9 0 0.0147866
12915.1 0 0.0148407
12915.3 0 0.0148949
12915.5 0 0.0149491
12915.7 0 0.0150032
12915.9 0 0.0150574
12916 0 0.0151115
12916.2 0 0.0151656
12916.4 0 0.0152197
12916.6 0 0.0152739
12916.7 0 0.015328
12916.9 0 0.0153821
12917 0 0.0154361
12917.2 0 0.0154902
12917.4 0 0.0155443
12917.5 0 0.0155983
12917.7 0 0.0156524
12917.8 0 0.0157064
12918 0 0.0157605
12918.1 0 0.0158145
12918.2 0 0.0158685
12918.4 0 0.0159225
12918.5 0 0.0159765
12918.7 0 0.0160305
12918.8 0 0.0160845
12918.9 0 0.0161384
12919.1 0 0.0161924
12919.3 0 0.0162463
12919.6 0 0.0163002
12920.2 0 0.0163539
12921.1 0 0.0164076
12922.2 0 0.0164611
12923.4 0 0.0165146
12924.8 0 0.016568
12926.3 0 0.0166214
12927.9 0 0.0166746
12929.8 0 0.0167278
12931.8 0 0.016781
12933.7 0 0.0168341
12935.7 0 0.0168872
12937.6 0 0.0169403
12939.6 0 0.0169934
12941.8 0 0.0170463
12944.1 0 0.0170993
12946.6 0 0.0171521
12949.3 0 0.0172048
12951.9 0 0.0172576
12954.5 0 0.0173103
12957.1 0 0.017363
12959.7 0 0.0174157
12962.3 0 0.0174684
12964.9 0 0.0175211
12967.5 0 0.0175737
12970.2 0 0.0176263
12973 0 0.0176789
12976 0 0.0177314
12979.1 0 0.0177837
12982.4 0 0.017836
12985.6 0 0.0178883
12988.8 0 0.0179407
12992 0 0.0179931
12995.2 0 0.0180454
12998.4 0 0.0180978
13001.6 0 0.0181501
13004.8 0 0.0182024
13008 0 0.0182547
13011.2 0 0.018307
13014.4 0 0.0183592
13017.6 0 0.0184114
13020.9 0 0.0184636
13024.2 0 0.0185158
13027.7 0 0.0185679
13031.3 0 0.0186199
13035 0 0.0186718
13038.8 0 0.0187237
13042.5 0 0.0187755
13046.3 0 0.0188274
13050 0 0.0188792
13053.7 0 0.018931
13057.5 0 0.0189828
13061.2 0 0.0190346
13064.9 0 0.0190863
13068.7 0 0.0191381
13072.4 0 0.0191898
13076.1 0 0.0192415
13079.8 0 0.0192932
13083.5 0 0.0193448
13087.2 0 0.0193965
13090.9 0 0.0194481
13094.6 0 0.0194997
13098.4 0 0.0195513
13102.2 0 0.0196028
13106.1 0 0.0196542
13110 0 0.0197056
13114.2 0 0.0197569
13118.4 0 0.0198081
13122.6 0 0.0198593
13126.8 0 0.0199105
13130.9 0 0.0199616
13135.1 0 0.0200127
13139.3 0 0.0200638
13143.5 0 0.0201149
13147.6 0 0.020166
13151.8 0 0.020217
13155.9 0 0.020268
13160.1 0 0.020319
13164.3 0 0.0203699
13168.4 0 0.0204208
13172.5 0 0.0204717
13176.7 0 0.0205226
13180.8 0 0.0205735
13185 0 0.0206243
13189.1 0 0.0206751
13193.2 0 0.0207259
13197.4 0 0.0207766
13201.5 0 0.0208273
13205.6 0 0.020878
13209.7 0 0.0209287
13213.9 0 0.0209793
13218.1 0 0.0210299
13222.4 0 0.0210804
13226.7 0 0.0211308
13231.2 0 0.0211812
13235.7 0 0.0212314
13240.2 0 0.0212816
13244.8 0 0.0213318
13249.3 0 0.0213819
13253.8 0 0.021432
13258.3 0 0.0214821
13262.8 0 0.0215321
13267.3 0 0.0215821
13271.8 0 0.0216321
13276.3 0 0.0216821
13280.8 0 0.021732
13285.3 0 0.0217819
13289.8 0 0.0218317
13294.3 0 0.0218816
13298.7 0 0.0219313
13303.2 0 0.0219811
13307.7 0 0.0220308
13312.2 0 0.0220805
13316.6 0 0.0221302
13321.1 0 0.0221798
13325.5 0 0.0222294
13330 0 0.0222789
13334.4 0 0.0223285
13338.9 0 0.022378
13343.3 0 0.0224274
13347.7 0 0.0224768
13352.2 0 0.0225262
13356.6 0 0.0225756
13361 0 0.0226249
13365.5 0 0.0226742
13369.9 0 0.0227235
13374.3 0 0.0227727
13378.8 0 0.0228219
13383.3 0 0.022871
13387.9 0 0.0229201
13392.5 0 0.022969
13397.2 0 0.0230179
13402 0 0.0230666
13406.7 0 0.0231153
13411.5 0 0.023164
13416.2 0 0.0232126
13420.9 0 0.0232612
13425.7 0 0.0233098
13430.4 0 0.0233583
13435.1 0 0.0234068
13439.8 0 0.0234552
13444.5 0 0.0235036
13449.3 0 0.023552
13454 0 0.0236003
13458.7 0 0.0236486
13463.4 0 0.0236969
13468.1 0 0.0237451
13472.8 0 0.0237933
13477.4 0 0.0238415
13482.1 0 0.0238896
13486.8 0 0.0239377
13491.5 0 0.0239858
13496.2 0 0.0240338
13500.8 0 0.0240818
13505.5 0 0.0241297
13510.1 0 0.0241776
13514.8 0 0.0242255
13519.5 0 0.0242734
13524.1 0 0.0243212
13528.8 0 0.024369
13533.4 0 0.0244167
13538 0 0.0244644
13542.7 0 0.0245121
13547.3 0 0.0245597
13551.9 0 0.0246073
13556.6 0 0.0246549
13561.2 0 0.0247024
13565.8 0 0.0247499
13570.4 0 0.0247974
13575 0 0.0248448
13579.6 0 0.0248922
13584.2 0 0.0249396
13588.8 0 0.0249869
13593.4 0 0.0250342
13598 0 0.0250815
13602.7 0 0.0251288
13607.4 0 0.025176
13612.1 0 0.0252232
13616.8 0 0.0252702
13621.6 0 0.0253173
13410.3 0 0.0252274
13470.1 0 0.0252319
13494.5 0 0.0252511
