0 -58.4752 -2.26119e-06
634.56 0 8.62792e-05
1173.57 0 0.000179336
1709.92 0 0.000272367
2243.81 0 0.000365228
2775.24 0 0.000457883
3304.22 0 0.000550328
3830.74 0 0.000642542
4354.77 0 0.000734515
4876.15 0 0.000826249
5394.56 0 0.000917752
5909.16 0 0.00100905
6418.2 0 0.0011002
6918.36 0 0.00119131
7403.99 0 0.00128258
7866.83 0 0.0013743
8297.18 0 0.00146683
8686.59 0 0.00156052
9030.8 0 0.00165557
9330.49 0 0.00175207
9590.04 0 0.00184992
9815.21 0 0.00194895
10011.7 0 0.00204899
10184.8 0 0.00214988
10338.5 0 0.00225158
10475.8 0 0.00235453
10599.4 0 0.00245835
10711.4 0 0.00256299
10812.7 0 0.00266839
10905.5 0 0.00277424
10991.1 0 0.0028805
11070.4 0 0.00298712
11143.9 0 0.00309415
11212.1 0 0.00320171
11276 0 0.00330955
11335.9 0 0.00341765
11392.3 0 0.00352597
11445.5 0 0.00363451
11495.9 0 0.00374323
11543.8 0 0.00385214
11589.3 0 0.0039612
11632.4 0 0.0040705
11673.3 0 0.00418006
11712.4 0 0.00428976
11749.8 0 0.00439957
11785.6 0 0.0045095
11820.1 0 0.00461951
11853.2 0 0.00472962
11885.1 0 0.00483981
11915.6 0 0.00494992
11945 0 0.00505999
11972.9 0 0.00517061
11999.8 0 0.00528132
12025.7 0 0.00539209
12050.7 0 0.00550288
12074.7 0 0.00561364
12097.7 0 0.00572464
12119.8 0 0.00583618
12141.1 0 0.00594773
12161.8 0 0.00605931
12181.9 0 0.0061709
12201.4 0 0.0062825
12220.3 0 0.00639411
12238.6 0 0.00650572
12256.3 0 0.00661734
12273.3 0 0.0067292
12289.7 0 0.0068412
12305.5 0 0.0069532
12320.9 0 0.00706519
12335.7 0 0.00717746
12349.8 0 0.00729052
12363.5 0 0.00740358
12376.5 0 0.00751633
12388.8 0 0.00762905
12400.7 0 0.00774175
12412.4 0 0.00785442
12423.7 0 0.00796707
12434.7 0 0.00807969
12445.5 0 0.00819229
12455.9 0 0.00830485
12466.1 0 0.00841739
12476 0 0.00852991
12485.7 0 0.00864239
12495.1 0 0.00875486
12504.3 0 0.0088673
12513.2 0 0.00897973
12521.8 0 0.00909213
12530.3 0 0.00920452
12538.4 0 0.00931689
12546.4 0 0.00942924
12554.2 0 0.00954158
12561.7 0 0.0096539
12569 0 0.0097662
12576.2 0 0.00987849
12583.1 0 0.00999076
12589.9 0 0.010103
12596.5 0 0.0102152
12603 0 0.0103274
12609.3 0 0.0104396
12615.5 0 0.0105518
12621.6 0 0.0106639
12627.5 0 0.010776
12633.3 0 0.0108881
12638.9 0 0.0110001
12644.3 0 0.0111119
12649.5 0 0.0112236
12654.6 0 0.0113355
12659.6 0 0.0114479
12664.4 0 0.0115603
12669.2 0 0.0116726
12673.9 0 0.0117849
12678.6 0 0.0118972
12683.1 0 0.0120094
12687.6 0 0.0121217
12692 0 0.0122338
12696.3 0 0.012346
12700.6 0 0.0124581
12704.8 0 0.0125702
12708.9 0 0.0126823
12713 0 0.0127944
12717 0 0.0129064
12720.9 0 0.0130184
12724.7 0 0.0131304
12728.5 0 0.0132423
12732.1 0 0.0133546
12735.7 0 0.0134671
12739.2 0 0.0135797
12742.7 0 0.0136923
12746 0 0.0138048
12749.3 0 0.0139174
12752.5 0 0.0140301
12755.5 0 0.0141442
12758.3 0 0.0142585
12761.2 0 0.0143727
12763.9 0 0.014487
12766.6 0 0.0146013
12769.2 0 0.0147157
12771.7 0 0.0148302
12774.1 0 0.014945
12776.4 0 0.0150598
12778.6 0 0.0151746
12780.8 0 0.0152895
12783 0 0.0154043
12785.1 0 0.0155192
12787.2 0 0.0156341
12789.2 0 0.0157491
12791.2 0 0.015864
12793.2 0 0.0159789
12795.1 0 0.0160939
12797 0 0.0162088
12798.8 0 0.0163238
12800.6 0 0.0164388
12802.4 0 0.0165537
12804.2 0 0.0166687
12805.9 0 0.0167836
12807.7 0 0.0168986
12809.4 0 0.0170135
12811 0 0.0171284
12812.7 0 0.0172433
12814.3 0 0.0173583
12815.9 0 0.0174731
12817.5 0 0.017588
12819.1 0 0.0177029
12820.7 0 0.0178177
12822.2 0 0.0179326
12823.7 0 0.0180474
12825.2 0 0.0181622
12826.7 0 0.018277
12828.2 0 0.0183917
12829.7 0 0.0185065
12831.1 0 0.0186212
12832.6 0 0.0187359
12834 0 0.0188506
12835.4 0 0.0189653
12836.8 0 0.01908
12838.2 0 0.0191946
12839.5 0 0.0193092
12840.9 0 0.0194238
12842.2 0 0.0195384
12843.6 0 0.019653
12844.9 0 0.0197675
12846.2 0 0.019882
12847.5 0 0.0199965
12848.7 0 0.020111
12850 0 0.0202255
12851.3 0 0.02034
12852.5 0 0.0204544
12853.7 0 0.0205688
12855 0 0.0206832
12856.2 0 0.0207976
12857.4 0 0.020912
12858.5 0 0.0210264
12859.7 0 0.0211408
12860.9 0 0.0212551
12862 0 0.0213695
12863.1 0 0.0214838
12864.3 0 0.0215981
12865.4 0 0.0217124
12866.4 0 0.0218268
12867.5 0 0.0219411
12868.6 0 0.0220554
12869.6 0 0.0221697
12870.7 0 0.0222839
12871.7 0 0.0223982
12872.7 0 0.0225125
12873.7 0 0.0226268
12874.7 0 0.0227411
12875.7 0 0.0228553
12876.6 0 0.0229696
12877.5 0 0.0230839
12878.5 0 0.0231982
12879.4 0 0.0233125
12880.3 0 0.0234267
12881.2 0 0.023541
12882 0 0.0236553
12882.9 0 0.0237696
12883.7 0 0.023884
12884.6 0 0.0239983
12885.4 0 0.0241126
12886.2 0 0.024227
12886.9 0 0.0243413
12887.7 0 0.0244557
12888.5 0 0.02457
12889.2 0 0.0246844
12889.9 0 0.0247988
12890.6 0 0.0249132
12891.3 0 0.0250277
12892 0 0.0251421
12892.7 0 0.0252566
12893.3 0 0.025371
12894 0 0.0254855
12894.6 0 0.0256
12895.2 0 0.0257145
12895.8 0 0.0258291
12896.4 0 0.0259436
12897 0 0.0260581
12897.6 0 0.0261727
12898.1 0 0.0262873
12898.7 0 0.0264019
12899.2 0 0.0265165
12899.8 0 0.0266311
12900.3 0 0.0267457
12900.7 0 0.0268605
12901.2 0 0.0269754
12901.6 0 0.0270902
12902 0 0.027205
12902.5 0 0.0273199
12902.9 0 0.0274347
12903.3 0 0.0275496
12903.7 0 0.0276645
12904.1 0 0.0277794
12904.5 0 0.0278943
12904.8 0 0.0280092
12905.2 0 0.0281241
12905.5 0 0.028239
12905.9 0 0.0283539
12906.2 0 0.0284688
12906.6 0 0.0285837
12906.9 0 0.0286986
12907.2 0 0.0288135
12907.5 0 0.0289284
12907.9 0 0.0290433
12908.2 0 0.0291582
12908.5 0 0.0292732
12908.8 0 0.0293881
12909 0 0.029503
12909.3 0 0.0296179
12909.6 0 0.0297328
12909.9 0 0.0298477
12910.2 0 0.0299626
12910.4 0 0.0300775
12910.7 0 0.0301924
12910.9 0 0.0303073
12911.2 0 0.0304221
12911.4 0 0.030537
12911.7 0 0.0306519
12911.9 0 0.0307668
12912.2 0 0.0308816
12912.4 0 0.0309965
12912.6 0 0.0311113
12912.9 0 0.0312262
12913.1 0 0.031341
12913.3 0 0.0314559
12913.5 0 0.0315707
12913.7 0 0.0316855
12913.9 0 0.0318003
12914.1 0 0.0319151
12914.3 0 0.0320299
12914.5 0 0.0321447
12914.7 0 0.0322595
12914.9 0 0.0323743
12915.1 0 0.032489
12915.3 0 0.0326038
12915.5 0 0.0327185
12915.7 0 0.0328333
12915.9 0 0.032948
12916 0 0.0330627
12916.2 0 0.0331775
12916.4 0 0.0332922
12916.6 0 0.0334069
12916.7 0 0.0335216
12916.9 0 0.0336363
12917 0 0.0337509
12917.2 0 0.0338656
12917.4 0 0.0339803
12917.5 0 0.0340949
12917.7 0 0.0342096
12917.8 0 0.0343242
12918 0 0.0344388
12918.1 0 0.0345534
12918.2 0 0.0346681
12918.4 0 0.0347827
12918.5 0 0.0348972
12918.7 0 0.0350118
12918.8 0 0.0351264
12918.9 0 0.035241
12919.1 0 0.0353555
12919.3 0 0.03547
12919.6 0 0.0355845
12920.2 0 0.0356989
12921.1 0 0.0358131
12922.2 0 0.0359273
12923.4 0 0.0360414
12924.8 0 0.0361554
12926.3 0 0.0362694
12927.9 0 0.0363833
12929.8 0 0.0364972
12931.8 0 0.0366109
12933.7 0 0.0367247
12935.7 0 0.0368384
12937.6 0 0.0369522
12939.6 0 0.0370659
12941.8 0 0.0371795
12944.1 0 0.0372931
12946.6 0 0.0374066
12949.3 0 0.03752
12951.9 0 0.0376334
12954.5 0 0.0377468
12957.1 0 0.0378602
12959.7 0 0.0379735
12962.3 0 0.0380869
12964.9 0 0.0382002
12967.5 0 0.0383135
12970.2 0 0.0384268
12973 0 0.03854
12976 0 0.0386532
12979.1 0 0.0387662
12982.4 0 0.0388792
12985.6 0 0.0389922
12988.8 0 0.0391052
12992 0 0.0392182
12995.2 0 0.0393312
12998.4 0 0.0394442
13001.6 0 0.0395572
13004.8 0 0.0396701
13008 0 0.0397831
13011.2 0 0.039896
13014.4 0 0.0400089
13017.6 0 0.0401218
13020.9 0 0.0402346
13024.2 0 0.0403474
13027.7 0 0.0404602
13031.3 0 0.0405728
13035 0 0.0406854
13038.8 0 0.0407979
13042.5 0 0.0409104
13046.3 0 0.041023
13050 0 0.0411355
13053.7 0 0.0412479
13057.5 0 0.0413604
13061.2 0 0.0414728
13064.9 0 0.0415853
13068.7 0 0.0416977
13072.4 0 0.04181
13076.1 0 0.0419224
13079.8 0 0.0420348
13083.5 0 0.0421471
13087.2 0 0.0422594
13090.9 0 0.0423717
13094.6 0 0.042484
13098.4 0 0.0425962
13102.2 0 0.0427084
13106.1 0 0.0428205
13110 0 0.0429326
13114.2 0 0.0430446
13118.4 0 0.0431565
13122.6 0 0.0432683
13126.8 0 0.0433802
13130.9 0 0.043492
13135.1 0 0.0436038
13139.3 0 0.0437156
13143.5 0 0.0438274
13147.6 0 0.0439392
13151.8 0 0.0440509
13155.9 0 0.0441626
13160.1 0 0.0442742
13164.3 0 0.0443859
13168.4 0 0.0444975
13172.5 0 0.0446091
13176.7 0 0.0447207
13180.8 0 0.0448323
13185 0 0.0449438
13189.1 0 0.0450553
13193.2 0 0.0451668
13197.4 0 0.0452782
13201.5 0 0.0453897
13205.6 0 0.0455011
13209.7 0 0.0456125
13213.9 0 0.0457238
13218.1 0 0.0458351
13222.4 0 0.0459463
13226.7 0 0.0460574
13231.2 0 0.0461685
13235.7 0 0.0462795
13240.2 0 0.0463904
13244.8 0 0.0465013
13249.3 0 0.0466122
13253.8 0 0.046723
13258.3 0 0.0468338
13262.8 0 0.0469446
13267.3 0 0.0470554
13271.8 0 0.0471661
13276.3 0 0.0472768
13280.8 0 0.0473874
13285.3 0 0.0474981
13289.8 0 0.0476087
13294.3 0 0.0477192
13298.7 0 0.0478298
13303.2 0 0.0479403
13307.7 0 0.0480508
13312.2 0 0.0481612
13316.6 0 0.0482716
13321.1 0 0.048382
13325.5 0 0.0484924
13330 0 0.0486027
13334.4 0 0.048713
13338.9 0 0.0488232
13343.3 0 0.0489334
13347.7 0 0.0490436
13352.2 0 0.0491538
13356.6 0 0.0492639
13361 0 0.049374
13365.5 0 0.0494841
13369.9 0 0.0495941
13374.3 0 0.0497041
13378.8 0 0.0498141
13383.3 0 0.049924
13387.9 0 0.0500338
13392.5 0 0.0501435
13397.2 0 0.0502532
13402 0 0.0503627
13406.7 0 0.0504722
13411.5 0 0.0505817
13416.2 0 0.0506911
13420.9 0 0.0508005
13425.7 0 0.0509098
13430.4 0 0.0510191
13435.1 0 0.0511284
13439.8 0 0.0512377
13444.5 0 0.0513469
13449.3 0 0.0514561
13454 0 0.0515652
13458.7 0 0.0516743
13463.4 0 0.0517834
13468.1 0 0.0518924
13472.8 0 0.0520015
13477.4 0 0.0521104
13482.1 0 0.0522194
13486.8 0 0.0523283
13491.5 0 0.0524372
13496.2 0 0.052546
13500.8 0 0.0526548
13505.5 0 0.0527636
13510.1 0 0.0528723
13514.8 0 0.052981
13519.5 0 0.0530897
13524.1 0 0.0531983
13528.8 0 0.0533069
13533.4 0 0.0534155
13538 0 0.053524
13542.7 0 0.0536325
13547.3 0 0.053741
13551.9 0 0.0538494
13556.6 0 0.0539578
13561.2 0 0.0540662
13565.8 0 0.0541745
13570.4 0 0.0542828
13575 0 0.0543911
13579.6 0 0.0544993
13584.2 0 0.0546075
13588.8 0 0.0547157
13593.4 0 0.0548239
13598 0 0.054932
13602.7 0 0.0550401
13607.4 0 0.0551481
13612.1 0 0.0552561
13616.8 0 0.055364
13621.6 0 0.0554718
13410.3 0 0.0554433
13470.1 0 0.0555088
13494.5 0 0.055589
