0 -58.4752 -2.26119e-06
634.56 0 8.91789e-05
1173.57 0 0.000185148
1709.92 0 0.00028109
2243.81 0 0.000376863
2775.24 0 0.000472428
3304.22 0 0.000567782
3830.74 0 0.000662905
4354.77 0 0.000757787
4876.15 0 0.00085243
5394.56 0 0.000946842
5909.16 0 0.00104105
6418.2 0 0.0011351
6918.36 0 0.00122912
7403.99 0 0.00132331
7866.83 0 0.00141793
8297.18 0 0.00151337
8686.59 0 0.00160997
9030.8 0 0.00170793
9330.49 0 0.00180734
9590.04 0 0.00190811
9815.21 0 0.00201007
10011.7 0 0.00211305
10184.8 0 0.0022169
10338.5 0 0.00232154
10475.8 0 0.0024274
10599.4 0 0.00253409
10711.4 0 0.00264159
10812.7 0 0.00274988
10905.5 0 0.00285862
10991.1 0 0.00296777
11070.4 0 0.00307728
11143.9 0 0.00318719
11212.1 0 0.00329762
11276 0 0.00340834
11335.9 0 0.00351932
11392.3 0 0.00363052
11445.5 0 0.00374193
11495.9 0 0.00385353
11543.8 0 0.0039653
11589.3 0 0.00407723
11632.4 0 0.00418941
11673.3 0 0.00430186
11712.4 0 0.00441444
11749.8 0 0.00452713
11785.6 0 0.00463994
11820.1 0 0.00475284
11853.2 0 0.00486582
11885.1 0 0.00497889
11915.6 0 0.00509192
11945 0 0.00520494
11972.9 0 0.00531849
11999.8 0 0.00543213
12025.7 0 0.00554582
12050.7 0 0.00565955
12074.7 0 0.00577329
12097.7 0 0.00588726
12119.8 0 0.00600171
12141.1 0 0.00611619
12161.8 0 0.00623069
12181.9 0 0.0063452
12201.4 0 0.00645973
12220.3 0 0.00657426
12238.6 0 0.0066888
12256.3 0 0.00680334
12273.3 0 0.00691812
12289.7 0 0.00703304
12305.5 0 0.00714795
12320.9 0 0.00726286
12335.7 0 0.00737801
12349.8 0 0.00749389
12363.5 0 0.00760976
12376.5 0 0.00772542
12388.8 0 0.00784111
12400.7 0 0.00795677
12412.4 0 0.00807241
12423.7 0 0.00818802
12434.7 0 0.00830361
12445.5 0 0.00841917
12455.9 0 0.0085347
12466.1 0 0.00865021
12476 0 0.0087657
12485.7 0 0.00888115
12495.1 0 0.00899659
12504.3 0 0.00911201
12513.2 0 0.0092274
12521.8 0 0.00934278
12530.3 0 0.00945814
12538.4 0 0.00957349
12546.4 0 0.00968882
12554.2 0 0.00980413
12561.7 0 0.00991943
12569 0 0.0100347
12576.2 0 0.01015
12583.1 0 0.0102652
12589.9 0 0.0103805
12596.5 0 0.0104957
12603 0 0.0106109
12609.3 0 0.010726
12615.5 0 0.0108412
12621.6 0 0.0109563
12627.5 0 0.0110714
12633.3 0 0.0111864
12638.9 0 0.0113015
12644.3 0 0.0114164
12649.5 0 0.0115312
12654.6 0 0.0116462
12659.6 0 0.0117616
12664.4 0 0.011877
12669.2 0 0.0119924
12673.9 0 0.0121078
12678.6 0 0.0122231
12683.1 0 0.0123384
12687.6 0 0.0124537
12692 0 0.012569
12696.3 0 0.0126842
12700.6 0 0.0127994
12704.8 0 0.0129145
12708.9 0 0.0130297
12713 0 0.0131448
12717 0 0.0132599
12720.9 0 0.013375
12724.7 0 0.01349
12728.5 0 0.0136051
12732.1 0 0.0137204
12735.7 0 0.013836
12739.2 0 0.0139515
12742.7 0 0.0140671
12746 0 0.0141827
12749.3 0 0.0142982
12752.5 0 0.014414
12755.5 0 0.014531
12758.3 0 0.0146481
12761.2 0 0.0147653
12763.9 0 0.0148825
12766.6 0 0.0149997
12769.2 0 0.0151169
12771.7 0 0.0152343
12774.1 0 0.015352
12776.4 0 0.0154697
12778.6 0 0.0155874
12780.8 0 0.0157052
12783 0 0.015823
12785.1 0 0.0159407
12787.2 0 0.0160585
12789.2 0 0.0161763
12791.2 0 0.0162942
12793.2 0 0.016412
12795.1 0 0.0165298
12797 0 0.0166477
12798.8 0 0.0167655
12800.6 0 0.0168833
12802.4 0 0.0170012
12804.2 0 0.017119
12805.9 0 0.0172368
12807.7 0 0.0173546
12809.4 0 0.0174725
12811 0 0.0175903
12812.7 0 0.0177081
12814.3 0 0.0178258
12815.9 0 0.0179436
12817.5 0 0.0180613
12819.1 0 0.0181791
12820.7 0 0.0182968
12822.2 0 0.0184145
12823.7 0 0.0185322
12825.2 0 0.0186499
12826.7 0 0.0187675
12828.2 0 0.0188852
12829.7 0 0.0190028
12831.1 0 0.0191204
12832.6 0 0.019238
12834 0 0.0193555
12835.4 0 0.0194731
12836.8 0 0.0195906
12838.2 0 0.0197081
12839.5 0 0.0198256
12840.9 0 0.0199431
12842.2 0 0.0200605
12843.6 0 0.020178
12844.9 0 0.0202954
12846.2 0 0.0204128
12847.5 0 0.0205302
12848.7 0 0.0206475
12850 0 0.0207649
12851.3 0 0.0208822
12852.5 0 0.0209996
12853.7 0 0.0211169
12855 0 0.0212342
12856.2 0 0.0213514
12857.4 0 0.0214687
12858.5 0 0.0215859
12859.7 0 0.0217032
12860.9 0 0.0218204
12862 0 0.0219376
12863.1 0 0.0220549
12864.3 0 0.0221721
12865.4 0 0.0222893
12866.4 0 0.0224064
12867.5 0 0.0225236
12868.6 0 0.0226408
12869.6 0 0.022758
12870.7 0 0.0228751
12871.7 0 0.0229923
12872.7 0 0.0231095
12873.7 0 0.0232266
12874.7 0 0.0233438
12875.7 0 0.0234609
12876.6 0 0.0235781
12877.5 0 0.0236952
12878.5 0 0.0238124
12879.4 0 0.0239296
12880.3 0 0.0240467
12881.2 0 0.0241639
12882 0 0.0242811
12882.9 0 0.0243983
12883.7 0 0.0245154
12884.6 0 0.0246326
12885.4 0 0.0247499
12886.2 0 0.0248671
12886.9 0 0.0249843
12887.7 0 0.0251015
12888.5 0 0.0252188
12889.2 0 0.0253361
12889.9 0 0.0254533
12890.6 0 0.0255706
12891.3 0 0.0256879
12892 0 0.0258052
12892.7 0 0.0259226
12893.3 0 0.0260399
12894 0 0.0261572
12894.6 0 0.0262746
12895.2 0 0.026392
12895.8 0 0.0265094
12896.4 0 0.0266268
12897 0 0.0267442
12897.6 0 0.0268616
12898.1 0 0.0269791
12898.7 0 0.0270965
12899.2 0 0.027214
12899.8 0 0.0273314
12900.3 0 0.0274489
12900.7 0 0.0275667
12901.2 0 0.0276844
12901.6 0 0.0278021
12902 0 0.0279199
12902.5 0 0.0280376
12902.9 0 0.0281554
12903.3 0 0.0282731
12903.7 0 0.0283909
12904.1 0 0.0285087
12904.5 0 0.0286265
12904.8 0 0.0287442
12905.2 0 0.028862
12905.5 0 0.0289798
12905.9 0 0.0290976
12906.2 0 0.0292154
12906.6 0 0.0293332
12906.9 0 0.029451
12907.2 0 0.0295688
12907.5 0 0.0296866
12907.9 0 0.0298044
12908.2 0 0.0299223
12908.5 0 0.0300401
12908.8 0 0.0301579
12909 0 0.0302757
12909.3 0 0.0303935
12909.6 0 0.0305113
12909.9 0 0.030629
12910.2 0 0.0307468
12910.4 0 0.0308646
12910.7 0 0.0309824
12910.9 0 0.0311002
12911.2 0 0.031218
12911.4 0 0.0313357
12911.7 0 0.0314535
12911.9 0 0.0315712
12912.2 0 0.031689
12912.4 0 0.0318067
12912.6 0 0.0319245
12912.9 0 0.0320422
12913.1 0 0.0321599
12913.3 0 0.0322777
12913.5 0 0.0323954
12913.7 0 0.0325131
12913.9 0 0.0326308
12914.1 0 0.0327485
12914.3 0 0.0328662
12914.5 0 0.0329839
12914.7 0 0.0331015
12914.9 0 0.0332192
12915.1 0 0.0333369
12915.3 0 0.0334545
12915.5 0 0.0335721
12915.7 0 0.0336898
12915.9 0 0.0338074
12916 0 0.033925
12916.2 0 0.0340426
12916.4 0 0.0341602
12916.6 0 0.0342778
12916.7 0 0.0343954
12916.9 0 0.034513
12917 0 0.0346306
12917.2 0 0.0347481
12917.4 0 0.0348657
12917.5 0 0.0349832
12917.7 0 0.0351008
12917.8 0 0.0352183
12918 0 0.0353358
12918.1 0 0.0354533
12918.2 0 0.0355708
12918.4 0 0.0356883
12918.5 0 0.0358058
12918.7 0 0.0359233
12918.8 0 0.0360408
12918.9 0 0.0361582
12919.1 0 0.0362757
12919.3 0 0.0363931
12919.6 0 0.0365104
12920.2 0 0.0366277
12921.1 0 0.0367449
12922.2 0 0.0368619
12923.4 0 0.0369789
12924.8 0 0.0370959
12926.3 0 0.0372128
12927.9 0 0.0373296
12929.8 0 0.0374463
12931.8 0 0.037563
12933.7 0 0.0376797
12935.7 0 0.0377963
12937.6 0 0.037913
12939.6 0 0.0380296
12941.8 0 0.0381462
12944.1 0 0.0382626
12946.6 0 0.038379
12949.3 0 0.0384954
12951.9 0 0.0386117
12954.5 0 0.038728
12957.1 0 0.0388443
12959.7 0 0.0389606
12962.3 0 0.0390769
12964.9 0 0.0391931
12967.5 0 0.0393094
12970.2 0 0.0394256
12973 0 0.0395417
12976 0 0.0396578
12979.1 0 0.0397737
12982.4 0 0.0398897
12985.6 0 0.0400056
12988.8 0 0.0401215
12992 0 0.0402374
12995.2 0 0.0403533
12998.4 0 0.0404692
13001.6 0 0.0405851
13004.8 0 0.040701
13008 0 0.0408168
13011.2 0 0.0409327
13014.4 0 0.0410485
13017.6 0 0.0411643
13020.9 0 0.0412801
13024.2 0 0.0413958
13027.7 0 0.0415114
13031.3 0 0.041627
13035 0 0.0417425
13038.8 0 0.0418579
13042.5 0 0.0419734
13046.3 0 0.0420888
13050 0 0.0422042
13053.7 0 0.0423196
13057.5 0 0.042435
13061.2 0 0.0425504
13064.9 0 0.0426657
13068.7 0 0.042781
13072.4 0 0.0428963
13076.1 0 0.0430116
13079.8 0 0.0431269
13083.5 0 0.0432422
13087.2 0 0.0433574
13090.9 0 0.0434726
13094.6 0 0.0435878
13098.4 0 0.043703
13102.2 0 0.0438181
13106.1 0 0.0439331
13110 0 0.0440481
13114.2 0 0.044163
13118.4 0 0.0442779
13122.6 0 0.0443927
13126.8 0 0.0445075
13130.9 0 0.0446222
13135.1 0 0.044737
13139.3 0 0.0448517
13143.5 0 0.0449664
13147.6 0 0.0450811
13151.8 0 0.0451957
13155.9 0 0.0453104
13160.1 0 0.045425
13164.3 0 0.0455396
13168.4 0 0.0456541
13172.5 0 0.0457687
13176.7 0 0.0458832
13180.8 0 0.0459977
13185 0 0.0461121
13189.1 0 0.0462266
13193.2 0 0.046341
13197.4 0 0.0464554
13201.5 0 0.0465698
13205.6 0 0.0466841
13209.7 0 0.0467984
13213.9 0 0.0469127
13218.1 0 0.0470269
13222.4 0 0.0471411
13226.7 0 0.0472552
13231.2 0 0.0473692
13235.7 0 0.0474831
13240.2 0 0.047597
13244.8 0 0.0477108
13249.3 0 0.0478246
13253.8 0 0.0479384
13258.3 0 0.0480522
13262.8 0 0.0481659
13267.3 0 0.0482796
13271.8 0 0.0483933
13276.3 0 0.0485069
13280.8 0 0.0486205
13285.3 0 0.0487341
13289.8 0 0.0488477
13294.3 0 0.0489612
13298.7 0 0.0490747
13303.2 0 0.0491882
13307.7 0 0.0493016
13312.2 0 0.049415
13316.6 0 0.0495284
13321.1 0 0.0496417
13325.5 0 0.049755
13330 0 0.0498683
13334.4 0 0.0499815
13338.9 0 0.0500948
13343.3 0 0.0502079
13347.7 0 0.0503211
13352.2 0 0.0504342
13356.6 0 0.0505473
13361 0 0.0506604
13365.5 0 0.0507734
13369.9 0 0.0508864
13374.3 0 0.0509994
13378.8 0 0.0511123
13383.3 0 0.0512251
13387.9 0 0.0513379
13392.5 0 0.0514506
13397.2 0 0.0515632
13402 0 0.0516757
13406.7 0 0.0517882
13411.5 0 0.0519006
13416.2 0 0.052013
13420.9 0 0.0521254
13425.7 0 0.0522377
13430.4 0 0.05235
13435.1 0 0.0524623
13439.8 0 0.0525745
13444.5 0 0.0526867
13449.3 0 0.0527988
13454 0 0.052911
13458.7 0 0.053023
13463.4 0 0.0531351
13468.1 0 0.0532471
13472.8 0 0.0533591
13477.4 0 0.0534711
13482.1 0 0.053583
13486.8 0 0.0536949
13491.5 0 0.0538067
13496.2 0 0.0539186
13500.8 0 0.0540303
13505.5 0 0.0541421
13510.1 0 0.0542538
13514.8 0 0.0543655
13519.5 0 0.0544772
13524.1 0 0.0545888
13528.8 0 0.0547004
13533.4 0 0.0548119
13538 0 0.0549234
13542.7 0 0.0550349
13547.3 0 0.0551464
13551.9 0 0.0552578
13556.6 0 0.0553692
13561.2 0 0.0554805
13565.8 0 0.0555919
13570.4 0 0.0557032
13575 0 0.0558144
13579.6 0 0.0559256
13584.2 0 0.0560368
13588.8 0 0.056148
13593.4 0 0.0562591
13598 0 0.0563702
13602.7 0 0.0564813
13607.4 0 0.0565923
13612.1 0 0.0567033
13616.8 0 0.0568141
13621.6 0 0.056925
13410.3 0 0.0568996
13470.1 0 0.0569682
13494.5 0 0.0570515
