0 -58.4752 -2.26119e-06
634.56 -63.0535 -2.43824e-06
1173.57 0 2.06778e-06
1709.92 0 6.52209e-06
2243.81 0 1.08189e-05
2775.24 0 1.48944e-05
3304.22 0 1.87431e-05
3830.74 0 2.23569e-05
4354.77 0 2.57315e-05
4876.15 0 2.88684e-05
5394.56 0 3.17761e-05
5909.16 0 3.44793e-05
6418.2 0 3.70338e-05
6918.36 0 3.95508e-05
7403.99 0 4.22275e-05
7866.83 0 4.53511e-05
8297.18 0 4.92848e-05
8686.59 0 5.43685e-05
9030.8 0 6.08133e-05
9330.49 0 6.87565e-05
9590.04 0 7.80945e-05
9815.21 0 8.87853e-05
10011.7 0 0.000100714
10184.8 0 0.000113574
10338.5 0 0.000127207
10475.8 0 0.000141422
10599.4 0 0.000156213
10711.4 0 0.00017159
10812.7 0 0.000188155
10905.5 0 0.000205149
10991.1 0 0.000222524
11070.4 0 0.00024024
11143.9 0 0.000258331
11212.1 0 0.000276922
11276 0 0.000295771
11335.9 0 0.000314856
11392.3 0 0.000334155
11445.5 0 0.000353649
11495.9 0 0.000373321
11543.8 0 0.000393155
11589.3 0 0.000413138
11632.4 0 0.000433414
11673.3 0 0.000454038
11712.4 0 0.000474786
11749.8 0 0.000495648
11785.6 0 0.000516612
11820.1 0 0.00053767
11853.2 0 0.00055881
11885.1 0 0.000580027
11915.6 0 0.000601702
11945 0 0.000623704
11972.9 0 0.000645964
11999.8 0 0.000668306
12025.7 0 0.000690708
12050.7 0 0.000713254
12074.7 0 0.000736308
12097.7 0 0.0007594
12119.8 0 0.000782507
12141.1 0 0.000805643
12161.8 0 0.000828804
12181.9 0 0.000851983
12201.4 0 0.000875178
12220.3 0 0.000898385
12238.6 0 0.000921602
12256.3 0 0.000944825
12273.3 0 0.000968223
12289.7 0 0.000991717
12305.5 0 0.00101521
12320.9 0 0.0010387
12335.7 0 0.00106212
12349.8 0 0.00108537
12363.5 0 0.00110859
12376.5 0 0.0011327
12388.8 0 0.00115753
12400.7 0 0.00118235
12412.4 0 0.00120715
12423.7 0 0.00123194
12434.7 0 0.00125671
12445.5 0 0.00128145
12455.9 0 0.00130618
12466.1 0 0.00133089
12476 0 0.00135559
12485.7 0 0.00138027
12495.1 0 0.00140494
12504.3 0 0.00142959
12513.2 0 0.00145424
12521.8 0 0.00147888
12530.3 0 0.00150352
12538.4 0 0.00152815
12546.4 0 0.00155277
12554.2 0 0.00157739
12561.7 0 0.001602
12569 0 0.00162661
12576.2 0 0.0016512
12583.1 0 0.00167578
12589.9 0 0.00170035
12596.5 0 0.00172491
12603 0 0.00174944
12609.3 0 0.00177396
12615.5 0 0.00179846
12621.6 0 0.00182293
12627.5 0 0.00184738
12633.3 0 0.00187197
12638.9 0 0.00189695
12644.3 0 0.00192251
12649.5 0 0.00194831
12654.6 0 0.00197407
12659.6 0 0.0019997
12664.4 0 0.00202532
12669.2 0 0.00205092
12673.9 0 0.0020765
12678.6 0 0.00210207
12683.1 0 0.00212763
12687.6 0 0.00215318
12692 0 0.00217872
12696.3 0 0.00220425
12700.6 0 0.00222978
12704.8 0 0.0022553
12708.9 0 0.00228082
12713 0 0.00230635
12717 0 0.00233188
12720.9 0 0.00235741
12724.7 0 0.00238295
12728.5 0 0.0024085
12732.1 0 0.00243395
12735.7 0 0.0024593
12739.2 0 0.00248465
12742.7 0 0.00251
12746 0 0.00253535
12749.3 0 0.00256072
12752.5 0 0.00258607
12755.5 0 0.00261148
12758.3 0 0.00263689
12761.2 0 0.00266231
12763.9 0 0.00268773
12766.6 0 0.00271314
12769.2 0 0.00273855
12771.7 0 0.00276427
12774.1 0 0.00279037
12776.4 0 0.00281647
12778.6 0 0.00284257
12780.8 0 0.00286866
12783 0 0.00289475
12785.1 0 0.00292083
12787.2 0 0.00294689
12789.2 0 0.00297295
12791.2 0 0.002999
12793.2 0 0.00302503
12795.1 0 0.00305106
12797 0 0.00307706
12798.8 0 0.00310306
12800.6 0 0.00312904
12802.4 0 0.003155
12804.2 0 0.00318094
12805.9 0 0.00320687
12807.7 0 0.00323279
12809.4 0 0.00325868
12811 0 0.00328456
12812.7 0 0.00331042
12814.3 0 0.00333627
12815.9 0 0.00336209
12817.5 0 0.0033879
12819.1 0 0.00341369
12820.7 0 0.00343946
12822.2 0 0.00346522
12823.7 0 0.00349096
12825.2 0 0.00351668
12826.7 0 0.00354238
12828.2 0 0.00356807
12829.7 0 0.00359374
12831.1 0 0.00361939
12832.6 0 0.00364503
12834 0 0.00367065
12835.4 0 0.00369625
12836.8 0 0.00372184
12838.2 0 0.00374741
12839.5 0 0.00377297
12840.9 0 0.00379851
12842.2 0 0.00382404
12843.6 0 0.00384956
12844.9 0 0.00387506
12846.2 0 0.00390055
12847.5 0 0.00392602
12848.7 0 0.00395149
12850 0 0.00397694
12851.3 0 0.00400238
12852.5 0 0.00402781
12853.7 0 0.00405323
12855 0 0.00407864
12856.2 0 0.00410404
12857.4 0 0.00412943
12858.5 0 0.00415482
12859.7 0 0.00418019
12860.9 0 0.00420553
12862 0 0.00423086
12863.1 0 0.00425618
12864.3 0 0.0042815
12865.4 0 0.00430681
12866.4 0 0.00433212
12867.5 0 0.00435742
12868.6 0 0.00438272
12869.6 0 0.00440802
12870.7 0 0.00443332
12871.7 0 0.00445861
12872.7 0 0.0044839
12873.7 0 0.0045092
12874.7 0 0.00453449
12875.7 0 0.00455978
12876.6 0 0.00458508
12877.5 0 0.00461037
12878.5 0 0.00463567
12879.4 0 0.00466097
12880.3 0 0.00468627
12881.2 0 0.00471157
12882 0 0.00473688
12882.9 0 0.00476219
12883.7 0 0.00478751
12884.6 0 0.00481283
12885.4 0 0.00483815
12886.2 0 0.00486348
12886.9 0 0.00488881
12887.7 0 0.00491414
12888.5 0 0.00493948
12889.2 0 0.00496482
12889.9 0 0.00499017
12890.6 0 0.00501552
12891.3 0 0.00504087
12892 0 0.00506623
12892.7 0 0.00509159
12893.3 0 0.00511695
12894 0 0.00514231
12894.6 0 0.00516768
12895.2 0 0.00519305
12895.8 0 0.00521842
12896.4 0 0.00524379
12897 0 0.00526917
12897.6 0 0.00529454
12898.1 0 0.00531991
12898.7 0 0.00534529
12899.2 0 0.00537066
12899.8 0 0.00539604
12900.3 0 0.00542146
12900.7 0 0.00544755
12901.2 0 0.00547365
12901.6 0 0.00549975
12902 0 0.00552585
12902.5 0 0.00555195
12902.9 0 0.00557806
12903.3 0 0.00560416
12903.7 0 0.00563027
12904.1 0 0.00565638
12904.5 0 0.00568249
12904.8 0 0.0057086
12905.2 0 0.0057347
12905.5 0 0.00576081
12905.9 0 0.00578692
12906.2 0 0.00581302
12906.6 0 0.00583912
12906.9 0 0.00586522
12907.2 0 0.00589132
12907.5 0 0.00591742
12907.9 0 0.00594351
12908.2 0 0.0059696
12908.5 0 0.00599568
12908.8 0 0.00602177
12909 0 0.00604784
12909.3 0 0.00607392
12909.6 0 0.00609999
12909.9 0 0.00612605
12910.2 0 0.00615211
12910.4 0 0.00617817
12910.7 0 0.00620422
12910.9 0 0.00623027
12911.2 0 0.00625631
12911.4 0 0.00628234
12911.7 0 0.00630837
12911.9 0 0.0063344
12912.2 0 0.00636042
12912.4 0 0.00638643
12912.6 0 0.00641244
12912.9 0 0.00643844
12913.1 0 0.00646444
12913.3 0 0.00649043
12913.5 0 0.00651641
12913.7 0 0.00654239
12913.9 0 0.00656836
12914.1 0 0.00659433
12914.3 0 0.00662029
12914.5 0 0.00664624
12914.7 0 0.00667219
12914.9 0 0.00669813
12915.1 0 0.00672406
12915.3 0 0.00674999
12915.5 0 0.00677591
12915.7 0 0.00680183
12915.9 0 0.00682773
12916 0 0.00685363
12916.2 0 0.00687953
12916.4 0 0.00690542
12916.6 0 0.0069313
12916.7 0 0.00695717
12916.9 0 0.00698304
12917 0 0.0070089
12917.2 0 0.00703476
12917.4 0 0.00706061
12917.5 0 0.00708645
12917.7 0 0.00711229
12917.8 0 0.00713811
12918 0 0.00716394
12918.1 0 0.00718975
12918.2 0 0.00721556
12918.4 0 0.00724136
12918.5 0 0.00726716
12918.7 0 0.00729295
12918.8 0 0.00731873
12918.9 0 0.0073445
12919.1 0 0.00737027
12919.3 0 0.00739601
12919.6 0 0.00742171
12920.2 0 0.00744734
12921.1 0 0.00747289
12922.2 0 0.00749836
12923.4 0 0.00752379
12924.8 0 0.00754919
12926.3 0 0.00757453
12927.9 0 0.00759984
12929.8 0 0.00762506
12931.8 0 0.00765026
12933.7 0 0.00767545
12935.7 0 0.00770064
12937.6 0 0.00772581
12939.6 0 0.00775095
12941.8 0 0.00777605
12944.1 0 0.0078011
12946.6 0 0.00782608
12949.3 0 0.00785102
12951.9 0 0.00787596
12954.5 0 0.00790089
12957.1 0 0.00792581
12959.7 0 0.00795072
12962.3 0 0.00797562
12964.9 0 0.00800051
12967.5 0 0.00802539
12970.2 0 0.00805024
12973 0 0.00807504
12976 0 0.00809979
12979.1 0 0.00812447
12982.4 0 0.00814912
12985.6 0 0.00817375
12988.8 0 0.00819822
12992 0 0.00822269
12995.2 0 0.00824714
12998.4 0 0.00827158
13001.6 0 0.00829601
13004.8 0 0.00832043
13008 0 0.00834483
13011.2 0 0.00836923
13014.4 0 0.00839361
13017.6 0 0.00841798
13020.9 0 0.0084423
13024.2 0 0.00846658
13027.7 0 0.0084908
13031.3 0 0.00851495
13035 0 0.00853905
13038.8 0 0.00856313
13042.5 0 0.0085872
13046.3 0 0.00861125
13050 0 0.0086353
13053.7 0 0.00865932
13057.5 0 0.00868334
13061.2 0 0.00870734
13064.9 0 0.00873133
13068.7 0 0.0087553
13072.4 0 0.00877926
13076.1 0 0.00880321
13079.8 0 0.00882714
13083.5 0 0.00885106
13087.2 0 0.00887496
13090.9 0 0.00889885
13094.6 0 0.00892272
13098.4 0 0.00894656
13102.2 0 0.00897034
13106.1 0 0.00899408
13110 0 0.00901777
13114.2 0 0.00904135
13118.4 0 0.00906492
13122.6 0 0.00908848
13126.8 0 0.00911201
13130.9 0 0.00913553
13135.1 0 0.00915904
13139.3 0 0.00918252
13143.5 0 0.00920599
13147.6 0 0.00922944
13151.8 0 0.00925288
13155.9 0 0.00927629
13160.1 0 0.00929969
13164.3 0 0.00932308
13168.4 0 0.00934644
13172.5 0 0.00936979
13176.7 0 0.00939311
13180.8 0 0.00941642
13185 0 0.00943972
13189.1 0 0.00946299
13193.2 0 0.00948624
13197.4 0 0.00950948
13201.5 0 0.0095327
13205.6 0 0.0095559
13209.7 0 0.00957908
13213.9 0 0.0096022
13218.1 0 0.00962528
13222.4 0 0.0096483
13226.7 0 0.00967127
13231.2 0 0.00969413
13235.7 0 0.00971697
13240.2 0 0.00973979
13244.8 0 0.00976259
13249.3 0 0.00978537
13253.8 0 0.00980812
13258.3 0 0.00983085
13262.8 0 0.00985357
13267.3 0 0.00987625
13271.8 0 0.00989892
13276.3 0 0.00992156
13280.8 0 0.00994419
13285.3 0 0.00996678
13289.8 0 0.00998936
13294.3 0 0.0100119
13298.7 0 0.0100344
13303.2 0 0.0100569
13307.7 0 0.0100794
13312.2 0 0.0101019
13316.6 0 0.0101243
13321.1 0 0.0101467
13325.5 0 0.0101691
13330 0 0.0101915
13334.4 0 0.0102138
13338.9 0 0.0102362
13343.3 0 0.0102584
13347.7 0 0.0102807
13352.2 0 0.010303
13356.6 0 0.0103252
13361 0 0.0103474
13365.5 0 0.0103695
13369.9 0 0.0103917
13374.3 0 0.0104138
13378.8 0 0.0104358
13383.3 0 0.0104578
13387.9 0 0.0104797
13392.5 0 0.0105015
13397.2 0 0.0105233
13402 0 0.010545
13406.7 0 0.0105667
13411.5 0 0.0105884
13416.2 0 0.01061
13420.9 0 0.0106317
13425.7 0 0.0106533
13430.4 0 0.0106748
13435.1 0 0.0106964
13439.8 0 0.0107179
13444.5 0 0.0107394
13449.3 0 0.0107608
13454 0 0.0107823
13458.7 0 0.0108037
13463.4 0 0.010825
13468.1 0 0.0108464
13472.8 0 0.0108677
13477.4 0 0.010889
13482.1 0 0.0109103
13486.8 0 0.0109315
13491.5 0 0.0109527
13496.2 0 0.0109739
13500.8 0 0.010995
13505.5 0 0.0110162
13510.1 0 0.0110373
13514.8 0 0.0110583
13519.5 0 0.0110794
13524.1 0 0.0111004
13528.8 0 0.0111214
13533.4 0 0.0111423
13538 0 0.0111632
13542.7 0 0.0111841
13547.3 0 0.011205
13551.9 0 0.0112258
13556.6 0 0.0112467
13561.2 0 0.0112674
13565.8 0 0.0112882
13570.4 0 0.0113089
13575 0 0.0113296
13579.6 0 0.0113503
13584.2 0 0.0113709
13588.8 0 0.0113915
13593.4 0 0.0114121
13598 0 0.0114326
13602.7 0 0.011453
13607.4 0 0.0114734
13612.1 0 0.0114937
13616.8 0 0.0115139
13621.6 0 0.011534
13410.3 0 0.0114203
13470.1 0 0.0113992
13494.5 0 0.011393
