0 -58.4752 -2.26119e-06
634.56 0 0.000112938
1173.57 0 0.000232743
1709.92 0 0.000352508
2243.81 0 0.00047211
2775.24 0 0.000591497
3304.22 0 0.000710666
3830.74 0 0.000829601
4354.77 0 0.000948297
4876.15 0 0.00106675
5394.56 0 0.00118498
5909.16 0 0.001303
6418.2 0 0.00142088
6918.36 0 0.00153871
7403.99 0 0.00165671
7866.83 0 0.00177515
8297.18 0 0.0018944
8686.59 0 0.00201481
9030.8 0 0.00213658
9330.49 0 0.00225983
9590.04 0 0.00238445
9815.21 0 0.00251034
10011.7 0 0.00263736
10184.8 0 0.00276528
10338.5 0 0.00289398
10475.8 0 0.00302358
10599.4 0 0.00315389
10711.4 0 0.0032849
10812.7 0 0.0034169
10905.5 0 0.00354933
10991.1 0 0.00368216
11070.4 0 0.00381534
11143.9 0 0.00394891
11212.1 0 0.004083
11276 0 0.00421735
11335.9 0 0.00435195
11392.3 0 0.00448676
11445.5 0 0.00462179
11495.9 0 0.00475699
11543.8 0 0.00489236
11589.3 0 0.00502789
11632.4 0 0.00516368
11673.3 0 0.00529979
11712.4 0 0.00543602
11749.8 0 0.00557237
11785.6 0 0.00570882
11820.1 0 0.00584537
11853.2 0 0.005982
11885.1 0 0.00611871
11915.6 0 0.00625563
11945 0 0.00639271
11972.9 0 0.00653018
11999.8 0 0.00666773
12025.7 0 0.00680535
12050.7 0 0.00694305
12074.7 0 0.00708101
12097.7 0 0.00721911
12119.8 0 0.00735745
12141.1 0 0.00749583
12161.8 0 0.00763422
12181.9 0 0.00777264
12201.4 0 0.00791106
12220.3 0 0.0080495
12238.6 0 0.00818794
12256.3 0 0.00832639
12273.3 0 0.00846505
12289.7 0 0.00860382
12305.5 0 0.00874259
12320.9 0 0.00888136
12335.7 0 0.00902021
12349.8 0 0.00915935
12363.5 0 0.00929847
12376.5 0 0.00943792
12388.8 0 0.00957774
12400.7 0 0.00971755
12412.4 0 0.00985733
12423.7 0 0.0099971
12434.7 0 0.0101368
12445.5 0 0.0102766
12455.9 0 0.0104163
12466.1 0 0.0105559
12476 0 0.0106956
12485.7 0 0.0108352
12495.1 0 0.0109748
12504.3 0 0.0111144
12513.2 0 0.011254
12521.8 0 0.0113936
12530.3 0 0.0115332
12538.4 0 0.0116727
12546.4 0 0.0118122
12554.2 0 0.0119518
12561.7 0 0.0120913
12569 0 0.0122308
12576.2 0 0.0123703
12583.1 0 0.0125098
12589.9 0 0.0126492
12596.5 0 0.0127887
12603 0 0.0129281
12609.3 0 0.0130675
12615.5 0 0.0132069
12621.6 0 0.0133463
12627.5 0 0.0134856
12633.3 0 0.013625
12638.9 0 0.0137645
12644.3 0 0.0139043
12649.5 0 0.0140442
12654.6 0 0.0141841
12659.6 0 0.0143242
12664.4 0 0.0144643
12669.2 0 0.0146044
12673.9 0 0.0147444
12678.6 0 0.0148844
12683.1 0 0.0150244
12687.6 0 0.0151644
12692 0 0.0153043
12696.3 0 0.0154443
12700.6 0 0.0155842
12704.8 0 0.0157241
12708.9 0 0.015864
12713 0 0.0160039
12717 0 0.0161437
12720.9 0 0.0162836
12724.7 0 0.0164235
12728.5 0 0.0165633
12732.1 0 0.0167032
12735.7 0 0.0168433
12739.2 0 0.0169833
12742.7 0 0.0171233
12746 0 0.0172634
12749.3 0 0.0174034
12752.5 0 0.0175435
12755.5 0 0.0176843
12758.3 0 0.0178251
12761.2 0 0.017966
12763.9 0 0.0181068
12766.6 0 0.0182477
12769.2 0 0.0183886
12771.7 0 0.0185297
12774.1 0 0.0186712
12776.4 0 0.0188127
12778.6 0 0.0189541
12780.8 0 0.0190956
12783 0 0.0192371
12785.1 0 0.0193786
12787.2 0 0.0195201
12789.2 0 0.0196616
12791.2 0 0.0198031
12793.2 0 0.0199446
12795.1 0 0.0200861
12797 0 0.0202276
12798.8 0 0.0203691
12800.6 0 0.0205106
12802.4 0 0.020652
12804.2 0 0.0207935
12805.9 0 0.0209349
12807.7 0 0.0210764
12809.4 0 0.0212178
12811 0 0.0213592
12812.7 0 0.0215006
12814.3 0 0.021642
12815.9 0 0.0217834
12817.5 0 0.0219247
12819.1 0 0.022066
12820.7 0 0.0222074
12822.2 0 0.0223487
12823.7 0 0.0224899
12825.2 0 0.0226312
12826.7 0 0.0227724
12828.2 0 0.0229137
12829.7 0 0.0230549
12831.1 0 0.0231961
12832.6 0 0.0233373
12834 0 0.0234784
12835.4 0 0.0236196
12836.8 0 0.0237607
12838.2 0 0.0239018
12839.5 0 0.0240429
12840.9 0 0.024184
12842.2 0 0.024325
12843.6 0 0.0244661
12844.9 0 0.0246071
12846.2 0 0.0247481
12847.5 0 0.0248891
12848.7 0 0.0250301
12850 0 0.0251711
12851.3 0 0.025312
12852.5 0 0.025453
12853.7 0 0.0255939
12855 0 0.0257348
12856.2 0 0.0258757
12857.4 0 0.0260166
12858.5 0 0.0261575
12859.7 0 0.0262984
12860.9 0 0.0264393
12862 0 0.0265801
12863.1 0 0.0267209
12864.3 0 0.0268618
12865.4 0 0.0270026
12866.4 0 0.0271434
12867.5 0 0.0272842
12868.6 0 0.027425
12869.6 0 0.0275658
12870.7 0 0.0277066
12871.7 0 0.0278474
12872.7 0 0.0279882
12873.7 0 0.028129
12874.7 0 0.0282698
12875.7 0 0.0284106
12876.6 0 0.0285514
12877.5 0 0.0286922
12878.5 0 0.028833
12879.4 0 0.0289738
12880.3 0 0.0291146
12881.2 0 0.0292554
12882 0 0.0293962
12882.9 0 0.029537
12883.7 0 0.0296778
12884.6 0 0.0298187
12885.4 0 0.0299595
12886.2 0 0.0301003
12886.9 0 0.0302412
12887.7 0 0.0303821
12888.5 0 0.0305229
12889.2 0 0.0306638
12889.9 0 0.0308047
12890.6 0 0.0309456
12891.3 0 0.0310864
12892 0 0.0312273
12892.7 0 0.0313683
12893.3 0 0.0315092
12894 0 0.0316501
12894.6 0 0.031791
12895.2 0 0.031932
12895.8 0 0.0320729
12896.4 0 0.0322139
12897 0 0.0323549
12897.6 0 0.0324958
12898.1 0 0.0326368
12898.7 0 0.0327778
12899.2 0 0.0329188
12899.8 0 0.0330598
12900.3 0 0.0332008
12900.7 0 0.0333423
12901.2 0 0.0334837
12901.6 0 0.0336252
12902 0 0.0337667
12902.5 0 0.0339082
12902.9 0 0.0340497
12903.3 0 0.0341912
12903.7 0 0.0343327
12904.1 0 0.0344742
12904.5 0 0.0346157
12904.8 0 0.0347573
12905.2 0 0.0348988
12905.5 0 0.0350403
12905.9 0 0.0351818
12906.2 0 0.0353233
12906.6 0 0.0354649
12906.9 0 0.0356064
12907.2 0 0.0357479
12907.5 0 0.0358894
12907.9 0 0.0360309
12908.2 0 0.0361724
12908.5 0 0.036314
12908.8 0 0.0364555
12909 0 0.036597
12909.3 0 0.0367385
12909.6 0 0.03688
12909.9 0 0.0370215
12910.2 0 0.037163
12910.4 0 0.0373045
12910.7 0 0.0374459
12910.9 0 0.0375874
12911.2 0 0.0377289
12911.4 0 0.0378704
12911.7 0 0.0380118
12911.9 0 0.0381533
12912.2 0 0.0382947
12912.4 0 0.0384362
12912.6 0 0.0385776
12912.9 0 0.0387191
12913.1 0 0.0388605
12913.3 0 0.0390019
12913.5 0 0.0391433
12913.7 0 0.0392848
12913.9 0 0.0394262
12914.1 0 0.0395676
12914.3 0 0.039709
12914.5 0 0.0398503
12914.7 0 0.0399917
12914.9 0 0.0401331
12915.1 0 0.0402745
12915.3 0 0.0404158
12915.5 0 0.0405572
12915.7 0 0.0406985
12915.9 0 0.0408398
12916 0 0.0409812
12916.2 0 0.0411225
12916.4 0 0.0412638
12916.6 0 0.0414051
12916.7 0 0.0415464
12916.9 0 0.0416877
12917 0 0.041829
12917.2 0 0.0419703
12917.4 0 0.0421115
12917.5 0 0.0422528
12917.7 0 0.042394
12917.8 0 0.0425353
12918 0 0.0426765
12918.1 0 0.0428178
12918.2 0 0.042959
12918.4 0 0.0431002
12918.5 0 0.0432414
12918.7 0 0.0433826
12918.8 0 0.0435238
12918.9 0 0.043665
12919.1 0 0.0438062
12919.3 0 0.0439473
12919.6 0 0.0440884
12920.2 0 0.0442294
12921.1 0 0.0443703
12922.2 0 0.0445112
12923.4 0 0.044652
12924.8 0 0.0447927
12926.3 0 0.0449334
12927.9 0 0.045074
12929.8 0 0.0452146
12931.8 0 0.0453551
12933.7 0 0.0454956
12935.7 0 0.0456361
12937.6 0 0.0457765
12939.6 0 0.045917
12941.8 0 0.0460574
12944.1 0 0.0461977
12946.6 0 0.046338
12949.3 0 0.0464782
12951.9 0 0.0466184
12954.5 0 0.0467586
12957.1 0 0.0468987
12959.7 0 0.0470389
12962.3 0 0.047179
12964.9 0 0.0473192
12967.5 0 0.0474593
12970.2 0 0.0475994
12973 0 0.0477394
12976 0 0.0478794
12979.1 0 0.0480193
12982.4 0 0.0481592
12985.6 0 0.048299
12988.8 0 0.0484388
12992 0 0.0485785
12995.2 0 0.0487183
12998.4 0 0.048858
13001.6 0 0.0489977
13004.8 0 0.0491374
13008 0 0.0492771
13011.2 0 0.0494168
13014.4 0 0.0495565
13017.6 0 0.0496961
13020.9 0 0.0498358
13024.2 0 0.0499753
13027.7 0 0.0501148
13031.3 0 0.0502543
13035 0 0.0503936
13038.8 0 0.0505329
13042.5 0 0.0506723
13046.3 0 0.0508116
13050 0 0.0509509
13053.7 0 0.0510901
13057.5 0 0.0512294
13061.2 0 0.0513687
13064.9 0 0.0515079
13068.7 0 0.0516471
13072.4 0 0.0517863
13076.1 0 0.0519255
13079.8 0 0.0520647
13083.5 0 0.0522038
13087.2 0 0.052343
13090.9 0 0.0524821
13094.6 0 0.0526212
13098.4 0 0.0527602
13102.2 0 0.0528993
13106.1 0 0.0530382
13110 0 0.0531771
13114.2 0 0.0533159
13118.4 0 0.0534547
13122.6 0 0.0535934
13126.8 0 0.0537322
13130.9 0 0.0538709
13135.1 0 0.0540096
13139.3 0 0.0541482
13143.5 0 0.0542869
13147.6 0 0.0544255
13151.8 0 0.0545641
13155.9 0 0.0547027
13160.1 0 0.0548413
13164.3 0 0.0549798
13168.4 0 0.0551184
13172.5 0 0.0552569
13176.7 0 0.0553954
13180.8 0 0.0555338
13185 0 0.0556723
13189.1 0 0.0558107
13193.2 0 0.0559491
13197.4 0 0.0560875
13201.5 0 0.0562259
13205.6 0 0.0563642
13209.7 0 0.0565025
13213.9 0 0.0566408
13218.1 0 0.056779
13222.4 0 0.0569171
13226.7 0 0.0570552
13231.2 0 0.0571932
13235.7 0 0.0573312
13240.2 0 0.0574691
13244.8 0 0.057607
13249.3 0 0.0577448
13253.8 0 0.0578827
13258.3 0 0.0580205
13262.8 0 0.0581583
13267.3 0 0.058296
13271.8 0 0.0584338
13276.3 0 0.0585715
13280.8 0 0.0587092
13285.3 0 0.0588468
13289.8 0 0.0589845
13294.3 0 0.0591221
13298.7 0 0.0592596
13303.2 0 0.0593972
13307.7 0 0.0595347
13312.2 0 0.0596722
13316.6 0 0.0598097
13321.1 0 0.0599471
13325.5 0 0.0600845
13330 0 0.0602219
13334.4 0 0.0603593
13338.9 0 0.0604966
13343.3 0 0.0606339
13347.7 0 0.0607712
13352.2 0 0.0609084
13356.6 0 0.0610457
13361 0 0.0611828
13365.5 0 0.06132
13369.9 0 0.0614571
13374.3 0 0.0615942
13378.8 0 0.0617313
13383.3 0 0.0618682
13387.9 0 0.0620052
13392.5 0 0.062142
13397.2 0 0.0622787
13402 0 0.0624154
13406.7 0 0.0625521
13411.5 0 0.0626887
13416.2 0 0.0628253
13420.9 0 0.0629618
13425.7 0 0.0630983
13430.4 0 0.0632348
13435.1 0 0.0633713
13439.8 0 0.0635077
13444.5 0 0.0636441
13449.3 0 0.0637805
13454 0 0.0639169
13458.7 0 0.0640532
13463.4 0 0.0641895
13468.1 0 0.0643257
13472.8 0 0.0644619
13477.4 0 0.0645981
13482.1 0 0.0647343
13486.8 0 0.0648704
13491.5 0 0.0650065
13496.2 0 0.0651425
13500.8 0 0.0652786
13505.5 0 0.0654146
13510.1 0 0.0655506
13514.8 0 0.0656865
13519.5 0 0.0658224
13524.1 0 0.0659583
13528.8 0 0.0660941
13533.4 0 0.0662299
13538 0 0.0663657
13542.7 0 0.0665015
13547.3 0 0.0666372
13551.9 0 0.0667729
13556.6 0 0.0669086
13561.2 0 0.0670442
13565.8 0 0.0671798
13570.4 0 0.0673154
13575 0 0.0674509
13579.6 0 0.0675864
13584.2 0 0.0677219
13588.8 0 0.0678574
13593.4 0 0.0679928
13598 0 0.0681281
13602.7 0 0.0682635
13607.4 0 0.0683987
13612.1 0 0.0685339
13616.8 0 0.068669
13621.6 0 0.068804
13410.3 0 0.068804
13470.1 0 0.0688974
13494.5 0 0.0690054
