0 -58.4752 -2.26119e-06
634.56 0 4.63428e-06
1173.57 0 1.60319e-05
1709.92 0 2.74055e-05
2243.81 0 3.86088e-05
2775.24 0 4.96073e-05
3304.22 0 6.03965e-05
3830.74 0 7.09555e-05
4354.77 0 8.12735e-05
4876.15 0 9.1352e-05
5394.56 0 0.0001012
5909.16 0 0.000110841
6418.2 0 0.000120333
6918.36 0 0.000129786
7403.99 0 0.000139406
7866.83 0 0.000149467
8297.18 0 0.000160341
8686.59 0 0.000172376
9030.8 0 0.000185776
9330.49 0 0.000200617
9590.04 0 0.000216808
9815.21 0 0.000234159
10011.7 0 0.000252495
10184.8 0 0.000271687
10338.5 0 0.00029168
10475.8 0 0.000312991
10599.4 0 0.000335188
10711.4 0 0.000358236
10812.7 0 0.000381998
10905.5 0 0.000406218
10991.1 0 0.000430847
11070.4 0 0.000455843
11143.9 0 0.000481245
11212.1 0 0.00050718
11276 0 0.000533399
11335.9 0 0.000559875
11392.3 0 0.000586583
11445.5 0 0.000613501
11495.9 0 0.000640611
11543.8 0 0.000667896
11589.3 0 0.000695343
11632.4 0 0.000723025
11673.3 0 0.000750966
11712.4 0 0.000779037
11749.8 0 0.000807227
11785.6 0 0.000835524
11820.1 0 0.000863919
11853.2 0 0.000892404
11885.1 0 0.000920969
11915.6 0 0.000949407
11945 0 0.000977774
11972.9 0 0.00100672
11999.8 0 0.00103576
12025.7 0 0.00106485
12050.7 0 0.00109396
12074.7 0 0.00112299
12097.7 0 0.00115228
12119.8 0 0.00118214
12141.1 0 0.00121202
12161.8 0 0.00124193
12181.9 0 0.00127185
12201.4 0 0.00130178
12220.3 0 0.00133171
12238.6 0 0.00136165
12256.3 0 0.0013916
12273.3 0 0.0014218
12289.7 0 0.00145213
12305.5 0 0.00148246
12320.9 0 0.00151279
12335.7 0 0.00154343
12349.8 0 0.00157494
12363.5 0 0.00160645
12376.5 0 0.00163755
12388.8 0 0.00166856
12400.7 0 0.00169954
12412.4 0 0.00173049
12423.7 0 0.00176142
12434.7 0 0.00179232
12445.5 0 0.0018232
12455.9 0 0.00185404
12466.1 0 0.00188486
12476 0 0.00191565
12485.7 0 0.00194642
12495.1 0 0.00197716
12504.3 0 0.00200788
12513.2 0 0.00203858
12521.8 0 0.00206925
12530.3 0 0.00209991
12538.4 0 0.00213055
12546.4 0 0.00216118
12554.2 0 0.00219178
12561.7 0 0.00222237
12569 0 0.00225294
12576.2 0 0.0022835
12583.1 0 0.00231403
12589.9 0 0.00234454
12596.5 0 0.00237504
12603 0 0.00240551
12609.3 0 0.00243596
12615.5 0 0.00246639
12621.6 0 0.00249679
12627.5 0 0.00252717
12633.3 0 0.00255749
12638.9 0 0.00258769
12644.3 0 0.00261765
12649.5 0 0.00264749
12654.6 0 0.00267748
12659.6 0 0.00270806
12664.4 0 0.00273861
12669.2 0 0.00276913
12673.9 0 0.00279963
12678.6 0 0.00283009
12683.1 0 0.00286052
12687.6 0 0.00289092
12692 0 0.00292128
12696.3 0 0.00295162
12700.6 0 0.00298193
12704.8 0 0.0030122
12708.9 0 0.00304245
12713 0 0.00307266
12717 0 0.00310285
12720.9 0 0.00313301
12724.7 0 0.00316314
12728.5 0 0.00319325
12732.1 0 0.00322369
12735.7 0 0.00325451
12739.2 0 0.0032853
12742.7 0 0.00331609
12746 0 0.00334686
12749.3 0 0.00337762
12752.5 0 0.00340864
12755.5 0 0.00344107
12758.3 0 0.00347369
12761.2 0 0.00350632
12763.9 0 0.00353899
12766.6 0 0.00357167
12769.2 0 0.00360437
12771.7 0 0.00363726
12774.1 0 0.0036704
12776.4 0 0.00370356
12778.6 0 0.00373674
12780.8 0 0.00376996
12783 0 0.00380319
12785.1 0 0.00383644
12787.2 0 0.00386971
12789.2 0 0.003903
12791.2 0 0.0039363
12793.2 0 0.00396962
12795.1 0 0.00400294
12797 0 0.00403627
12798.8 0 0.0040696
12800.6 0 0.00410294
12802.4 0 0.00413627
12804.2 0 0.00416961
12805.9 0 0.00420294
12807.7 0 0.00423627
12809.4 0 0.00426959
12811 0 0.0043029
12812.7 0 0.0043362
12814.3 0 0.00436949
12815.9 0 0.00440277
12817.5 0 0.00443603
12819.1 0 0.00446928
12820.7 0 0.00450252
12822.2 0 0.00453574
12823.7 0 0.00456895
12825.2 0 0.00460213
12826.7 0 0.0046353
12828.2 0 0.00466846
12829.7 0 0.00470159
12831.1 0 0.00473471
12832.6 0 0.0047678
12834 0 0.00480088
12835.4 0 0.00483394
12836.8 0 0.00486698
12838.2 0 0.0049
12839.5 0 0.004933
12840.9 0 0.00496599
12842.2 0 0.00499895
12843.6 0 0.0050319
12844.9 0 0.00506483
12846.2 0 0.00509773
12847.5 0 0.00513063
12848.7 0 0.0051635
12850 0 0.00519636
12851.3 0 0.0052292
12852.5 0 0.00526202
12853.7 0 0.00529483
12855 0 0.00532762
12856.2 0 0.0053604
12857.4 0 0.00539316
12858.5 0 0.00542591
12859.7 0 0.00545865
12860.9 0 0.00549139
12862 0 0.00552412
12863.1 0 0.00555683
12864.3 0 0.00558954
12865.4 0 0.00562224
12866.4 0 0.00565493
12867.5 0 0.00568761
12868.6 0 0.00572029
12869.6 0 0.00575296
12870.7 0 0.00578563
12871.7 0 0.00581829
12872.7 0 0.00585094
12873.7 0 0.0058836
12874.7 0 0.00591625
12875.7 0 0.00594891
12876.6 0 0.00598156
12877.5 0 0.00601422
12878.5 0 0.00604688
12879.4 0 0.00607954
12880.3 0 0.0061122
12881.2 0 0.00614488
12882 0 0.00617755
12882.9 0 0.00621024
12883.7 0 0.00624293
12884.6 0 0.00627564
12885.4 0 0.00630835
12886.2 0 0.00634107
12886.9 0 0.00637381
12887.7 0 0.00640655
12888.5 0 0.00643931
12889.2 0 0.00647208
12889.9 0 0.00650487
12890.6 0 0.00653766
12891.3 0 0.00657048
12892 0 0.0066033
12892.7 0 0.00663615
12893.3 0 0.006669
12894 0 0.00670188
12894.6 0 0.00673476
12895.2 0 0.00676766
12895.8 0 0.00680058
12896.4 0 0.00683351
12897 0 0.00686646
12897.6 0 0.00689942
12898.1 0 0.00693239
12898.7 0 0.00696538
12899.2 0 0.00699838
12899.8 0 0.0070314
12900.3 0 0.00706443
12900.7 0 0.0070976
12901.2 0 0.00713078
12901.6 0 0.00716397
12902 0 0.00719717
12902.5 0 0.00723038
12902.9 0 0.00726359
12903.3 0 0.00729682
12903.7 0 0.00733006
12904.1 0 0.0073633
12904.5 0 0.00739655
12904.8 0 0.0074298
12905.2 0 0.00746306
12905.5 0 0.00749632
12905.9 0 0.00752959
12906.2 0 0.00756286
12906.6 0 0.00759613
12906.9 0 0.00762941
12907.2 0 0.00766268
12907.5 0 0.00769596
12907.9 0 0.00772924
12908.2 0 0.00776252
12908.5 0 0.00779579
12908.8 0 0.00782907
12909 0 0.00786234
12909.3 0 0.00789562
12909.6 0 0.00792889
12909.9 0 0.00796215
12910.2 0 0.00799542
12910.4 0 0.00802868
12910.7 0 0.00806194
12910.9 0 0.00809519
12911.2 0 0.00812844
12911.4 0 0.00816168
12911.7 0 0.00819492
12911.9 0 0.00822816
12912.2 0 0.00826138
12912.4 0 0.00829461
12912.6 0 0.00832782
12912.9 0 0.00836103
12913.1 0 0.00839424
12913.3 0 0.00842743
12913.5 0 0.00846063
12913.7 0 0.00849381
12913.9 0 0.00852699
12914.1 0 0.00856016
12914.3 0 0.00859332
12914.5 0 0.00862647
12914.7 0 0.00865962
12914.9 0 0.00869276
12915.1 0 0.00872589
12915.3 0 0.00875902
12915.5 0 0.00879214
12915.7 0 0.00882524
12915.9 0 0.00885834
12916 0 0.00889144
12916.2 0 0.00892452
12916.4 0 0.0089576
12916.6 0 0.00899066
12916.7 0 0.00902372
12916.9 0 0.00905677
12917 0 0.00908981
12917.2 0 0.00912285
12917.4 0 0.00915587
12917.5 0 0.00918889
12917.7 0 0.00922189
12917.8 0 0.00925489
12918 0 0.00928788
12918.1 0 0.00932086
12918.2 0 0.00935383
12918.4 0 0.0093868
12918.5 0 0.00941975
12918.7 0 0.0094527
12918.8 0 0.00948563
12918.9 0 0.00951856
12919.1 0 0.00955148
12919.3 0 0.00958436
12919.6 0 0.00961718
12920.2 0 0.0096499
12921.1 0 0.00968251
12922.2 0 0.00971502
12923.4 0 0.00974747
12924.8 0 0.00977986
12926.3 0 0.0098122
12927.9 0 0.00984447
12929.8 0 0.00987662
12931.8 0 0.00990874
12933.7 0 0.00994085
12935.7 0 0.00997295
12937.6 0 0.010005
12939.6 0 0.0100371
12941.8 0 0.010069
12944.1 0 0.010101
12946.6 0 0.0101328
12949.3 0 0.0101645
12951.9 0 0.0101963
12954.5 0 0.010228
12957.1 0 0.0102597
12959.7 0 0.0102914
12962.3 0 0.0103231
12964.9 0 0.0103547
12967.5 0 0.0103864
12970.2 0 0.010418
12973 0 0.0104495
12976 0 0.010481
12979.1 0 0.0105124
12982.4 0 0.0105437
12985.6 0 0.010575
12988.8 0 0.0106064
12992 0 0.0106377
12995.2 0 0.0106691
12998.4 0 0.0107004
13001.6 0 0.0107317
13004.8 0 0.010763
13008 0 0.0107943
13011.2 0 0.0108255
13014.4 0 0.0108568
13017.6 0 0.010888
13020.9 0 0.0109192
13024.2 0 0.0109503
13027.7 0 0.0109814
13031.3 0 0.0110124
13035 0 0.0110433
13038.8 0 0.0110741
13042.5 0 0.011105
13046.3 0 0.0111359
13050 0 0.0111667
13053.7 0 0.0111975
13057.5 0 0.0112283
13061.2 0 0.011259
13064.9 0 0.0112898
13068.7 0 0.0113205
13072.4 0 0.0113513
13076.1 0 0.011382
13079.8 0 0.0114126
13083.5 0 0.0114433
13087.2 0 0.0114739
13090.9 0 0.0115046
13094.6 0 0.0115352
13098.4 0 0.0115657
13102.2 0 0.0115962
13106.1 0 0.0116267
13110 0 0.0116571
13114.2 0 0.0116874
13118.4 0 0.0117176
13122.6 0 0.0117478
13126.8 0 0.011778
13130.9 0 0.0118081
13135.1 0 0.0118383
13139.3 0 0.0118684
13143.5 0 0.0118985
13147.6 0 0.0119285
13151.8 0 0.0119586
13155.9 0 0.0119886
13160.1 0 0.0120186
13164.3 0 0.0120486
13168.4 0 0.0120785
13172.5 0 0.0121084
13176.7 0 0.0121383
13180.8 0 0.0121682
13185 0 0.012198
13189.1 0 0.0122278
13193.2 0 0.0122576
13197.4 0 0.0122874
13201.5 0 0.0123171
13205.6 0 0.0123469
13209.7 0 0.0123766
13213.9 0 0.0124062
13218.1 0 0.0124358
13222.4 0 0.0124653
13226.7 0 0.0124948
13231.2 0 0.0125242
13235.7 0 0.0125534
13240.2 0 0.0125827
13244.8 0 0.0126119
13249.3 0 0.012641
13253.8 0 0.0126702
13258.3 0 0.0126993
13262.8 0 0.0127284
13267.3 0 0.0127574
13271.8 0 0.0127864
13276.3 0 0.0128154
13280.8 0 0.0128444
13285.3 0 0.0128733
13289.8 0 0.0129022
13294.3 0 0.0129311
13298.7 0 0.0129599
13303.2 0 0.0129887
13307.7 0 0.0130175
13312.2 0 0.0130462
13316.6 0 0.0130749
13321.1 0 0.0131036
13325.5 0 0.0131322
13330 0 0.0131609
13334.4 0 0.0131894
13338.9 0 0.013218
13343.3 0 0.0132465
13347.7 0 0.013275
13352.2 0 0.0133034
13356.6 0 0.0133318
13361 0 0.0133602
13365.5 0 0.0133886
13369.9 0 0.0134169
13374.3 0 0.0134452
13378.8 0 0.0134734
13383.3 0 0.0135016
13387.9 0 0.0135297
13392.5 0 0.0135577
13397.2 0 0.0135856
13402 0 0.0136135
13406.7 0 0.0136412
13411.5 0 0.0136689
13416.2 0 0.0136966
13420.9 0 0.0137243
13425.7 0 0.0137519
13430.4 0 0.0137795
13435.1 0 0.0138071
13439.8 0 0.0138346
13444.5 0 0.0138621
13449.3 0 0.0138895
13454 0 0.013917
13458.7 0 0.0139443
13463.4 0 0.0139717
13468.1 0 0.013999
13472.8 0 0.0140263
13477.4 0 0.0140535
13482.1 0 0.0140807
13486.8 0 0.0141079
13491.5 0 0.014135
13496.2 0 0.0141621
13500.8 0 0.0141892
13505.5 0 0.0142162
13510.1 0 0.0142432
13514.8 0 0.0142702
13519.5 0 0.0142971
13524.1 0 0.014324
13528.8 0 0.0143509
13533.4 0 0.0143777
13538 0 0.0144045
13542.7 0 0.0144313
13547.3 0 0.014458
13551.9 0 0.0144847
13556.6 0 0.0145114
13561.2 0 0.014538
13565.8 0 0.0145646
13570.4 0 0.0145911
13575 0 0.0146177
13579.6 0 0.0146442
13584.2 0 0.0146706
13588.8 0 0.014697
13593.4 0 0.0147234
13598 0 0.0147498
13602.7 0 0.0147762
13607.4 0 0.0148025
13612.1 0 0.0148287
13616.8 0 0.0148549
13621.6 0 0.014881
13410.3 0 0.0147705
13470.1 0 0.0147542
13494.5 0 0.0147526
