0 -58.4752 -2.26119e-06
634.56 0 6.39544e-05
1173.57 0 0.000134671
1709.92 0 0.000205364
2243.81 0 0.000275886
2775.24 0 0.000346204
3304.22 0 0.000416312
3830.74 0 0.000486191
4354.77 0 0.000555828
4876.15 0 0.000625226
5394.56 0 0.000694393
5909.16 0 0.000763354
6418.2 0 0.000832165
6918.36 0 0.000900937
7403.99 0 0.000969876
7866.83 0 0.00103926
8297.18 0 0.00110945
8686.59 0 0.0011808
9030.8 0 0.00125352
9330.49 0 0.00132768
9590.04 0 0.00140319
9815.21 0 0.00147986
10011.7 0 0.00155751
10184.8 0 0.00163602
10338.5 0 0.00171533
10475.8 0 0.00179596
10599.4 0 0.00187748
10711.4 0 0.00195985
10812.7 0 0.00204294
10905.5 0 0.00212648
10991.1 0 0.00221043
11070.4 0 0.00229474
11143.9 0 0.00237947
11212.1 0 0.00246472
11276 0 0.00255026
11335.9 0 0.00263606
11392.3 0 0.00272209
11445.5 0 0.00280833
11495.9 0 0.00289477
11543.8 0 0.00298137
11589.3 0 0.00306814
11632.4 0 0.00315515
11673.3 0 0.00324241
11712.4 0 0.0033298
11749.8 0 0.00341731
11785.6 0 0.00350493
11820.1 0 0.00359265
11853.2 0 0.00368045
11885.1 0 0.00376834
11915.6 0 0.0038561
11945 0 0.00394378
11972.9 0 0.00403204
11999.8 0 0.0041204
12025.7 0 0.00420881
12050.7 0 0.00429724
12074.7 0 0.00438558
12097.7 0 0.00447418
12119.8 0 0.00456336
12141.1 0 0.00465257
12161.8 0 0.00474179
12181.9 0 0.00483103
12201.4 0 0.00492027
12220.3 0 0.00500953
12238.6 0 0.00509879
12256.3 0 0.00518805
12273.3 0 0.00527757
12289.7 0 0.00536722
12305.5 0 0.00545687
12320.9 0 0.00554652
12335.7 0 0.00563647
12349.8 0 0.00572731
12363.5 0 0.00581815
12376.5 0 0.00590857
12388.8 0 0.00599889
12400.7 0 0.00608919
12412.4 0 0.00617946
12423.7 0 0.0062697
12434.7 0 0.00635992
12445.5 0 0.00645011
12455.9 0 0.00654027
12466.1 0 0.0066304
12476 0 0.0067205
12485.7 0 0.00681058
12495.1 0 0.00690064
12504.3 0 0.00699067
12513.2 0 0.00708069
12521.8 0 0.00717068
12530.3 0 0.00726065
12538.4 0 0.0073506
12546.4 0 0.00744054
12554.2 0 0.00753046
12561.7 0 0.00762036
12569 0 0.00771025
12576.2 0 0.00780011
12583.1 0 0.00788996
12589.9 0 0.00797979
12596.5 0 0.0080696
12603 0 0.00815939
12609.3 0 0.00824915
12615.5 0 0.00833889
12621.6 0 0.00842861
12627.5 0 0.0085183
12633.3 0 0.00860793
12638.9 0 0.00869744
12644.3 0 0.00878671
12649.5 0 0.00887584
12654.6 0 0.00896513
12659.6 0 0.00905502
12664.4 0 0.00914488
12669.2 0 0.00923471
12673.9 0 0.00932451
12678.6 0 0.00941428
12683.1 0 0.00950402
12687.6 0 0.00959372
12692 0 0.0096834
12696.3 0 0.00977304
12700.6 0 0.00986266
12704.8 0 0.00995224
12708.9 0 0.0100418
12713 0 0.0101313
12717 0 0.0102208
12720.9 0 0.0103103
12724.7 0 0.0103997
12728.5 0 0.0104891
12732.1 0 0.0105789
12735.7 0 0.010669
12739.2 0 0.0107591
12742.7 0 0.0108492
12746 0 0.0109393
12749.3 0 0.0110293
12752.5 0 0.0111197
12755.5 0 0.0112114
12758.3 0 0.0113034
12761.2 0 0.0113953
12763.9 0 0.0114873
12766.6 0 0.0115793
12769.2 0 0.0116713
12771.7 0 0.0117635
12774.1 0 0.011856
12776.4 0 0.0119485
12778.6 0 0.012041
12780.8 0 0.0121335
12783 0 0.0122261
12785.1 0 0.0123187
12787.2 0 0.0124112
12789.2 0 0.0125039
12791.2 0 0.0125965
12793.2 0 0.0126891
12795.1 0 0.0127818
12797 0 0.0128744
12798.8 0 0.0129671
12800.6 0 0.0130597
12802.4 0 0.0131524
12804.2 0 0.013245
12805.9 0 0.0133377
12807.7 0 0.0134303
12809.4 0 0.013523
12811 0 0.0136156
12812.7 0 0.0137082
12814.3 0 0.0138008
12815.9 0 0.0138934
12817.5 0 0.013986
12819.1 0 0.0140786
12820.7 0 0.0141712
12822.2 0 0.0142637
12823.7 0 0.0143562
12825.2 0 0.0144487
12826.7 0 0.0145412
12828.2 0 0.0146337
12829.7 0 0.0147262
12831.1 0 0.0148186
12832.6 0 0.014911
12834 0 0.0150034
12835.4 0 0.0150958
12836.8 0 0.0151882
12838.2 0 0.0152805
12839.5 0 0.0153728
12840.9 0 0.0154651
12842.2 0 0.0155574
12843.6 0 0.0156497
12844.9 0 0.015742
12846.2 0 0.0158342
12847.5 0 0.0159264
12848.7 0 0.0160186
12850 0 0.0161108
12851.3 0 0.0162029
12852.5 0 0.0162951
12853.7 0 0.0163872
12855 0 0.0164793
12856.2 0 0.0165714
12857.4 0 0.0166635
12858.5 0 0.0167556
12859.7 0 0.0168476
12860.9 0 0.0169397
12862 0 0.0170318
12863.1 0 0.0171238
12864.3 0 0.0172158
12865.4 0 0.0173078
12866.4 0 0.0173999
12867.5 0 0.0174919
12868.6 0 0.0175839
12869.6 0 0.0176758
12870.7 0 0.0177678
12871.7 0 0.0178598
12872.7 0 0.0179518
12873.7 0 0.0180438
12874.7 0 0.0181358
12875.7 0 0.0182277
12876.6 0 0.0183197
12877.5 0 0.0184117
12878.5 0 0.0185037
12879.4 0 0.0185956
12880.3 0 0.0186876
12881.2 0 0.0187796
12882 0 0.0188716
12882.9 0 0.0189636
12883.7 0 0.0190556
12884.6 0 0.0191477
12885.4 0 0.0192397
12886.2 0 0.0193318
12886.9 0 0.0194238
12887.7 0 0.0195159
12888.5 0 0.019608
12889.2 0 0.0197001
12889.9 0 0.0197922
12890.6 0 0.0198843
12891.3 0 0.0199764
12892 0 0.0200686
12892.7 0 0.0201607
12893.3 0 0.0202529
12894 0 0.0203451
12894.6 0 0.0204373
12895.2 0 0.0205295
12895.8 0 0.0206218
12896.4 0 0.020714
12897 0 0.0208063
12897.6 0 0.0208986
12898.1 0 0.0209909
12898.7 0 0.0210832
12899.2 0 0.0211755
12899.8 0 0.0212679
12900.3 0 0.0213602
12900.7 0 0.0214527
12901.2 0 0.0215452
12901.6 0 0.0216377
12902 0 0.0217302
12902.5 0 0.0218228
12902.9 0 0.0219153
12903.3 0 0.0220078
12903.7 0 0.0221004
12904.1 0 0.022193
12904.5 0 0.0222855
12904.8 0 0.0223781
12905.2 0 0.0224707
12905.5 0 0.0225633
12905.9 0 0.0226559
12906.2 0 0.0227484
12906.6 0 0.022841
12906.9 0 0.0229336
12907.2 0 0.0230262
12907.5 0 0.0231188
12907.9 0 0.0232114
12908.2 0 0.023304
12908.5 0 0.0233966
12908.8 0 0.0234892
12909 0 0.0235818
12909.3 0 0.0236744
12909.6 0 0.023767
12909.9 0 0.0238596
12910.2 0 0.0239522
12910.4 0 0.0240448
12910.7 0 0.0241373
12910.9 0 0.0242299
12911.2 0 0.0243225
12911.4 0 0.024415
12911.7 0 0.0245076
12911.9 0 0.0246002
12912.2 0 0.0246927
12912.4 0 0.0247853
12912.6 0 0.0248778
12912.9 0 0.0249703
12913.1 0 0.0250628
12913.3 0 0.0251554
12913.5 0 0.0252479
12913.7 0 0.0253404
12913.9 0 0.0254329
12914.1 0 0.0255254
12914.3 0 0.0256179
12914.5 0 0.0257103
12914.7 0 0.0258028
12914.9 0 0.0258953
12915.1 0 0.0259877
12915.3 0 0.0260802
12915.5 0 0.0261726
12915.7 0 0.026265
12915.9 0 0.0263574
12916 0 0.0264499
12916.2 0 0.0265423
12916.4 0 0.0266347
12916.6 0 0.026727
12916.7 0 0.0268194
12916.9 0 0.0269118
12917 0 0.0270042
12917.2 0 0.0270965
12917.4 0 0.0271889
12917.5 0 0.0272812
12917.7 0 0.0273735
12917.8 0 0.0274658
12918 0 0.0275581
12918.1 0 0.0276505
12918.2 0 0.0277427
12918.4 0 0.027835
12918.5 0 0.0279273
12918.7 0 0.0280196
12918.8 0 0.0281118
12918.9 0 0.0282041
12919.1 0 0.0282963
12919.3 0 0.0283885
12919.6 0 0.0284807
12920.2 0 0.0285727
12921.1 0 0.0286646
12922.2 0 0.0287565
12923.4 0 0.0288482
12924.8 0 0.0289399
12926.3 0 0.0290316
12927.9 0 0.0291232
12929.8 0 0.0292147
12931.8 0 0.0293061
12933.7 0 0.0293975
12935.7 0 0.0294889
12937.6 0 0.0295803
12939.6 0 0.0296717
12941.8 0 0.029763
12944.1 0 0.0298542
12946.6 0 0.0299453
12949.3 0 0.0300364
12951.9 0 0.0301275
12954.5 0 0.0302185
12957.1 0 0.0303095
12959.7 0 0.0304006
12962.3 0 0.0304916
12964.9 0 0.0305826
12967.5 0 0.0306735
12970.2 0 0.0307644
12973 0 0.0308553
12976 0 0.0309461
12979.1 0 0.0310368
12982.4 0 0.0311274
12985.6 0 0.031218
12988.8 0 0.0313087
12992 0 0.0313994
12995.2 0 0.0314901
12998.4 0 0.0315807
13001.6 0 0.0316713
13004.8 0 0.0317619
13008 0 0.0318525
13011.2 0 0.0319431
13014.4 0 0.0320337
13017.6 0 0.0321242
13020.9 0 0.0322147
13024.2 0 0.0323052
13027.7 0 0.0323956
13031.3 0 0.0324859
13035 0 0.0325761
13038.8 0 0.0326663
13042.5 0 0.0327565
13046.3 0 0.0328466
13050 0 0.0329368
13053.7 0 0.0330269
13057.5 0 0.033117
13061.2 0 0.0332071
13064.9 0 0.0332972
13068.7 0 0.0333872
13072.4 0 0.0334773
13076.1 0 0.0335673
13079.8 0 0.0336573
13083.5 0 0.0337473
13087.2 0 0.0338372
13090.9 0 0.0339272
13094.6 0 0.0340171
13098.4 0 0.034107
13102.2 0 0.0341968
13106.1 0 0.0342866
13110 0 0.0343763
13114.2 0 0.0344659
13118.4 0 0.0345554
13122.6 0 0.0346449
13126.8 0 0.0347344
13130.9 0 0.0348239
13135.1 0 0.0349134
13139.3 0 0.0350028
13143.5 0 0.0350922
13147.6 0 0.0351816
13151.8 0 0.0352709
13155.9 0 0.0353603
13160.1 0 0.0354496
13164.3 0 0.0355389
13168.4 0 0.0356281
13172.5 0 0.0357174
13176.7 0 0.0358066
13180.8 0 0.0358958
13185 0 0.0359849
13189.1 0 0.0360741
13193.2 0 0.0361632
13197.4 0 0.0362523
13201.5 0 0.0363413
13205.6 0 0.0364303
13209.7 0 0.0365194
13213.9 0 0.0366083
13218.1 0 0.0366972
13222.4 0 0.0367861
13226.7 0 0.0368749
13231.2 0 0.0369635
13235.7 0 0.0370521
13240.2 0 0.0371407
13244.8 0 0.0372292
13249.3 0 0.0373177
13253.8 0 0.0374061
13258.3 0 0.0374946
13262.8 0 0.037583
13267.3 0 0.0376713
13271.8 0 0.0377597
13276.3 0 0.037848
13280.8 0 0.0379363
13285.3 0 0.0380245
13289.8 0 0.0381127
13294.3 0 0.0382009
13298.7 0 0.038289
13303.2 0 0.0383772
13307.7 0 0.0384652
13312.2 0 0.0385533
13316.6 0 0.0386413
13321.1 0 0.0387293
13325.5 0 0.0388173
13330 0 0.0389052
13334.4 0 0.0389931
13338.9 0 0.0390809
13343.3 0 0.0391688
13347.7 0 0.0392566
13352.2 0 0.0393443
13356.6 0 0.0394321
13361 0 0.0395197
13365.5 0 0.0396074
13369.9 0 0.039695
13374.3 0 0.0397827
13378.8 0 0.0398702
13383.3 0 0.0399577
13387.9 0 0.0400451
13392.5 0 0.0401324
13397.2 0 0.0402197
13402 0 0.0403068
13406.7 0 0.0403939
13411.5 0 0.0404809
13416.2 0 0.040568
13420.9 0 0.0406549
13425.7 0 0.0407419
13430.4 0 0.0408288
13435.1 0 0.0409156
13439.8 0 0.0410025
13444.5 0 0.0410893
13449.3 0 0.041176
13454 0 0.0412628
13458.7 0 0.0413495
13463.4 0 0.0414361
13468.1 0 0.0415228
13472.8 0 0.0416093
13477.4 0 0.0416959
13482.1 0 0.0417824
13486.8 0 0.0418689
13491.5 0 0.0419554
13496.2 0 0.0420418
13500.8 0 0.0421282
13505.5 0 0.0422145
13510.1 0 0.0423008
13514.8 0 0.0423871
13519.5 0 0.0424733
13524.1 0 0.0425595
13528.8 0 0.0426457
13533.4 0 0.0427319
13538 0 0.042818
13542.7 0 0.042904
13547.3 0 0.0429901
13551.9 0 0.0430761
13556.6 0 0.0431621
13561.2 0 0.043248
13565.8 0 0.0433339
13570.4 0 0.0434198
13575 0 0.0435056
13579.6 0 0.0435914
13584.2 0 0.0436772
13588.8 0 0.0437629
13593.4 0 0.0438487
13598 0 0.0439344
13602.7 0 0.04402
13607.4 0 0.0441056
13612.1 0 0.0441912
13616.8 0 0.0442766
13621.6 0 0.0443621
13410.3 0 0.0443109
13470.1 0 0.0443539
13494.5 0 0.0444116
