0 -58.4752 -2.26119e-06
634.56 0 9.77922e-05
1173.57 0 0.000202393
1709.92 0 0.000306963
2243.81 0 0.000411365
2775.24 0 0.000515559
3304.22 0 0.000619539
3830.74 0 0.000723288
4354.77 0 0.000826796
4876.15 0 0.000930065
5394.56 0 0.0010331
5909.16 0 0.00113594
6418.2 0 0.00123862
6918.36 0 0.00134127
7403.99 0 0.00144408
7866.83 0 0.00154733
8297.18 0 0.00165139
8686.59 0 0.00175662
9030.8 0 0.0018632
9330.49 0 0.00197125
9590.04 0 0.00208065
9815.21 0 0.00219126
10011.7 0 0.00230292
10184.8 0 0.00241546
10338.5 0 0.00252879
10475.8 0 0.00264325
10599.4 0 0.00275852
10711.4 0 0.00287458
10812.7 0 0.00299147
10905.5 0 0.0031088
10991.1 0 0.00322655
11070.4 0 0.00334465
11143.9 0 0.00346315
11212.1 0 0.00358217
11276 0 0.00370148
11335.9 0 0.00382103
11392.3 0 0.00394081
11445.5 0 0.0040608
11495.9 0 0.00418098
11543.8 0 0.00430133
11589.3 0 0.00442183
11632.4 0 0.00454259
11673.3 0 0.00466363
11712.4 0 0.00478479
11749.8 0 0.00490608
11785.6 0 0.00502747
11820.1 0 0.00514895
11853.2 0 0.00527053
11885.1 0 0.00539218
11915.6 0 0.00551386
11945 0 0.00563556
11972.9 0 0.00575776
11999.8 0 0.00588005
12025.7 0 0.00600239
12050.7 0 0.00612479
12074.7 0 0.00624725
12097.7 0 0.00636991
12119.8 0 0.00649301
12141.1 0 0.00661614
12161.8 0 0.00673928
12181.9 0 0.00686244
12201.4 0 0.00698561
12220.3 0 0.00710879
12238.6 0 0.00723198
12256.3 0 0.00735517
12273.3 0 0.00747859
12289.7 0 0.00760214
12305.5 0 0.00772569
12320.9 0 0.00784924
12335.7 0 0.007973
12349.8 0 0.00809737
12363.5 0 0.00822173
12376.5 0 0.00834601
12388.8 0 0.0084704
12400.7 0 0.00859477
12412.4 0 0.00871911
12423.7 0 0.00884343
12434.7 0 0.00896772
12445.5 0 0.00909199
12455.9 0 0.00921623
12466.1 0 0.00934045
12476 0 0.00946464
12485.7 0 0.00958881
12495.1 0 0.00971296
12504.3 0 0.00983709
12513.2 0 0.0099612
12521.8 0 0.0100853
12530.3 0 0.0102094
12538.4 0 0.0103334
12546.4 0 0.0104575
12554.2 0 0.0105815
12561.7 0 0.0107055
12569 0 0.0108296
12576.2 0 0.0109535
12583.1 0 0.0110775
12589.9 0 0.0112015
12596.5 0 0.0113254
12603 0 0.0114493
12609.3 0 0.0115732
12615.5 0 0.0116971
12621.6 0 0.0118209
12627.5 0 0.0119448
12633.3 0 0.0120686
12638.9 0 0.0121924
12644.3 0 0.0123162
12649.5 0 0.0124399
12654.6 0 0.0125638
12659.6 0 0.0126881
12664.4 0 0.0128123
12669.2 0 0.0129365
12673.9 0 0.0130607
12678.6 0 0.0131849
12683.1 0 0.013309
12687.6 0 0.0134331
12692 0 0.0135572
12696.3 0 0.0136813
12700.6 0 0.0138053
12704.8 0 0.0139293
12708.9 0 0.0140533
12713 0 0.0141773
12717 0 0.0143012
12720.9 0 0.0144252
12724.7 0 0.0145491
12728.5 0 0.014673
12732.1 0 0.0147971
12735.7 0 0.0149215
12739.2 0 0.0150458
12742.7 0 0.0151702
12746 0 0.0152945
12749.3 0 0.0154188
12752.5 0 0.0155434
12755.5 0 0.015669
12758.3 0 0.0157947
12761.2 0 0.0159205
12763.9 0 0.0160463
12766.6 0 0.0161721
12769.2 0 0.0162979
12771.7 0 0.0164239
12774.1 0 0.0165502
12776.4 0 0.0166765
12778.6 0 0.0168028
12780.8 0 0.0169292
12783 0 0.0170556
12785.1 0 0.017182
12787.2 0 0.0173084
12789.2 0 0.0174348
12791.2 0 0.0175612
12793.2 0 0.0176876
12795.1 0 0.017814
12797 0 0.0179404
12798.8 0 0.0180669
12800.6 0 0.0181933
12802.4 0 0.0183197
12804.2 0 0.0184461
12805.9 0 0.0185725
12807.7 0 0.0186989
12809.4 0 0.0188253
12811 0 0.0189517
12812.7 0 0.0190781
12814.3 0 0.0192044
12815.9 0 0.0193308
12817.5 0 0.0194571
12819.1 0 0.0195834
12820.7 0 0.0197097
12822.2 0 0.019836
12823.7 0 0.0199622
12825.2 0 0.0200885
12826.7 0 0.0202147
12828.2 0 0.0203409
12829.7 0 0.0204671
12831.1 0 0.0205933
12832.6 0 0.0207195
12834 0 0.0208456
12835.4 0 0.0209717
12836.8 0 0.0210978
12838.2 0 0.0212239
12839.5 0 0.02135
12840.9 0 0.021476
12842.2 0 0.0216021
12843.6 0 0.0217281
12844.9 0 0.0218541
12846.2 0 0.02198
12847.5 0 0.022106
12848.7 0 0.022232
12850 0 0.0223579
12851.3 0 0.0224838
12852.5 0 0.0226097
12853.7 0 0.0227356
12855 0 0.0228615
12856.2 0 0.0229873
12857.4 0 0.0231132
12858.5 0 0.023239
12859.7 0 0.0233648
12860.9 0 0.0234906
12862 0 0.0236164
12863.1 0 0.0237422
12864.3 0 0.023868
12865.4 0 0.0239938
12866.4 0 0.0241196
12867.5 0 0.0242453
12868.6 0 0.0243711
12869.6 0 0.0244969
12870.7 0 0.0246226
12871.7 0 0.0247484
12872.7 0 0.0248741
12873.7 0 0.0249998
12874.7 0 0.0251256
12875.7 0 0.0252513
12876.6 0 0.0253771
12877.5 0 0.0255028
12878.5 0 0.0256285
12879.4 0 0.0257543
12880.3 0 0.02588
12881.2 0 0.0260058
12882 0 0.0261316
12882.9 0 0.0262573
12883.7 0 0.0263831
12884.6 0 0.0265089
12885.4 0 0.0266347
12886.2 0 0.0267605
12886.9 0 0.0268863
12887.7 0 0.0270121
12888.5 0 0.0271379
12889.2 0 0.0272638
12889.9 0 0.0273896
12890.6 0 0.0275155
12891.3 0 0.0276414
12892 0 0.0277672
12892.7 0 0.0278931
12893.3 0 0.028019
12894 0 0.028145
12894.6 0 0.0282709
12895.2 0 0.0283968
12895.8 0 0.0285228
12896.4 0 0.0286488
12897 0 0.0287748
12897.6 0 0.0289007
12898.1 0 0.0290267
12898.7 0 0.0291528
12899.2 0 0.0292788
12899.8 0 0.0294048
12900.3 0 0.0295309
12900.7 0 0.0296572
12901.2 0 0.0297835
12901.6 0 0.0299099
12902 0 0.0300362
12902.5 0 0.0301626
12902.9 0 0.0302889
12903.3 0 0.0304153
12903.7 0 0.0305417
12904.1 0 0.0306681
12904.5 0 0.0307945
12904.8 0 0.0309209
12905.2 0 0.0310473
12905.5 0 0.0311737
12905.9 0 0.0313001
12906.2 0 0.0314265
12906.6 0 0.0315529
12906.9 0 0.0316793
12907.2 0 0.0318057
12907.5 0 0.0319321
12907.9 0 0.0320585
12908.2 0 0.0321849
12908.5 0 0.0323113
12908.8 0 0.0324377
12909 0 0.0325641
12909.3 0 0.0326905
12909.6 0 0.0328169
12909.9 0 0.0329433
12910.2 0 0.0330697
12910.4 0 0.0331961
12910.7 0 0.0333225
12910.9 0 0.0334488
12911.2 0 0.0335752
12911.4 0 0.0337016
12911.7 0 0.0338279
12911.9 0 0.0339543
12912.2 0 0.0340806
12912.4 0 0.034207
12912.6 0 0.0343333
12912.9 0 0.0344597
12913.1 0 0.034586
12913.3 0 0.0347123
12913.5 0 0.0348386
12913.7 0 0.0349649
12913.9 0 0.0350912
12914.1 0 0.0352175
12914.3 0 0.0353438
12914.5 0 0.0354701
12914.7 0 0.0355964
12914.9 0 0.0357226
12915.1 0 0.0358489
12915.3 0 0.0359752
12915.5 0 0.0361014
12915.7 0 0.0362276
12915.9 0 0.0363539
12916 0 0.0364801
12916.2 0 0.0366063
12916.4 0 0.0367325
12916.6 0 0.0368587
12916.7 0 0.0369849
12916.9 0 0.0371111
12917 0 0.0372372
12917.2 0 0.0373634
12917.4 0 0.0374896
12917.5 0 0.0376157
12917.7 0 0.0377419
12917.8 0 0.037868
12918 0 0.0379941
12918.1 0 0.0381202
12918.2 0 0.0382463
12918.4 0 0.0383724
12918.5 0 0.0384985
12918.7 0 0.0386246
12918.8 0 0.0387507
12918.9 0 0.0388767
12919.1 0 0.0390028
12919.3 0 0.0391288
12919.6 0 0.0392548
12920.2 0 0.0393807
12921.1 0 0.0395064
12922.2 0 0.0396321
12923.4 0 0.0397577
12924.8 0 0.0398833
12926.3 0 0.0400088
12927.9 0 0.0401343
12929.8 0 0.0402596
12931.8 0 0.0403849
12933.7 0 0.0405102
12935.7 0 0.0406355
12937.6 0 0.0407608
12939.6 0 0.0408861
12941.8 0 0.0410112
12944.1 0 0.0411364
12946.6 0 0.0412614
12949.3 0 0.0413864
12951.9 0 0.0415113
12954.5 0 0.0416363
12957.1 0 0.0417612
12959.7 0 0.0418861
12962.3 0 0.0420111
12964.9 0 0.042136
12967.5 0 0.0422608
12970.2 0 0.0423857
12973 0 0.0425105
12976 0 0.0426352
12979.1 0 0.0427598
12982.4 0 0.0428844
12985.6 0 0.0430089
12988.8 0 0.0431335
12992 0 0.0432581
12995.2 0 0.0433826
12998.4 0 0.0435071
13001.6 0 0.0436317
13004.8 0 0.0437562
13008 0 0.0438806
13011.2 0 0.0440051
13014.4 0 0.0441296
13017.6 0 0.044254
13020.9 0 0.0443784
13024.2 0 0.0445027
13027.7 0 0.044627
13031.3 0 0.0447513
13035 0 0.0448754
13038.8 0 0.0449995
13042.5 0 0.0451236
13046.3 0 0.0452476
13050 0 0.0453717
13053.7 0 0.0454957
13057.5 0 0.0456197
13061.2 0 0.0457437
13064.9 0 0.0458677
13068.7 0 0.0459917
13072.4 0 0.0461157
13076.1 0 0.0462396
13079.8 0 0.0463635
13083.5 0 0.0464874
13087.2 0 0.0466113
13090.9 0 0.0467352
13094.6 0 0.046859
13098.4 0 0.0469828
13102.2 0 0.0471066
13106.1 0 0.0472303
13110 0 0.0473539
13114.2 0 0.0474775
13118.4 0 0.0476009
13122.6 0 0.0477244
13126.8 0 0.0478479
13130.9 0 0.0479713
13135.1 0 0.0480947
13139.3 0 0.0482181
13143.5 0 0.0483414
13147.6 0 0.0484648
13151.8 0 0.0485881
13155.9 0 0.0487114
13160.1 0 0.0488346
13164.3 0 0.0489579
13168.4 0 0.0490811
13172.5 0 0.0492043
13176.7 0 0.0493275
13180.8 0 0.0494506
13185 0 0.0495738
13189.1 0 0.0496969
13193.2 0 0.04982
13197.4 0 0.049943
13201.5 0 0.0500661
13205.6 0 0.0501891
13209.7 0 0.0503121
13213.9 0 0.050435
13218.1 0 0.0505579
13222.4 0 0.0506807
13226.7 0 0.0508035
13231.2 0 0.0509262
13235.7 0 0.0510488
13240.2 0 0.0511713
13244.8 0 0.0512938
13249.3 0 0.0514163
13253.8 0 0.0515388
13258.3 0 0.0516613
13262.8 0 0.0517837
13267.3 0 0.0519061
13271.8 0 0.0520284
13276.3 0 0.0521507
13280.8 0 0.052273
13285.3 0 0.0523953
13289.8 0 0.0525176
13294.3 0 0.0526398
13298.7 0 0.052762
13303.2 0 0.0528841
13307.7 0 0.0530062
13312.2 0 0.0531283
13316.6 0 0.0532504
13321.1 0 0.0533724
13325.5 0 0.0534944
13330 0 0.0536164
13334.4 0 0.0537384
13338.9 0 0.0538603
13343.3 0 0.0539821
13347.7 0 0.054104
13352.2 0 0.0542258
13356.6 0 0.0543476
13361 0 0.0544694
13365.5 0 0.0545911
13369.9 0 0.0547128
13374.3 0 0.0548345
13378.8 0 0.0549561
13383.3 0 0.0550776
13387.9 0 0.0551991
13392.5 0 0.0553205
13397.2 0 0.0554418
13402 0 0.055563
13406.7 0 0.0556842
13411.5 0 0.0558054
13416.2 0 0.0559265
13420.9 0 0.0560476
13425.7 0 0.0561686
13430.4 0 0.0562896
13435.1 0 0.0564106
13439.8 0 0.0565315
13444.5 0 0.0566525
13449.3 0 0.0567733
13454 0 0.0568942
13458.7 0 0.057015
13463.4 0 0.0571358
13468.1 0 0.0572565
13472.8 0 0.0573772
13477.4 0 0.0574979
13482.1 0 0.0576186
13486.8 0 0.0577392
13491.5 0 0.0578597
13496.2 0 0.0579803
13500.8 0 0.0581008
13505.5 0 0.0582213
13510.1 0 0.0583417
13514.8 0 0.0584622
13519.5 0 0.0585825
13524.1 0 0.0587029
13528.8 0 0.0588232
13533.4 0 0.0589435
13538 0 0.0590638
13542.7 0 0.059184
13547.3 0 0.0593042
13551.9 0 0.0594243
13556.6 0 0.0595444
13561.2 0 0.0596645
13565.8 0 0.0597846
13570.4 0 0.0599046
13575 0 0.0600246
13579.6 0 0.0601446
13584.2 0 0.0602645
13588.8 0 0.0603844
13593.4 0 0.0605043
13598 0 0.0606241
13602.7 0 0.0607439
13607.4 0 0.0608637
13612.1 0 0.0609833
13616.8 0 0.0611029
13621.6 0 0.0612225
13410.3 0 0.0612061
13470.1 0 0.0612835
13494.5 0 0.0613757
