0 -58.4752 -2.26119e-06
634.56 0 8.81901e-05
1173.57 0 0.000183323
1709.92 0 0.000278404
2243.81 0 0.000373328
2775.24 0 0.000468031
3304.22 0 0.000562507
3830.74 0 0.000656748
4354.77 0 0.00075075
4876.15 0 0.000844514
5394.56 0 0.000938049
5909.16 0 0.00103138
6418.2 0 0.00112456
6918.36 0 0.00121771
7403.99 0 0.00131101
7866.83 0 0.00140476
8297.18 0 0.00149932
8686.59 0 0.00159503
9030.8 0 0.0016921
9330.49 0 0.00179067
9590.04 0 0.00189064
9815.21 0 0.00199196
10011.7 0 0.00209451
10184.8 0 0.00219799
10338.5 0 0.00230224
10475.8 0 0.00240709
10599.4 0 0.00251251
10711.4 0 0.00261852
10812.7 0 0.00272571
10905.5 0 0.00283334
10991.1 0 0.00294134
11070.4 0 0.00304969
11143.9 0 0.00315841
11212.1 0 0.00326763
11276 0 0.00337711
11335.9 0 0.00348683
11392.3 0 0.00359676
11445.5 0 0.00370688
11495.9 0 0.00381719
11543.8 0 0.00392765
11589.3 0 0.00403826
11632.4 0 0.00414917
11673.3 0 0.00426043
11712.4 0 0.00437181
11749.8 0 0.0044833
11785.6 0 0.00459489
11820.1 0 0.00470658
11853.2 0 0.00481835
11885.1 0 0.0049302
11915.6 0 0.0050425
11945 0 0.00515512
11972.9 0 0.00526801
11999.8 0 0.00538098
12025.7 0 0.005494
12050.7 0 0.00560717
12074.7 0 0.00572085
12097.7 0 0.00583456
12119.8 0 0.00594829
12141.1 0 0.00606206
12161.8 0 0.00617584
12181.9 0 0.00628965
12201.4 0 0.00640347
12220.3 0 0.0065173
12238.6 0 0.00663114
12256.3 0 0.00674499
12273.3 0 0.00685902
12289.7 0 0.00697314
12305.5 0 0.00708726
12320.9 0 0.00720137
12335.7 0 0.00731543
12349.8 0 0.00742931
12363.5 0 0.00754317
12376.5 0 0.00765791
12388.8 0 0.00777336
12400.7 0 0.0078888
12412.4 0 0.00800422
12423.7 0 0.00811963
12434.7 0 0.00823502
12445.5 0 0.00835038
12455.9 0 0.00846573
12466.1 0 0.00858107
12476 0 0.00869638
12485.7 0 0.00881168
12495.1 0 0.00892697
12504.3 0 0.00904225
12513.2 0 0.00915752
12521.8 0 0.00927278
12530.3 0 0.00938803
12538.4 0 0.00950328
12546.4 0 0.00961853
12554.2 0 0.00973377
12561.7 0 0.009849
12569 0 0.00996422
12576.2 0 0.0100794
12583.1 0 0.0101946
12589.9 0 0.0103098
12596.5 0 0.010425
12603 0 0.0105402
12609.3 0 0.0106553
12615.5 0 0.0107704
12621.6 0 0.0108855
12627.5 0 0.0110006
12633.3 0 0.0111158
12638.9 0 0.0112314
12644.3 0 0.0113475
12649.5 0 0.0114639
12654.6 0 0.0115803
12659.6 0 0.0116966
12664.4 0 0.0118128
12669.2 0 0.011929
12673.9 0 0.0120452
12678.6 0 0.0121614
12683.1 0 0.0122775
12687.6 0 0.0123937
12692 0 0.0125098
12696.3 0 0.012626
12700.6 0 0.0127421
12704.8 0 0.0128583
12708.9 0 0.0129744
12713 0 0.0130905
12717 0 0.0132067
12720.9 0 0.0133228
12724.7 0 0.013439
12728.5 0 0.0135551
12732.1 0 0.0136712
12735.7 0 0.0137871
12739.2 0 0.0139031
12742.7 0 0.0140191
12746 0 0.014135
12749.3 0 0.014251
12752.5 0 0.014367
12755.5 0 0.014483
12758.3 0 0.0145991
12761.2 0 0.0147151
12763.9 0 0.0148312
12766.6 0 0.0149472
12769.2 0 0.0150632
12771.7 0 0.0151796
12774.1 0 0.0152963
12776.4 0 0.0154131
12778.6 0 0.0155298
12780.8 0 0.0156465
12783 0 0.0157632
12785.1 0 0.0158799
12787.2 0 0.0159966
12789.2 0 0.0161133
12791.2 0 0.01623
12793.2 0 0.0163466
12795.1 0 0.0164633
12797 0 0.0165799
12798.8 0 0.0166966
12800.6 0 0.0168132
12802.4 0 0.0169298
12804.2 0 0.0170463
12805.9 0 0.0171629
12807.7 0 0.0172794
12809.4 0 0.017396
12811 0 0.0175125
12812.7 0 0.017629
12814.3 0 0.0177454
12815.9 0 0.0178619
12817.5 0 0.0179783
12819.1 0 0.0180948
12820.7 0 0.0182112
12822.2 0 0.0183276
12823.7 0 0.0184439
12825.2 0 0.0185603
12826.7 0 0.0186766
12828.2 0 0.0187929
12829.7 0 0.0189092
12831.1 0 0.0190255
12832.6 0 0.0191418
12834 0 0.019258
12835.4 0 0.0193743
12836.8 0 0.0194905
12838.2 0 0.0196067
12839.5 0 0.0197229
12840.9 0 0.0198391
12842.2 0 0.0199552
12843.6 0 0.0200714
12844.9 0 0.0201875
12846.2 0 0.0203036
12847.5 0 0.0204197
12848.7 0 0.0205358
12850 0 0.0206519
12851.3 0 0.020768
12852.5 0 0.020884
12853.7 0 0.0210001
12855 0 0.0211161
12856.2 0 0.0212322
12857.4 0 0.0213482
12858.5 0 0.0214642
12859.7 0 0.0215802
12860.9 0 0.0216962
12862 0 0.0218121
12863.1 0 0.0219281
12864.3 0 0.022044
12865.4 0 0.02216
12866.4 0 0.0222759
12867.5 0 0.0223918
12868.6 0 0.0225078
12869.6 0 0.0226237
12870.7 0 0.0227396
12871.7 0 0.0228556
12872.7 0 0.0229715
12873.7 0 0.0230874
12874.7 0 0.0232033
12875.7 0 0.0233193
12876.6 0 0.0234352
12877.5 0 0.0235511
12878.5 0 0.023667
12879.4 0 0.023783
12880.3 0 0.0238989
12881.2 0 0.0240148
12882 0 0.0241308
12882.9 0 0.0242467
12883.7 0 0.0243627
12884.6 0 0.0244786
12885.4 0 0.0245946
12886.2 0 0.0247105
12886.9 0 0.0248265
12887.7 0 0.0249424
12888.5 0 0.0250584
12889.2 0 0.0251744
12889.9 0 0.0252904
12890.6 0 0.0254063
12891.3 0 0.0255223
12892 0 0.0256383
12892.7 0 0.0257543
12893.3 0 0.0258703
12894 0 0.0259863
12894.6 0 0.0261023
12895.2 0 0.0262183
12895.8 0 0.0263343
12896.4 0 0.0264503
12897 0 0.0265663
12897.6 0 0.0266823
12898.1 0 0.0267983
12898.7 0 0.0269143
12899.2 0 0.0270303
12899.8 0 0.0271463
12900.3 0 0.0272624
12900.7 0 0.0273791
12901.2 0 0.0274958
12901.6 0 0.0276126
12902 0 0.0277293
12902.5 0 0.027846
12902.9 0 0.0279628
12903.3 0 0.0280795
12903.7 0 0.0281962
12904.1 0 0.028313
12904.5 0 0.0284297
12904.8 0 0.0285464
12905.2 0 0.0286632
12905.5 0 0.0287799
12905.9 0 0.0288967
12906.2 0 0.0290134
12906.6 0 0.0291301
12906.9 0 0.0292469
12907.2 0 0.0293636
12907.5 0 0.0294803
12907.9 0 0.029597
12908.2 0 0.0297137
12908.5 0 0.0298305
12908.8 0 0.0299472
12909 0 0.0300639
12909.3 0 0.0301806
12909.6 0 0.0302973
12909.9 0 0.030414
12910.2 0 0.0305307
12910.4 0 0.0306473
12910.7 0 0.030764
12910.9 0 0.0308807
12911.2 0 0.0309974
12911.4 0 0.031114
12911.7 0 0.0312307
12911.9 0 0.0313474
12912.2 0 0.031464
12912.4 0 0.0315806
12912.6 0 0.0316973
12912.9 0 0.0318139
12913.1 0 0.0319305
12913.3 0 0.0320472
12913.5 0 0.0321638
12913.7 0 0.0322804
12913.9 0 0.032397
12914.1 0 0.0325136
12914.3 0 0.0326302
12914.5 0 0.0327468
12914.7 0 0.0328633
12914.9 0 0.0329799
12915.1 0 0.0330965
12915.3 0 0.033213
12915.5 0 0.0333296
12915.7 0 0.0334461
12915.9 0 0.0335626
12916 0 0.0336792
12916.2 0 0.0337957
12916.4 0 0.0339122
12916.6 0 0.0340287
12916.7 0 0.0341452
12916.9 0 0.0342617
12917 0 0.0343782
12917.2 0 0.0344947
12917.4 0 0.0346112
12917.5 0 0.0347277
12917.7 0 0.0348441
12917.8 0 0.0349606
12918 0 0.035077
12918.1 0 0.0351935
12918.2 0 0.0353099
12918.4 0 0.0354263
12918.5 0 0.0355428
12918.7 0 0.0356592
12918.8 0 0.0357756
12918.9 0 0.035892
12919.1 0 0.0360084
12919.3 0 0.0361248
12919.6 0 0.0362411
12920.2 0 0.0363574
12921.1 0 0.0364735
12922.2 0 0.0365896
12923.4 0 0.0367057
12924.8 0 0.0368217
12926.3 0 0.0369377
12927.9 0 0.0370536
12929.8 0 0.0371695
12931.8 0 0.0372853
12933.7 0 0.0374011
12935.7 0 0.0375169
12937.6 0 0.0376327
12939.6 0 0.0377485
12941.8 0 0.0378642
12944.1 0 0.0379799
12946.6 0 0.0380955
12949.3 0 0.0382111
12951.9 0 0.0383266
12954.5 0 0.0384422
12957.1 0 0.0385577
12959.7 0 0.0386733
12962.3 0 0.0387888
12964.9 0 0.0389043
12967.5 0 0.0390198
12970.2 0 0.0391353
12973 0 0.0392507
12976 0 0.0393661
12979.1 0 0.0394814
12982.4 0 0.0395967
12985.6 0 0.0397119
12988.8 0 0.039827
12992 0 0.0399421
12995.2 0 0.0400572
12998.4 0 0.0401723
13001.6 0 0.0402873
13004.8 0 0.0404024
13008 0 0.0405174
13011.2 0 0.0406324
13014.4 0 0.0407474
13017.6 0 0.0408624
13020.9 0 0.0409774
13024.2 0 0.0410923
13027.7 0 0.0412071
13031.3 0 0.0413219
13035 0 0.0414366
13038.8 0 0.0415513
13042.5 0 0.041666
13046.3 0 0.0417807
13050 0 0.0418954
13053.7 0 0.04201
13057.5 0 0.0421247
13061.2 0 0.0422393
13064.9 0 0.0423539
13068.7 0 0.0424685
13072.4 0 0.0425831
13076.1 0 0.0426977
13079.8 0 0.0428122
13083.5 0 0.0429268
13087.2 0 0.0430413
13090.9 0 0.0431558
13094.6 0 0.0432703
13098.4 0 0.0433848
13102.2 0 0.0434992
13106.1 0 0.0436136
13110 0 0.0437279
13114.2 0 0.0438421
13118.4 0 0.0439563
13122.6 0 0.0440704
13126.8 0 0.0441846
13130.9 0 0.0442988
13135.1 0 0.0444129
13139.3 0 0.044527
13143.5 0 0.0446411
13147.6 0 0.0447552
13151.8 0 0.0448692
13155.9 0 0.0449833
13160.1 0 0.0450973
13164.3 0 0.0452113
13168.4 0 0.0453253
13172.5 0 0.0454393
13176.7 0 0.0455532
13180.8 0 0.0456671
13185 0 0.0457811
13189.1 0 0.045895
13193.2 0 0.0460088
13197.4 0 0.0461227
13201.5 0 0.0462365
13205.6 0 0.0463504
13209.7 0 0.0464642
13213.9 0 0.0465779
13218.1 0 0.0466916
13222.4 0 0.0468053
13226.7 0 0.0469188
13231.2 0 0.0470323
13235.7 0 0.0471458
13240.2 0 0.0472592
13244.8 0 0.0473727
13249.3 0 0.0474861
13253.8 0 0.0475994
13258.3 0 0.0477128
13262.8 0 0.0478261
13267.3 0 0.0479394
13271.8 0 0.0480527
13276.3 0 0.048166
13280.8 0 0.0482792
13285.3 0 0.0483925
13289.8 0 0.0485057
13294.3 0 0.0486188
13298.7 0 0.048732
13303.2 0 0.0488451
13307.7 0 0.0489582
13312.2 0 0.0490713
13316.6 0 0.0491844
13321.1 0 0.0492974
13325.5 0 0.0494104
13330 0 0.0495234
13334.4 0 0.0496364
13338.9 0 0.0497493
13343.3 0 0.0498622
13347.7 0 0.0499751
13352.2 0 0.050088
13356.6 0 0.0502008
13361 0 0.0503136
13365.5 0 0.0504264
13369.9 0 0.0505392
13374.3 0 0.0506519
13378.8 0 0.0507645
13383.3 0 0.0508771
13387.9 0 0.0509897
13392.5 0 0.0511021
13397.2 0 0.0512145
13402 0 0.0513268
13406.7 0 0.0514392
13411.5 0 0.0515515
13416.2 0 0.0516637
13420.9 0 0.051776
13425.7 0 0.0518882
13430.4 0 0.0520004
13435.1 0 0.0521125
13439.8 0 0.0522247
13444.5 0 0.0523368
13449.3 0 0.0524489
13454 0 0.0525609
13458.7 0 0.0526729
13463.4 0 0.0527849
13468.1 0 0.0528969
13472.8 0 0.0530088
13477.4 0 0.0531208
13482.1 0 0.0532326
13486.8 0 0.0533445
13491.5 0 0.0534563
13496.2 0 0.0535681
13500.8 0 0.0536799
13505.5 0 0.0537916
13510.1 0 0.0539034
13514.8 0 0.054015
13519.5 0 0.0541267
13524.1 0 0.0542383
13528.8 0 0.0543499
13533.4 0 0.0544615
13538 0 0.054573
13542.7 0 0.0546846
13547.3 0 0.054796
13551.9 0 0.0549075
13556.6 0 0.0550189
13561.2 0 0.0551303
13565.8 0 0.0552417
13570.4 0 0.0553531
13575 0 0.0554644
13579.6 0 0.0555757
13584.2 0 0.0556869
13588.8 0 0.0557981
13593.4 0 0.0559093
13598 0 0.0560204
13602.7 0 0.0561315
13607.4 0 0.0562425
13612.1 0 0.0563534
13616.8 0 0.0564643
13621.6 0 0.056575
13410.3 0 0.0565518
13470.1 0 0.0566214
13494.5 0 0.0567057
