0 -58.4752 -2.26119e-06
634.56 0 4.95644e-05
1173.57 0 0.000105884
1709.92 0 0.000162181
2243.81 0 0.000218307
2775.24 0 0.00027423
3304.22 0 0.000329943
3830.74 0 0.000385427
4354.77 0 0.000440669
4876.15 0 0.000495672
5394.56 0 0.000550444
5909.16 0 0.00060501
6418.2 0 0.000659426
6918.36 0 0.000713803
7403.99 0 0.000768347
7866.83 0 0.000823332
8297.18 0 0.000879132
8686.59 0 0.000936091
9030.8 0 0.000994416
9330.49 0 0.00105418
9590.04 0 0.00111529
9815.21 0 0.00117755
10011.7 0 0.00124079
10184.8 0 0.00130488
10338.5 0 0.00136977
10475.8 0 0.00143602
10599.4 0 0.00150316
10711.4 0 0.00157116
10812.7 0 0.00163986
10905.5 0 0.00170902
10991.1 0 0.00177858
11070.4 0 0.00184852
11143.9 0 0.00191886
11212.1 0 0.00198974
11276 0 0.0020609
11335.9 0 0.00213232
11392.3 0 0.00220397
11445.5 0 0.00227584
11495.9 0 0.00234789
11543.8 0 0.00242012
11589.3 0 0.00249252
11632.4 0 0.00256514
11673.3 0 0.00263802
11712.4 0 0.00271104
11749.8 0 0.00278417
11785.6 0 0.00285741
11820.1 0 0.00293074
11853.2 0 0.00300417
11885.1 0 0.00307768
11915.6 0 0.00315103
11945 0 0.0032243
11972.9 0 0.00329816
11999.8 0 0.00337211
12025.7 0 0.00344611
12050.7 0 0.00352013
12074.7 0 0.00359404
12097.7 0 0.00366822
12119.8 0 0.003743
12141.1 0 0.0038178
12161.8 0 0.00389262
12181.9 0 0.00396746
12201.4 0 0.0040423
12220.3 0 0.00411716
12238.6 0 0.00419201
12256.3 0 0.00426687
12273.3 0 0.00434199
12289.7 0 0.00441724
12305.5 0 0.00449249
12320.9 0 0.00456774
12335.7 0 0.00464331
12349.8 0 0.00471981
12363.5 0 0.0047963
12376.5 0 0.00487233
12388.8 0 0.00494822
12400.7 0 0.0050241
12412.4 0 0.00509994
12423.7 0 0.00517576
12434.7 0 0.00525155
12445.5 0 0.00532731
12455.9 0 0.00540305
12466.1 0 0.00547875
12476 0 0.00555443
12485.7 0 0.00563009
12495.1 0 0.00570572
12504.3 0 0.00578132
12513.2 0 0.0058569
12521.8 0 0.00593247
12530.3 0 0.00600801
12538.4 0 0.00608354
12546.4 0 0.00615904
12554.2 0 0.00623453
12561.7 0 0.00631
12569 0 0.00638546
12576.2 0 0.00646089
12583.1 0 0.00653631
12589.9 0 0.0066117
12596.5 0 0.00668708
12603 0 0.00676243
12609.3 0 0.00683776
12615.5 0 0.00691307
12621.6 0 0.00698835
12627.5 0 0.00706361
12633.3 0 0.0071388
12638.9 0 0.00721386
12644.3 0 0.00728863
12649.5 0 0.00736326
12654.6 0 0.00743806
12659.6 0 0.00751348
12664.4 0 0.00758887
12669.2 0 0.00766423
12673.9 0 0.00773956
12678.6 0 0.00781485
12683.1 0 0.00789012
12687.6 0 0.00796535
12692 0 0.00804055
12696.3 0 0.00811572
12700.6 0 0.00819086
12704.8 0 0.00826596
12708.9 0 0.00834104
12713 0 0.00841608
12717 0 0.00849109
12720.9 0 0.00856607
12724.7 0 0.00864103
12728.5 0 0.00871595
12732.1 0 0.00879124
12735.7 0 0.00886692
12739.2 0 0.00894257
12742.7 0 0.00901821
12746 0 0.00909384
12749.3 0 0.00916946
12752.5 0 0.00924535
12755.5 0 0.00932271
12758.3 0 0.00940026
12761.2 0 0.00947784
12763.9 0 0.00955543
12766.6 0 0.00963306
12769.2 0 0.0097107
12771.7 0 0.00978852
12774.1 0 0.00986659
12776.4 0 0.00994468
12778.6 0 0.0100228
12780.8 0 0.0101009
12783 0 0.0101791
12785.1 0 0.0102573
12787.2 0 0.0103355
12789.2 0 0.0104137
12791.2 0 0.010492
12793.2 0 0.0105702
12795.1 0 0.0106485
12797 0 0.0107267
12798.8 0 0.010805
12800.6 0 0.0108833
12802.4 0 0.0109616
12804.2 0 0.0110399
12805.9 0 0.0111181
12807.7 0 0.0111964
12809.4 0 0.0112747
12811 0 0.0113529
12812.7 0 0.0114312
12814.3 0 0.0115094
12815.9 0 0.0115876
12817.5 0 0.0116659
12819.1 0 0.011744
12820.7 0 0.0118222
12822.2 0 0.0119004
12823.7 0 0.0119786
12825.2 0 0.0120567
12826.7 0 0.0121348
12828.2 0 0.0122129
12829.7 0 0.012291
12831.1 0 0.012369
12832.6 0 0.0124471
12834 0 0.0125251
12835.4 0 0.0126031
12836.8 0 0.0126811
12838.2 0 0.0127591
12839.5 0 0.012837
12840.9 0 0.012915
12842.2 0 0.0129929
12843.6 0 0.0130708
12844.9 0 0.0131486
12846.2 0 0.0132265
12847.5 0 0.0133043
12848.7 0 0.0133821
12850 0 0.0134599
12851.3 0 0.0135377
12852.5 0 0.0136155
12853.7 0 0.0136932
12855 0 0.013771
12856.2 0 0.0138487
12857.4 0 0.0139264
12858.5 0 0.0140041
12859.7 0 0.0140818
12860.9 0 0.0141595
12862 0 0.0142371
12863.1 0 0.0143148
12864.3 0 0.0143925
12865.4 0 0.0144701
12866.4 0 0.0145477
12867.5 0 0.0146254
12868.6 0 0.014703
12869.6 0 0.0147806
12870.7 0 0.0148582
12871.7 0 0.0149358
12872.7 0 0.0150134
12873.7 0 0.015091
12874.7 0 0.0151686
12875.7 0 0.0152462
12876.6 0 0.0153238
12877.5 0 0.0154014
12878.5 0 0.015479
12879.4 0 0.0155566
12880.3 0 0.0156342
12881.2 0 0.0157118
12882 0 0.0157894
12882.9 0 0.0158671
12883.7 0 0.0159447
12884.6 0 0.0160223
12885.4 0 0.0161
12886.2 0 0.0161777
12886.9 0 0.0162553
12887.7 0 0.016333
12888.5 0 0.0164107
12889.2 0 0.0164885
12889.9 0 0.0165662
12890.6 0 0.0166439
12891.3 0 0.0167217
12892 0 0.0167995
12892.7 0 0.0168773
12893.3 0 0.0169551
12894 0 0.0170329
12894.6 0 0.0171107
12895.2 0 0.0171886
12895.8 0 0.0172664
12896.4 0 0.0173443
12897 0 0.0174222
12897.6 0 0.0175001
12898.1 0 0.0175781
12898.7 0 0.017656
12899.2 0 0.017734
12899.8 0 0.0178119
12900.3 0 0.0178899
12900.7 0 0.017968
12901.2 0 0.0180461
12901.6 0 0.0181242
12902 0 0.0182024
12902.5 0 0.0182805
12902.9 0 0.0183587
12903.3 0 0.0184368
12903.7 0 0.018515
12904.1 0 0.0185932
12904.5 0 0.0186713
12904.8 0 0.0187495
12905.2 0 0.0188277
12905.5 0 0.0189059
12905.9 0 0.0189841
12906.2 0 0.0190623
12906.6 0 0.0191405
12906.9 0 0.0192187
12907.2 0 0.019297
12907.5 0 0.0193752
12907.9 0 0.0194534
12908.2 0 0.0195316
12908.5 0 0.0196098
12908.8 0 0.019688
12909 0 0.0197662
12909.3 0 0.0198444
12909.6 0 0.0199226
12909.9 0 0.0200008
12910.2 0 0.020079
12910.4 0 0.0201572
12910.7 0 0.0202354
12910.9 0 0.0203136
12911.2 0 0.0203918
12911.4 0 0.02047
12911.7 0 0.0205482
12911.9 0 0.0206263
12912.2 0 0.0207045
12912.4 0 0.0207827
12912.6 0 0.0208608
12912.9 0 0.020939
12913.1 0 0.0210171
12913.3 0 0.0210952
12913.5 0 0.0211734
12913.7 0 0.0212515
12913.9 0 0.0213296
12914.1 0 0.0214077
12914.3 0 0.0214858
12914.5 0 0.0215639
12914.7 0 0.021642
12914.9 0 0.02172
12915.1 0 0.0217981
12915.3 0 0.0218762
12915.5 0 0.0219542
12915.7 0 0.0220323
12915.9 0 0.0221103
12916 0 0.0221883
12916.2 0 0.0222663
12916.4 0 0.0223444
12916.6 0 0.0224224
12916.7 0 0.0225004
12916.9 0 0.0225783
12917 0 0.0226563
12917.2 0 0.0227343
12917.4 0 0.0228122
12917.5 0 0.0228902
12917.7 0 0.0229681
12917.8 0 0.0230461
12918 0 0.023124
12918.1 0 0.0232019
12918.2 0 0.0232798
12918.4 0 0.0233577
12918.5 0 0.0234356
12918.7 0 0.0235135
12918.8 0 0.0235913
12918.9 0 0.0236692
12919.1 0 0.0237471
12919.3 0 0.0238249
12919.6 0 0.0239026
12920.2 0 0.0239803
12921.1 0 0.0240578
12922.2 0 0.0241353
12923.4 0 0.0242126
12924.8 0 0.02429
12926.3 0 0.0243672
12927.9 0 0.0244444
12929.8 0 0.0245215
12931.8 0 0.0245985
12933.7 0 0.0246756
12935.7 0 0.0247526
12937.6 0 0.0248296
12939.6 0 0.0249066
12941.8 0 0.0249834
12944.1 0 0.0250603
12946.6 0 0.025137
12949.3 0 0.0252137
12951.9 0 0.0252903
12954.5 0 0.025367
12957.1 0 0.0254436
12959.7 0 0.0255202
12962.3 0 0.0255968
12964.9 0 0.0256734
12967.5 0 0.02575
12970.2 0 0.0258265
12973 0 0.025903
12976 0 0.0259793
12979.1 0 0.0260556
12982.4 0 0.0261319
12985.6 0 0.0262081
12988.8 0 0.0262844
12992 0 0.0263606
12995.2 0 0.0264369
12998.4 0 0.0265131
13001.6 0 0.0265894
13004.8 0 0.0266656
13008 0 0.0267418
13011.2 0 0.026818
13014.4 0 0.0268941
13017.6 0 0.0269703
13020.9 0 0.0270464
13024.2 0 0.0271224
13027.7 0 0.0271984
13031.3 0 0.0272744
13035 0 0.0273502
13038.8 0 0.0274259
13042.5 0 0.0275017
13046.3 0 0.0275775
13050 0 0.0276532
13053.7 0 0.027729
13057.5 0 0.0278047
13061.2 0 0.0278804
13064.9 0 0.027956
13068.7 0 0.0280317
13072.4 0 0.0281073
13076.1 0 0.0281829
13079.8 0 0.0282585
13083.5 0 0.0283341
13087.2 0 0.0284097
13090.9 0 0.0284852
13094.6 0 0.0285607
13098.4 0 0.0286362
13102.2 0 0.0287116
13106.1 0 0.028787
13110 0 0.0288623
13114.2 0 0.0289375
13118.4 0 0.0290126
13122.6 0 0.0290878
13126.8 0 0.0291628
13130.9 0 0.0292379
13135.1 0 0.029313
13139.3 0 0.029388
13143.5 0 0.029463
13147.6 0 0.0295379
13151.8 0 0.0296129
13155.9 0 0.0296878
13160.1 0 0.0297627
13164.3 0 0.0298376
13168.4 0 0.0299125
13172.5 0 0.0299873
13176.7 0 0.0300621
13180.8 0 0.0301369
13185 0 0.0302116
13189.1 0 0.0302863
13193.2 0 0.030361
13197.4 0 0.0304357
13201.5 0 0.0305104
13205.6 0 0.030585
13209.7 0 0.0306596
13213.9 0 0.0307342
13218.1 0 0.0308087
13222.4 0 0.0308831
13226.7 0 0.0309574
13231.2 0 0.0310317
13235.7 0 0.0311059
13240.2 0 0.03118
13244.8 0 0.0312541
13249.3 0 0.0313282
13253.8 0 0.0314022
13258.3 0 0.0314763
13262.8 0 0.0315502
13267.3 0 0.0316242
13271.8 0 0.0316981
13276.3 0 0.031772
13280.8 0 0.0318459
13285.3 0 0.0319197
13289.8 0 0.0319935
13294.3 0 0.0320672
13298.7 0 0.032141
13303.2 0 0.0322147
13307.7 0 0.0322883
13312.2 0 0.032362
13316.6 0 0.0324356
13321.1 0 0.0325091
13325.5 0 0.0325827
13330 0 0.0326562
13334.4 0 0.0327296
13338.9 0 0.0328031
13343.3 0 0.0328765
13347.7 0 0.0329499
13352.2 0 0.0330232
13356.6 0 0.0330965
13361 0 0.0331698
13365.5 0 0.033243
13369.9 0 0.0333162
13374.3 0 0.0333894
13378.8 0 0.0334625
13383.3 0 0.0335356
13387.9 0 0.0336086
13392.5 0 0.0336815
13397.2 0 0.0337544
13402 0 0.033827
13406.7 0 0.0338997
13411.5 0 0.0339723
13416.2 0 0.0340449
13420.9 0 0.0341174
13425.7 0 0.03419
13430.4 0 0.0342624
13435.1 0 0.0343349
13439.8 0 0.0344073
13444.5 0 0.0344796
13449.3 0 0.034552
13454 0 0.0346243
13458.7 0 0.0346965
13463.4 0 0.0347688
13468.1 0 0.034841
13472.8 0 0.0349131
13477.4 0 0.0349852
13482.1 0 0.0350573
13486.8 0 0.0351294
13491.5 0 0.0352014
13496.2 0 0.0352734
13500.8 0 0.0353453
13505.5 0 0.0354172
13510.1 0 0.0354891
13514.8 0 0.035561
13519.5 0 0.0356328
13524.1 0 0.0357046
13528.8 0 0.0357763
13533.4 0 0.035848
13538 0 0.0359197
13542.7 0 0.0359913
13547.3 0 0.0360629
13551.9 0 0.0361345
13556.6 0 0.036206
13561.2 0 0.0362775
13565.8 0 0.036349
13570.4 0 0.0364204
13575 0 0.0364918
13579.6 0 0.0365632
13584.2 0 0.0366345
13588.8 0 0.0367058
13593.4 0 0.0367771
13598 0 0.0368484
13602.7 0 0.0369196
13607.4 0 0.0369908
13612.1 0 0.0370619
13616.8 0 0.0371329
13621.6 0 0.037204
13410.3 0 0.0371382
13470.1 0 0.0371667
13494.5 0 0.0372099
