0 -58.4752 -2.26119e-06
634.56 0 1.86484e-05
1173.57 0 4.40508e-05
1709.92 0 6.94306e-05
2243.81 0 9.46394e-05
2775.24 0 0.000119644
3304.22 0 0.000144441
3830.74 0 0.000169007
4354.77 0 0.000193333
4876.15 0 0.000217419
5394.56 0 0.000241274
5909.16 0 0.000264922
6418.2 0 0.000288421
6918.36 0 0.000311882
7403.99 0 0.000335508
7866.83 0 0.000359576
8297.18 0 0.000384458
8686.59 0 0.000410501
9030.8 0 0.000437909
9330.49 0 0.000466756
9590.04 0 0.000496949
9815.21 0 0.000528293
10011.7 0 0.000560608
10184.8 0 0.000593776
10338.5 0 0.000627746
10475.8 0 0.000663072
10599.4 0 0.000699301
10711.4 0 0.000736394
10812.7 0 0.000774176
10905.5 0 0.000812418
10991.1 0 0.000851071
11070.4 0 0.000890093
11143.9 0 0.00092952
11212.1 0 0.000969484
11276 0 0.00100973
11335.9 0 0.00105024
11392.3 0 0.00109098
11445.5 0 0.00113193
11495.9 0 0.00117307
11543.8 0 0.00121439
11589.3 0 0.00125587
11632.4 0 0.00129759
11673.3 0 0.00133955
11712.4 0 0.00138165
11749.8 0 0.00142387
11785.6 0 0.00146619
11820.1 0 0.00150862
11853.2 0 0.00155113
11885.1 0 0.00159372
11915.6 0 0.00163616
11945 0 0.0016785
11972.9 0 0.00172144
11999.8 0 0.00176448
12025.7 0 0.00180756
12050.7 0 0.00185066
12074.7 0 0.00189365
12097.7 0 0.0019369
12119.8 0 0.00198076
12141.1 0 0.00202465
12161.8 0 0.00206855
12181.9 0 0.00211246
12201.4 0 0.00215639
12220.3 0 0.00220032
12238.6 0 0.00224426
12256.3 0 0.0022882
12273.3 0 0.0023324
12289.7 0 0.00237673
12305.5 0 0.00242107
12320.9 0 0.0024654
12335.7 0 0.00251005
12349.8 0 0.00255564
12363.5 0 0.00260123
12376.5 0 0.00264634
12388.8 0 0.00269131
12400.7 0 0.00273626
12412.4 0 0.00278119
12423.7 0 0.00282608
12434.7 0 0.00287095
12445.5 0 0.00291579
12455.9 0 0.0029606
12466.1 0 0.00300538
12476 0 0.00305013
12485.7 0 0.00309486
12495.1 0 0.00313957
12504.3 0 0.00318425
12513.2 0 0.0032289
12521.8 0 0.00327354
12530.3 0 0.00331816
12538.4 0 0.00336276
12546.4 0 0.00340734
12554.2 0 0.00345191
12561.7 0 0.00349645
12569 0 0.00354098
12576.2 0 0.00358549
12583.1 0 0.00362998
12589.9 0 0.00367445
12596.5 0 0.0037189
12603 0 0.00376333
12609.3 0 0.00380773
12615.5 0 0.00385212
12621.6 0 0.00389647
12627.5 0 0.0039408
12633.3 0 0.00398506
12638.9 0 0.00402919
12644.3 0 0.00407302
12649.5 0 0.00411671
12654.6 0 0.00416057
12659.6 0 0.00420506
12664.4 0 0.00424951
12669.2 0 0.00429394
12673.9 0 0.00433833
12678.6 0 0.00438269
12683.1 0 0.00442702
12687.6 0 0.00447132
12692 0 0.00451558
12696.3 0 0.00455982
12700.6 0 0.00460402
12704.8 0 0.00464819
12708.9 0 0.00469233
12713 0 0.00473643
12717 0 0.00478051
12720.9 0 0.00482455
12724.7 0 0.00486857
12728.5 0 0.00491256
12732.1 0 0.00495691
12735.7 0 0.00500166
12739.2 0 0.00504638
12742.7 0 0.00509109
12746 0 0.00513579
12749.3 0 0.00518048
12752.5 0 0.00522544
12755.5 0 0.00527188
12758.3 0 0.00531852
12761.2 0 0.00536518
12763.9 0 0.00541187
12766.6 0 0.00545857
12769.2 0 0.0055053
12771.7 0 0.00555221
12774.1 0 0.00559936
12776.4 0 0.00564653
12778.6 0 0.00569374
12780.8 0 0.00574096
12783 0 0.00578821
12785.1 0 0.00583549
12787.2 0 0.00588278
12789.2 0 0.00593009
12791.2 0 0.00597742
12793.2 0 0.00602475
12795.1 0 0.0060721
12797 0 0.00611946
12798.8 0 0.00616682
12800.6 0 0.00621418
12802.4 0 0.00626155
12804.2 0 0.00630892
12805.9 0 0.00635628
12807.7 0 0.00640364
12809.4 0 0.00645099
12811 0 0.00649833
12812.7 0 0.00654567
12814.3 0 0.00659299
12815.9 0 0.0066403
12817.5 0 0.0066876
12819.1 0 0.00673489
12820.7 0 0.00678216
12822.2 0 0.00682941
12823.7 0 0.00687665
12825.2 0 0.00692388
12826.7 0 0.00697108
12828.2 0 0.00701827
12829.7 0 0.00706544
12831.1 0 0.00711259
12832.6 0 0.00715972
12834 0 0.00720683
12835.4 0 0.00725392
12836.8 0 0.007301
12838.2 0 0.00734805
12839.5 0 0.00739509
12840.9 0 0.00744211
12842.2 0 0.0074891
12843.6 0 0.00753608
12844.9 0 0.00758304
12846.2 0 0.00762998
12847.5 0 0.00767691
12848.7 0 0.00772381
12850 0 0.0077707
12851.3 0 0.00781757
12852.5 0 0.00786443
12853.7 0 0.00791126
12855 0 0.00795809
12856.2 0 0.00800489
12857.4 0 0.00805169
12858.5 0 0.00809846
12859.7 0 0.00814523
12860.9 0 0.008192
12862 0 0.00823876
12863.1 0 0.00828551
12864.3 0 0.00833225
12865.4 0 0.00837898
12866.4 0 0.0084257
12867.5 0 0.00847241
12868.6 0 0.00851912
12869.6 0 0.00856582
12870.7 0 0.00861251
12871.7 0 0.00865921
12872.7 0 0.00870589
12873.7 0 0.00875258
12874.7 0 0.00879926
12875.7 0 0.00884594
12876.6 0 0.00889263
12877.5 0 0.00893931
12878.5 0 0.008986
12879.4 0 0.00903269
12880.3 0 0.00907939
12881.2 0 0.00912609
12882 0 0.0091728
12882.9 0 0.00921951
12883.7 0 0.00926623
12884.6 0 0.00931297
12885.4 0 0.00935971
12886.2 0 0.00940646
12886.9 0 0.00945323
12887.7 0 0.00950001
12888.5 0 0.0095468
12889.2 0 0.0095936
12889.9 0 0.00964042
12890.6 0 0.00968725
12891.3 0 0.0097341
12892 0 0.00978096
12892.7 0 0.00982784
12893.3 0 0.00987473
12894 0 0.00992164
12894.6 0 0.00996857
12895.2 0 0.0100155
12895.8 0 0.0100625
12896.4 0 0.0101094
12897 0 0.0101564
12897.6 0 0.0102034
12898.1 0 0.0102504
12898.7 0 0.0102975
12899.2 0 0.0103445
12899.8 0 0.0103916
12900.3 0 0.0104386
12900.7 0 0.0104858
12901.2 0 0.010533
12901.6 0 0.0105802
12902 0 0.0106274
12902.5 0 0.0106747
12902.9 0 0.0107219
12903.3 0 0.0107691
12903.7 0 0.0108164
12904.1 0 0.0108637
12904.5 0 0.0109109
12904.8 0 0.0109582
12905.2 0 0.0110055
12905.5 0 0.0110527
12905.9 0 0.0111
12906.2 0 0.0111473
12906.6 0 0.0111946
12906.9 0 0.0112419
12907.2 0 0.0112892
12907.5 0 0.0113365
12907.9 0 0.0113838
12908.2 0 0.0114311
12908.5 0 0.0114784
12908.8 0 0.0115257
12909 0 0.011573
12909.3 0 0.0116203
12909.6 0 0.0116676
12909.9 0 0.0117149
12910.2 0 0.0117621
12910.4 0 0.0118094
12910.7 0 0.0118567
12910.9 0 0.011904
12911.2 0 0.0119513
12911.4 0 0.0119985
12911.7 0 0.0120458
12911.9 0 0.012093
12912.2 0 0.0121403
12912.4 0 0.0121875
12912.6 0 0.0122348
12912.9 0 0.012282
12913.1 0 0.0123292
12913.3 0 0.0123764
12913.5 0 0.0124237
12913.7 0 0.0124709
12913.9 0 0.0125181
12914.1 0 0.0125652
12914.3 0 0.0126124
12914.5 0 0.0126596
12914.7 0 0.0127068
12914.9 0 0.0127539
12915.1 0 0.0128011
12915.3 0 0.0128482
12915.5 0 0.0128954
12915.7 0 0.0129425
12915.9 0 0.0129896
12916 0 0.0130367
12916.2 0 0.0130838
12916.4 0 0.0131309
12916.6 0 0.013178
12916.7 0 0.0132251
12916.9 0 0.0132722
12917 0 0.0133192
12917.2 0 0.0133663
12917.4 0 0.0134133
12917.5 0 0.0134604
12917.7 0 0.0135074
12917.8 0 0.0135544
12918 0 0.0136014
12918.1 0 0.0136484
12918.2 0 0.0136954
12918.4 0 0.0137424
12918.5 0 0.0137894
12918.7 0 0.0138363
12918.8 0 0.0138833
12918.9 0 0.0139302
12919.1 0 0.0139772
12919.3 0 0.0140241
12919.6 0 0.0140709
12920.2 0 0.0141176
12921.1 0 0.0141643
12922.2 0 0.0142108
12923.4 0 0.0142572
12924.8 0 0.0143036
12926.3 0 0.01435
12927.9 0 0.0143963
12929.8 0 0.0144424
12931.8 0 0.0144886
12933.7 0 0.0145347
12935.7 0 0.0145808
12937.6 0 0.0146269
12939.6 0 0.0146729
12941.8 0 0.0147189
12944.1 0 0.0147648
12946.6 0 0.0148106
12949.3 0 0.0148564
12951.9 0 0.0149021
12954.5 0 0.0149478
12957.1 0 0.0149935
12959.7 0 0.0150392
12962.3 0 0.0150849
12964.9 0 0.0151306
12967.5 0 0.0151762
12970.2 0 0.0152218
12973 0 0.0152674
12976 0 0.0153128
12979.1 0 0.0153582
12982.4 0 0.0154035
12985.6 0 0.0154488
12988.8 0 0.0154942
12992 0 0.0155395
12995.2 0 0.0155849
12998.4 0 0.0156302
13001.6 0 0.0156755
13004.8 0 0.0157208
13008 0 0.0157661
13011.2 0 0.0158114
13014.4 0 0.0158566
13017.6 0 0.0159018
13020.9 0 0.015947
13024.2 0 0.0159922
13027.7 0 0.0160372
13031.3 0 0.0160823
13035 0 0.0161271
13038.8 0 0.016172
13042.5 0 0.0162169
13046.3 0 0.0162617
13050 0 0.0163065
13053.7 0 0.0163513
13057.5 0 0.0163961
13061.2 0 0.0164409
13064.9 0 0.0164857
13068.7 0 0.0165304
13072.4 0 0.0165751
13076.1 0 0.0166198
13079.8 0 0.0166645
13083.5 0 0.0167091
13087.2 0 0.0167538
13090.9 0 0.0167984
13094.6 0 0.016843
13098.4 0 0.0168876
13102.2 0 0.0169321
13106.1 0 0.0169765
13110 0 0.0170209
13114.2 0 0.0170652
13118.4 0 0.0171094
13122.6 0 0.0171536
13126.8 0 0.0171978
13130.9 0 0.0172419
13135.1 0 0.017286
13139.3 0 0.0173301
13143.5 0 0.0173742
13147.6 0 0.0174183
13151.8 0 0.0174623
13155.9 0 0.0175063
13160.1 0 0.0175503
13164.3 0 0.0175942
13168.4 0 0.0176382
13172.5 0 0.0176821
13176.7 0 0.017726
13180.8 0 0.0177698
13185 0 0.0178137
13189.1 0 0.0178575
13193.2 0 0.0179012
13197.4 0 0.017945
13201.5 0 0.0179887
13205.6 0 0.0180324
13209.7 0 0.0180761
13213.9 0 0.0181197
13218.1 0 0.0181633
13222.4 0 0.0182068
13226.7 0 0.0182503
13231.2 0 0.0182936
13235.7 0 0.0183369
13240.2 0 0.0183801
13244.8 0 0.0184233
13249.3 0 0.0184664
13253.8 0 0.0185095
13258.3 0 0.0185526
13262.8 0 0.0185957
13267.3 0 0.0186387
13271.8 0 0.0186817
13276.3 0 0.0187247
13280.8 0 0.0187676
13285.3 0 0.0188105
13289.8 0 0.0188534
13294.3 0 0.0188962
13298.7 0 0.018939
13303.2 0 0.0189818
13307.7 0 0.0190246
13312.2 0 0.0190673
13316.6 0 0.01911
13321.1 0 0.0191526
13325.5 0 0.0191952
13330 0 0.0192378
13334.4 0 0.0192803
13338.9 0 0.0193229
13343.3 0 0.0193653
13347.7 0 0.0194078
13352.2 0 0.0194502
13356.6 0 0.0194926
13361 0 0.0195349
13365.5 0 0.0195773
13369.9 0 0.0196195
13374.3 0 0.0196618
13378.8 0 0.019704
13383.3 0 0.0197461
13387.9 0 0.0197882
13392.5 0 0.0198302
13397.2 0 0.0198721
13402 0 0.0199139
13406.7 0 0.0199556
13411.5 0 0.0199973
13416.2 0 0.020039
13420.9 0 0.0200806
13425.7 0 0.0201222
13430.4 0 0.0201637
13435.1 0 0.0202052
13439.8 0 0.0202467
13444.5 0 0.0202882
13449.3 0 0.0203296
13454 0 0.0203709
13458.7 0 0.0204123
13463.4 0 0.0204536
13468.1 0 0.0204948
13472.8 0 0.0205361
13477.4 0 0.0205773
13482.1 0 0.0206184
13486.8 0 0.0206596
13491.5 0 0.0207007
13496.2 0 0.0207417
13500.8 0 0.0207827
13505.5 0 0.0208237
13510.1 0 0.0208647
13514.8 0 0.0209056
13519.5 0 0.0209465
13524.1 0 0.0209873
13528.8 0 0.0210281
13533.4 0 0.0210689
13538 0 0.0211097
13542.7 0 0.0211504
13547.3 0 0.0211911
13551.9 0 0.0212317
13556.6 0 0.0212723
13561.2 0 0.0213129
13565.8 0 0.0213534
13570.4 0 0.0213939
13575 0 0.0214344
13579.6 0 0.0214749
13584.2 0 0.0215153
13588.8 0 0.0215557
13593.4 0 0.021596
13598 0 0.0216364
13602.7 0 0.0216767
13607.4 0 0.0217169
13612.1 0 0.0217571
13616.8 0 0.0217972
13621.6 0 0.0218373
13410.3 0 0.0217406
13470.1 0 0.0217382
13494.5 0 0.0217504
