0 -58.4752 -2.26119e-06
634.56 0 5.85333e-05
1173.57 0 0.000123817
1709.92 0 0.000189079
2243.81 0 0.00025417
2775.24 0 0.000319057
3304.22 0 0.000383736
3830.74 0 0.000448186
4354.77 0 0.000512394
4876.15 0 0.000576362
5394.56 0 0.0006401
5909.16 0 0.000703631
6418.2 0 0.000767012
6918.36 0 0.000830355
7403.99 0 0.000893865
7866.83 0 0.000957815
8297.18 0 0.00102258
8686.59 0 0.00108851
9030.8 0 0.0011558
9330.49 0 0.00122452
9590.04 0 0.0012946
9815.21 0 0.00136582
10011.7 0 0.00143801
10184.8 0 0.00151105
10338.5 0 0.00158489
10475.8 0 0.0016601
10599.4 0 0.00173622
10711.4 0 0.00181321
10812.7 0 0.00189088
10905.5 0 0.00196901
10991.1 0 0.00204755
11070.4 0 0.00212646
11143.9 0 0.00220578
11212.1 0 0.00228563
11276 0 0.00236577
11335.9 0 0.00244617
11392.3 0 0.0025268
11445.5 0 0.00260764
11495.9 0 0.00268867
11543.8 0 0.00276988
11589.3 0 0.00285126
11632.4 0 0.00293286
11673.3 0 0.00301472
11712.4 0 0.0030967
11749.8 0 0.00317881
11785.6 0 0.00326103
11820.1 0 0.00334334
11853.2 0 0.00342574
11885.1 0 0.00350822
11915.6 0 0.00359054
11945 0 0.00367276
11972.9 0 0.00375557
11999.8 0 0.00383849
12025.7 0 0.00392145
12050.7 0 0.00400442
12074.7 0 0.00408727
12097.7 0 0.0041704
12119.8 0 0.00425414
12141.1 0 0.0043379
12161.8 0 0.00442168
12181.9 0 0.00450548
12201.4 0 0.00458928
12220.3 0 0.0046731
12238.6 0 0.00475691
12256.3 0 0.00484073
12273.3 0 0.00492481
12289.7 0 0.00500903
12305.5 0 0.00509324
12320.9 0 0.00517745
12335.7 0 0.00526199
12349.8 0 0.00534749
12363.5 0 0.00543298
12376.5 0 0.00551798
12388.8 0 0.00560282
12400.7 0 0.00568764
12412.4 0 0.00577243
12423.7 0 0.00585719
12434.7 0 0.00594193
12445.5 0 0.00602663
12455.9 0 0.00611131
12466.1 0 0.00619596
12476 0 0.00628059
12485.7 0 0.00636518
12495.1 0 0.00644975
12504.3 0 0.0065343
12513.2 0 0.00661883
12521.8 0 0.00670333
12530.3 0 0.00678782
12538.4 0 0.00687228
12546.4 0 0.00695673
12554.2 0 0.00704116
12561.7 0 0.00712557
12569 0 0.00720996
12576.2 0 0.00729434
12583.1 0 0.00737869
12589.9 0 0.00746303
12596.5 0 0.00754735
12603 0 0.00763164
12609.3 0 0.00771591
12615.5 0 0.00780016
12621.6 0 0.00788438
12627.5 0 0.00796858
12633.3 0 0.0080527
12638.9 0 0.00813668
12644.3 0 0.00822035
12649.5 0 0.00830387
12654.6 0 0.00838756
12659.6 0 0.0084719
12664.4 0 0.0085562
12669.2 0 0.00864047
12673.9 0 0.00872471
12678.6 0 0.00880892
12683.1 0 0.0088931
12687.6 0 0.00897724
12692 0 0.00906135
12696.3 0 0.00914543
12700.6 0 0.00922947
12704.8 0 0.00931349
12708.9 0 0.00939747
12713 0 0.00948142
12717 0 0.00956534
12720.9 0 0.00964923
12724.7 0 0.00973308
12728.5 0 0.00981691
12732.1 0 0.00990111
12735.7 0 0.00998572
12739.2 0 0.0100703
12742.7 0 0.0101549
12746 0 0.0102394
12749.3 0 0.010324
12752.5 0 0.0104088
12755.5 0 0.0104951
12758.3 0 0.0105816
12761.2 0 0.0106682
12763.9 0 0.0107548
12766.6 0 0.0108414
12769.2 0 0.010928
12771.7 0 0.0110148
12774.1 0 0.0111018
12776.4 0 0.0111889
12778.6 0 0.0112759
12780.8 0 0.0113631
12783 0 0.0114502
12785.1 0 0.0115374
12787.2 0 0.0116245
12789.2 0 0.0117117
12791.2 0 0.0117989
12793.2 0 0.0118862
12795.1 0 0.0119734
12797 0 0.0120607
12798.8 0 0.0121479
12800.6 0 0.0122352
12802.4 0 0.0123224
12804.2 0 0.0124097
12805.9 0 0.0124969
12807.7 0 0.0125842
12809.4 0 0.0126714
12811 0 0.0127587
12812.7 0 0.0128459
12814.3 0 0.0129331
12815.9 0 0.0130203
12817.5 0 0.0131075
12819.1 0 0.0131947
12820.7 0 0.0132818
12822.2 0 0.013369
12823.7 0 0.0134561
12825.2 0 0.0135432
12826.7 0 0.0136303
12828.2 0 0.0137174
12829.7 0 0.0138045
12831.1 0 0.0138915
12832.6 0 0.0139785
12834 0 0.0140655
12835.4 0 0.0141525
12836.8 0 0.0142395
12838.2 0 0.0143264
12839.5 0 0.0144134
12840.9 0 0.0145003
12842.2 0 0.0145871
12843.6 0 0.014674
12844.9 0 0.0147609
12846.2 0 0.0148477
12847.5 0 0.0149345
12848.7 0 0.0150213
12850 0 0.0151081
12851.3 0 0.0151949
12852.5 0 0.0152816
12853.7 0 0.0153683
12855 0 0.015455
12856.2 0 0.0155417
12857.4 0 0.0156284
12858.5 0 0.0157151
12859.7 0 0.0158017
12860.9 0 0.0158884
12862 0 0.0159751
12863.1 0 0.0160617
12864.3 0 0.0161483
12865.4 0 0.0162349
12866.4 0 0.0163216
12867.5 0 0.0164082
12868.6 0 0.0164948
12869.6 0 0.0165813
12870.7 0 0.0166679
12871.7 0 0.0167545
12872.7 0 0.0168411
12873.7 0 0.0169277
12874.7 0 0.0170142
12875.7 0 0.0171008
12876.6 0 0.0171874
12877.5 0 0.017274
12878.5 0 0.0173605
12879.4 0 0.0174471
12880.3 0 0.0175337
12881.2 0 0.0176203
12882 0 0.0177069
12882.9 0 0.0177935
12883.7 0 0.0178801
12884.6 0 0.0179667
12885.4 0 0.0180534
12886.2 0 0.01814
12886.9 0 0.0182267
12887.7 0 0.0183133
12888.5 0 0.0184
12889.2 0 0.0184867
12889.9 0 0.0185734
12890.6 0 0.0186601
12891.3 0 0.0187469
12892 0 0.0188336
12892.7 0 0.0189204
12893.3 0 0.0190072
12894 0 0.019094
12894.6 0 0.0191808
12895.2 0 0.0192676
12895.8 0 0.0193545
12896.4 0 0.0194414
12897 0 0.0195282
12897.6 0 0.0196151
12898.1 0 0.019702
12898.7 0 0.019789
12899.2 0 0.0198759
12899.8 0 0.0199629
12900.3 0 0.0200498
12900.7 0 0.0201369
12901.2 0 0.020224
12901.6 0 0.0203111
12902 0 0.0203982
12902.5 0 0.0204853
12902.9 0 0.0205724
12903.3 0 0.0206595
12903.7 0 0.0207467
12904.1 0 0.0208338
12904.5 0 0.020921
12904.8 0 0.0210081
12905.2 0 0.0210953
12905.5 0 0.0211824
12905.9 0 0.0212696
12906.2 0 0.0213568
12906.6 0 0.021444
12906.9 0 0.0215312
12907.2 0 0.0216183
12907.5 0 0.0217055
12907.9 0 0.0217927
12908.2 0 0.0218799
12908.5 0 0.0219671
12908.8 0 0.0220543
12909 0 0.0221414
12909.3 0 0.0222286
12909.6 0 0.0223158
12909.9 0 0.022403
12910.2 0 0.0224901
12910.4 0 0.0225773
12910.7 0 0.0226645
12910.9 0 0.0227516
12911.2 0 0.0228388
12911.4 0 0.022926
12911.7 0 0.0230131
12911.9 0 0.0231002
12912.2 0 0.0231874
12912.4 0 0.0232745
12912.6 0 0.0233616
12912.9 0 0.0234488
12913.1 0 0.0235359
12913.3 0 0.023623
12913.5 0 0.0237101
12913.7 0 0.0237972
12913.9 0 0.0238843
12914.1 0 0.0239713
12914.3 0 0.0240584
12914.5 0 0.0241455
12914.7 0 0.0242325
12914.9 0 0.0243196
12915.1 0 0.0244066
12915.3 0 0.0244936
12915.5 0 0.0245807
12915.7 0 0.0246677
12915.9 0 0.0247547
12916 0 0.0248417
12916.2 0 0.0249287
12916.4 0 0.0250157
12916.6 0 0.0251026
12916.7 0 0.0251896
12916.9 0 0.0252766
12917 0 0.0253635
12917.2 0 0.0254504
12917.4 0 0.0255374
12917.5 0 0.0256243
12917.7 0 0.0257112
12917.8 0 0.0257981
12918 0 0.025885
12918.1 0 0.0259719
12918.2 0 0.0260588
12918.4 0 0.0261456
12918.5 0 0.0262325
12918.7 0 0.0263194
12918.8 0 0.0264062
12918.9 0 0.026493
12919.1 0 0.0265798
12919.3 0 0.0266666
12919.6 0 0.0267534
12920.2 0 0.02684
12921.1 0 0.0269265
12922.2 0 0.0270129
12923.4 0 0.0270992
12924.8 0 0.0271855
12926.3 0 0.0272717
12927.9 0 0.0273579
12929.8 0 0.027444
12931.8 0 0.02753
12933.7 0 0.027616
12935.7 0 0.0277019
12937.6 0 0.0277879
12939.6 0 0.0278738
12941.8 0 0.0279597
12944.1 0 0.0280455
12946.6 0 0.0281312
12949.3 0 0.0282168
12951.9 0 0.0283024
12954.5 0 0.028388
12957.1 0 0.0284736
12959.7 0 0.0285592
12962.3 0 0.0286448
12964.9 0 0.0287303
12967.5 0 0.0288159
12970.2 0 0.0289013
12973 0 0.0289867
12976 0 0.0290721
12979.1 0 0.0291573
12982.4 0 0.0292425
12985.6 0 0.0293277
12988.8 0 0.029413
12992 0 0.0294982
12995.2 0 0.0295834
12998.4 0 0.0296686
13001.6 0 0.0297538
13004.8 0 0.029839
13008 0 0.0299242
13011.2 0 0.0300093
13014.4 0 0.0300944
13017.6 0 0.0301796
13020.9 0 0.0302646
13024.2 0 0.0303496
13027.7 0 0.0304346
13031.3 0 0.0305195
13035 0 0.0306042
13038.8 0 0.030689
13042.5 0 0.0307737
13046.3 0 0.0308585
13050 0 0.0309432
13053.7 0 0.0310279
13057.5 0 0.0311125
13061.2 0 0.0311972
13064.9 0 0.0312818
13068.7 0 0.0313664
13072.4 0 0.031451
13076.1 0 0.0315356
13079.8 0 0.0316201
13083.5 0 0.0317047
13087.2 0 0.0317892
13090.9 0 0.0318737
13094.6 0 0.0319582
13098.4 0 0.0320426
13102.2 0 0.032127
13106.1 0 0.0322113
13110 0 0.0322956
13114.2 0 0.0323798
13118.4 0 0.0324639
13122.6 0 0.0325479
13126.8 0 0.032632
13130.9 0 0.032716
13135.1 0 0.0328
13139.3 0 0.032884
13143.5 0 0.0329679
13147.6 0 0.0330519
13151.8 0 0.0331358
13155.9 0 0.0332197
13160.1 0 0.0333035
13164.3 0 0.0333873
13168.4 0 0.0334712
13172.5 0 0.0335549
13176.7 0 0.0336387
13180.8 0 0.0337224
13185 0 0.0338061
13189.1 0 0.0338898
13193.2 0 0.0339735
13197.4 0 0.0340571
13201.5 0 0.0341407
13205.6 0 0.0342243
13209.7 0 0.0343078
13213.9 0 0.0343914
13218.1 0 0.0344748
13222.4 0 0.0345582
13226.7 0 0.0346415
13231.2 0 0.0347247
13235.7 0 0.0348079
13240.2 0 0.0348909
13244.8 0 0.034974
13249.3 0 0.035057
13253.8 0 0.03514
13258.3 0 0.035223
13262.8 0 0.0353059
13267.3 0 0.0353888
13271.8 0 0.0354717
13276.3 0 0.0355545
13280.8 0 0.0356373
13285.3 0 0.0357201
13289.8 0 0.0358029
13294.3 0 0.0358856
13298.7 0 0.0359682
13303.2 0 0.0360509
13307.7 0 0.0361335
13312.2 0 0.0362161
13316.6 0 0.0362986
13321.1 0 0.0363812
13325.5 0 0.0364636
13330 0 0.0365461
13334.4 0 0.0366285
13338.9 0 0.0367109
13343.3 0 0.0367932
13347.7 0 0.0368756
13352.2 0 0.0369578
13356.6 0 0.0370401
13361 0 0.0371223
13365.5 0 0.0372045
13369.9 0 0.0372867
13374.3 0 0.0373688
13378.8 0 0.0374509
13383.3 0 0.0375329
13387.9 0 0.0376148
13392.5 0 0.0376967
13397.2 0 0.0377785
13402 0 0.0378601
13406.7 0 0.0379417
13411.5 0 0.0380232
13416.2 0 0.0381048
13420.9 0 0.0381863
13425.7 0 0.0382677
13430.4 0 0.0383491
13435.1 0 0.0384305
13439.8 0 0.0385119
13444.5 0 0.0385932
13449.3 0 0.0386744
13454 0 0.0387557
13458.7 0 0.0388369
13463.4 0 0.0389181
13468.1 0 0.0389992
13472.8 0 0.0390803
13477.4 0 0.0391613
13482.1 0 0.0392424
13486.8 0 0.0393234
13491.5 0 0.0394043
13496.2 0 0.0394852
13500.8 0 0.0395661
13505.5 0 0.039647
13510.1 0 0.0397278
13514.8 0 0.0398086
13519.5 0 0.0398893
13524.1 0 0.03997
13528.8 0 0.0400507
13533.4 0 0.0401314
13538 0 0.040212
13542.7 0 0.0402926
13547.3 0 0.0403731
13551.9 0 0.0404536
13556.6 0 0.0405341
13561.2 0 0.0406145
13565.8 0 0.0406949
13570.4 0 0.0407753
13575 0 0.0408556
13579.6 0 0.0409359
13584.2 0 0.0410162
13588.8 0 0.0410965
13593.4 0 0.0411767
13598 0 0.0412569
13602.7 0 0.0413371
13607.4 0 0.0414172
13612.1 0 0.0414972
13616.8 0 0.0415772
13621.6 0 0.0416572
13410.3 0 0.0416003
13470.1 0 0.0416377
13494.5 0 0.0416898
