0 -58.4752 -2.26119e-06
634.56 0 8.65418e-05
1173.57 0 0.000180041
1709.92 0 0.000273486
2243.81 0 0.000366775
2775.24 0 0.000459841
3304.22 0 0.000552679
3830.74 0 0.000645282
4354.77 0 0.000737646
4876.15 0 0.000829773
5394.56 0 0.00092167
5909.16 0 0.00101336
6418.2 0 0.00110491
6918.36 0 0.00119641
7403.99 0 0.00128808
7866.83 0 0.00138019
8297.18 0 0.00147312
8686.59 0 0.00156719
9030.8 0 0.00166262
9330.49 0 0.00175956
9590.04 0 0.00185789
9815.21 0 0.00195759
10011.7 0 0.00205855
10184.8 0 0.00216044
10338.5 0 0.00226311
10475.8 0 0.0023663
10599.4 0 0.00247005
10711.4 0 0.00257436
10812.7 0 0.0026799
10905.5 0 0.00278586
10991.1 0 0.0028922
11070.4 0 0.00299888
11143.9 0 0.00310594
11212.1 0 0.00321349
11276 0 0.0033213
11335.9 0 0.00342934
11392.3 0 0.00353759
11445.5 0 0.00364604
11495.9 0 0.00375467
11543.8 0 0.00386345
11589.3 0 0.00397239
11632.4 0 0.00408162
11673.3 0 0.00419121
11712.4 0 0.00430092
11749.8 0 0.00441074
11785.6 0 0.00452067
11820.1 0 0.00463069
11853.2 0 0.00474079
11885.1 0 0.00485096
11915.6 0 0.00496164
11945 0 0.00507267
11972.9 0 0.00518394
11999.8 0 0.00529529
12025.7 0 0.0054067
12050.7 0 0.00551826
12074.7 0 0.00563038
12097.7 0 0.00574251
12119.8 0 0.00585462
12141.1 0 0.00596676
12161.8 0 0.00607892
12181.9 0 0.00619111
12201.4 0 0.00630331
12220.3 0 0.00641552
12238.6 0 0.00652774
12256.3 0 0.00663997
12273.3 0 0.00675237
12289.7 0 0.00686486
12305.5 0 0.00697735
12320.9 0 0.00708984
12335.7 0 0.00720223
12349.8 0 0.00731437
12363.5 0 0.00742648
12376.5 0 0.00753958
12388.8 0 0.00765345
12400.7 0 0.00776732
12412.4 0 0.00788117
12423.7 0 0.007995
12434.7 0 0.00810881
12445.5 0 0.00822261
12455.9 0 0.00833639
12466.1 0 0.00845015
12476 0 0.00856389
12485.7 0 0.00867762
12495.1 0 0.00879134
12504.3 0 0.00890505
12513.2 0 0.00901875
12521.8 0 0.00913245
12530.3 0 0.00924614
12538.4 0 0.00935983
12546.4 0 0.00947351
12554.2 0 0.00958719
12561.7 0 0.00970086
12569 0 0.00981452
12576.2 0 0.00992817
12583.1 0 0.0100418
12589.9 0 0.0101554
12596.5 0 0.0102691
12603 0 0.0103827
12609.3 0 0.0104962
12615.5 0 0.0106098
12621.6 0 0.0107233
12627.5 0 0.0108368
12633.3 0 0.0109505
12638.9 0 0.0110646
12644.3 0 0.0111793
12649.5 0 0.0112943
12654.6 0 0.0114093
12659.6 0 0.011524
12664.4 0 0.0116388
12669.2 0 0.0117535
12673.9 0 0.0118682
12678.6 0 0.011983
12683.1 0 0.0120976
12687.6 0 0.0122123
12692 0 0.012327
12696.3 0 0.0124417
12700.6 0 0.0125564
12704.8 0 0.012671
12708.9 0 0.0127857
12713 0 0.0129004
12717 0 0.0130151
12720.9 0 0.0131297
12724.7 0 0.0132444
12728.5 0 0.0133592
12732.1 0 0.0134737
12735.7 0 0.0135882
12739.2 0 0.0137026
12742.7 0 0.0138171
12746 0 0.0139315
12749.3 0 0.014046
12752.5 0 0.0141604
12755.5 0 0.0142748
12758.3 0 0.0143892
12761.2 0 0.0145036
12763.9 0 0.014618
12766.6 0 0.0147324
12769.2 0 0.0148467
12771.7 0 0.0149614
12774.1 0 0.0150765
12776.4 0 0.0151916
12778.6 0 0.0153067
12780.8 0 0.0154217
12783 0 0.0155368
12785.1 0 0.0156518
12787.2 0 0.0157669
12789.2 0 0.0158819
12791.2 0 0.0159969
12793.2 0 0.0161119
12795.1 0 0.0162269
12797 0 0.0163419
12798.8 0 0.0164568
12800.6 0 0.0165718
12802.4 0 0.0166867
12804.2 0 0.0168016
12805.9 0 0.0169165
12807.7 0 0.0170313
12809.4 0 0.0171462
12811 0 0.017261
12812.7 0 0.0173758
12814.3 0 0.0174906
12815.9 0 0.0176054
12817.5 0 0.0177202
12819.1 0 0.0178349
12820.7 0 0.0179497
12822.2 0 0.0180644
12823.7 0 0.018179
12825.2 0 0.0182937
12826.7 0 0.0184084
12828.2 0 0.018523
12829.7 0 0.0186376
12831.1 0 0.0187522
12832.6 0 0.0188668
12834 0 0.0189814
12835.4 0 0.019096
12836.8 0 0.0192105
12838.2 0 0.019325
12839.5 0 0.0194395
12840.9 0 0.019554
12842.2 0 0.0196685
12843.6 0 0.019783
12844.9 0 0.0198974
12846.2 0 0.0200119
12847.5 0 0.0201263
12848.7 0 0.0202407
12850 0 0.0203551
12851.3 0 0.0204695
12852.5 0 0.0205839
12853.7 0 0.0206983
12855 0 0.0208127
12856.2 0 0.020927
12857.4 0 0.0210414
12858.5 0 0.0211557
12859.7 0 0.0212701
12860.9 0 0.0213844
12862 0 0.0214986
12863.1 0 0.0216129
12864.3 0 0.0217272
12865.4 0 0.0218415
12866.4 0 0.0219557
12867.5 0 0.02207
12868.6 0 0.0221843
12869.6 0 0.0222985
12870.7 0 0.0224128
12871.7 0 0.022527
12872.7 0 0.0226413
12873.7 0 0.0227555
12874.7 0 0.0228698
12875.7 0 0.022984
12876.6 0 0.0230983
12877.5 0 0.0232125
12878.5 0 0.0233268
12879.4 0 0.023441
12880.3 0 0.0235553
12881.2 0 0.0236696
12882 0 0.0237838
12882.9 0 0.0238981
12883.7 0 0.0240124
12884.6 0 0.0241267
12885.4 0 0.0242409
12886.2 0 0.0243552
12886.9 0 0.0244695
12887.7 0 0.0245838
12888.5 0 0.0246981
12889.2 0 0.0248124
12889.9 0 0.0249267
12890.6 0 0.025041
12891.3 0 0.0251553
12892 0 0.0252696
12892.7 0 0.0253839
12893.3 0 0.0254982
12894 0 0.0256125
12894.6 0 0.0257269
12895.2 0 0.0258412
12895.8 0 0.0259555
12896.4 0 0.0260698
12897 0 0.0261841
12897.6 0 0.0262984
12898.1 0 0.0264128
12898.7 0 0.0265271
12899.2 0 0.0266414
12899.8 0 0.0267557
12900.3 0 0.0268701
12900.7 0 0.0269851
12901.2 0 0.0271002
12901.6 0 0.0272153
12902 0 0.0273304
12902.5 0 0.0274454
12902.9 0 0.0275605
12903.3 0 0.0276756
12903.7 0 0.0277907
12904.1 0 0.0279058
12904.5 0 0.0280209
12904.8 0 0.0281359
12905.2 0 0.028251
12905.5 0 0.0283661
12905.9 0 0.0284812
12906.2 0 0.0285963
12906.6 0 0.0287113
12906.9 0 0.0288264
12907.2 0 0.0289415
12907.5 0 0.0290566
12907.9 0 0.0291716
12908.2 0 0.0292867
12908.5 0 0.0294017
12908.8 0 0.0295168
12909 0 0.0296318
12909.3 0 0.0297469
12909.6 0 0.0298619
12909.9 0 0.029977
12910.2 0 0.030092
12910.4 0 0.030207
12910.7 0 0.030322
12910.9 0 0.0304371
12911.2 0 0.0305521
12911.4 0 0.0306671
12911.7 0 0.0307821
12911.9 0 0.0308971
12912.2 0 0.0310121
12912.4 0 0.031127
12912.6 0 0.031242
12912.9 0 0.031357
12913.1 0 0.031472
12913.3 0 0.0315869
12913.5 0 0.0317019
12913.7 0 0.0318168
12913.9 0 0.0319318
12914.1 0 0.0320467
12914.3 0 0.0321616
12914.5 0 0.0322766
12914.7 0 0.0323915
12914.9 0 0.0325064
12915.1 0 0.0326213
12915.3 0 0.0327362
12915.5 0 0.0328511
12915.7 0 0.032966
12915.9 0 0.0330808
12916 0 0.0331957
12916.2 0 0.0333106
12916.4 0 0.0334254
12916.6 0 0.0335403
12916.7 0 0.0336551
12916.9 0 0.03377
12917 0 0.0338848
12917.2 0 0.0339997
12917.4 0 0.0341145
12917.5 0 0.0342293
12917.7 0 0.0343441
12917.8 0 0.0344589
12918 0 0.0345737
12918.1 0 0.0346885
12918.2 0 0.0348033
12918.4 0 0.034918
12918.5 0 0.0350328
12918.7 0 0.0351476
12918.8 0 0.0352623
12918.9 0 0.0353771
12919.1 0 0.0354918
12919.3 0 0.0356065
12919.6 0 0.0357212
12920.2 0 0.0358358
12921.1 0 0.0359503
12922.2 0 0.0360648
12923.4 0 0.0361792
12924.8 0 0.0362936
12926.3 0 0.0364079
12927.9 0 0.0365222
12929.8 0 0.0366364
12931.8 0 0.0367506
12933.7 0 0.0368648
12935.7 0 0.036979
12937.6 0 0.0370932
12939.6 0 0.0372073
12941.8 0 0.0373214
12944.1 0 0.0374354
12946.6 0 0.0375494
12949.3 0 0.0376633
12951.9 0 0.0377773
12954.5 0 0.0378912
12957.1 0 0.0380051
12959.7 0 0.038119
12962.3 0 0.0382329
12964.9 0 0.0383468
12967.5 0 0.0384607
12970.2 0 0.0385746
12973 0 0.0386884
12976 0 0.0388021
12979.1 0 0.0389158
12982.4 0 0.0390295
12985.6 0 0.0391431
12988.8 0 0.0392566
12992 0 0.03937
12995.2 0 0.0394835
12998.4 0 0.0395969
13001.6 0 0.0397103
13004.8 0 0.0398237
13008 0 0.0399371
13011.2 0 0.0400505
13014.4 0 0.0401639
13017.6 0 0.0402773
13020.9 0 0.0403906
13024.2 0 0.0405039
13027.7 0 0.0406171
13031.3 0 0.0407302
13035 0 0.0408433
13038.8 0 0.0409564
13042.5 0 0.0410695
13046.3 0 0.0411825
13050 0 0.0412956
13053.7 0 0.0414086
13057.5 0 0.0415216
13061.2 0 0.0416346
13064.9 0 0.0417476
13068.7 0 0.0418606
13072.4 0 0.0419736
13076.1 0 0.0420865
13079.8 0 0.0421994
13083.5 0 0.0423124
13087.2 0 0.0424253
13090.9 0 0.0425382
13094.6 0 0.042651
13098.4 0 0.0427639
13102.2 0 0.0428767
13106.1 0 0.0429894
13110 0 0.0431021
13114.2 0 0.0432147
13118.4 0 0.0433273
13122.6 0 0.0434398
13126.8 0 0.0435524
13130.9 0 0.0436649
13135.1 0 0.0437774
13139.3 0 0.0438899
13143.5 0 0.0440024
13147.6 0 0.0441149
13151.8 0 0.0442273
13155.9 0 0.0443398
13160.1 0 0.0444522
13164.3 0 0.0445646
13168.4 0 0.044677
13172.5 0 0.0447893
13176.7 0 0.0449017
13180.8 0 0.045014
13185 0 0.0451263
13189.1 0 0.0452386
13193.2 0 0.0453509
13197.4 0 0.0454631
13201.5 0 0.0455754
13205.6 0 0.0456876
13209.7 0 0.0457998
13213.9 0 0.0459119
13218.1 0 0.046024
13222.4 0 0.0461361
13226.7 0 0.046248
13231.2 0 0.0463599
13235.7 0 0.0464718
13240.2 0 0.0465836
13244.8 0 0.0466955
13249.3 0 0.0468073
13253.8 0 0.0469191
13258.3 0 0.0470308
13262.8 0 0.0471426
13267.3 0 0.0472543
13271.8 0 0.047366
13276.3 0 0.0474777
13280.8 0 0.0475893
13285.3 0 0.0477009
13289.8 0 0.0478125
13294.3 0 0.0479241
13298.7 0 0.0480357
13303.2 0 0.0481472
13307.7 0 0.0482588
13312.2 0 0.0483703
13316.6 0 0.0484817
13321.1 0 0.0485932
13325.5 0 0.0487046
13330 0 0.048816
13334.4 0 0.0489274
13338.9 0 0.0490388
13343.3 0 0.0491501
13347.7 0 0.0492614
13352.2 0 0.0493727
13356.6 0 0.049484
13361 0 0.0495952
13365.5 0 0.0497064
13369.9 0 0.0498176
13374.3 0 0.0499287
13378.8 0 0.0500398
13383.3 0 0.0501508
13387.9 0 0.0502618
13392.5 0 0.0503727
13397.2 0 0.0504834
13402 0 0.0505942
13406.7 0 0.050705
13411.5 0 0.0508157
13416.2 0 0.0509264
13420.9 0 0.0510371
13425.7 0 0.0511477
13430.4 0 0.0512584
13435.1 0 0.051369
13439.8 0 0.0514795
13444.5 0 0.0515901
13449.3 0 0.0517006
13454 0 0.0518111
13458.7 0 0.0519215
13463.4 0 0.052032
13468.1 0 0.0521424
13472.8 0 0.0522528
13477.4 0 0.0523631
13482.1 0 0.0524734
13486.8 0 0.0525837
13491.5 0 0.052694
13496.2 0 0.0528043
13500.8 0 0.0529145
13505.5 0 0.0530247
13510.1 0 0.0531348
13514.8 0 0.0532449
13519.5 0 0.0533551
13524.1 0 0.0534651
13528.8 0 0.0535752
13533.4 0 0.0536852
13538 0 0.0537952
13542.7 0 0.0539052
13547.3 0 0.0540151
13551.9 0 0.054125
13556.6 0 0.0542349
13561.2 0 0.0543447
13565.8 0 0.0544545
13570.4 0 0.0545643
13575 0 0.0546741
13579.6 0 0.0547838
13584.2 0 0.0548936
13588.8 0 0.0550032
13593.4 0 0.0551129
13598 0 0.0552224
13602.7 0 0.0553319
13607.4 0 0.0554414
13612.1 0 0.0555507
13616.8 0 0.05566
13621.6 0 0.0557691
13410.3 0 0.0557447
13470.1 0 0.0558128
13494.5 0 0.0558957
