0 -58.4752 -2.26119e-06
634.56 0 0.000103077
1173.57 0 0.000212985
1709.92 0 0.000322859
2243.81 0 0.000432567
2775.24 0 0.000542064
3304.22 0 0.000651345
3830.74 0 0.000760394
4354.77 0 0.000869204
4876.15 0 0.000977774
5394.56 0 0.00108611
5909.16 0 0.00119425
6418.2 0 0.00130223
6918.36 0 0.00141018
7403.99 0 0.00151829
7866.83 0 0.00162685
8297.18 0 0.00173621
8686.59 0 0.00184673
9030.8 0 0.00195862
9330.49 0 0.00207197
9590.04 0 0.00218669
9815.21 0 0.00230263
10011.7 0 0.00241966
10184.8 0 0.00253758
10338.5 0 0.00265628
10475.8 0 0.00277602
10599.4 0 0.00289654
10711.4 0 0.0030178
10812.7 0 0.00313996
10905.5 0 0.00326257
10991.1 0 0.00338557
11070.4 0 0.00350893
11143.9 0 0.00363268
11212.1 0 0.00375696
11276 0 0.00388151
11335.9 0 0.00400631
11392.3 0 0.00413133
11445.5 0 0.00425656
11495.9 0 0.00438197
11543.8 0 0.00450756
11589.3 0 0.0046333
11632.4 0 0.0047593
11673.3 0 0.00488559
11712.4 0 0.00501201
11749.8 0 0.00513855
11785.6 0 0.00526519
11820.1 0 0.00539193
11853.2 0 0.00551875
11885.1 0 0.00564566
11915.6 0 0.00577265
11945 0 0.00589973
11972.9 0 0.00602726
11999.8 0 0.00615489
12025.7 0 0.00628256
12050.7 0 0.00641031
12074.7 0 0.00653819
12097.7 0 0.00666625
12119.8 0 0.00679467
12141.1 0 0.00692312
12161.8 0 0.0070516
12181.9 0 0.00718008
12201.4 0 0.00730858
12220.3 0 0.00743709
12238.6 0 0.0075656
12256.3 0 0.00769412
12273.3 0 0.00782286
12289.7 0 0.00795173
12305.5 0 0.00808059
12320.9 0 0.00820945
12335.7 0 0.00833847
12349.8 0 0.00846798
12363.5 0 0.00859747
12376.5 0 0.00872705
12388.8 0 0.00885684
12400.7 0 0.0089866
12412.4 0 0.00911635
12423.7 0 0.00924607
12434.7 0 0.00937576
12445.5 0 0.00950544
12455.9 0 0.00963508
12466.1 0 0.00976471
12476 0 0.00989431
12485.7 0 0.0100239
12495.1 0 0.0101534
12504.3 0 0.010283
12513.2 0 0.0104125
12521.8 0 0.010542
12530.3 0 0.0106715
12538.4 0 0.010801
12546.4 0 0.0109305
12554.2 0 0.0110599
12561.7 0 0.0111894
12569 0 0.0113188
12576.2 0 0.0114482
12583.1 0 0.0115776
12589.9 0 0.011707
12596.5 0 0.0118364
12603 0 0.0119657
12609.3 0 0.012095
12615.5 0 0.0122243
12621.6 0 0.0123536
12627.5 0 0.0124828
12633.3 0 0.0126121
12638.9 0 0.0127415
12644.3 0 0.0128709
12649.5 0 0.0130003
12654.6 0 0.0131298
12659.6 0 0.0132596
12664.4 0 0.0133894
12669.2 0 0.0135192
12673.9 0 0.0136489
12678.6 0 0.0137787
12683.1 0 0.0139084
12687.6 0 0.014038
12692 0 0.0141677
12696.3 0 0.0142973
12700.6 0 0.0144269
12704.8 0 0.0145565
12708.9 0 0.0146861
12713 0 0.0148157
12717 0 0.0149452
12720.9 0 0.0150747
12724.7 0 0.0152042
12728.5 0 0.0153337
12732.1 0 0.0154634
12735.7 0 0.0155932
12739.2 0 0.0157231
12742.7 0 0.0158529
12746 0 0.0159828
12749.3 0 0.0161126
12752.5 0 0.0162426
12755.5 0 0.0163735
12758.3 0 0.0165045
12761.2 0 0.0166355
12763.9 0 0.0167666
12766.6 0 0.0168976
12769.2 0 0.0170287
12771.7 0 0.01716
12774.1 0 0.0172916
12776.4 0 0.0174232
12778.6 0 0.0175548
12780.8 0 0.0176864
12783 0 0.0178181
12785.1 0 0.0179497
12787.2 0 0.0180814
12789.2 0 0.0182131
12791.2 0 0.0183447
12793.2 0 0.0184764
12795.1 0 0.0186081
12797 0 0.0187398
12798.8 0 0.0188715
12800.6 0 0.0190031
12802.4 0 0.0191348
12804.2 0 0.0192665
12805.9 0 0.0193981
12807.7 0 0.0195297
12809.4 0 0.0196614
12811 0 0.019793
12812.7 0 0.0199246
12814.3 0 0.0200562
12815.9 0 0.0201878
12817.5 0 0.0203193
12819.1 0 0.0204509
12820.7 0 0.0205824
12822.2 0 0.0207139
12823.7 0 0.0208454
12825.2 0 0.0209769
12826.7 0 0.0211084
12828.2 0 0.0212398
12829.7 0 0.0213712
12831.1 0 0.0215027
12832.6 0 0.021634
12834 0 0.0217654
12835.4 0 0.0218968
12836.8 0 0.0220281
12838.2 0 0.0221594
12839.5 0 0.0222908
12840.9 0 0.022422
12842.2 0 0.0225533
12843.6 0 0.0226846
12844.9 0 0.0228158
12846.2 0 0.022947
12847.5 0 0.0230782
12848.7 0 0.0232094
12850 0 0.0233406
12851.3 0 0.0234717
12852.5 0 0.0236029
12853.7 0 0.023734
12855 0 0.0238651
12856.2 0 0.0239962
12857.4 0 0.0241273
12858.5 0 0.0242584
12859.7 0 0.0243895
12860.9 0 0.0245205
12862 0 0.0246516
12863.1 0 0.0247826
12864.3 0 0.0249137
12865.4 0 0.0250447
12866.4 0 0.0251757
12867.5 0 0.0253067
12868.6 0 0.0254377
12869.6 0 0.0255687
12870.7 0 0.0256997
12871.7 0 0.0258307
12872.7 0 0.0259617
12873.7 0 0.0260927
12874.7 0 0.0262237
12875.7 0 0.0263547
12876.6 0 0.0264857
12877.5 0 0.0266166
12878.5 0 0.0267476
12879.4 0 0.0268786
12880.3 0 0.0270096
12881.2 0 0.0271406
12882 0 0.0272716
12882.9 0 0.0274027
12883.7 0 0.0275337
12884.6 0 0.0276647
12885.4 0 0.0277957
12886.2 0 0.0279268
12886.9 0 0.0280578
12887.7 0 0.0281889
12888.5 0 0.02832
12889.2 0 0.028451
12889.9 0 0.0285821
12890.6 0 0.0287132
12891.3 0 0.0288443
12892 0 0.0289755
12892.7 0 0.0291066
12893.3 0 0.0292377
12894 0 0.0293689
12894.6 0 0.0295
12895.2 0 0.0296312
12895.8 0 0.0297624
12896.4 0 0.0298936
12897 0 0.0300248
12897.6 0 0.030156
12898.1 0 0.0302872
12898.7 0 0.0304184
12899.2 0 0.0305497
12899.8 0 0.0306809
12900.3 0 0.0308122
12900.7 0 0.0309438
12901.2 0 0.0310754
12901.6 0 0.031207
12902 0 0.0313387
12902.5 0 0.0314703
12902.9 0 0.031602
12903.3 0 0.0317336
12903.7 0 0.0318653
12904.1 0 0.0319969
12904.5 0 0.0321286
12904.8 0 0.0322603
12905.2 0 0.0323919
12905.5 0 0.0325236
12905.9 0 0.0326553
12906.2 0 0.032787
12906.6 0 0.0329186
12906.9 0 0.0330503
12907.2 0 0.033182
12907.5 0 0.0333137
12907.9 0 0.0334454
12908.2 0 0.033577
12908.5 0 0.0337087
12908.8 0 0.0338404
12909 0 0.0339721
12909.3 0 0.0341037
12909.6 0 0.0342354
12909.9 0 0.034367
12910.2 0 0.0344987
12910.4 0 0.0346304
12910.7 0 0.034762
12910.9 0 0.0348937
12911.2 0 0.0350253
12911.4 0 0.0351569
12911.7 0 0.0352886
12911.9 0 0.0354202
12912.2 0 0.0355518
12912.4 0 0.0356834
12912.6 0 0.035815
12912.9 0 0.0359466
12913.1 0 0.0360782
12913.3 0 0.0362098
12913.5 0 0.0363414
12913.7 0 0.036473
12913.9 0 0.0366045
12914.1 0 0.0367361
12914.3 0 0.0368677
12914.5 0 0.0369992
12914.7 0 0.0371308
12914.9 0 0.0372623
12915.1 0 0.0373938
12915.3 0 0.0375253
12915.5 0 0.0376568
12915.7 0 0.0377884
12915.9 0 0.0379198
12916 0 0.0380513
12916.2 0 0.0381828
12916.4 0 0.0383143
12916.6 0 0.0384458
12916.7 0 0.0385772
12916.9 0 0.0387087
12917 0 0.0388401
12917.2 0 0.0389716
12917.4 0 0.039103
12917.5 0 0.0392344
12917.7 0 0.0393658
12917.8 0 0.0394972
12918 0 0.0396286
12918.1 0 0.03976
12918.2 0 0.0398914
12918.4 0 0.0400228
12918.5 0 0.0401541
12918.7 0 0.0402855
12918.8 0 0.0404168
12918.9 0 0.0405482
12919.1 0 0.0406795
12919.3 0 0.0408108
12919.6 0 0.040942
12920.2 0 0.0410732
12921.1 0 0.0412042
12922.2 0 0.0413352
12923.4 0 0.0414661
12924.8 0 0.041597
12926.3 0 0.0417278
12927.9 0 0.0418585
12929.8 0 0.0419892
12931.8 0 0.0421198
12933.7 0 0.0422504
12935.7 0 0.042381
12937.6 0 0.0425116
12939.6 0 0.0426422
12941.8 0 0.0427727
12944.1 0 0.0429031
12946.6 0 0.0430334
12949.3 0 0.0431637
12951.9 0 0.043294
12954.5 0 0.0434243
12957.1 0 0.0435545
12959.7 0 0.0436848
12962.3 0 0.043815
12964.9 0 0.0439452
12967.5 0 0.0440755
12970.2 0 0.0442056
12973 0 0.0443357
12976 0 0.0444658
12979.1 0 0.0445957
12982.4 0 0.0447256
12985.6 0 0.0448555
12988.8 0 0.0449854
12992 0 0.0451153
12995.2 0 0.0452451
12998.4 0 0.045375
13001.6 0 0.0455048
13004.8 0 0.0456346
13008 0 0.0457644
13011.2 0 0.0458942
13014.4 0 0.0460239
13017.6 0 0.0461537
13020.9 0 0.0462834
13024.2 0 0.0464131
13027.7 0 0.0465426
13031.3 0 0.0466722
13035 0 0.0468016
13038.8 0 0.046931
13042.5 0 0.0470604
13046.3 0 0.0471898
13050 0 0.0473192
13053.7 0 0.0474486
13057.5 0 0.0475779
13061.2 0 0.0477072
13064.9 0 0.0478366
13068.7 0 0.0479659
13072.4 0 0.0480951
13076.1 0 0.0482244
13079.8 0 0.0483536
13083.5 0 0.0484829
13087.2 0 0.0486121
13090.9 0 0.0487413
13094.6 0 0.0488704
13098.4 0 0.0489996
13102.2 0 0.0491287
13106.1 0 0.0492577
13110 0 0.0493867
13114.2 0 0.0495155
13118.4 0 0.0496444
13122.6 0 0.0497732
13126.8 0 0.0499019
13130.9 0 0.0500307
13135.1 0 0.0501595
13139.3 0 0.0502882
13143.5 0 0.0504169
13147.6 0 0.0505456
13151.8 0 0.0506742
13155.9 0 0.0508029
13160.1 0 0.0509315
13164.3 0 0.0510601
13168.4 0 0.0511886
13172.5 0 0.0513172
13176.7 0 0.0514457
13180.8 0 0.0515742
13185 0 0.0517027
13189.1 0 0.0518312
13193.2 0 0.0519596
13197.4 0 0.052088
13201.5 0 0.0522164
13205.6 0 0.0523448
13209.7 0 0.0524731
13213.9 0 0.0526014
13218.1 0 0.0527297
13222.4 0 0.0528578
13226.7 0 0.052986
13231.2 0 0.053114
13235.7 0 0.0532419
13240.2 0 0.0533699
13244.8 0 0.0534978
13249.3 0 0.0536256
13253.8 0 0.0537535
13258.3 0 0.0538813
13262.8 0 0.0540091
13267.3 0 0.0541368
13271.8 0 0.0542646
13276.3 0 0.0543923
13280.8 0 0.05452
13285.3 0 0.0546476
13289.8 0 0.0547752
13294.3 0 0.0549028
13298.7 0 0.0550304
13303.2 0 0.0551579
13307.7 0 0.0552854
13312.2 0 0.0554129
13316.6 0 0.0555404
13321.1 0 0.0556678
13325.5 0 0.0557952
13330 0 0.0559225
13334.4 0 0.0560499
13338.9 0 0.0561772
13343.3 0 0.0563045
13347.7 0 0.0564317
13352.2 0 0.0565589
13356.6 0 0.0566861
13361 0 0.0568133
13365.5 0 0.0569404
13369.9 0 0.0570675
13374.3 0 0.0571945
13378.8 0 0.0573216
13383.3 0 0.0574485
13387.9 0 0.0575754
13392.5 0 0.0577022
13397.2 0 0.0578289
13402 0 0.0579555
13406.7 0 0.0580821
13411.5 0 0.0582086
13416.2 0 0.0583352
13420.9 0 0.0584617
13425.7 0 0.0585881
13430.4 0 0.0587146
13435.1 0 0.058841
13439.8 0 0.0589673
13444.5 0 0.0590937
13449.3 0 0.05922
13454 0 0.0593462
13458.7 0 0.0594725
13463.4 0 0.0595987
13468.1 0 0.0597248
13472.8 0 0.059851
13477.4 0 0.0599771
13482.1 0 0.0601031
13486.8 0 0.0602292
13491.5 0 0.0603552
13496.2 0 0.0604812
13500.8 0 0.0606071
13505.5 0 0.060733
13510.1 0 0.0608589
13514.8 0 0.0609848
13519.5 0 0.0611106
13524.1 0 0.0612364
13528.8 0 0.0613621
13533.4 0 0.0614878
13538 0 0.0616135
13542.7 0 0.0617392
13547.3 0 0.0618648
13551.9 0 0.0619904
13556.6 0 0.062116
13561.2 0 0.0622415
13565.8 0 0.062367
13570.4 0 0.0624925
13575 0 0.0626179
13579.6 0 0.0627433
13584.2 0 0.0628687
13588.8 0 0.062994
13593.4 0 0.0631193
13598 0 0.0632446
13602.7 0 0.0633699
13607.4 0 0.063495
13612.1 0 0.0636201
13616.8 0 0.0637452
13621.6 0 0.0638701
13410.3 0 0.0638595
13470.1 0 0.0639425
13494.5 0 0.0640402
