0 -58.4752 -2.26119e-06
634.56 0 5.75224e-06
1173.57 0 1.84501e-05
1709.92 0 3.10961e-05
2243.81 0 4.35846e-05
2775.24 0 5.58517e-05
3304.22 0 6.78919e-05
3830.74 0 7.96971e-05
4354.77 0 9.12632e-05
4876.15 0 0.000102592
5394.56 0 0.000113691
5909.16 0 0.000124586
6418.2 0 0.000135331
6918.36 0 0.00014604
7403.99 0 0.000156908
7866.83 0 0.000168223
8297.18 0 0.000180349
8686.59 0 0.000193624
9030.8 0 0.00020826
9330.49 0 0.000224395
9590.04 0 0.000241925
9815.21 0 0.000260809
10011.7 0 0.000280933
10184.8 0 0.00030199
10338.5 0 0.000323818
10475.8 0 0.000346224
10599.4 0 0.000369203
10711.4 0 0.000392766
10812.7 0 0.00041752
10905.5 0 0.000442703
10991.1 0 0.000468267
11070.4 0 0.000494172
11143.9 0 0.000520452
11212.1 0 0.000547232
11276 0 0.000574269
11335.9 0 0.000601542
11392.3 0 0.000629029
11445.5 0 0.000656711
11495.9 0 0.00068457
11543.8 0 0.000712592
11589.3 0 0.000740762
11632.4 0 0.000769226
11673.3 0 0.000798039
11712.4 0 0.000826976
11749.8 0 0.000856026
11785.6 0 0.000885179
11820.1 0 0.000914425
11853.2 0 0.000943754
11885.1 0 0.000973159
11915.6 0 0.00100303
11945 0 0.00103323
11972.9 0 0.00106368
11999.8 0 0.00109421
12025.7 0 0.00112481
12050.7 0 0.00115555
12074.7 0 0.0011868
12097.7 0 0.00121809
12119.8 0 0.00124939
12141.1 0 0.00128072
12161.8 0 0.00131207
12181.9 0 0.00134345
12201.4 0 0.00137483
12220.3 0 0.00140623
12238.6 0 0.00143764
12256.3 0 0.00146906
12273.3 0 0.00150065
12289.7 0 0.00153234
12305.5 0 0.00156402
12320.9 0 0.00159571
12335.7 0 0.00162732
12349.8 0 0.00165874
12363.5 0 0.00169015
12376.5 0 0.00172245
12388.8 0 0.00175548
12400.7 0 0.00178849
12412.4 0 0.00182149
12423.7 0 0.00185448
12434.7 0 0.00188744
12445.5 0 0.00192039
12455.9 0 0.00195331
12466.1 0 0.00198622
12476 0 0.00201912
12485.7 0 0.00205199
12495.1 0 0.00208486
12504.3 0 0.00211772
12513.2 0 0.00215056
12521.8 0 0.0021834
12530.3 0 0.00221624
12538.4 0 0.00224906
12546.4 0 0.00228189
12554.2 0 0.0023147
12561.7 0 0.00234751
12569 0 0.00238032
12576.2 0 0.00241311
12583.1 0 0.00244589
12589.9 0 0.00247866
12596.5 0 0.00251141
12603 0 0.00254415
12609.3 0 0.00257686
12615.5 0 0.00260956
12621.6 0 0.00264223
12627.5 0 0.00267488
12633.3 0 0.00270768
12638.9 0 0.00274086
12644.3 0 0.00277462
12649.5 0 0.00280865
12654.6 0 0.00284261
12659.6 0 0.00287645
12664.4 0 0.00291028
12669.2 0 0.00294408
12673.9 0 0.00297787
12678.6 0 0.00301165
12683.1 0 0.00304542
12687.6 0 0.00307917
12692 0 0.00311292
12696.3 0 0.00314666
12700.6 0 0.00318039
12704.8 0 0.00321412
12708.9 0 0.00324786
12713 0 0.00328159
12717 0 0.00331533
12720.9 0 0.00334907
12724.7 0 0.00338282
12728.5 0 0.00341658
12732.1 0 0.00345024
12735.7 0 0.00348378
12739.2 0 0.00351734
12742.7 0 0.00355089
12746 0 0.00358445
12749.3 0 0.00361802
12752.5 0 0.00365157
12755.5 0 0.00368517
12758.3 0 0.00371878
12761.2 0 0.00375238
12763.9 0 0.00378599
12766.6 0 0.00381959
12769.2 0 0.00385319
12771.7 0 0.0038871
12774.1 0 0.00392139
12776.4 0 0.00395568
12778.6 0 0.00398997
12780.8 0 0.00402425
12783 0 0.00405853
12785.1 0 0.00409279
12787.2 0 0.00412705
12789.2 0 0.0041613
12791.2 0 0.00419554
12793.2 0 0.00422976
12795.1 0 0.00426397
12797 0 0.00429817
12798.8 0 0.00433235
12800.6 0 0.00436651
12802.4 0 0.00440066
12804.2 0 0.0044348
12805.9 0 0.00446892
12807.7 0 0.00450302
12809.4 0 0.0045371
12811 0 0.00457117
12812.7 0 0.00460522
12814.3 0 0.00463925
12815.9 0 0.00467326
12817.5 0 0.00470726
12819.1 0 0.00474124
12820.7 0 0.0047752
12822.2 0 0.00480914
12823.7 0 0.00484306
12825.2 0 0.00487697
12826.7 0 0.00491086
12828.2 0 0.00494474
12829.7 0 0.00497859
12831.1 0 0.00501243
12832.6 0 0.00504626
12834 0 0.00508007
12835.4 0 0.00511386
12836.8 0 0.00514763
12838.2 0 0.00518139
12839.5 0 0.00521514
12840.9 0 0.00524887
12842.2 0 0.00528259
12843.6 0 0.00531629
12844.9 0 0.00534998
12846.2 0 0.00538366
12847.5 0 0.00541732
12848.7 0 0.00545097
12850 0 0.00548461
12851.3 0 0.00551824
12852.5 0 0.00555186
12853.7 0 0.00558547
12855 0 0.00561906
12856.2 0 0.00565265
12857.4 0 0.00568623
12858.5 0 0.00571981
12859.7 0 0.00575337
12860.9 0 0.00578689
12862 0 0.00582041
12863.1 0 0.00585392
12864.3 0 0.00588743
12865.4 0 0.00592093
12866.4 0 0.00595442
12867.5 0 0.00598792
12868.6 0 0.00602141
12869.6 0 0.00605489
12870.7 0 0.00608838
12871.7 0 0.00612186
12872.7 0 0.00615534
12873.7 0 0.00618882
12874.7 0 0.0062223
12875.7 0 0.00625578
12876.6 0 0.00628926
12877.5 0 0.00632275
12878.5 0 0.00635623
12879.4 0 0.00638972
12880.3 0 0.00642321
12881.2 0 0.0064567
12882 0 0.0064902
12882.9 0 0.0065237
12883.7 0 0.0065572
12884.6 0 0.00659071
12885.4 0 0.00662422
12886.2 0 0.00665774
12886.9 0 0.00669125
12887.7 0 0.00672478
12888.5 0 0.0067583
12889.2 0 0.00679183
12889.9 0 0.00682537
12890.6 0 0.0068589
12891.3 0 0.00689244
12892 0 0.00692599
12892.7 0 0.00695953
12893.3 0 0.00699308
12894 0 0.00702664
12894.6 0 0.00706019
12895.2 0 0.00709374
12895.8 0 0.0071273
12896.4 0 0.00716086
12897 0 0.00719442
12897.6 0 0.00722798
12898.1 0 0.00726154
12898.7 0 0.0072951
12899.2 0 0.00732866
12899.8 0 0.00736222
12900.3 0 0.00739584
12900.7 0 0.00743012
12901.2 0 0.0074644
12901.6 0 0.00749869
12902 0 0.00753298
12902.5 0 0.00756728
12902.9 0 0.00760157
12903.3 0 0.00763587
12903.7 0 0.00767017
12904.1 0 0.00770446
12904.5 0 0.00773876
12904.8 0 0.00777306
12905.2 0 0.00780736
12905.5 0 0.00784166
12905.9 0 0.00787595
12906.2 0 0.00791025
12906.6 0 0.00794454
12906.9 0 0.00797883
12907.2 0 0.00801312
12907.5 0 0.0080474
12907.9 0 0.00808168
12908.2 0 0.00811596
12908.5 0 0.00815024
12908.8 0 0.00818451
12909 0 0.00821878
12909.3 0 0.00825304
12909.6 0 0.0082873
12909.9 0 0.00832155
12910.2 0 0.0083558
12910.4 0 0.00839005
12910.7 0 0.00842429
12910.9 0 0.00845853
12911.2 0 0.00849276
12911.4 0 0.00852698
12911.7 0 0.0085612
12911.9 0 0.00859542
12912.2 0 0.00862962
12912.4 0 0.00866383
12912.6 0 0.00869803
12912.9 0 0.00873222
12913.1 0 0.0087664
12913.3 0 0.00880058
12913.5 0 0.00883476
12913.7 0 0.00886892
12913.9 0 0.00890308
12914.1 0 0.00893724
12914.3 0 0.00897139
12914.5 0 0.00900553
12914.7 0 0.00903967
12914.9 0 0.0090738
12915.1 0 0.00910792
12915.3 0 0.00914204
12915.5 0 0.00917615
12915.7 0 0.00921025
12915.9 0 0.00924435
12916 0 0.00927844
12916.2 0 0.00931253
12916.4 0 0.0093466
12916.6 0 0.00938067
12916.7 0 0.00941474
12916.9 0 0.0094488
12917 0 0.00948285
12917.2 0 0.00951689
12917.4 0 0.00955093
12917.5 0 0.00958496
12917.7 0 0.00961899
12917.8 0 0.00965301
12918 0 0.00968702
12918.1 0 0.00972102
12918.2 0 0.00975502
12918.4 0 0.00978901
12918.5 0 0.009823
12918.7 0 0.00985698
12918.8 0 0.00989095
12918.9 0 0.00992491
12919.1 0 0.00995887
12919.3 0 0.0099928
12919.6 0 0.0100267
12920.2 0 0.0100605
12921.1 0 0.0100942
12922.2 0 0.0101279
12923.4 0 0.0101615
12924.8 0 0.0101951
12926.3 0 0.0102287
12927.9 0 0.0102622
12929.8 0 0.0102956
12931.8 0 0.010329
12933.7 0 0.0103623
12935.7 0 0.0103957
12937.6 0 0.0104291
12939.6 0 0.0104624
12941.8 0 0.0104957
12944.1 0 0.010529
12946.6 0 0.0105621
12949.3 0 0.0105953
12951.9 0 0.0106284
12954.5 0 0.0106615
12957.1 0 0.0106946
12959.7 0 0.0107277
12962.3 0 0.0107608
12964.9 0 0.0107939
12967.5 0 0.010827
12970.2 0 0.01086
12973 0 0.010893
12976 0 0.010926
12979.1 0 0.0109588
12982.4 0 0.0109917
12985.6 0 0.0110245
12988.8 0 0.0110572
12992 0 0.0110898
12995.2 0 0.0111225
12998.4 0 0.0111551
13001.6 0 0.0111877
13004.8 0 0.0112203
13008 0 0.0112529
13011.2 0 0.0112855
13014.4 0 0.0113181
13017.6 0 0.0113506
13020.9 0 0.0113832
13024.2 0 0.0114156
13027.7 0 0.011448
13031.3 0 0.0114804
13035 0 0.0115127
13038.8 0 0.0115449
13042.5 0 0.0115772
13046.3 0 0.0116095
13050 0 0.0116417
13053.7 0 0.0116739
13057.5 0 0.0117061
13061.2 0 0.0117383
13064.9 0 0.0117705
13068.7 0 0.0118027
13072.4 0 0.0118348
13076.1 0 0.011867
13079.8 0 0.0118991
13083.5 0 0.0119312
13087.2 0 0.0119633
13090.9 0 0.0119954
13094.6 0 0.0120274
13098.4 0 0.0120595
13102.2 0 0.0120914
13106.1 0 0.0121234
13110 0 0.0121552
13114.2 0 0.012187
13118.4 0 0.0122188
13122.6 0 0.0122505
13126.8 0 0.0122823
13130.9 0 0.012314
13135.1 0 0.0123457
13139.3 0 0.0123774
13143.5 0 0.012409
13147.6 0 0.0124407
13151.8 0 0.0124723
13155.9 0 0.0125039
13160.1 0 0.0125355
13164.3 0 0.0125671
13168.4 0 0.0125986
13172.5 0 0.0126302
13176.7 0 0.0126617
13180.8 0 0.0126932
13185 0 0.0127247
13189.1 0 0.0127562
13193.2 0 0.0127876
13197.4 0 0.012819
13201.5 0 0.0128505
13205.6 0 0.0128818
13209.7 0 0.0129132
13213.9 0 0.0129445
13218.1 0 0.0129758
13222.4 0 0.013007
13226.7 0 0.0130382
13231.2 0 0.0130692
13235.7 0 0.0131003
13240.2 0 0.0131313
13244.8 0 0.0131623
13249.3 0 0.0131933
13253.8 0 0.0132242
13258.3 0 0.0132551
13262.8 0 0.0132861
13267.3 0 0.0133169
13271.8 0 0.0133478
13276.3 0 0.0133786
13280.8 0 0.0134095
13285.3 0 0.0134403
13289.8 0 0.013471
13294.3 0 0.0135018
13298.7 0 0.0135325
13303.2 0 0.0135632
13307.7 0 0.0135939
13312.2 0 0.0136245
13316.6 0 0.0136552
13321.1 0 0.0136858
13325.5 0 0.0137164
13330 0 0.0137469
13334.4 0 0.0137775
13338.9 0 0.013808
13343.3 0 0.0138385
13347.7 0 0.0138689
13352.2 0 0.0138994
13356.6 0 0.0139298
13361 0 0.0139602
13365.5 0 0.0139906
13369.9 0 0.0140209
13374.3 0 0.0140512
13378.8 0 0.0140814
13383.3 0 0.0141116
13387.9 0 0.0141417
13392.5 0 0.0141717
13397.2 0 0.0142016
13402 0 0.0142316
13406.7 0 0.0142615
13411.5 0 0.0142914
13416.2 0 0.0143212
13420.9 0 0.014351
13425.7 0 0.0143808
13430.4 0 0.0144106
13435.1 0 0.0144403
13439.8 0 0.0144701
13444.5 0 0.0144997
13449.3 0 0.0145294
13454 0 0.014559
13458.7 0 0.0145886
13463.4 0 0.0146182
13468.1 0 0.0146478
13472.8 0 0.0146773
13477.4 0 0.0147068
13482.1 0 0.0147362
13486.8 0 0.0147657
13491.5 0 0.0147951
13496.2 0 0.0148244
13500.8 0 0.0148538
13505.5 0 0.0148831
13510.1 0 0.0149124
13514.8 0 0.0149417
13519.5 0 0.0149709
13524.1 0 0.0150001
13528.8 0 0.0150293
13533.4 0 0.0150585
13538 0 0.0150876
13542.7 0 0.0151167
13547.3 0 0.0151458
13551.9 0 0.0151748
13556.6 0 0.0152038
13561.2 0 0.0152328
13565.8 0 0.0152617
13570.4 0 0.0152907
13575 0 0.0153196
13579.6 0 0.0153484
13584.2 0 0.0153773
13588.8 0 0.0154061
13593.4 0 0.0154349
13598 0 0.0154636
13602.7 0 0.0154922
13607.4 0 0.0155207
13612.1 0 0.0155492
13616.8 0 0.0155777
13621.6 0 0.015606
13410.3 0 0.0155005
13470.1 0 0.0154876
13494.5 0 0.0154896
