0 -58.4752 -2.26119e-06
634.56 0 0.000107939
1173.57 0 0.000222758
1709.92 0 0.000337534
2243.81 0 0.000452148
2775.24 0 0.000566548
3304.22 0 0.000680726
3830.74 0 0.000794671
4354.77 0 0.000908377
4876.15 0 0.00102184
5394.56 0 0.00113508
5909.16 0 0.00124811
6418.2 0 0.001361
6918.36 0 0.00147384
7403.99 0 0.00158685
7866.83 0 0.0017003
8297.18 0 0.00181457
8686.59 0 0.00192998
9030.8 0 0.00204676
9330.49 0 0.00216502
9590.04 0 0.00228466
9815.21 0 0.00240558
10011.7 0 0.00252764
10184.8 0 0.00265061
10338.5 0 0.00277436
10475.8 0 0.00289897
10599.4 0 0.00302426
10711.4 0 0.00315023
10812.7 0 0.00327721
10905.5 0 0.00340464
10991.1 0 0.00353246
11070.4 0 0.00366063
11143.9 0 0.00378918
11212.1 0 0.00391825
11276 0 0.00404758
11335.9 0 0.00417716
11392.3 0 0.00430696
11445.5 0 0.00443696
11495.9 0 0.00456714
11543.8 0 0.00469749
11589.3 0 0.00482799
11632.4 0 0.00495877
11673.3 0 0.00508986
11712.4 0 0.00522107
11749.8 0 0.0053524
11785.6 0 0.00548384
11820.1 0 0.00561537
11853.2 0 0.00574699
11885.1 0 0.00587868
11915.6 0 0.00601062
11945 0 0.00614275
11972.9 0 0.00627524
11999.8 0 0.00640783
12025.7 0 0.00654047
12050.7 0 0.00667321
12074.7 0 0.00680624
12097.7 0 0.0069394
12119.8 0 0.00707277
12141.1 0 0.00720616
12161.8 0 0.00733958
12181.9 0 0.00747302
12201.4 0 0.00760647
12220.3 0 0.00773993
12238.6 0 0.0078734
12256.3 0 0.00800687
12273.3 0 0.00814055
12289.7 0 0.00827434
12305.5 0 0.00840812
12320.9 0 0.00854191
12335.7 0 0.00867576
12349.8 0 0.00880981
12363.5 0 0.00894385
12376.5 0 0.00907831
12388.8 0 0.00921319
12400.7 0 0.00934806
12412.4 0 0.00948291
12423.7 0 0.00961774
12434.7 0 0.00975254
12445.5 0 0.00988732
12455.9 0 0.0100221
12466.1 0 0.0101568
12476 0 0.0102915
12485.7 0 0.0104262
12495.1 0 0.0105609
12504.3 0 0.0106956
12513.2 0 0.0108303
12521.8 0 0.0109649
12530.3 0 0.0110995
12538.4 0 0.0112342
12546.4 0 0.0113688
12554.2 0 0.0115034
12561.7 0 0.011638
12569 0 0.0117725
12576.2 0 0.0119071
12583.1 0 0.0120417
12589.9 0 0.0121762
12596.5 0 0.0123107
12603 0 0.0124452
12609.3 0 0.0125797
12615.5 0 0.0127142
12621.6 0 0.0128486
12627.5 0 0.012983
12633.3 0 0.0131175
12638.9 0 0.0132522
12644.3 0 0.0133872
12649.5 0 0.0135223
12654.6 0 0.0136574
12659.6 0 0.0137926
12664.4 0 0.0139278
12669.2 0 0.014063
12673.9 0 0.0141982
12678.6 0 0.0143334
12683.1 0 0.0144685
12687.6 0 0.0146036
12692 0 0.0147387
12696.3 0 0.0148738
12700.6 0 0.0150089
12704.8 0 0.015144
12708.9 0 0.015279
12713 0 0.015414
12717 0 0.0155491
12720.9 0 0.0156841
12724.7 0 0.0158191
12728.5 0 0.0159541
12732.1 0 0.0160892
12735.7 0 0.0162244
12739.2 0 0.0163595
12742.7 0 0.0164946
12746 0 0.0166298
12749.3 0 0.0167649
12752.5 0 0.0169001
12755.5 0 0.0170359
12758.3 0 0.0171717
12761.2 0 0.0173076
12763.9 0 0.0174434
12766.6 0 0.0175793
12769.2 0 0.0177152
12771.7 0 0.0178513
12774.1 0 0.0179878
12776.4 0 0.0181242
12778.6 0 0.0182607
12780.8 0 0.0183972
12783 0 0.0185337
12785.1 0 0.0186702
12787.2 0 0.0188067
12789.2 0 0.0189432
12791.2 0 0.0190797
12793.2 0 0.0192162
12795.1 0 0.0193526
12797 0 0.0194891
12798.8 0 0.0196256
12800.6 0 0.019762
12802.4 0 0.0198985
12804.2 0 0.0200349
12805.9 0 0.0201714
12807.7 0 0.0203078
12809.4 0 0.0204442
12811 0 0.0205806
12812.7 0 0.0207169
12814.3 0 0.0208533
12815.9 0 0.0209896
12817.5 0 0.0211259
12819.1 0 0.0212623
12820.7 0 0.0213985
12822.2 0 0.0215348
12823.7 0 0.0216711
12825.2 0 0.0218073
12826.7 0 0.0219435
12828.2 0 0.0220798
12829.7 0 0.0222159
12831.1 0 0.0223521
12832.6 0 0.0224883
12834 0 0.0226244
12835.4 0 0.0227605
12836.8 0 0.0228966
12838.2 0 0.0230327
12839.5 0 0.0231688
12840.9 0 0.0233048
12842.2 0 0.0234409
12843.6 0 0.0235769
12844.9 0 0.0237129
12846.2 0 0.0238489
12847.5 0 0.0239849
12848.7 0 0.0241208
12850 0 0.0242568
12851.3 0 0.0243927
12852.5 0 0.0245287
12853.7 0 0.0246646
12855 0 0.0248005
12856.2 0 0.0249363
12857.4 0 0.0250722
12858.5 0 0.0252081
12859.7 0 0.025344
12860.9 0 0.0254798
12862 0 0.0256156
12863.1 0 0.0257514
12864.3 0 0.0258872
12865.4 0 0.026023
12866.4 0 0.0261588
12867.5 0 0.0262946
12868.6 0 0.0264304
12869.6 0 0.0265662
12870.7 0 0.026702
12871.7 0 0.0268378
12872.7 0 0.0269735
12873.7 0 0.0271093
12874.7 0 0.0272451
12875.7 0 0.0273809
12876.6 0 0.0275166
12877.5 0 0.0276524
12878.5 0 0.0277882
12879.4 0 0.027924
12880.3 0 0.0280598
12881.2 0 0.0281956
12882 0 0.0283313
12882.9 0 0.0284671
12883.7 0 0.0286029
12884.6 0 0.0287388
12885.4 0 0.0288746
12886.2 0 0.0290104
12886.9 0 0.0291462
12887.7 0 0.0292821
12888.5 0 0.0294179
12889.2 0 0.0295537
12889.9 0 0.0296896
12890.6 0 0.0298255
12891.3 0 0.0299613
12892 0 0.0300972
12892.7 0 0.0302331
12893.3 0 0.030369
12894 0 0.0305049
12894.6 0 0.0306408
12895.2 0 0.0307767
12895.8 0 0.0309126
12896.4 0 0.0310486
12897 0 0.0311845
12897.6 0 0.0313204
12898.1 0 0.0314564
12898.7 0 0.0315923
12899.2 0 0.0317283
12899.8 0 0.0318642
12900.3 0 0.0320002
12900.7 0 0.0321367
12901.2 0 0.0322732
12901.6 0 0.0324097
12902 0 0.0325461
12902.5 0 0.0326826
12902.9 0 0.0328191
12903.3 0 0.0329556
12903.7 0 0.0330921
12904.1 0 0.0332286
12904.5 0 0.0333652
12904.8 0 0.0335017
12905.2 0 0.0336382
12905.5 0 0.0337747
12905.9 0 0.0339112
12906.2 0 0.0340477
12906.6 0 0.0341842
12906.9 0 0.0343208
12907.2 0 0.0344573
12907.5 0 0.0345938
12907.9 0 0.0347303
12908.2 0 0.0348668
12908.5 0 0.0350033
12908.8 0 0.0351398
12909 0 0.0352763
12909.3 0 0.0354128
12909.6 0 0.0355493
12909.9 0 0.0356858
12910.2 0 0.0358223
12910.4 0 0.0359588
12910.7 0 0.0360952
12910.9 0 0.0362317
12911.2 0 0.0363682
12911.4 0 0.0365046
12911.7 0 0.0366411
12911.9 0 0.0367776
12912.2 0 0.036914
12912.4 0 0.0370504
12912.6 0 0.0371869
12912.9 0 0.0373233
12913.1 0 0.0374597
12913.3 0 0.0375961
12913.5 0 0.0377326
12913.7 0 0.037869
12913.9 0 0.0380054
12914.1 0 0.0381417
12914.3 0 0.0382781
12914.5 0 0.0384145
12914.7 0 0.0385509
12914.9 0 0.0386872
12915.1 0 0.0388236
12915.3 0 0.03896
12915.5 0 0.0390963
12915.7 0 0.0392326
12915.9 0 0.039369
12916 0 0.0395053
12916.2 0 0.0396416
12916.4 0 0.0397779
12916.6 0 0.0399142
12916.7 0 0.0400505
12916.9 0 0.0401868
12917 0 0.0403231
12917.2 0 0.0404593
12917.4 0 0.0405956
12917.5 0 0.0407318
12917.7 0 0.0408681
12917.8 0 0.0410043
12918 0 0.0411406
12918.1 0 0.0412768
12918.2 0 0.041413
12918.4 0 0.0415492
12918.5 0 0.0416854
12918.7 0 0.0418216
12918.8 0 0.0419578
12918.9 0 0.042094
12919.1 0 0.0422302
12919.3 0 0.0423663
12919.6 0 0.0425024
12920.2 0 0.0426384
12921.1 0 0.0427743
12922.2 0 0.0429102
12923.4 0 0.043046
12924.8 0 0.0431817
12926.3 0 0.0433174
12927.9 0 0.0434531
12929.8 0 0.0435886
12931.8 0 0.0437241
12933.7 0 0.0438596
12935.7 0 0.0439951
12937.6 0 0.0441306
12939.6 0 0.0442661
12941.8 0 0.0444015
12944.1 0 0.0445369
12946.6 0 0.0446721
12949.3 0 0.0448073
12951.9 0 0.0449426
12954.5 0 0.0450778
12957.1 0 0.045213
12959.7 0 0.0453481
12962.3 0 0.0454833
12964.9 0 0.0456185
12967.5 0 0.0457536
12970.2 0 0.0458887
12973 0 0.0460238
12976 0 0.0461588
12979.1 0 0.0462937
12982.4 0 0.0464286
12985.6 0 0.0465635
12988.8 0 0.0466983
12992 0 0.046833
12995.2 0 0.0469678
12998.4 0 0.0471025
13001.6 0 0.0472373
13004.8 0 0.047372
13008 0 0.0475067
13011.2 0 0.0476414
13014.4 0 0.0477761
13017.6 0 0.0479108
13020.9 0 0.0480454
13024.2 0 0.04818
13027.7 0 0.0483145
13031.3 0 0.0484489
13035 0 0.0485833
13038.8 0 0.0487177
13042.5 0 0.048852
13046.3 0 0.0489863
13050 0 0.0491207
13053.7 0 0.049255
13057.5 0 0.0493892
13061.2 0 0.0495235
13064.9 0 0.0496578
13068.7 0 0.049792
13072.4 0 0.0499262
13076.1 0 0.0500604
13079.8 0 0.0501946
13083.5 0 0.0503288
13087.2 0 0.050463
13090.9 0 0.0505971
13094.6 0 0.0507312
13098.4 0 0.0508653
13102.2 0 0.0509994
13106.1 0 0.0511333
13110 0 0.0512673
13114.2 0 0.0514011
13118.4 0 0.0515349
13122.6 0 0.0516687
13126.8 0 0.0518024
13130.9 0 0.0519362
13135.1 0 0.0520699
13139.3 0 0.0522036
13143.5 0 0.0523373
13147.6 0 0.0524709
13151.8 0 0.0526046
13155.9 0 0.0527382
13160.1 0 0.0528718
13164.3 0 0.0530054
13168.4 0 0.053139
13172.5 0 0.0532725
13176.7 0 0.053406
13180.8 0 0.0535395
13185 0 0.053673
13189.1 0 0.0538065
13193.2 0 0.0539399
13197.4 0 0.0540733
13201.5 0 0.0542067
13205.6 0 0.0543401
13209.7 0 0.0544735
13213.9 0 0.0546068
13218.1 0 0.05474
13222.4 0 0.0548732
13226.7 0 0.0550063
13231.2 0 0.0551394
13235.7 0 0.0552724
13240.2 0 0.0554053
13244.8 0 0.0555383
13249.3 0 0.0556712
13253.8 0 0.0558041
13258.3 0 0.0559369
13262.8 0 0.0560698
13267.3 0 0.0562026
13271.8 0 0.0563353
13276.3 0 0.0564681
13280.8 0 0.0566008
13285.3 0 0.0567335
13289.8 0 0.0568662
13294.3 0 0.0569989
13298.7 0 0.0571315
13303.2 0 0.0572641
13307.7 0 0.0573967
13312.2 0 0.0575292
13316.6 0 0.0576618
13321.1 0 0.0577943
13325.5 0 0.0579267
13330 0 0.0580592
13334.4 0 0.0581916
13338.9 0 0.058324
13343.3 0 0.0584563
13347.7 0 0.0585887
13352.2 0 0.058721
13356.6 0 0.0588533
13361 0 0.0589855
13365.5 0 0.0591177
13369.9 0 0.0592499
13374.3 0 0.0593821
13378.8 0 0.0595142
13383.3 0 0.0596462
13387.9 0 0.0597782
13392.5 0 0.0599101
13397.2 0 0.0600419
13402 0 0.0601736
13406.7 0 0.0603053
13411.5 0 0.060437
13416.2 0 0.0605687
13420.9 0 0.0607003
13425.7 0 0.0608319
13430.4 0 0.0609635
13435.1 0 0.061095
13439.8 0 0.0612265
13444.5 0 0.061358
13449.3 0 0.0614895
13454 0 0.0616209
13458.7 0 0.0617523
13463.4 0 0.0618836
13468.1 0 0.0620149
13472.8 0 0.0621462
13477.4 0 0.0622775
13482.1 0 0.0624087
13486.8 0 0.0625399
13491.5 0 0.0626711
13496.2 0 0.0628022
13500.8 0 0.0629334
13505.5 0 0.0630644
13510.1 0 0.0631955
13514.8 0 0.0633265
13519.5 0 0.0634575
13524.1 0 0.0635885
13528.8 0 0.0637194
13533.4 0 0.0638503
13538 0 0.0639811
13542.7 0 0.064112
13547.3 0 0.0642428
13551.9 0 0.0643736
13556.6 0 0.0645043
13561.2 0 0.064635
13565.8 0 0.0647657
13570.4 0 0.0648964
13575 0 0.065027
13579.6 0 0.0651576
13584.2 0 0.0652882
13588.8 0 0.0654187
13593.4 0 0.0655492
13598 0 0.0656796
13602.7 0 0.06581
13607.4 0 0.0659404
13612.1 0 0.0660706
13616.8 0 0.0662008
13621.6 0 0.0663309
13410.3 0 0.0663262
13470.1 0 0.0664146
13494.5 0 0.0665179
