0 -58.4752 -2.26119e-06
634.56 -780.58 -3.02297e-05
1173.57 -1382.43 -5.36495e-05
1709.92 -1981.52 -7.71004e-05
2243.81 -2580.6 -0.000100718
2775.24 -3180.06 -0.000124545
3304.22 -3779.37 -0.000148586
3830.74 -4378.38 -0.000172858
4354.77 -4976.72 -0.000197371
4876.15 -5573.82 -0.000222123
5394.56 -6168.93 -0.000247105
5909.16 -6760.99 -0.000272293
6418.2 -7348.25 -0.00029763
6918.36 -7927.8 -0.000323006
7403.99 -8494.9 -0.000348217
7866.83 -9043.45 -0.000372985
8297.18 -9565.77 -0.000396941
8686.59 -10055.3 -0.000419739
9030.8 -10508.6 -0.000441173
9330.49 -10925.2 -0.00046115
9590.04 -11308.2 -0.000479767
9815.21 -11661.7 -0.000497173
10011.7 -11989.9 -0.00051353
10184.8 -12296.8 -0.000529011
10338.5 -12584.8 -0.000543698
10475.8 -12847.9 -0.000557257
10599.4 -13092.8 -0.00057001
10711.4 -13320.6 -0.000581981
10812.7 -13530.5 -0.000593115
10905.5 -13730.3 -0.000603799
10991.1 -13921 -0.000614081
11070.4 -14103.5 -0.000624002
11143.9 -14277.4 -0.000633526
11212.1 -14440.5 -0.000642525
11276 -14597.4 -0.000651246
11335.9 -14748.8 -0.000659716
11392.3 -14895.1 -0.000667959
11445.5 -15036.8 -0.000675995
11495.9 -15174.2 -0.000683844
11543.8 -15307.9 -0.00069152
11589.3 -15437.9 -0.000699038
11632.4 -15562.8 -0.000706306
11673.3 -15682.2 -0.000713292
11712.4 -15798.8 -0.00072015
11749.8 -15912.6 -0.00072689
11785.6 -16024.1 -0.000733524
11820.1 -16133.3 -0.000740061
11853.2 -16240.5 -0.00074651
11885.1 -16345.7 -0.00075288
11915.6 -16450 -0.000759226
11945 -16553.3 -0.000765541
11972.9 -16647.9 -0.00077136
11999.8 -16740.6 -0.000777087
12025.7 -16832 -0.000782762
12050.7 -16922.1 -0.000788385
12074.7 -17010.7 -0.000793938
12097.7 -17095.6 -0.000799288
12119.8 -17173.3 -0.000804208
12141.1 -17250.3 -0.000809102
12161.8 -17326.7 -0.000813977
12181.9 -17402.5 -0.000818836
12201.4 -17477.8 -0.000823684
12220.3 -17552.7 -0.000828523
12238.6 -17627.1 -0.000833356
12256.3 -17701.2 -0.000838186
12273.3 -17771.4 -0.000842782
12289.7 -17839.4 -0.000847251
12305.5 -17907.1 -0.000851721
12320.9 -17974.7 -0.000856197
12335.7 -18038.8 -0.000860464
12349.8 -18093.7 -0.000864124
12363.5 -18148.4 -0.000867791
12376.5 -18204.1 -0.00087153
12388.8 -18257.9 -0.000875159
12400.7 -18311.8 -0.000878807
12412.4 -18365.9 -0.000882478
12423.7 -18420.2 -0.000886173
12434.7 -18474.7 -0.000889894
12445.5 -18529.3 -0.00089364
12455.9 -18584.2 -0.000897413
12466.1 -18639.2 -0.00090121
12476 -18694.4 -0.000905031
12485.7 -18749.7 -0.000908875
12495.1 -18805.1 -0.000912739
12504.3 -18860.6 -0.000916624
12513.2 -18916.2 -0.000920526
12521.8 -18971.8 -0.000924445
12530.3 -19027.4 -0.00092838
12538.4 -19083.1 -0.00093233
12546.4 -19138.7 -0.000936294
12554.2 -19194.4 -0.000940273
12561.7 -19250 -0.000944266
12569 -19305.6 -0.000948274
12576.2 -19361.3 -0.000952298
12583.1 -19417 -0.000956339
12589.9 -19472.7 -0.000960397
12596.5 -19528.5 -0.000964475
12603 -19584.3 -0.000968573
12609.3 -19640.2 -0.000972693
12615.5 -19696.2 -0.000976835
12621.6 -19752.4 -0.000981002
12627.5 -19808.6 -0.000985194
12633.3 -19864.7 -0.000989393
12638.9 -19920.4 -0.000993576
12644.3 -19976.3 -0.000997792
12649.5 -20032.4 -0.00100204
12654.6 -20086.9 -0.00100618
12659.6 -20135.8 -0.00100991
12664.4 -20184.9 -0.00101367
12669.2 -20234.2 -0.00101746
12673.9 -20283.7 -0.00102128
12678.6 -20333.3 -0.00102512
12683.1 -20383.1 -0.00102898
12687.6 -20433 -0.00103288
12692 -20483.1 -0.00103679
12696.3 -20533.3 -0.00104074
12700.6 -20583.6 -0.0010447
12704.8 -20634 -0.00104869
12708.9 -20684.5 -0.00105271
12713 -20735.1 -0.00105674
12717 -20785.8 -0.00106079
12720.9 -20836.5 -0.00106487
12724.7 -20887.2 -0.00106896
12728.5 -20938 -0.00107307
12732.1 -20985.7 -0.00107695
12735.7 -21030.3 -0.00108059
12739.2 -21074.8 -0.00108424
12742.7 -21119.3 -0.0010879
12746 -21163.8 -0.00109156
12749.3 -21208.2 -0.00109524
12752.5 -21250 -0.00109871
12755.5 -21279.1 -0.00110114
12758.3 -21306.4 -0.00110342
12761.2 -21333.5 -0.00110568
12763.9 -21360.3 -0.00110793
12766.6 -21386.9 -0.00111016
12769.2 -21413.2 -0.00111238
12771.7 -21436.9 -0.00111438
12774.1 -21457.3 -0.0011161
12776.4 -21477.3 -0.0011178
12778.6 -21497.2 -0.00111948
12780.8 -21516.8 -0.00112114
12783 -21536.1 -0.00112279
12785.1 -21555.4 -0.00112443
12787.2 -21574.4 -0.00112606
12789.2 -21593.3 -0.00112767
12791.2 -21612.1 -0.00112928
12793.2 -21630.8 -0.00113089
12795.1 -21649.5 -0.00113249
12797 -21668 -0.00113409
12798.8 -21686.6 -0.00113568
12800.6 -21705.2 -0.00113729
12802.4 -21723.7 -0.00113889
12804.2 -21742.3 -0.0011405
12805.9 -21761 -0.00114212
12807.7 -21779.7 -0.00114375
12809.4 -21798.5 -0.00114538
12811 -21817.4 -0.00114703
12812.7 -21836.4 -0.00114868
12814.3 -21855.5 -0.00115035
12815.9 -21874.7 -0.00115204
12817.5 -21894.1 -0.00115373
12819.1 -21913.6 -0.00115545
12820.7 -21933.2 -0.00115718
12822.2 -21953 -0.00115892
12823.7 -21973 -0.00116068
12825.2 -21993.1 -0.00116246
12826.7 -22013.4 -0.00116426
12828.2 -22033.8 -0.00116607
12829.7 -22054.4 -0.0011679
12831.1 -22075.1 -0.00116975
12832.6 -22096.1 -0.00117162
12834 -22117.1 -0.0011735
12835.4 -22138.4 -0.0011754
12836.8 -22159.8 -0.00117733
12838.2 -22181.4 -0.00117927
12839.5 -22203.1 -0.00118122
12840.9 -22225 -0.0011832
12842.2 -22247 -0.00118519
12843.6 -22269.2 -0.0011872
12844.9 -22291.5 -0.00118923
12846.2 -22314 -0.00119127
12847.5 -22336.6 -0.00119333
12848.7 -22359.3 -0.00119541
12850 -22382.2 -0.0011975
12851.3 -22405.2 -0.00119961
12852.5 -22428.3 -0.00120174
12853.7 -22451.5 -0.00120387
12855 -22474.8 -0.00120603
12856.2 -22498.2 -0.00120819
12857.4 -22521.7 -0.00121037
12858.5 -22545.3 -0.00121256
12859.7 -22568.9 -0.00121476
12860.9 -22592.6 -0.00121697
12862 -22616.3 -0.00121919
12863.1 -22640.1 -0.00122142
12864.3 -22663.9 -0.00122366
12865.4 -22687.7 -0.0012259
12866.4 -22711.6 -0.00122816
12867.5 -22735.5 -0.00123042
12868.6 -22759.4 -0.00123268
12869.6 -22783.3 -0.00123495
12870.7 -22807.2 -0.00123723
12871.7 -22831.1 -0.00123951
12872.7 -22854.9 -0.00124179
12873.7 -22878.7 -0.00124407
12874.7 -22902.5 -0.00124636
12875.7 -22926.2 -0.00124864
12876.6 -22949.9 -0.00125092
12877.5 -22973.4 -0.00125321
12878.5 -22997 -0.00125549
12879.4 -23020.4 -0.00125776
12880.3 -23043.7 -0.00126004
12881.2 -23066.9 -0.0012623
12882 -23090 -0.00126457
12882.9 -23113 -0.00126682
12883.7 -23135.9 -0.00126907
12884.6 -23158.6 -0.00127131
12885.4 -23181.2 -0.00127355
12886.2 -23203.7 -0.00127577
12886.9 -23226 -0.00127799
12887.7 -23248.2 -0.00128019
12888.5 -23270.2 -0.00128239
12889.2 -23292.1 -0.00128457
12889.9 -23313.8 -0.00128675
12890.6 -23335.3 -0.00128891
12891.3 -23356.7 -0.00129106
12892 -23378 -0.0012932
12892.7 -23399 -0.00129533
12893.3 -23419.9 -0.00129744
12894 -23440.7 -0.00129955
12894.6 -23461.2 -0.00130164
12895.2 -23481.7 -0.00130372
12895.8 -23501.9 -0.00130579
12896.4 -23522.1 -0.00130785
12897 -23542 -0.00130989
12897.6 -23561.8 -0.00131193
12898.1 -23581.5 -0.00131396
12898.7 -23601.1 -0.00131597
12899.2 -23620.5 -0.00131798
12899.8 -23639.7 -0.00131998
12900.3 -23658.7 -0.00132194
12900.7 -23675 -0.00132364
12901.2 -23691.2 -0.00132533
12901.6 -23707.3 -0.00132701
12902 -23723.3 -0.00132868
12902.5 -23739.2 -0.00133034
12902.9 -23755 -0.001332
12903.3 -23770.7 -0.00133365
12903.7 -23786.3 -0.00133529
12904.1 -23801.8 -0.00133693
12904.5 -23817.3 -0.00133856
12904.8 -23832.7 -0.00134019
12905.2 -23848 -0.00134182
12905.5 -23863.3 -0.00134344
12905.9 -23878.5 -0.00134506
12906.2 -23893.7 -0.00134668
12906.6 -23908.9 -0.00134829
12906.9 -23924 -0.00134991
12907.2 -23939.1 -0.00135152
12907.5 -23954.1 -0.00135314
12907.9 -23969.2 -0.00135475
12908.2 -23984.2 -0.00135637
12908.5 -23999.2 -0.00135799
12908.8 -24014.2 -0.00135961
12909 -24029.2 -0.00136123
12909.3 -24044.2 -0.00136285
12909.6 -24059.2 -0.00136448
12909.9 -24074.2 -0.00136611
12910.2 -24089.2 -0.00136774
12910.4 -24104.3 -0.00136938
12910.7 -24119.3 -0.00137102
12910.9 -24134.3 -0.00137266
12911.2 -24149.4 -0.00137432
12911.4 -24164.5 -0.00137597
12911.7 -24179.6 -0.00137763
12911.9 -24194.7 -0.0013793
12912.2 -24209.8 -0.00138097
12912.4 -24225 -0.00138264
12912.6 -24240.2 -0.00138433
12912.9 -24255.4 -0.00138601
12913.1 -24270.7 -0.00138771
12913.3 -24285.9 -0.00138941
12913.5 -24301.3 -0.00139112
12913.7 -24316.6 -0.00139283
12913.9 -24332 -0.00139455
12914.1 -24347.4 -0.00139628
12914.3 -24362.8 -0.00139802
12914.5 -24378.3 -0.00139976
12914.7 -24393.8 -0.00140151
12914.9 -24409.4 -0.00140326
12915.1 -24425 -0.00140503
12915.3 -24440.6 -0.0014068
12915.5 -24456.3 -0.00140858
12915.7 -24472 -0.00141037
12915.9 -24487.7 -0.00141216
12916 -24503.5 -0.00141396
12916.2 -24519.3 -0.00141577
12916.4 -24535.2 -0.00141759
12916.6 -24551.1 -0.00141942
12916.7 -24567 -0.00142125
12916.9 -24583 -0.00142309
12917 -24599 -0.00142494
12917.2 -24615.1 -0.0014268
12917.4 -24631.2 -0.00142867
12917.5 -24647.3 -0.00143054
12917.7 -24663.5 -0.00143242
12917.8 -24679.7 -0.00143432
12918 -24695.9 -0.00143621
12918.1 -24712.2 -0.00143812
12918.2 -24728.5 -0.00144004
12918.4 -24744.9 -0.00144196
12918.5 -24761.3 -0.00144389
12918.7 -24777.7 -0.00144583
12918.8 -24794.2 -0.00144778
12918.9 -24810.7 -0.00144974
12919.1 -24827.3 -0.00145171
12919.3 -24844.1 -0.00145371
12919.6 -24861.3 -0.00145577
12920.2 -24879.2 -0.00145791
12921.1 -24898 -0.00146016
12922.2 -24917.6 -0.00146251
12923.4 -24937.5 -0.00146491
12924.8 -24957.8 -0.00146736
12926.3 -24978.5 -0.00146987
12927.9 -24999.6 -0.00147243
12929.8 -25021.6 -0.00147511
12931.8 -25043.7 -0.00147781
12933.7 -25065.9 -0.00148053
12935.7 -25088.1 -0.00148325
12937.6 -25110.3 -0.00148599
12939.6 -25132.8 -0.00148877
12941.8 -25155.7 -0.00149161
12944.1 -25179.1 -0.00149451
12946.6 -25203.1 -0.0014975
12949.3 -25227.4 -0.00150055
12951.9 -25251.8 -0.0015036
12954.5 -25276.1 -0.00150667
12957.1 -25300.5 -0.00150975
12959.7 -25324.9 -0.00151284
12962.3 -25349.4 -0.00151595
12964.9 -25373.8 -0.00151906
12967.5 -25398.3 -0.0015222
12970.2 -25423 -0.00152538
12973 -25448.2 -0.00152862
12976 -25473.7 -0.00153192
12979.1 -25499.8 -0.00153531
12982.4 -25526.3 -0.00153876
12985.6 -25552.7 -0.00154221
12988.8 -25579 -0.00154566
12992 -25605.3 -0.00154913
12995.2 -25631.6 -0.0015526
12998.4 -25657.9 -0.0015561
13001.6 -25684.2 -0.0015596
13004.8 -25710.5 -0.00156313
13008 -25736.9 -0.00156666
13011.2 -25763.2 -0.00157021
13014.4 -25789.5 -0.00157378
13017.6 -25815.9 -0.00157736
13020.9 -25842.5 -0.00158098
13024.2 -25869.3 -0.00158466
13027.7 -25896.5 -0.0015884
13031.3 -25924 -0.00159219
13035 -25952.3 -0.00159611
13038.8 -25980.4 -0.00160002
13042.5 -26008.5 -0.00160395
13046.3 -26036.6 -0.0016079
13050 -26064.7 -0.00161186
13053.7 -26092.8 -0.00161584
13057.5 -26120.9 -0.00161984
13061.2 -26149 -0.00162385
13064.9 -26177.1 -0.00162788
13068.7 -26205.1 -0.00163193
13072.4 -26233.2 -0.00163599
13076.1 -26261.3 -0.00164008
13079.8 -26289.4 -0.00164418
13083.5 -26317.4 -0.0016483
13087.2 -26345.5 -0.00165243
13090.9 -26373.5 -0.00165659
13094.6 -26401.5 -0.00166076
13098.4 -26429.7 -0.00166497
13102.2 -26458 -0.00166923
13106.1 -26486.7 -0.00167355
13110 -26515.5 -0.00167793
13114.2 -26544.9 -0.00168241
13118.4 -26574.5 -0.00168694
13122.6 -26604.1 -0.00169149
13126.8 -26633.6 -0.00169607
13130.9 -26663.2 -0.00170066
13135.1 -26692.7 -0.00170528
13139.3 -26722.2 -0.00170992
13143.5 -26751.7 -0.00171457
13147.6 -26781.2 -0.00171926
13151.8 -26810.6 -0.00172396
13155.9 -26840.1 -0.00172868
13160.1 -26869.5 -0.00173343
13164.3 -26898.9 -0.0017382
13168.4 -26928.3 -0.001743
13172.5 -26957.6 -0.00174781
13176.7 -26987 -0.00175265
13180.8 -27016.3 -0.00175751
13185 -27045.6 -0.0017624
13189.1 -27074.8 -0.00176731
13193.2 -27104.1 -0.00177224
13197.4 -27133.3 -0.0017772
13201.5 -27162.5 -0.00178218
13205.6 -27191.7 -0.00178718
13209.7 -27220.8 -0.00179221
13213.9 -27250 -0.00179728
13218.1 -27279.4 -0.00180241
13222.4 -27309 -0.0018076
13226.7 -27338.8 -0.00181286
13231.2 -27368.9 -0.0018182
13235.7 -27399.2 -0.00182364
13240.2 -27429.6 -0.0018291
13244.8 -27459.9 -0.00183458
13249.3 -27490.2 -0.0018401
13253.8 -27520.4 -0.00184565
13258.3 -27550.6 -0.00185122
13262.8 -27580.7 -0.00185682
13267.3 -27610.8 -0.00186245
13271.8 -27640.9 -0.00186811
13276.3 -27670.9 -0.00187379
13280.8 -27700.8 -0.00187951
13285.3 -27730.7 -0.00188525
13289.8 -27760.6 -0.00189103
13294.3 -27790.4 -0.00189683
13298.7 -27820.2 -0.00190266
13303.2 -27849.8 -0.00190853
13307.7 -27879.5 -0.00191442
13312.2 -27909.1 -0.00192034
13316.6 -27938.6 -0.00192629
13321.1 -27968 -0.00193227
13325.5 -27997.4 -0.00193828
13330 -28026.8 -0.00194432
13334.4 -28056 -0.00195039
13338.9 -28085.2 -0.00195649
13343.3 -28114.4 -0.00196263
13347.7 -28143.4 -0.00196879
13352.2 -28172.4 -0.00197498
13356.6 -28201.3 -0.0019812
13361 -28230.2 -0.00198746
13365.5 -28258.9 -0.00199374
13369.9 -28287.6 -0.00200006
13374.3 -28316.2 -0.0020064
13378.8 -28344.8 -0.00201281
13383.3 -28373.6 -0.00201928
13387.9 -28402.4 -0.00202582
13392.5 -28431.2 -0.00203242
13397.2 -28460.2 -0.00203912
13402 -28489.5 -0.00204593
13406.7 -28518.6 -0.00205276
13411.5 -28547.6 -0.00205963
13416.2 -28576.5 -0.00206653
13420.9 -28605.3 -0.00207347
13425.7 -28634 -0.00208044
13430.4 -28662.6 -0.00208744
13435.1 -28691 -0.00209448
13439.8 -28719.4 -0.00210154
13444.5 -28747.6 -0.00210865
13449.3 -28775.7 -0.00211578
13454 -28803.7 -0.00212295
13458.7 -28831.6 -0.00213015
13463.4 -28859.3 -0.00213738
13468.1 -28886.9 -0.00214465
13472.8 -28914.4 -0.00215195
13477.4 -28941.7 -0.00215928
13482.1 -28969 -0.00216665
13486.8 -28996 -0.00217405
13491.5 -29023 -0.00218148
13496.2 -29049.8 -0.00218894
13500.8 -29076.5 -0.00219644
13505.5 -29103 -0.00220397
13510.1 -29129.4 -0.00221154
13514.8 -29155.6 -0.00221913
13519.5 -29181.7 -0.00222676
13524.1 -29207.6 -0.00223442
13528.8 -29233.4 -0.00224211
13533.4 -29259 -0.00224984
13538 -29284.5 -0.0022576
13542.7 -29309.8 -0.00226539
13547.3 -29335 -0.00227322
13551.9 -29360 -0.00228107
13556.6 -29384.9 -0.00228896
13561.2 -29409.6 -0.00229688
13565.8 -29434.1 -0.00230483
13570.4 -29458.4 -0.00231282
13575 -29482.6 -0.00232084
13579.6 -29506.7 -0.00232889
13584.2 -29530.5 -0.00233697
13588.8 -29554.2 -0.00234508
13593.4 -29577.8 -0.00235322
13598 -29601.1 -0.00236139
13602.7 -29624.3 -0.0023696
13607.4 -29647.4 -0.00237788
13612.1 -29670.4 -0.00238622
13616.8 -29693.4 -0.00239463
13621.6 -29716.2 -0.00240309
13410.3 -30065.6 -0.00254748
13470.1 -30171.3 -0.00259806
13494.5 -30241.3 -0.00263391
