0 -58.4752 -2.26119e-06
634.56 -219.223 -8.47884e-06
1173.57 -263.233 -1.01818e-05
1709.92 -307.904 -1.19106e-05
2243.81 -356.945 -1.38089e-05
2775.24 -411.291 -1.59131e-05
3304.22 -471.055 -1.82278e-05
3830.74 -536.748 -2.07731e-05
4354.77 -608.626 -2.35592e-05
4876.15 -686.643 -2.65847e-05
5394.56 -770.562 -2.98409e-05
5909.16 -859.735 -3.33032e-05
6418.2 -952.701 -3.69153e-05
6918.36 -1046.57 -4.05654e-05
7403.99 -1136.12 -4.405e-05
7866.83 -1214.26 -4.70929e-05
8297.18 -1271.46 -4.93221e-05
8686.59 -1298.91 -5.03922e-05
9030.8 -1291.29 -5.00973e-05
9330.49 -1246.27 -4.83566e-05
9590.04 -1166.29 -4.52639e-05
9815.21 -1055.95 -4.09972e-05
10011.7 -919.679 -3.5728e-05
10184.8 -761.143 -2.95977e-05
10338.5 -581.93 -2.26679e-05
10475.8 -369.967 -1.44717e-05
10599.4 -135.646 -5.41098e-06
10711.4 0 4.48186e-06
10812.7 0 1.51219e-05
10905.5 0 2.6218e-05
10991.1 0 3.77213e-05
11070.4 0 4.95902e-05
11143.9 0 6.1862e-05
11212.1 0 7.46651e-05
11276 0 8.77502e-05
11335.9 0 0.000101091
11392.3 0 0.000114663
11445.5 0 0.000128443
11495.9 0 0.000142415
11543.8 0 0.00015656
11589.3 0 0.000170867
11632.4 0 0.000185412
11673.3 0 0.000200223
11712.4 0 0.000215164
11749.8 0 0.000230222
11785.6 0 0.000245389
11820.1 0 0.000260652
11853.2 0 0.000276005
11885.1 0 0.000291438
11915.6 0 0.000306784
11945 0 0.000322087
11972.9 0 0.000337946
11999.8 0 0.0003539
12025.7 0 0.000369904
12050.7 0 0.000385936
12074.7 0 0.000401926
12097.7 0 0.000418163
12119.8 0 0.000434934
12141.1 0 0.00045173
12161.8 0 0.000468545
12181.9 0 0.000485373
12201.4 0 0.000502213
12220.3 0 0.00051906
12238.6 0 0.000535912
12256.3 0 0.000552767
12273.3 0 0.00056987
12289.7 0 0.000587109
12305.5 0 0.000604346
12320.9 0 0.000621577
12335.7 0 0.000639087
12349.8 0 0.000657403
12363.5 0 0.000675715
12376.5 0 0.000693712
12388.8 0 0.000711665
12400.7 0 0.000729596
12412.4 0 0.000747503
12423.7 0 0.000765384
12434.7 0 0.000783238
12445.5 0 0.000801064
12455.9 0 0.000818863
12466.1 0 0.000836635
12476 0 0.000854381
12485.7 0 0.000872103
12495.1 0 0.000889801
12504.3 0 0.000907477
12513.2 0 0.000925133
12521.8 0 0.00094277
12530.3 0 0.000960388
12538.4 0 0.00097799
12546.4 0 0.000995575
12554.2 0 0.00101314
12561.7 0 0.00103069
12569 0 0.00104823
12576.2 0 0.00106575
12583.1 0 0.00108325
12589.9 0 0.00110073
12596.5 0 0.00111819
12603 0 0.00113563
12609.3 0 0.00115304
12615.5 0 0.00117044
12621.6 0 0.00118781
12627.5 0 0.00120515
12633.3 0 0.00122245
12638.9 0 0.00123967
12644.3 0 0.0012567
12649.5 0 0.00127363
12654.6 0 0.00129071
12659.6 0 0.00130832
12664.4 0 0.00132591
12669.2 0 0.00134347
12673.9 0 0.001361
12678.6 0 0.0013785
12683.1 0 0.00139597
12687.6 0 0.00141341
12692 0 0.00143082
12696.3 0 0.0014482
12700.6 0 0.00146556
12704.8 0 0.00148288
12708.9 0 0.00150018
12713 0 0.00151745
12717 0 0.00153469
12720.9 0 0.0015519
12724.7 0 0.00156909
12728.5 0 0.00158626
12732.1 0 0.00160374
12735.7 0 0.00162155
12739.2 0 0.00163935
12742.7 0 0.00165713
12746 0 0.00167491
12749.3 0 0.00169267
12752.5 0 0.00171068
12755.5 0 0.00173
12758.3 0 0.00174949
12761.2 0 0.00176901
12763.9 0 0.00178854
12766.6 0 0.0018081
12769.2 0 0.00182767
12771.7 0 0.00184744
12774.1 0 0.00186747
12776.4 0 0.00188752
12778.6 0 0.00190759
12780.8 0 0.00192768
12783 0 0.0019478
12785.1 0 0.00196793
12787.2 0 0.00198808
12789.2 0 0.00200825
12791.2 0 0.00202842
12793.2 0 0.00204861
12795.1 0 0.0020688
12797 0 0.002089
12798.8 0 0.0021092
12800.6 0 0.0021294
12802.4 0 0.00214961
12804.2 0 0.00216981
12805.9 0 0.00219
12807.7 0 0.00221019
12809.4 0 0.00223037
12811 0 0.00225055
12812.7 0 0.00227071
12814.3 0 0.00229086
12815.9 0 0.002311
12817.5 0 0.00233112
12819.1 0 0.00235123
12820.7 0 0.00237133
12822.2 0 0.00239141
12823.7 0 0.00241147
12825.2 0 0.00243152
12826.7 0 0.00245155
12828.2 0 0.00247156
12829.7 0 0.00249156
12831.1 0 0.00251153
12832.6 0 0.00253149
12834 0 0.00255143
12835.4 0 0.00257135
12836.8 0 0.00259125
12838.2 0 0.00261113
12839.5 0 0.00263099
12840.9 0 0.00265084
12842.2 0 0.00267066
12843.6 0 0.00269047
12844.9 0 0.00271026
12846.2 0 0.00273003
12847.5 0 0.00274979
12848.7 0 0.00276953
12850 0 0.00278925
12851.3 0 0.00280895
12852.5 0 0.00282864
12853.7 0 0.00284831
12855 0 0.00286797
12856.2 0 0.00288761
12857.4 0 0.00290724
12858.5 0 0.00292685
12859.7 0 0.00294646
12860.9 0 0.00296606
12862 0 0.00298566
12863.1 0 0.00300524
12864.3 0 0.00302481
12865.4 0 0.00304438
12866.4 0 0.00306393
12867.5 0 0.00308348
12868.6 0 0.00310302
12869.6 0 0.00312256
12870.7 0 0.00314209
12871.7 0 0.00316162
12872.7 0 0.00318114
12873.7 0 0.00320066
12874.7 0 0.00322018
12875.7 0 0.0032397
12876.6 0 0.00325923
12877.5 0 0.00327875
12878.5 0 0.00329827
12879.4 0 0.0033178
12880.3 0 0.00333734
12881.2 0 0.00335687
12882 0 0.00337642
12882.9 0 0.00339597
12883.7 0 0.00341553
12884.6 0 0.0034351
12885.4 0 0.00345467
12886.2 0 0.00347426
12886.9 0 0.00349386
12887.7 0 0.00351347
12888.5 0 0.00353309
12889.2 0 0.00355272
12889.9 0 0.00357237
12890.6 0 0.00359203
12891.3 0 0.0036117
12892 0 0.00363139
12892.7 0 0.00365109
12893.3 0 0.0036708
12894 0 0.00369053
12894.6 0 0.00371027
12895.2 0 0.00373003
12895.8 0 0.0037498
12896.4 0 0.00376959
12897 0 0.00378938
12897.6 0 0.0038092
12898.1 0 0.00382902
12898.7 0 0.00384886
12899.2 0 0.00386871
12899.8 0 0.00388857
12900.3 0 0.00390845
12900.7 0 0.0039285
12901.2 0 0.00394857
12901.6 0 0.00396864
12902 0 0.00398873
12902.5 0 0.00400882
12902.9 0 0.00402893
12903.3 0 0.00404904
12903.7 0 0.00406915
12904.1 0 0.00408928
12904.5 0 0.00410941
12904.8 0 0.00412954
12905.2 0 0.00414969
12905.5 0 0.00416983
12905.9 0 0.00418998
12906.2 0 0.00421013
12906.6 0 0.00423028
12906.9 0 0.00425044
12907.2 0 0.00427059
12907.5 0 0.00429075
12907.9 0 0.0043109
12908.2 0 0.00433106
12908.5 0 0.00435122
12908.8 0 0.00437137
12909 0 0.00439152
12909.3 0 0.00441167
12909.6 0 0.00443182
12909.9 0 0.00445197
12910.2 0 0.00447211
12910.4 0 0.00449225
12910.7 0 0.00451238
12910.9 0 0.00453251
12911.2 0 0.00455264
12911.4 0 0.00457276
12911.7 0 0.00459288
12911.9 0 0.00461299
12912.2 0 0.0046331
12912.4 0 0.0046532
12912.6 0 0.00467329
12912.9 0 0.00469338
12913.1 0 0.00471346
12913.3 0 0.00473353
12913.5 0 0.0047536
12913.7 0 0.00477366
12913.9 0 0.00479372
12914.1 0 0.00481377
12914.3 0 0.00483381
12914.5 0 0.00485384
12914.7 0 0.00487387
12914.9 0 0.00489388
12915.1 0 0.00491389
12915.3 0 0.0049339
12915.5 0 0.00495389
12915.7 0 0.00497388
12915.9 0 0.00499386
12916 0 0.00501383
12916.2 0 0.00503379
12916.4 0 0.00505375
12916.6 0 0.00507369
12916.7 0 0.00509363
12916.9 0 0.00511356
12917 0 0.00513348
12917.2 0 0.00515339
12917.4 0 0.0051733
12917.5 0 0.00519319
12917.7 0 0.00521308
12917.8 0 0.00523296
12918 0 0.00525283
12918.1 0 0.00527269
12918.2 0 0.00529254
12918.4 0 0.00531238
12918.5 0 0.00533222
12918.7 0 0.00535205
12918.8 0 0.00537186
12918.9 0 0.00539167
12919.1 0 0.00541147
12919.3 0 0.00543123
12919.6 0 0.00545094
12920.2 0 0.00547055
12921.1 0 0.00549004
12922.2 0 0.00550944
12923.4 0 0.00552878
12924.8 0 0.00554807
12926.3 0 0.00556729
12927.9 0 0.00558646
12929.8 0 0.00560551
12931.8 0 0.00562453
12933.7 0 0.00564354
12935.7 0 0.00566253
12937.6 0 0.00568151
12939.6 0 0.00570045
12941.8 0 0.00571932
12944.1 0 0.00573814
12946.6 0 0.00575685
12949.3 0 0.0057755
12951.9 0 0.00579415
12954.5 0 0.00581278
12957.1 0 0.0058314
12959.7 0 0.00585
12962.3 0 0.00586859
12964.9 0 0.00588717
12967.5 0 0.00590573
12970.2 0 0.00592424
12973 0 0.00594269
12976 0 0.00596108
12979.1 0 0.00597936
12982.4 0 0.00599759
12985.6 0 0.00601582
12988.8 0 0.00603408
12992 0 0.00605233
12995.2 0 0.00607057
12998.4 0 0.00608879
13001.6 0 0.006107
13004.8 0 0.00612519
13008 0 0.00614337
13011.2 0 0.00616153
13014.4 0 0.00617968
13017.6 0 0.00619781
13020.9 0 0.0062159
13024.2 0 0.00623393
13027.7 0 0.0062519
13031.3 0 0.00626982
13035 0 0.00628759
13038.8 0 0.00630538
13042.5 0 0.00632315
13046.3 0 0.0063409
13050 0 0.00635863
13053.7 0 0.00637635
13057.5 0 0.00639405
13061.2 0 0.00641173
13064.9 0 0.00642939
13068.7 0 0.00644704
13072.4 0 0.00646466
13076.1 0 0.00648227
13079.8 0 0.00649986
13083.5 0 0.00651743
13087.2 0 0.00653498
13090.9 0 0.00655251
13094.6 0 0.00657002
13098.4 0 0.00658751
13102.2 0 0.00660493
13106.1 0 0.00662229
13110 0 0.0066396
13114.2 0 0.0066568
13118.4 0 0.00667394
13122.6 0 0.00669106
13126.8 0 0.00670815
13130.9 0 0.00672523
13135.1 0 0.00674228
13139.3 0 0.00675931
13143.5 0 0.00677631
13147.6 0 0.0067933
13151.8 0 0.00681026
13155.9 0 0.00682719
13160.1 0 0.00684411
13164.3 0 0.006861
13168.4 0 0.00687786
13172.5 0 0.0068947
13176.7 0 0.00691152
13180.8 0 0.00692831
13185 0 0.00694508
13189.1 0 0.00696182
13193.2 0 0.00697854
13197.4 0 0.00699523
13201.5 0 0.0070119
13205.6 0 0.00702854
13209.7 0 0.00704516
13213.9 0 0.00706174
13218.1 0 0.00707826
13222.4 0 0.00709471
13226.7 0 0.00711109
13231.2 0 0.00712739
13235.7 0 0.00714359
13240.2 0 0.00715975
13244.8 0 0.00717589
13249.3 0 0.007192
13253.8 0 0.00720807
13258.3 0 0.00722412
13262.8 0 0.00724014
13267.3 0 0.00725613
13271.8 0 0.00727208
13276.3 0 0.00728801
13280.8 0 0.00730391
13285.3 0 0.00731978
13289.8 0 0.00733561
13294.3 0 0.00735142
13298.7 0 0.00736719
13303.2 0 0.00738293
13307.7 0 0.00739864
13312.2 0 0.00741432
13316.6 0 0.00742997
13321.1 0 0.00744559
13325.5 0 0.00746118
13330 0 0.00747673
13334.4 0 0.00749225
13338.9 0 0.00750774
13343.3 0 0.0075232
13347.7 0 0.00753863
13352.2 0 0.00755402
13356.6 0 0.00756939
13361 0 0.00758472
13365.5 0 0.00760001
13369.9 0 0.00761528
13374.3 0 0.00763053
13378.8 0 0.00764571
13383.3 0 0.00766082
13387.9 0 0.00767587
13392.5 0 0.00769084
13397.2 0 0.00770574
13402 0 0.00772049
13406.7 0 0.00773522
13411.5 0 0.00774991
13416.2 0 0.00776456
13420.9 0 0.00777918
13425.7 0 0.00779377
13430.4 0 0.00780832
13435.1 0 0.00782284
13439.8 0 0.00783732
13444.5 0 0.00785177
13449.3 0 0.00786618
13454 0 0.00788056
13458.7 0 0.0078949
13463.4 0 0.00790921
13468.1 0 0.00792349
13472.8 0 0.00793773
13477.4 0 0.00795193
13482.1 0 0.00796611
13486.8 0 0.00798024
13491.5 0 0.00799435
13496.2 0 0.00800842
13500.8 0 0.00802245
13505.5 0 0.00803645
13510.1 0 0.00805042
13514.8 0 0.00806436
13519.5 0 0.00807826
13524.1 0 0.00809212
13528.8 0 0.00810596
13533.4 0 0.00811976
13538 0 0.00813352
13542.7 0 0.00814725
13547.3 0 0.00816095
13551.9 0 0.00817462
13556.6 0 0.00818825
13561.2 0 0.00820185
13565.8 0 0.00821541
13570.4 0 0.00822895
13575 0 0.00824245
13579.6 0 0.00825591
13584.2 0 0.00826935
13588.8 0 0.00828275
13593.4 0 0.00829612
13598 0 0.00830949
13602.7 0 0.00832281
13607.4 0 0.00833607
13612.1 0 0.00834926
13616.8 0 0.00836238
13621.6 0 0.00837549
13410.3 0 0.00825211
13470.1 0 0.00822285
13494.5 0 0.0082083
