0 -58.4752 -2.26119e-06
634.56 0 7.73307e-05
1173.57 0 0.000161621
1709.92 0 0.000245858
2243.81 0 0.000329938
2775.24 0 0.000413795
3304.22 0 0.000497424
3830.74 0 0.000580817
4354.77 0 0.000663972
4876.15 0 0.000746889
5394.56 0 0.000829577
5909.16 0 0.000912061
6418.2 0 0.000994396
6918.36 0 0.00107669
7403.99 0 0.00115915
7866.83 0 0.00124205
8297.18 0 0.00132577
8686.59 0 0.00141063
9030.8 0 0.00149686
9330.49 0 0.00158458
9590.04 0 0.00167371
9815.21 0 0.0017642
10011.7 0 0.00185596
10184.8 0 0.00194865
10338.5 0 0.00204211
10475.8 0 0.0021361
10599.4 0 0.00223063
10711.4 0 0.00232572
10812.7 0 0.00242204
10905.5 0 0.00251879
10991.1 0 0.00261592
11070.4 0 0.00271339
11143.9 0 0.00281123
11212.1 0 0.00290957
11276 0 0.00300816
11335.9 0 0.00310698
11392.3 0 0.00320602
11445.5 0 0.00330526
11495.9 0 0.00340467
11543.8 0 0.00350424
11589.3 0 0.00360395
11632.4 0 0.00370397
11673.3 0 0.00380434
11712.4 0 0.00390484
11749.8 0 0.00400545
11785.6 0 0.00410616
11820.1 0 0.00420696
11853.2 0 0.00430785
11885.1 0 0.00440881
11915.6 0 0.00451028
11945 0 0.00461211
11972.9 0 0.00471417
11999.8 0 0.00481632
12025.7 0 0.00491852
12050.7 0 0.00502088
12074.7 0 0.0051238
12097.7 0 0.00522673
12119.8 0 0.00532964
12141.1 0 0.00543257
12161.8 0 0.00553553
12181.9 0 0.0056385
12201.4 0 0.0057415
12220.3 0 0.0058445
12238.6 0 0.00594752
12256.3 0 0.00605054
12273.3 0 0.00615373
12289.7 0 0.00625701
12305.5 0 0.0063603
12320.9 0 0.00646358
12335.7 0 0.00656676
12349.8 0 0.00666967
12363.5 0 0.00677255
12376.5 0 0.00687644
12388.8 0 0.00698112
12400.7 0 0.00708578
12412.4 0 0.00719043
12423.7 0 0.00729507
12434.7 0 0.00739968
12445.5 0 0.00750428
12455.9 0 0.00760886
12466.1 0 0.00771342
12476 0 0.00781797
12485.7 0 0.00792251
12495.1 0 0.00802703
12504.3 0 0.00813154
12513.2 0 0.00823605
12521.8 0 0.00834055
12530.3 0 0.00844504
12538.4 0 0.00854953
12546.4 0 0.00865402
12554.2 0 0.0087585
12561.7 0 0.00886297
12569 0 0.00896744
12576.2 0 0.0090719
12583.1 0 0.00917635
12589.9 0 0.00928078
12596.5 0 0.0093852
12603 0 0.0094896
12609.3 0 0.00959399
12615.5 0 0.00969835
12621.6 0 0.00980269
12627.5 0 0.00990701
12633.3 0 0.0100115
12638.9 0 0.0101164
12644.3 0 0.0102219
12649.5 0 0.0103278
12654.6 0 0.0104336
12659.6 0 0.0105391
12664.4 0 0.0106447
12669.2 0 0.0107503
12673.9 0 0.0108558
12678.6 0 0.0109613
12683.1 0 0.0110668
12687.6 0 0.0111723
12692 0 0.0112778
12696.3 0 0.0113833
12700.6 0 0.0114888
12704.8 0 0.0115943
12708.9 0 0.0116998
12713 0 0.0118053
12717 0 0.0119108
12720.9 0 0.0120163
12724.7 0 0.0121219
12728.5 0 0.0122274
12732.1 0 0.0123328
12735.7 0 0.012438
12739.2 0 0.0125433
12742.7 0 0.0126486
12746 0 0.0127538
12749.3 0 0.0128591
12752.5 0 0.0129644
12755.5 0 0.0130695
12758.3 0 0.0131747
12761.2 0 0.0132799
12763.9 0 0.0133851
12766.6 0 0.0134902
12769.2 0 0.0135954
12771.7 0 0.0137009
12774.1 0 0.0138067
12776.4 0 0.0139126
12778.6 0 0.0140185
12780.8 0 0.0141243
12783 0 0.0142302
12785.1 0 0.014336
12787.2 0 0.0144418
12789.2 0 0.0145476
12791.2 0 0.0146534
12793.2 0 0.0147592
12795.1 0 0.014865
12797 0 0.0149708
12798.8 0 0.0150765
12800.6 0 0.0151822
12802.4 0 0.0152879
12804.2 0 0.0153936
12805.9 0 0.0154993
12807.7 0 0.0156049
12809.4 0 0.0157106
12811 0 0.0158162
12812.7 0 0.0159218
12814.3 0 0.0160274
12815.9 0 0.0161329
12817.5 0 0.0162385
12819.1 0 0.016344
12820.7 0 0.0164495
12822.2 0 0.016555
12823.7 0 0.0166605
12825.2 0 0.0167659
12826.7 0 0.0168714
12828.2 0 0.0169768
12829.7 0 0.0170822
12831.1 0 0.0171876
12832.6 0 0.017293
12834 0 0.0173983
12835.4 0 0.0175037
12836.8 0 0.017609
12838.2 0 0.0177143
12839.5 0 0.0178196
12840.9 0 0.0179249
12842.2 0 0.0180301
12843.6 0 0.0181354
12844.9 0 0.0182406
12846.2 0 0.0183458
12847.5 0 0.0184511
12848.7 0 0.0185563
12850 0 0.0186615
12851.3 0 0.0187666
12852.5 0 0.0188718
12853.7 0 0.018977
12855 0 0.0190821
12856.2 0 0.0191873
12857.4 0 0.0192924
12858.5 0 0.0193975
12859.7 0 0.0195026
12860.9 0 0.0196077
12862 0 0.0197128
12863.1 0 0.0198179
12864.3 0 0.0199229
12865.4 0 0.020028
12866.4 0 0.020133
12867.5 0 0.0202381
12868.6 0 0.0203431
12869.6 0 0.0204482
12870.7 0 0.0205532
12871.7 0 0.0206582
12872.7 0 0.0207633
12873.7 0 0.0208683
12874.7 0 0.0209733
12875.7 0 0.0210784
12876.6 0 0.0211834
12877.5 0 0.0212885
12878.5 0 0.0213935
12879.4 0 0.0214985
12880.3 0 0.0216036
12881.2 0 0.0217086
12882 0 0.0218137
12882.9 0 0.0219187
12883.7 0 0.0220238
12884.6 0 0.0221289
12885.4 0 0.0222339
12886.2 0 0.022339
12886.9 0 0.0224441
12887.7 0 0.0225491
12888.5 0 0.0226542
12889.2 0 0.0227593
12889.9 0 0.0228644
12890.6 0 0.0229695
12891.3 0 0.0230746
12892 0 0.0231796
12892.7 0 0.0232847
12893.3 0 0.0233898
12894 0 0.0234949
12894.6 0 0.0236
12895.2 0 0.0237051
12895.8 0 0.0238102
12896.4 0 0.0239153
12897 0 0.0240204
12897.6 0 0.0241255
12898.1 0 0.0242306
12898.7 0 0.0243357
12899.2 0 0.0244408
12899.8 0 0.0245459
12900.3 0 0.0246511
12900.7 0 0.0247569
12901.2 0 0.0248628
12901.6 0 0.0249686
12902 0 0.0250745
12902.5 0 0.0251804
12902.9 0 0.0252863
12903.3 0 0.0253921
12903.7 0 0.025498
12904.1 0 0.0256039
12904.5 0 0.0257097
12904.8 0 0.0258156
12905.2 0 0.0259215
12905.5 0 0.0260274
12905.9 0 0.0261332
12906.2 0 0.0262391
12906.6 0 0.0263449
12906.9 0 0.0264508
12907.2 0 0.0265567
12907.5 0 0.0266625
12907.9 0 0.0267684
12908.2 0 0.0268742
12908.5 0 0.0269801
12908.8 0 0.0270859
12909 0 0.0271917
12909.3 0 0.0272976
12909.6 0 0.0274034
12909.9 0 0.0275092
12910.2 0 0.027615
12910.4 0 0.0277209
12910.7 0 0.0278267
12910.9 0 0.0279325
12911.2 0 0.0280383
12911.4 0 0.0281441
12911.7 0 0.0282498
12911.9 0 0.0283556
12912.2 0 0.0284614
12912.4 0 0.0285672
12912.6 0 0.0286729
12912.9 0 0.0287787
12913.1 0 0.0288845
12913.3 0 0.0289902
12913.5 0 0.0290959
12913.7 0 0.0292017
12913.9 0 0.0293074
12914.1 0 0.0294131
12914.3 0 0.0295188
12914.5 0 0.0296246
12914.7 0 0.0297303
12914.9 0 0.029836
12915.1 0 0.0299417
12915.3 0 0.0300473
12915.5 0 0.030153
12915.7 0 0.0302587
12915.9 0 0.0303644
12916 0 0.03047
12916.2 0 0.0305757
12916.4 0 0.0306813
12916.6 0 0.030787
12916.7 0 0.0308926
12916.9 0 0.0309982
12917 0 0.0311038
12917.2 0 0.0312095
12917.4 0 0.0313151
12917.5 0 0.0314207
12917.7 0 0.0315263
12917.8 0 0.0316319
12918 0 0.0317374
12918.1 0 0.031843
12918.2 0 0.0319486
12918.4 0 0.0320541
12918.5 0 0.0321597
12918.7 0 0.0322653
12918.8 0 0.0323708
12918.9 0 0.0324763
12919.1 0 0.0325819
12919.3 0 0.0326874
12919.6 0 0.0327928
12920.2 0 0.0328982
12921.1 0 0.0330035
12922.2 0 0.0331088
12923.4 0 0.033214
12924.8 0 0.0333192
12926.3 0 0.0334243
12927.9 0 0.0335294
12929.8 0 0.0336344
12931.8 0 0.0337394
12933.7 0 0.0338443
12935.7 0 0.0339493
12937.6 0 0.0340543
12939.6 0 0.0341592
12941.8 0 0.0342641
12944.1 0 0.0343689
12946.6 0 0.0344737
12949.3 0 0.0345784
12951.9 0 0.0346831
12954.5 0 0.0347879
12957.1 0 0.0348926
12959.7 0 0.0349973
12962.3 0 0.035102
12964.9 0 0.0352067
12967.5 0 0.0353113
12970.2 0 0.035416
12973 0 0.0355206
12976 0 0.0356251
12979.1 0 0.0357296
12982.4 0 0.0358341
12985.6 0 0.0359385
12988.8 0 0.0360427
12992 0 0.036147
12995.2 0 0.0362512
12998.4 0 0.0363555
13001.6 0 0.0364597
13004.8 0 0.0365639
13008 0 0.0366681
13011.2 0 0.0367722
13014.4 0 0.0368764
13017.6 0 0.0369806
13020.9 0 0.0370847
13024.2 0 0.0371887
13027.7 0 0.0372928
13031.3 0 0.0373967
13035 0 0.0375006
13038.8 0 0.0376045
13042.5 0 0.0377083
13046.3 0 0.0378122
13050 0 0.037916
13053.7 0 0.0380198
13057.5 0 0.0381236
13061.2 0 0.0382274
13064.9 0 0.0383312
13068.7 0 0.038435
13072.4 0 0.0385387
13076.1 0 0.0386425
13079.8 0 0.0387462
13083.5 0 0.0388499
13087.2 0 0.0389536
13090.9 0 0.0390573
13094.6 0 0.039161
13098.4 0 0.0392646
13102.2 0 0.0393682
13106.1 0 0.0394717
13110 0 0.0395752
13114.2 0 0.0396786
13118.4 0 0.039782
13122.6 0 0.0398854
13126.8 0 0.0399887
13130.9 0 0.040092
13135.1 0 0.0401953
13139.3 0 0.0402986
13143.5 0 0.0404019
13147.6 0 0.0405052
13151.8 0 0.0406084
13155.9 0 0.0407116
13160.1 0 0.0408148
13164.3 0 0.040918
13168.4 0 0.0410212
13172.5 0 0.0411244
13176.7 0 0.0412275
13180.8 0 0.0413306
13185 0 0.0414337
13189.1 0 0.0415368
13193.2 0 0.0416399
13197.4 0 0.0417429
13201.5 0 0.041846
13205.6 0 0.041949
13209.7 0 0.042052
13213.9 0 0.0421549
13218.1 0 0.0422578
13222.4 0 0.0423607
13226.7 0 0.0424635
13231.2 0 0.0425661
13235.7 0 0.0426688
13240.2 0 0.0427714
13244.8 0 0.0428741
13249.3 0 0.0429767
13253.8 0 0.0430793
13258.3 0 0.0431818
13262.8 0 0.0432844
13267.3 0 0.0433869
13271.8 0 0.0434894
13276.3 0 0.0435918
13280.8 0 0.0436943
13285.3 0 0.0437967
13289.8 0 0.0438991
13294.3 0 0.0440015
13298.7 0 0.0441039
13303.2 0 0.0442062
13307.7 0 0.0443086
13312.2 0 0.0444109
13316.6 0 0.0445131
13321.1 0 0.0446154
13325.5 0 0.0447176
13330 0 0.0448198
13334.4 0 0.044922
13338.9 0 0.0450241
13343.3 0 0.0451263
13347.7 0 0.0452284
13352.2 0 0.0453305
13356.6 0 0.0454325
13361 0 0.0455346
13365.5 0 0.0456366
13369.9 0 0.0457386
13374.3 0 0.0458405
13378.8 0 0.0459424
13383.3 0 0.0460442
13387.9 0 0.046146
13392.5 0 0.0462477
13397.2 0 0.0463492
13402 0 0.0464508
13406.7 0 0.0465524
13411.5 0 0.0466539
13416.2 0 0.0467554
13420.9 0 0.0468569
13425.7 0 0.0469584
13430.4 0 0.0470598
13435.1 0 0.0471612
13439.8 0 0.0472626
13444.5 0 0.0473639
13449.3 0 0.0474652
13454 0 0.0475665
13458.7 0 0.0476678
13463.4 0 0.047769
13468.1 0 0.0478703
13472.8 0 0.0479714
13477.4 0 0.0480726
13482.1 0 0.0481737
13486.8 0 0.0482748
13491.5 0 0.0483759
13496.2 0 0.048477
13500.8 0 0.048578
13505.5 0 0.048679
13510.1 0 0.0487799
13514.8 0 0.0488809
13519.5 0 0.0489818
13524.1 0 0.0490827
13528.8 0 0.0491835
13533.4 0 0.0492843
13538 0 0.0493851
13542.7 0 0.0494859
13547.3 0 0.0495866
13551.9 0 0.0496874
13556.6 0 0.049788
13561.2 0 0.0498887
13565.8 0 0.0499893
13570.4 0 0.0500899
13575 0 0.0501905
13579.6 0 0.0502911
13584.2 0 0.0503916
13588.8 0 0.0504921
13593.4 0 0.0505925
13598 0 0.0506929
13602.7 0 0.0507932
13607.4 0 0.0508934
13612.1 0 0.0509936
13616.8 0 0.0510937
13621.6 0 0.0511936
13410.3 0 0.05116
13470.1 0 0.0512189
13494.5 0 0.0512926
