0 -58.4752 -2.26119e-06
634.56 -538.668 -2.08475e-05
1173.57 -900.946 -3.49041e-05
1709.92 -1262.91 -4.89888e-05
2243.81 -1627.96 -6.3242e-05
2775.24 -1996.85 -7.77025e-05
3304.22 -2369.5 -9.2375e-05
3830.74 -2746.16 -0.000107278
4354.77 -3126.86 -0.000122422
4876.15 -3511.34 -0.000137806
5394.56 -3899.15 -0.00015342
5909.16 -4289.47 -0.000169239
6418.2 -4680.7 -0.000185209
6918.36 -5069.96 -0.000201216
7403.99 -5452.25 -0.000217059
7866.83 -5820.98 -0.000232459
8297.18 -6167.54 -0.000247046
8686.59 -6484.21 -0.000260475
9030.8 -6766.73 -0.000272539
9330.49 -7013.72 -0.000283152
9590.04 -7227.95 -0.00029241
9815.21 -7413.72 -0.000300478
10011.7 -7575.2 -0.000307522
10184.8 -7716.26 -0.000313699
10338.5 -7838.69 -0.000319079
10475.8 -7933.41 -0.000323254
10599.4 -8008.94 -0.000326589
10711.4 -8066.01 -0.000329114
10812.7 -8105.26 -0.000330853
10905.5 -8134.25 -0.000332139
10991.1 -8154.09 -0.000333019
11070.4 -8165.73 -0.000333536
11143.9 -8168.36 -0.000333653
11212.1 -8157.7 -0.000333241
11276 -8139.81 -0.000332549
11335.9 -8115.36 -0.000331603
11392.3 -8084.97 -0.000330428
11445.5 -8049.2 -0.000329045
11495.9 -8008.54 -0.000327473
11543.8 -7963.4 -0.000325727
11589.3 -7914.13 -0.000323822
11632.4 -7858.54 -0.000321673
11673.3 -7795.91 -0.000319251
11712.4 -7729.93 -0.0003167
11749.8 -7660.91 -0.000314031
11785.6 -7589.12 -0.000311254
11820.1 -7514.82 -0.000308381
11853.2 -7438.24 -0.00030542
11885.1 -7359.57 -0.000302379
11915.6 -7281.9 -0.000299375
11945 -7204.51 -0.000296382
11972.9 -7113.41 -0.00029286
11999.8 -7019.9 -0.000289244
12025.7 -6925.07 -0.000285577
12050.7 -6829.23 -0.000281871
12074.7 -6733.21 -0.000278158
12097.7 -6631.3 -0.000274218
12119.8 -6516.76 -0.000269789
12141.1 -6401.58 -0.000265335
12161.8 -6285.9 -0.000260862
12181.9 -6169.84 -0.000256374
12201.4 -6053.49 -0.000251875
12220.3 -5936.94 -0.000247368
12238.6 -5820.25 -0.000242856
12256.3 -5703.49 -0.000238341
12273.3 -5580.45 -0.000233583
12289.7 -5454.01 -0.000228694
12305.5 -5327.61 -0.000223807
12320.9 -5201.37 -0.000218925
12335.7 -5068.7 -0.000213795
12349.8 -4917.45 -0.000207946
12363.5 -4766.36 -0.000202104
12376.5 -4620.63 -0.000196469
12388.8 -4474.28 -0.00019081
12400.7 -4328.48 -0.000185172
12412.4 -4183.28 -0.000179558
12423.7 -4038.74 -0.000173968
12434.7 -3894.88 -0.000168406
12445.5 -3751.7 -0.000162869
12455.9 -3609.22 -0.00015736
12466.1 -3467.41 -0.000151876
12476 -3326.25 -0.000146418
12485.7 -3185.71 -0.000140983
12495.1 -3045.74 -0.000135571
12504.3 -2906.31 -0.00013018
12513.2 -2767.39 -0.000124808
12521.8 -2628.93 -0.000119454
12530.3 -2490.91 -0.000114117
12538.4 -2353.31 -0.000108796
12546.4 -2216.12 -0.000103491
12554.2 -2079.33 -9.82018e-05
12561.7 -1942.94 -9.2928e-05
12569 -1806.97 -8.76702e-05
12576.2 -1671.42 -8.24291e-05
12583.1 -1536.34 -7.72055e-05
12589.9 -1401.73 -7.20005e-05
12596.5 -1267.63 -6.68151e-05
12603 -1134.07 -6.16505e-05
12609.3 -1001.07 -5.6508e-05
12615.5 -868.681 -5.13886e-05
12621.6 -736.914 -4.62934e-05
12627.5 -605.8 -4.12235e-05
12633.3 -475.444 -3.61829e-05
12638.9 -345.982 -3.11769e-05
12644.3 -219.648 -2.62918e-05
12649.5 -95.1074 -2.1476e-05
12654.6 0 -1.65349e-05
12659.6 0 -1.11104e-05
12664.4 0 -5.71383e-06
12669.2 0 -3.45523e-07
12673.9 0 4.99449e-06
12678.6 0 1.03062e-05
12683.1 0 1.55898e-05
12687.6 0 2.08455e-05
12692 0 2.60736e-05
12696.3 0 3.12744e-05
12700.6 0 3.64485e-05
12704.8 0 4.15965e-05
12708.9 0 4.6719e-05
12713 0 5.18166e-05
12717 0 5.68901e-05
12720.9 0 6.19403e-05
12724.7 0 6.69681e-05
12728.5 0 7.19743e-05
12732.1 0 7.72566e-05
12735.7 0 8.28329e-05
12739.2 0 8.83948e-05
12742.7 0 9.39475e-05
12746 0 9.94893e-05
12749.3 0 0.00010502
12752.5 0 0.000110778
12755.5 0 0.000117732
12758.3 0 0.000124849
12761.2 0 0.000131983
12763.9 0 0.000139135
12766.6 0 0.000146306
12769.2 0 0.000153496
12771.7 0 0.000160886
12774.1 0 0.000168546
12776.4 0 0.000176227
12778.6 0 0.00018393
12780.8 0 0.000191653
12783 0 0.000199393
12785.1 0 0.000207149
12787.2 0 0.000214919
12789.2 0 0.000222701
12791.2 0 0.000230493
12793.2 0 0.000238293
12795.1 0 0.000246099
12797 0 0.000253908
12798.8 0 0.000261719
12800.6 0 0.00026953
12802.4 0 0.000277338
12804.2 0 0.000285143
12805.9 0 0.000292943
12807.7 0 0.000300735
12809.4 0 0.000308519
12811 0 0.000316294
12812.7 0 0.000324057
12814.3 0 0.000331809
12815.9 0 0.000339548
12817.5 0 0.000347273
12819.1 0 0.000354983
12820.7 0 0.000362678
12822.2 0 0.000370357
12823.7 0 0.000378019
12825.2 0 0.000385665
12826.7 0 0.000393293
12828.2 0 0.000400904
12829.7 0 0.000408496
12831.1 0 0.000416071
12832.6 0 0.000423627
12834 0 0.000431164
12835.4 0 0.000438684
12836.8 0 0.000446184
12838.2 0 0.000453666
12839.5 0 0.00046113
12840.9 0 0.000468576
12842.2 0 0.000476003
12843.6 0 0.000483413
12844.9 0 0.000490805
12846.2 0 0.000498179
12847.5 0 0.000505537
12848.7 0 0.000512878
12850 0 0.000520202
12851.3 0 0.00052751
12852.5 0 0.000534803
12853.7 0 0.00054208
12855 0 0.000549343
12856.2 0 0.000556592
12857.4 0 0.000563828
12858.5 0 0.00057105
12859.7 0 0.000578262
12860.9 0 0.00058547
12862 0 0.000592667
12863.1 0 0.000599855
12864.3 0 0.000607033
12865.4 0 0.000614202
12866.4 0 0.000621364
12867.5 0 0.000628518
12868.6 0 0.000635666
12869.6 0 0.000642809
12870.7 0 0.000649947
12871.7 0 0.000657081
12872.7 0 0.000664213
12873.7 0 0.000671342
12874.7 0 0.00067847
12875.7 0 0.000685598
12876.6 0 0.000692727
12877.5 0 0.000699857
12878.5 0 0.00070699
12879.4 0 0.000714126
12880.3 0 0.000721266
12881.2 0 0.000728412
12882 0 0.000735563
12882.9 0 0.00074272
12883.7 0 0.000749885
12884.6 0 0.000757059
12885.4 0 0.000764241
12886.2 0 0.000771432
12886.9 0 0.000778634
12887.7 0 0.000785847
12888.5 0 0.00079307
12889.2 0 0.000800305
12889.9 0 0.000807552
12890.6 0 0.000814812
12891.3 0 0.000822084
12892 0 0.000829368
12892.7 0 0.000836666
12893.3 0 0.000843977
12894 0 0.000851301
12894.6 0 0.000858638
12895.2 0 0.000865988
12895.8 0 0.000873351
12896.4 0 0.000880727
12897 0 0.000888115
12897.6 0 0.000895515
12898.1 0 0.000902927
12898.7 0 0.000910351
12899.2 0 0.000917785
12899.8 0 0.00092523
12900.3 0 0.0009327
12900.7 0 0.000940385
12901.2 0 0.000948081
12901.6 0 0.000955786
12902 0 0.0009635
12902.5 0 0.000971223
12902.9 0 0.000978954
12903.3 0 0.000986692
12903.7 0 0.000994437
12904.1 0 0.00100219
12904.5 0 0.00100994
12904.8 0 0.0010177
12905.2 0 0.00102547
12905.5 0 0.00103324
12905.9 0 0.00104101
12906.2 0 0.00104878
12906.6 0 0.00105656
12906.9 0 0.00106434
12907.2 0 0.00107212
12907.5 0 0.0010799
12907.9 0 0.00108767
12908.2 0 0.00109545
12908.5 0 0.00110323
12908.8 0 0.00111101
12909 0 0.00111878
12909.3 0 0.00112655
12909.6 0 0.00113432
12909.9 0 0.00114209
12910.2 0 0.00114985
12910.4 0 0.00115761
12910.7 0 0.00116536
12910.9 0 0.00117311
12911.2 0 0.00118086
12911.4 0 0.0011886
12911.7 0 0.00119634
12911.9 0 0.00120407
12912.2 0 0.00121179
12912.4 0 0.00121951
12912.6 0 0.00122723
12912.9 0 0.00123494
12913.1 0 0.00124264
12913.3 0 0.00125033
12913.5 0 0.00125802
12913.7 0 0.0012657
12913.9 0 0.00127338
12914.1 0 0.00128105
12914.3 0 0.00128871
12914.5 0 0.00129636
12914.7 0 0.00130401
12914.9 0 0.00131165
12915.1 0 0.00131928
12915.3 0 0.0013269
12915.5 0 0.00133452
12915.7 0 0.00134213
12915.9 0 0.00134973
12916 0 0.00135732
12916.2 0 0.0013649
12916.4 0 0.00137248
12916.6 0 0.00138005
12916.7 0 0.00138761
12916.9 0 0.00139516
12917 0 0.0014027
12917.2 0 0.00141024
12917.4 0 0.00141777
12917.5 0 0.00142528
12917.7 0 0.00143279
12917.8 0 0.0014403
12918 0 0.00144779
12918.1 0 0.00145527
12918.2 0 0.00146275
12918.4 0 0.00147022
12918.5 0 0.00147768
12918.7 0 0.00148513
12918.8 0 0.00149257
12918.9 0 0.0015
12919.1 0 0.00150742
12919.3 0 0.00151481
12919.6 0 0.00152214
12920.2 0 0.00152939
12921.1 0 0.00153651
12922.2 0 0.00154355
12923.4 0 0.00155052
12924.8 0 0.00155745
12926.3 0 0.00156431
12927.9 0 0.00157111
12929.8 0 0.00157781
12931.8 0 0.00158447
12933.7 0 0.00159112
12935.7 0 0.00159776
12937.6 0 0.00160439
12939.6 0 0.00161097
12941.8 0 0.0016175
12944.1 0 0.00162396
12946.6 0 0.00163032
12949.3 0 0.00163663
12951.9 0 0.00164293
12954.5 0 0.00164921
12957.1 0 0.00165549
12959.7 0 0.00166175
12962.3 0 0.00166799
12964.9 0 0.00167423
12967.5 0 0.00168044
12970.2 0 0.00168661
12973 0 0.00169272
12976 0 0.00169876
12979.1 0 0.00170471
12982.4 0 0.00171061
12985.6 0 0.0017165
12988.8 0 0.00172241
12992 0 0.00172831
12995.2 0 0.00173419
12998.4 0 0.00174006
13001.6 0 0.00174591
13004.8 0 0.00175175
13008 0 0.00175758
13011.2 0 0.00176339
13014.4 0 0.00176918
13017.6 0 0.00177496
13020.9 0 0.0017807
13024.2 0 0.00178638
13027.7 0 0.001792
13031.3 0 0.00179757
13035 0 0.001803
13038.8 0 0.00180844
13042.5 0 0.00181387
13046.3 0 0.00181927
13050 0 0.00182466
13053.7 0 0.00183003
13057.5 0 0.00183539
13061.2 0 0.00184072
13064.9 0 0.00184604
13068.7 0 0.00185134
13072.4 0 0.00185663
13076.1 0 0.00186189
13079.8 0 0.00186714
13083.5 0 0.00187237
13087.2 0 0.00187758
13090.9 0 0.00188277
13094.6 0 0.00188794
13098.4 0 0.00189309
13102.2 0 0.00189817
13106.1 0 0.00190319
13110 0 0.00190816
13114.2 0 0.00191302
13118.4 0 0.00191783
13122.6 0 0.00192261
13126.8 0 0.00192738
13130.9 0 0.00193212
13135.1 0 0.00193684
13139.3 0 0.00194153
13143.5 0 0.00194621
13147.6 0 0.00195086
13151.8 0 0.00195549
13155.9 0 0.0019601
13160.1 0 0.00196468
13164.3 0 0.00196924
13168.4 0 0.00197378
13172.5 0 0.00197829
13176.7 0 0.00198278
13180.8 0 0.00198725
13185 0 0.00199169
13189.1 0 0.00199611
13193.2 0 0.0020005
13197.4 0 0.00200487
13201.5 0 0.00200922
13205.6 0 0.00201354
13209.7 0 0.00201783
13213.9 0 0.00202209
13218.1 0 0.00202628
13222.4 0 0.00203041
13226.7 0 0.00203448
13231.2 0 0.00203845
13235.7 0 0.00204233
13240.2 0 0.00204619
13244.8 0 0.00205001
13249.3 0 0.0020538
13253.8 0 0.00205757
13258.3 0 0.00206131
13262.8 0 0.00206501
13267.3 0 0.00206869
13271.8 0 0.00207234
13276.3 0 0.00207596
13280.8 0 0.00207955
13285.3 0 0.00208311
13289.8 0 0.00208664
13294.3 0 0.00209014
13298.7 0 0.0020936
13303.2 0 0.00209704
13307.7 0 0.00210045
13312.2 0 0.00210383
13316.6 0 0.00210718
13321.1 0 0.00211049
13325.5 0 0.00211378
13330 0 0.00211703
13334.4 0 0.00212025
13338.9 0 0.00212344
13343.3 0 0.00212661
13347.7 0 0.00212973
13352.2 0 0.00213283
13356.6 0 0.0021359
13361 0 0.00213893
13365.5 0 0.00214194
13369.9 0 0.00214491
13374.3 0 0.00214786
13378.8 0 0.00215075
13383.3 0 0.00215356
13387.9 0 0.00215631
13392.5 0 0.00215899
13397.2 0 0.00216159
13402 0 0.00216406
13406.7 0 0.0021665
13411.5 0 0.00216891
13416.2 0 0.00217128
13420.9 0 0.00217362
13425.7 0 0.00217592
13430.4 0 0.00217819
13435.1 0 0.00218042
13439.8 0 0.00218263
13444.5 0 0.00218479
13449.3 0 0.00218693
13454 0 0.00218903
13458.7 0 0.00219109
13463.4 0 0.00219313
13468.1 0 0.00219512
13472.8 0 0.00219709
13477.4 0 0.00219902
13482.1 0 0.00220092
13486.8 0 0.00220278
13491.5 0 0.00220461
13496.2 0 0.00220641
13500.8 0 0.00220817
13505.5 0 0.0022099
13510.1 0 0.00221159
13514.8 0 0.00221326
13519.5 0 0.00221489
13524.1 0 0.00221648
13528.8 0 0.00221805
13533.4 0 0.00221958
13538 0 0.00222107
13542.7 0 0.00222254
13547.3 0 0.00222397
13551.9 0 0.00222536
13556.6 0 0.00222673
13561.2 0 0.00222806
13565.8 0 0.00222936
13570.4 0 0.00223063
13575 0 0.00223186
13579.6 0 0.00223306
13584.2 0 0.00223423
13588.8 0 0.00223537
13593.4 0 0.00223648
13598 0 0.00223757
13602.7 0 0.00223862
13607.4 0 0.00223961
13612.1 0 0.00224052
13616.8 0 0.00224137
13621.6 0 0.0022422
13410.3 0 0.00210677
13470.1 0 0.00206533
13494.5 0 0.00203861
