0 -58.4752 -2.26119e-06
634.56 0 7.68626e-05
1173.57 0 0.000160501
1709.92 0 0.000244114
2243.81 0 0.000327557
2775.24 0 0.000410794
3304.22 0 0.000493821
3830.74 0 0.000576617
4354.77 0 0.000659172
4876.15 0 0.000741488
5394.56 0 0.000823573
5909.16 0 0.000905452
6418.2 0 0.000987182
6918.36 0 0.00106887
7403.99 0 0.00115073
7866.83 0 0.00123303
8297.18 0 0.00131614
8686.59 0 0.00140041
9030.8 0 0.00148605
9330.49 0 0.00157313
9590.04 0 0.00166156
9815.21 0 0.00175117
10011.7 0 0.00184178
10184.8 0 0.00193325
10338.5 0 0.00202553
10475.8 0 0.00211906
10599.4 0 0.00221347
10711.4 0 0.0023087
10812.7 0 0.00240468
10905.5 0 0.00250112
10991.1 0 0.00259796
11070.4 0 0.00269517
11143.9 0 0.00279279
11212.1 0 0.00289093
11276 0 0.00298936
11335.9 0 0.00308804
11392.3 0 0.00318695
11445.5 0 0.00328608
11495.9 0 0.00338539
11543.8 0 0.00348488
11589.3 0 0.00358452
11632.4 0 0.00368441
11673.3 0 0.00378456
11712.4 0 0.00388485
11749.8 0 0.00398525
11785.6 0 0.00408575
11820.1 0 0.00418636
11853.2 0 0.00428705
11885.1 0 0.00438783
11915.6 0 0.00448852
11945 0 0.00458916
11972.9 0 0.00469036
11999.8 0 0.00479165
12025.7 0 0.004893
12050.7 0 0.00499437
12074.7 0 0.00509571
12097.7 0 0.00519728
12119.8 0 0.0052994
12141.1 0 0.00540153
12161.8 0 0.00550369
12181.9 0 0.00560586
12201.4 0 0.00570804
12220.3 0 0.00581023
12238.6 0 0.00591242
12256.3 0 0.00601462
12273.3 0 0.00611706
12289.7 0 0.00621964
12305.5 0 0.00632222
12320.9 0 0.00642479
12335.7 0 0.00652765
12349.8 0 0.0066313
12363.5 0 0.00673496
12376.5 0 0.00683829
12388.8 0 0.00694159
12400.7 0 0.00704486
12412.4 0 0.00714811
12423.7 0 0.00725133
12434.7 0 0.00735453
12445.5 0 0.00745769
12455.9 0 0.00756084
12466.1 0 0.00766395
12476 0 0.00776704
12485.7 0 0.0078701
12495.1 0 0.00797314
12504.3 0 0.00807616
12513.2 0 0.00817915
12521.8 0 0.00828213
12530.3 0 0.00838509
12538.4 0 0.00848803
12546.4 0 0.00859096
12554.2 0 0.00869387
12561.7 0 0.00879676
12569 0 0.00889964
12576.2 0 0.0090025
12583.1 0 0.00910534
12589.9 0 0.00920816
12596.5 0 0.00931096
12603 0 0.00941374
12609.3 0 0.0095165
12615.5 0 0.00961923
12621.6 0 0.00972194
12627.5 0 0.00982463
12633.3 0 0.00992727
12638.9 0 0.0100298
12644.3 0 0.0101322
12649.5 0 0.0102345
12654.6 0 0.0103369
12659.6 0 0.0104399
12664.4 0 0.0105428
12669.2 0 0.0106457
12673.9 0 0.0107486
12678.6 0 0.0108514
12683.1 0 0.0109542
12687.6 0 0.011057
12692 0 0.0111597
12696.3 0 0.0112625
12700.6 0 0.0113652
12704.8 0 0.0114678
12708.9 0 0.0115705
12713 0 0.0116731
12717 0 0.0117756
12720.9 0 0.0118782
12724.7 0 0.0119807
12728.5 0 0.0120832
12732.1 0 0.0121861
12735.7 0 0.0122892
12739.2 0 0.0123924
12742.7 0 0.0124955
12746 0 0.0125986
12749.3 0 0.0127017
12752.5 0 0.0128051
12755.5 0 0.0129097
12758.3 0 0.0130145
12761.2 0 0.0131194
12763.9 0 0.0132243
12766.6 0 0.0133292
12769.2 0 0.0134341
12771.7 0 0.0135392
12774.1 0 0.0136446
12776.4 0 0.01375
12778.6 0 0.0138554
12780.8 0 0.0139608
12783 0 0.0140663
12785.1 0 0.0141717
12787.2 0 0.0142772
12789.2 0 0.0143827
12791.2 0 0.0144883
12793.2 0 0.0145938
12795.1 0 0.0146993
12797 0 0.0148049
12798.8 0 0.0149104
12800.6 0 0.0150159
12802.4 0 0.0151215
12804.2 0 0.015227
12805.9 0 0.0153326
12807.7 0 0.0154381
12809.4 0 0.0155436
12811 0 0.0156491
12812.7 0 0.0157546
12814.3 0 0.0158601
12815.9 0 0.0159656
12817.5 0 0.0160711
12819.1 0 0.0161765
12820.7 0 0.016282
12822.2 0 0.0163874
12823.7 0 0.0164928
12825.2 0 0.0165982
12826.7 0 0.0167036
12828.2 0 0.0168089
12829.7 0 0.0169142
12831.1 0 0.0170196
12832.6 0 0.0171249
12834 0 0.0172301
12835.4 0 0.0173354
12836.8 0 0.0174406
12838.2 0 0.0175459
12839.5 0 0.0176511
12840.9 0 0.0177563
12842.2 0 0.0178614
12843.6 0 0.0179666
12844.9 0 0.0180717
12846.2 0 0.0181768
12847.5 0 0.0182819
12848.7 0 0.018387
12850 0 0.0184921
12851.3 0 0.0185971
12852.5 0 0.0187021
12853.7 0 0.0188071
12855 0 0.0189121
12856.2 0 0.0190171
12857.4 0 0.0191221
12858.5 0 0.0192271
12859.7 0 0.019332
12860.9 0 0.0194369
12862 0 0.0195419
12863.1 0 0.0196468
12864.3 0 0.0197517
12865.4 0 0.0198566
12866.4 0 0.0199615
12867.5 0 0.0200664
12868.6 0 0.0201713
12869.6 0 0.0202762
12870.7 0 0.020381
12871.7 0 0.0204859
12872.7 0 0.0205908
12873.7 0 0.0206956
12874.7 0 0.0208005
12875.7 0 0.0209054
12876.6 0 0.0210102
12877.5 0 0.0211151
12878.5 0 0.02122
12879.4 0 0.0213248
12880.3 0 0.0214297
12881.2 0 0.0215346
12882 0 0.0216395
12882.9 0 0.0217444
12883.7 0 0.0218493
12884.6 0 0.0219542
12885.4 0 0.0220591
12886.2 0 0.022164
12886.9 0 0.022269
12887.7 0 0.0223739
12888.5 0 0.0224789
12889.2 0 0.0225839
12889.9 0 0.0226888
12890.6 0 0.0227938
12891.3 0 0.0228989
12892 0 0.0230039
12892.7 0 0.0231089
12893.3 0 0.023214
12894 0 0.0233191
12894.6 0 0.0234241
12895.2 0 0.0235292
12895.8 0 0.0236343
12896.4 0 0.0237395
12897 0 0.0238446
12897.6 0 0.0239498
12898.1 0 0.0240549
12898.7 0 0.0241601
12899.2 0 0.0242653
12899.8 0 0.0243705
12900.3 0 0.0244757
12900.7 0 0.0245811
12901.2 0 0.0246865
12901.6 0 0.0247919
12902 0 0.0248974
12902.5 0 0.0250028
12902.9 0 0.0251083
12903.3 0 0.0252137
12903.7 0 0.0253192
12904.1 0 0.0254246
12904.5 0 0.0255301
12904.8 0 0.0256356
12905.2 0 0.0257411
12905.5 0 0.0258465
12905.9 0 0.025952
12906.2 0 0.0260575
12906.6 0 0.026163
12906.9 0 0.0262685
12907.2 0 0.026374
12907.5 0 0.0264795
12907.9 0 0.026585
12908.2 0 0.0266905
12908.5 0 0.026796
12908.8 0 0.0269015
12909 0 0.027007
12909.3 0 0.0271125
12909.6 0 0.027218
12909.9 0 0.0273235
12910.2 0 0.0274289
12910.4 0 0.0275344
12910.7 0 0.0276399
12910.9 0 0.0277454
12911.2 0 0.0278508
12911.4 0 0.0279563
12911.7 0 0.0280618
12911.9 0 0.0281672
12912.2 0 0.0282727
12912.4 0 0.0283781
12912.6 0 0.0284835
12912.9 0 0.028589
12913.1 0 0.0286944
12913.3 0 0.0287998
12913.5 0 0.0289052
12913.7 0 0.0290106
12913.9 0 0.029116
12914.1 0 0.0292214
12914.3 0 0.0293268
12914.5 0 0.0294322
12914.7 0 0.0295375
12914.9 0 0.0296429
12915.1 0 0.0297482
12915.3 0 0.0298536
12915.5 0 0.0299589
12915.7 0 0.0300643
12915.9 0 0.0301696
12916 0 0.0302749
12916.2 0 0.0303802
12916.4 0 0.0304855
12916.6 0 0.0305908
12916.7 0 0.0306961
12916.9 0 0.0308013
12917 0 0.0309066
12917.2 0 0.0310118
12917.4 0 0.0311171
12917.5 0 0.0312223
12917.7 0 0.0313276
12917.8 0 0.0314328
12918 0 0.031538
12918.1 0 0.0316432
12918.2 0 0.0317484
12918.4 0 0.0318536
12918.5 0 0.0319587
12918.7 0 0.0320639
12918.8 0 0.0321691
12918.9 0 0.0322742
12919.1 0 0.0323794
12919.3 0 0.0324845
12919.6 0 0.0325895
12920.2 0 0.0326945
12921.1 0 0.0327993
12922.2 0 0.032904
12923.4 0 0.0330087
12924.8 0 0.0331133
12926.3 0 0.0332179
12927.9 0 0.0333224
12929.8 0 0.0334268
12931.8 0 0.0335312
12933.7 0 0.0336355
12935.7 0 0.0337399
12937.6 0 0.0338442
12939.6 0 0.0339485
12941.8 0 0.0340527
12944.1 0 0.0341568
12946.6 0 0.0342609
12949.3 0 0.0343649
12951.9 0 0.0344689
12954.5 0 0.0345728
12957.1 0 0.0346768
12959.7 0 0.0347807
12962.3 0 0.0348847
12964.9 0 0.0349886
12967.5 0 0.0350925
12970.2 0 0.0351963
12973 0 0.0353001
12976 0 0.0354039
12979.1 0 0.0355075
12982.4 0 0.0356111
12985.6 0 0.0357146
12988.8 0 0.0358182
12992 0 0.0359218
12995.2 0 0.0360254
12998.4 0 0.036129
13001.6 0 0.0362325
13004.8 0 0.0363361
13008 0 0.0364396
13011.2 0 0.0365431
13014.4 0 0.0366466
13017.6 0 0.03675
13020.9 0 0.0368535
13024.2 0 0.0369568
13027.7 0 0.0370601
13031.3 0 0.0371634
13035 0 0.0372665
13038.8 0 0.0373697
13042.5 0 0.0374728
13046.3 0 0.0375759
13050 0 0.0376789
13053.7 0 0.037782
13057.5 0 0.037885
13061.2 0 0.0379881
13064.9 0 0.0380911
13068.7 0 0.038194
13072.4 0 0.038297
13076.1 0 0.0384
13079.8 0 0.0385029
13083.5 0 0.0386058
13087.2 0 0.0387087
13090.9 0 0.0388116
13094.6 0 0.0389144
13098.4 0 0.0390172
13102.2 0 0.03912
13106.1 0 0.0392227
13110 0 0.0393254
13114.2 0 0.0394279
13118.4 0 0.0395304
13122.6 0 0.0396328
13126.8 0 0.0397353
13130.9 0 0.0398377
13135.1 0 0.0399401
13139.3 0 0.0400425
13143.5 0 0.0401448
13147.6 0 0.0402471
13151.8 0 0.0403494
13155.9 0 0.0404517
13160.1 0 0.040554
13164.3 0 0.0406562
13168.4 0 0.0407584
13172.5 0 0.0408606
13176.7 0 0.0409627
13180.8 0 0.0410649
13185 0 0.041167
13189.1 0 0.0412691
13193.2 0 0.0413711
13197.4 0 0.0414732
13201.5 0 0.0415752
13205.6 0 0.0416772
13209.7 0 0.0417791
13213.9 0 0.041881
13218.1 0 0.0419829
13222.4 0 0.0420847
13226.7 0 0.0421864
13231.2 0 0.0422881
13235.7 0 0.0423896
13240.2 0 0.0424911
13244.8 0 0.0425926
13249.3 0 0.042694
13253.8 0 0.0427954
13258.3 0 0.0428968
13262.8 0 0.0429982
13267.3 0 0.0430995
13271.8 0 0.0432008
13276.3 0 0.0433021
13280.8 0 0.0434033
13285.3 0 0.0435045
13289.8 0 0.0436057
13294.3 0 0.0437069
13298.7 0 0.043808
13303.2 0 0.0439091
13307.7 0 0.0440101
13312.2 0 0.0441111
13316.6 0 0.0442121
13321.1 0 0.0443131
13325.5 0 0.044414
13330 0 0.0445149
13334.4 0 0.0446158
13338.9 0 0.0447166
13343.3 0 0.0448174
13347.7 0 0.0449182
13352.2 0 0.0450189
13356.6 0 0.0451196
13361 0 0.0452203
13365.5 0 0.0453209
13369.9 0 0.0454215
13374.3 0 0.0455221
13378.8 0 0.0456226
13383.3 0 0.0457231
13387.9 0 0.0458235
13392.5 0 0.0459238
13397.2 0 0.046024
13402 0 0.0461241
13406.7 0 0.0462242
13411.5 0 0.0463242
13416.2 0 0.0464242
13420.9 0 0.0465242
13425.7 0 0.0466241
13430.4 0 0.046724
13435.1 0 0.0468239
13439.8 0 0.0469237
13444.5 0 0.0470235
13449.3 0 0.0471232
13454 0 0.0472229
13458.7 0 0.0473226
13463.4 0 0.0474223
13468.1 0 0.0475219
13472.8 0 0.0476215
13477.4 0 0.047721
13482.1 0 0.0478205
13486.8 0 0.04792
13491.5 0 0.0480195
13496.2 0 0.0481189
13500.8 0 0.0482183
13505.5 0 0.0483176
13510.1 0 0.0484169
13514.8 0 0.0485162
13519.5 0 0.0486154
13524.1 0 0.0487146
13528.8 0 0.0488138
13533.4 0 0.0489129
13538 0 0.049012
13542.7 0 0.0491111
13547.3 0 0.0492102
13551.9 0 0.0493092
13556.6 0 0.0494081
13561.2 0 0.0495071
13565.8 0 0.049606
13570.4 0 0.0497049
13575 0 0.0498037
13579.6 0 0.0499025
13584.2 0 0.0500013
13588.8 0 0.0501
13593.4 0 0.0501987
13598 0 0.0502975
13602.7 0 0.0503961
13607.4 0 0.0504947
13612.1 0 0.0505933
13616.8 0 0.0506917
13621.6 0 0.0507902
13410.3 0 0.0507521
13470.1 0 0.0508082
13494.5 0 0.050879
