0 -58.4752 -2.26119e-06
634.56 0 0.000104956
1173.57 0 0.000216728
1709.92 0 0.000328469
2243.81 0 0.000440043
2775.24 0 0.000551407
3304.22 0 0.000662557
3830.74 0 0.000773475
4354.77 0 0.000884153
4876.15 0 0.000994591
5394.56 0 0.0011048
5909.16 0 0.0012148
6418.2 0 0.00132466
6918.36 0 0.00143447
7403.99 0 0.00154445
7866.83 0 0.00165487
8297.18 0 0.00176611
8686.59 0 0.0018785
9030.8 0 0.00199226
9330.49 0 0.00210747
9590.04 0 0.00222405
9815.21 0 0.00234184
10011.7 0 0.0024607
10184.8 0 0.00258043
10338.5 0 0.00270096
10475.8 0 0.00282258
10599.4 0 0.002945
10711.4 0 0.00306819
10812.7 0 0.00319224
10905.5 0 0.00331673
10991.1 0 0.00344163
11070.4 0 0.00356689
11143.9 0 0.00369254
11212.1 0 0.00381872
11276 0 0.00394517
11335.9 0 0.00407187
11392.3 0 0.0041988
11445.5 0 0.00432593
11495.9 0 0.00445326
11543.8 0 0.00458075
11589.3 0 0.0047084
11632.4 0 0.00483631
11673.3 0 0.0049645
11712.4 0 0.00509282
11749.8 0 0.00522125
11785.6 0 0.00534979
11820.1 0 0.00547843
11853.2 0 0.00560715
11885.1 0 0.00573596
11915.6 0 0.00586481
11945 0 0.00599371
11972.9 0 0.00612309
11999.8 0 0.00625256
12025.7 0 0.00638209
12050.7 0 0.00651167
12074.7 0 0.00664135
12097.7 0 0.00677122
12119.8 0 0.0069015
12141.1 0 0.0070318
12161.8 0 0.00716212
12181.9 0 0.00729246
12201.4 0 0.00742281
12220.3 0 0.00755317
12238.6 0 0.00768354
12256.3 0 0.00781391
12273.3 0 0.00794451
12289.7 0 0.00807523
12305.5 0 0.00820596
12320.9 0 0.00833668
12335.7 0 0.00846759
12349.8 0 0.00859907
12363.5 0 0.00873054
12376.5 0 0.00886199
12388.8 0 0.00899358
12400.7 0 0.00912515
12412.4 0 0.0092567
12423.7 0 0.00938823
12434.7 0 0.00951973
12445.5 0 0.00965121
12455.9 0 0.00978266
12466.1 0 0.00991408
12476 0 0.0100455
12485.7 0 0.0101769
12495.1 0 0.0103082
12504.3 0 0.0104396
12513.2 0 0.0105709
12521.8 0 0.0107022
12530.3 0 0.0108335
12538.4 0 0.0109648
12546.4 0 0.011096
12554.2 0 0.0112273
12561.7 0 0.0113585
12569 0 0.0114897
12576.2 0 0.0116209
12583.1 0 0.0117521
12589.9 0 0.0118833
12596.5 0 0.0120145
12603 0 0.0121456
12609.3 0 0.0122767
12615.5 0 0.0124078
12621.6 0 0.0125388
12627.5 0 0.0126699
12633.3 0 0.0128009
12638.9 0 0.012932
12644.3 0 0.0130631
12649.5 0 0.0131941
12654.6 0 0.0133253
12659.6 0 0.0134568
12664.4 0 0.0135883
12669.2 0 0.0137198
12673.9 0 0.0138513
12678.6 0 0.0139827
12683.1 0 0.0141141
12687.6 0 0.0142455
12692 0 0.0143768
12696.3 0 0.0145082
12700.6 0 0.0146395
12704.8 0 0.0147708
12708.9 0 0.014902
12713 0 0.0150333
12717 0 0.0151645
12720.9 0 0.0152957
12724.7 0 0.0154269
12728.5 0 0.0155581
12732.1 0 0.0156895
12735.7 0 0.0158211
12739.2 0 0.0159527
12742.7 0 0.0160843
12746 0 0.0162158
12749.3 0 0.0163474
12752.5 0 0.0164792
12755.5 0 0.0166119
12758.3 0 0.0167448
12761.2 0 0.0168778
12763.9 0 0.0170107
12766.6 0 0.0171436
12769.2 0 0.0172766
12771.7 0 0.0174098
12774.1 0 0.0175432
12776.4 0 0.0176767
12778.6 0 0.0178102
12780.8 0 0.0179438
12783 0 0.0180773
12785.1 0 0.0182108
12787.2 0 0.0183444
12789.2 0 0.0184779
12791.2 0 0.0186115
12793.2 0 0.0187451
12795.1 0 0.0188787
12797 0 0.0190122
12798.8 0 0.0191458
12800.6 0 0.0192794
12802.4 0 0.019413
12804.2 0 0.0195465
12805.9 0 0.0196801
12807.7 0 0.0198136
12809.4 0 0.0199472
12811 0 0.0200807
12812.7 0 0.0202142
12814.3 0 0.0203477
12815.9 0 0.0204812
12817.5 0 0.0206147
12819.1 0 0.0207481
12820.7 0 0.0208816
12822.2 0 0.021015
12823.7 0 0.0211484
12825.2 0 0.0212818
12826.7 0 0.0214152
12828.2 0 0.0215485
12829.7 0 0.0216819
12831.1 0 0.0218152
12832.6 0 0.0219485
12834 0 0.0220818
12835.4 0 0.022215
12836.8 0 0.0223483
12838.2 0 0.0224815
12839.5 0 0.0226147
12840.9 0 0.0227479
12842.2 0 0.0228811
12843.6 0 0.0230143
12844.9 0 0.0231474
12846.2 0 0.0232805
12847.5 0 0.0234136
12848.7 0 0.0235467
12850 0 0.0236798
12851.3 0 0.0238129
12852.5 0 0.0239459
12853.7 0 0.024079
12855 0 0.024212
12856.2 0 0.024345
12857.4 0 0.024478
12858.5 0 0.024611
12859.7 0 0.0247439
12860.9 0 0.0248769
12862 0 0.0250099
12863.1 0 0.0251428
12864.3 0 0.0252757
12865.4 0 0.0254087
12866.4 0 0.0255416
12867.5 0 0.0256745
12868.6 0 0.0258074
12869.6 0 0.0259403
12870.7 0 0.0260732
12871.7 0 0.0262061
12872.7 0 0.026339
12873.7 0 0.0264719
12874.7 0 0.0266048
12875.7 0 0.0267377
12876.6 0 0.0268706
12877.5 0 0.0270034
12878.5 0 0.0271363
12879.4 0 0.0272692
12880.3 0 0.0274021
12881.2 0 0.027535
12882 0 0.027668
12882.9 0 0.0278009
12883.7 0 0.0279338
12884.6 0 0.0280667
12885.4 0 0.0281997
12886.2 0 0.0283326
12886.9 0 0.0284656
12887.7 0 0.0285985
12888.5 0 0.0287315
12889.2 0 0.0288645
12889.9 0 0.0289975
12890.6 0 0.0291305
12891.3 0 0.0292635
12892 0 0.0293966
12892.7 0 0.0295296
12893.3 0 0.0296627
12894 0 0.0297957
12894.6 0 0.0299288
12895.2 0 0.0300619
12895.8 0 0.030195
12896.4 0 0.0303281
12897 0 0.0304612
12897.6 0 0.0305943
12898.1 0 0.0307275
12898.7 0 0.0308606
12899.2 0 0.0309938
12899.8 0 0.0311269
12900.3 0 0.0312601
12900.7 0 0.0313936
12901.2 0 0.0315271
12901.6 0 0.0316606
12902 0 0.0317941
12902.5 0 0.0319277
12902.9 0 0.0320612
12903.3 0 0.0321947
12903.7 0 0.0323283
12904.1 0 0.0324618
12904.5 0 0.0325954
12904.8 0 0.0327289
12905.2 0 0.0328625
12905.5 0 0.032996
12905.9 0 0.0331296
12906.2 0 0.0332632
12906.6 0 0.0333967
12906.9 0 0.0335303
12907.2 0 0.0336639
12907.5 0 0.0337974
12907.9 0 0.033931
12908.2 0 0.0340646
12908.5 0 0.0341981
12908.8 0 0.0343317
12909 0 0.0344652
12909.3 0 0.0345988
12909.6 0 0.0347323
12909.9 0 0.0348659
12910.2 0 0.0349994
12910.4 0 0.035133
12910.7 0 0.0352665
12910.9 0 0.0354001
12911.2 0 0.0355336
12911.4 0 0.0356671
12911.7 0 0.0358006
12911.9 0 0.0359341
12912.2 0 0.0360677
12912.4 0 0.0362012
12912.6 0 0.0363347
12912.9 0 0.0364681
12913.1 0 0.0366016
12913.3 0 0.0367351
12913.5 0 0.0368686
12913.7 0 0.0370021
12913.9 0 0.0371355
12914.1 0 0.037269
12914.3 0 0.0374024
12914.5 0 0.0375358
12914.7 0 0.0376693
12914.9 0 0.0378027
12915.1 0 0.0379361
12915.3 0 0.0380695
12915.5 0 0.0382029
12915.7 0 0.0383363
12915.9 0 0.0384697
12916 0 0.0386031
12916.2 0 0.0387365
12916.4 0 0.0388698
12916.6 0 0.0390032
12916.7 0 0.0391365
12916.9 0 0.0392699
12917 0 0.0394032
12917.2 0 0.0395365
12917.4 0 0.0396698
12917.5 0 0.0398031
12917.7 0 0.0399364
12917.8 0 0.0400697
12918 0 0.040203
12918.1 0 0.0403363
12918.2 0 0.0404695
12918.4 0 0.0406028
12918.5 0 0.0407361
12918.7 0 0.0408693
12918.8 0 0.0410025
12918.9 0 0.0411358
12919.1 0 0.041269
12919.3 0 0.0414022
12919.6 0 0.0415353
12920.2 0 0.0416683
12921.1 0 0.0418013
12922.2 0 0.0419341
12923.4 0 0.0420669
12924.8 0 0.0421996
12926.3 0 0.0423323
12927.9 0 0.0424649
12929.8 0 0.0425974
12931.8 0 0.0427299
12933.7 0 0.0428624
12935.7 0 0.0429949
12937.6 0 0.0431273
12939.6 0 0.0432597
12941.8 0 0.0433921
12944.1 0 0.0435244
12946.6 0 0.0436566
12949.3 0 0.0437887
12951.9 0 0.0439209
12954.5 0 0.044053
12957.1 0 0.0441851
12959.7 0 0.0443172
12962.3 0 0.0444493
12964.9 0 0.0445814
12967.5 0 0.0447135
12970.2 0 0.0448455
12973 0 0.0449774
12976 0 0.0451093
12979.1 0 0.0452411
12982.4 0 0.0453729
12985.6 0 0.0455046
12988.8 0 0.0456364
12992 0 0.0457681
12995.2 0 0.0458998
12998.4 0 0.0460315
13001.6 0 0.0461632
13004.8 0 0.0462949
13008 0 0.0464265
13011.2 0 0.0465582
13014.4 0 0.0466898
13017.6 0 0.0468214
13020.9 0 0.046953
13024.2 0 0.0470845
13027.7 0 0.047216
13031.3 0 0.0473474
13035 0 0.0474787
13038.8 0 0.0476099
13042.5 0 0.0477412
13046.3 0 0.0478725
13050 0 0.0480037
13053.7 0 0.0481349
13057.5 0 0.0482661
13061.2 0 0.0483973
13064.9 0 0.0485285
13068.7 0 0.0486596
13072.4 0 0.0487907
13076.1 0 0.0489218
13079.8 0 0.0490529
13083.5 0 0.049184
13087.2 0 0.0493151
13090.9 0 0.0494461
13094.6 0 0.0495772
13098.4 0 0.0497082
13102.2 0 0.0498391
13106.1 0 0.04997
13110 0 0.0501008
13114.2 0 0.0502315
13118.4 0 0.0503622
13122.6 0 0.0504928
13126.8 0 0.0506235
13130.9 0 0.0507541
13135.1 0 0.0508846
13139.3 0 0.0510152
13143.5 0 0.0511458
13147.6 0 0.0512763
13151.8 0 0.0514068
13155.9 0 0.0515373
13160.1 0 0.0516677
13164.3 0 0.0517981
13168.4 0 0.0519286
13172.5 0 0.052059
13176.7 0 0.0521893
13180.8 0 0.0523197
13185 0 0.05245
13189.1 0 0.0525803
13193.2 0 0.0527106
13197.4 0 0.0528408
13201.5 0 0.052971
13205.6 0 0.0531012
13209.7 0 0.0532314
13213.9 0 0.0533615
13218.1 0 0.0534916
13222.4 0 0.0536216
13226.7 0 0.0537516
13231.2 0 0.0538815
13235.7 0 0.0540112
13240.2 0 0.054141
13244.8 0 0.0542707
13249.3 0 0.0544004
13253.8 0 0.0545301
13258.3 0 0.0546597
13262.8 0 0.0547893
13267.3 0 0.0549189
13271.8 0 0.0550485
13276.3 0 0.055178
13280.8 0 0.0553075
13285.3 0 0.055437
13289.8 0 0.0555664
13294.3 0 0.0556958
13298.7 0 0.0558252
13303.2 0 0.0559545
13307.7 0 0.0560839
13312.2 0 0.0562132
13316.6 0 0.0563424
13321.1 0 0.0564717
13325.5 0 0.0566009
13330 0 0.05673
13334.4 0 0.0568592
13338.9 0 0.0569883
13343.3 0 0.0571174
13347.7 0 0.0572465
13352.2 0 0.0573755
13356.6 0 0.0575045
13361 0 0.0576334
13365.5 0 0.0577624
13369.9 0 0.0578913
13374.3 0 0.0580202
13378.8 0 0.058149
13383.3 0 0.0582777
13387.9 0 0.0584064
13392.5 0 0.058535
13397.2 0 0.0586635
13402 0 0.058792
13406.7 0 0.0589204
13411.5 0 0.0590487
13416.2 0 0.059177
13420.9 0 0.0593053
13425.7 0 0.0594336
13430.4 0 0.0595618
13435.1 0 0.05969
13439.8 0 0.0598182
13444.5 0 0.0599463
13449.3 0 0.0600744
13454 0 0.0602024
13458.7 0 0.0603305
13463.4 0 0.0604585
13468.1 0 0.0605864
13472.8 0 0.0607143
13477.4 0 0.0608422
13482.1 0 0.0609701
13486.8 0 0.0610979
13491.5 0 0.0612257
13496.2 0 0.0613535
13500.8 0 0.0614812
13505.5 0 0.0616089
13510.1 0 0.0617366
13514.8 0 0.0618642
13519.5 0 0.0619918
13524.1 0 0.0621194
13528.8 0 0.062247
13533.4 0 0.0623745
13538 0 0.0625019
13542.7 0 0.0626294
13547.3 0 0.0627568
13551.9 0 0.0628842
13556.6 0 0.0630115
13561.2 0 0.0631388
13565.8 0 0.0632661
13570.4 0 0.0633933
13575 0 0.0635206
13579.6 0 0.0636477
13584.2 0 0.0637749
13588.8 0 0.063902
13593.4 0 0.0640291
13598 0 0.0641562
13602.7 0 0.0642832
13607.4 0 0.0644102
13612.1 0 0.064537
13616.8 0 0.0646639
13621.6 0 0.0647906
13410.3 0 0.0647816
13470.1 0 0.0648663
13494.5 0 0.0649657
