0 -58.4752 -2.26119e-06
634.56 0 3.37444e-05
1173.57 0 7.42413e-05
1709.92 0 0.000114716
2243.81 0 0.000155019
2775.24 0 0.000195119
3304.22 0 0.000235011
3830.74 0 0.000274672
4354.77 0 0.000314092
4876.15 0 0.000353273
5394.56 0 0.000392223
5909.16 0 0.000430967
6418.2 0 0.00046956
6918.36 0 0.000508116
7403.99 0 0.000546838
7866.83 0 0.000586001
8297.18 0 0.000625978
8686.59 0 0.000667115
9030.8 0 0.000709618
9330.49 0 0.000753559
9590.04 0 0.000798847
9815.21 0 0.000845284
10011.7 0 0.00089269
10184.8 0 0.000940948
10338.5 0 0.000990009
10475.8 0 0.00104043
10599.4 0 0.00109176
10711.4 0 0.00114395
10812.7 0 0.00119683
10905.5 0 0.00125017
10991.1 0 0.00130392
11070.4 0 0.00135804
11143.9 0 0.00141256
11212.1 0 0.00146763
11276 0 0.00152297
11335.9 0 0.00157858
11392.3 0 0.00163442
11445.5 0 0.00169047
11495.9 0 0.00174671
11543.8 0 0.00180312
11589.3 0 0.0018597
11632.4 0 0.00191652
11673.3 0 0.00197358
11712.4 0 0.00203078
11749.8 0 0.00208809
11785.6 0 0.00214552
11820.1 0 0.00220304
11853.2 0 0.00226065
11885.1 0 0.00231834
11915.6 0 0.00237587
11945 0 0.0024333
11972.9 0 0.00249134
11999.8 0 0.00254947
12025.7 0 0.00260764
12050.7 0 0.00266583
12074.7 0 0.0027239
12097.7 0 0.00278225
12119.8 0 0.0028412
12141.1 0 0.00290018
12161.8 0 0.00295918
12181.9 0 0.00301819
12201.4 0 0.00307721
12220.3 0 0.00313623
12238.6 0 0.00319526
12256.3 0 0.00325429
12273.3 0 0.00331359
12289.7 0 0.00337302
12305.5 0 0.00343245
12320.9 0 0.00349187
12335.7 0 0.00355162
12349.8 0 0.00361232
12363.5 0 0.00367301
12376.5 0 0.00373322
12388.8 0 0.00379328
12400.7 0 0.00385332
12412.4 0 0.00391333
12423.7 0 0.00397331
12434.7 0 0.00403327
12445.5 0 0.00409319
12455.9 0 0.00415309
12466.1 0 0.00421296
12476 0 0.00427281
12485.7 0 0.00433262
12495.1 0 0.00439242
12504.3 0 0.00445219
12513.2 0 0.00451193
12521.8 0 0.00457166
12530.3 0 0.00463137
12538.4 0 0.00469105
12546.4 0 0.00475072
12554.2 0 0.00481037
12561.7 0 0.00487001
12569 0 0.00492962
12576.2 0 0.00498922
12583.1 0 0.0050488
12589.9 0 0.00510836
12596.5 0 0.00516789
12603 0 0.00522741
12609.3 0 0.0052869
12615.5 0 0.00534637
12621.6 0 0.00540582
12627.5 0 0.00546524
12633.3 0 0.00552458
12638.9 0 0.00558379
12644.3 0 0.0056427
12649.5 0 0.00570146
12654.6 0 0.0057604
12659.6 0 0.00581996
12664.4 0 0.0058795
12669.2 0 0.005939
12673.9 0 0.00599848
12678.6 0 0.00605792
12683.1 0 0.00611733
12687.6 0 0.0061767
12692 0 0.00623605
12696.3 0 0.00629536
12700.6 0 0.00635464
12704.8 0 0.00641389
12708.9 0 0.0064731
12713 0 0.00653229
12717 0 0.00659144
12720.9 0 0.00665057
12724.7 0 0.00670966
12728.5 0 0.00676872
12732.1 0 0.00682816
12735.7 0 0.00688799
12739.2 0 0.0069478
12742.7 0 0.00700759
12746 0 0.00706738
12749.3 0 0.00712714
12752.5 0 0.0071872
12755.5 0 0.00724873
12758.3 0 0.00731047
12761.2 0 0.00737222
12763.9 0 0.007434
12766.6 0 0.00749581
12769.2 0 0.00755764
12771.7 0 0.00761964
12774.1 0 0.00768188
12776.4 0 0.00774416
12778.6 0 0.00780645
12780.8 0 0.00786878
12783 0 0.00793113
12785.1 0 0.0079935
12787.2 0 0.00805589
12789.2 0 0.00811829
12791.2 0 0.00818071
12793.2 0 0.00824315
12795.1 0 0.0083056
12797 0 0.00836805
12798.8 0 0.00843051
12800.6 0 0.00849297
12802.4 0 0.00855544
12804.2 0 0.0086179
12805.9 0 0.00868036
12807.7 0 0.00874282
12809.4 0 0.00880527
12811 0 0.00886771
12812.7 0 0.00893014
12814.3 0 0.00899257
12815.9 0 0.00905498
12817.5 0 0.00911738
12819.1 0 0.00917976
12820.7 0 0.00924213
12822.2 0 0.00930448
12823.7 0 0.00936682
12825.2 0 0.00942914
12826.7 0 0.00949145
12828.2 0 0.00955373
12829.7 0 0.009616
12831.1 0 0.00967825
12832.6 0 0.00974048
12834 0 0.00980269
12835.4 0 0.00986488
12836.8 0 0.00992706
12838.2 0 0.00998921
12839.5 0 0.0100513
12840.9 0 0.0101135
12842.2 0 0.0101756
12843.6 0 0.0102376
12844.9 0 0.0102997
12846.2 0 0.0103617
12847.5 0 0.0104238
12848.7 0 0.0104858
12850 0 0.0105477
12851.3 0 0.0106097
12852.5 0 0.0106717
12853.7 0 0.0107336
12855 0 0.0107955
12856.2 0 0.0108574
12857.4 0 0.0109193
12858.5 0 0.0109812
12859.7 0 0.0110431
12860.9 0 0.0111049
12862 0 0.0111668
12863.1 0 0.0112286
12864.3 0 0.0112905
12865.4 0 0.0113523
12866.4 0 0.0114141
12867.5 0 0.0114759
12868.6 0 0.0115377
12869.6 0 0.0115995
12870.7 0 0.0116613
12871.7 0 0.0117231
12872.7 0 0.0117849
12873.7 0 0.0118467
12874.7 0 0.0119085
12875.7 0 0.0119702
12876.6 0 0.012032
12877.5 0 0.0120938
12878.5 0 0.0121556
12879.4 0 0.0122174
12880.3 0 0.0122792
12881.2 0 0.012341
12882 0 0.0124028
12882.9 0 0.0124646
12883.7 0 0.0125264
12884.6 0 0.0125883
12885.4 0 0.0126501
12886.2 0 0.0127119
12886.9 0 0.0127738
12887.7 0 0.0128357
12888.5 0 0.0128976
12889.2 0 0.0129595
12889.9 0 0.0130214
12890.6 0 0.0130833
12891.3 0 0.0131453
12892 0 0.0132072
12892.7 0 0.0132692
12893.3 0 0.0133312
12894 0 0.0133932
12894.6 0 0.0134552
12895.2 0 0.0135173
12895.8 0 0.0135793
12896.4 0 0.0136414
12897 0 0.0137035
12897.6 0 0.0137656
12898.1 0 0.0138277
12898.7 0 0.0138898
12899.2 0 0.013952
12899.8 0 0.0140141
12900.3 0 0.0140763
12900.7 0 0.0141386
12901.2 0 0.0142009
12901.6 0 0.0142632
12902 0 0.0143255
12902.5 0 0.0143878
12902.9 0 0.0144501
12903.3 0 0.0145125
12903.7 0 0.0145748
12904.1 0 0.0146372
12904.5 0 0.0146995
12904.8 0 0.0147619
12905.2 0 0.0148243
12905.5 0 0.0148867
12905.9 0 0.014949
12906.2 0 0.0150114
12906.6 0 0.0150738
12906.9 0 0.0151362
12907.2 0 0.0151986
12907.5 0 0.015261
12907.9 0 0.0153234
12908.2 0 0.0153858
12908.5 0 0.0154482
12908.8 0 0.0155106
12909 0 0.015573
12909.3 0 0.0156354
12909.6 0 0.0156977
12909.9 0 0.0157601
12910.2 0 0.0158225
12910.4 0 0.0158849
12910.7 0 0.0159473
12910.9 0 0.0160096
12911.2 0 0.016072
12911.4 0 0.0161344
12911.7 0 0.0161967
12911.9 0 0.0162591
12912.2 0 0.0163214
12912.4 0 0.0163838
12912.6 0 0.0164461
12912.9 0 0.0165084
12913.1 0 0.0165707
12913.3 0 0.0166331
12913.5 0 0.0166954
12913.7 0 0.0167577
12913.9 0 0.01682
12914.1 0 0.0168823
12914.3 0 0.0169445
12914.5 0 0.0170068
12914.7 0 0.0170691
12914.9 0 0.0171313
12915.1 0 0.0171936
12915.3 0 0.0172558
12915.5 0 0.0173181
12915.7 0 0.0173803
12915.9 0 0.0174425
12916 0 0.0175047
12916.2 0 0.0175669
12916.4 0 0.0176291
12916.6 0 0.0176913
12916.7 0 0.0177535
12916.9 0 0.0178156
12917 0 0.0178778
12917.2 0 0.0179399
12917.4 0 0.0180021
12917.5 0 0.0180642
12917.7 0 0.0181263
12917.8 0 0.0181884
12918 0 0.0182506
12918.1 0 0.0183127
12918.2 0 0.0183747
12918.4 0 0.0184368
12918.5 0 0.0184989
12918.7 0 0.0185609
12918.8 0 0.018623
12918.9 0 0.018685
12919.1 0 0.0187471
12919.3 0 0.0188091
12919.6 0 0.018871
12920.2 0 0.0189328
12921.1 0 0.0189946
12922.2 0 0.0190562
12923.4 0 0.0191177
12924.8 0 0.0191792
12926.3 0 0.0192407
12927.9 0 0.019302
12929.8 0 0.0193633
12931.8 0 0.0194245
12933.7 0 0.0194857
12935.7 0 0.0195469
12937.6 0 0.0196081
12939.6 0 0.0196692
12941.8 0 0.0197303
12944.1 0 0.0197913
12946.6 0 0.0198522
12949.3 0 0.0199131
12951.9 0 0.0199739
12954.5 0 0.0200347
12957.1 0 0.0200955
12959.7 0 0.0201563
12962.3 0 0.0202171
12964.9 0 0.0202779
12967.5 0 0.0203386
12970.2 0 0.0203993
12973 0 0.0204599
12976 0 0.0205205
12979.1 0 0.020581
12982.4 0 0.0206414
12985.6 0 0.0207018
12988.8 0 0.0207622
12992 0 0.0208227
12995.2 0 0.0208831
12998.4 0 0.0209435
13001.6 0 0.0210039
13004.8 0 0.0210643
13008 0 0.0211247
13011.2 0 0.0211851
13014.4 0 0.0212454
13017.6 0 0.0213057
13020.9 0 0.021366
13024.2 0 0.0214262
13027.7 0 0.0214864
13031.3 0 0.0215465
13035 0 0.0216065
13038.8 0 0.0216664
13042.5 0 0.0217264
13046.3 0 0.0217863
13050 0 0.0218463
13053.7 0 0.0219062
13057.5 0 0.021966
13061.2 0 0.0220259
13064.9 0 0.0220858
13068.7 0 0.0221456
13072.4 0 0.0222054
13076.1 0 0.0222652
13079.8 0 0.022325
13083.5 0 0.0223847
13087.2 0 0.0224444
13090.9 0 0.0225041
13094.6 0 0.0225638
13098.4 0 0.0226235
13102.2 0 0.0226831
13106.1 0 0.0227426
13110 0 0.0228021
13114.2 0 0.0228615
13118.4 0 0.0229208
13122.6 0 0.0229801
13126.8 0 0.0230394
13130.9 0 0.0230986
13135.1 0 0.0231578
13139.3 0 0.023217
13143.5 0 0.0232762
13147.6 0 0.0233353
13151.8 0 0.0233945
13155.9 0 0.0234536
13160.1 0 0.0235126
13164.3 0 0.0235717
13168.4 0 0.0236307
13172.5 0 0.0236897
13176.7 0 0.0237487
13180.8 0 0.0238076
13185 0 0.0238665
13189.1 0 0.0239254
13193.2 0 0.0239843
13197.4 0 0.0240432
13201.5 0 0.024102
13205.6 0 0.0241608
13209.7 0 0.0242195
13213.9 0 0.0242783
13218.1 0 0.0243369
13222.4 0 0.0243955
13226.7 0 0.0244541
13231.2 0 0.0245125
13235.7 0 0.0245709
13240.2 0 0.0246292
13244.8 0 0.0246874
13249.3 0 0.0247457
13253.8 0 0.0248039
13258.3 0 0.0248621
13262.8 0 0.0249202
13267.3 0 0.0249783
13271.8 0 0.0250364
13276.3 0 0.0250945
13280.8 0 0.0251525
13285.3 0 0.0252105
13289.8 0 0.0252685
13294.3 0 0.0253264
13298.7 0 0.0253843
13303.2 0 0.0254422
13307.7 0 0.0255
13312.2 0 0.0255578
13316.6 0 0.0256156
13321.1 0 0.0256733
13325.5 0 0.025731
13330 0 0.0257887
13334.4 0 0.0258463
13338.9 0 0.0259039
13343.3 0 0.0259615
13347.7 0 0.026019
13352.2 0 0.0260765
13356.6 0 0.026134
13361 0 0.0261915
13365.5 0 0.0262489
13369.9 0 0.0263062
13374.3 0 0.0263636
13378.8 0 0.0264209
13383.3 0 0.0264781
13387.9 0 0.0265353
13392.5 0 0.0265923
13397.2 0 0.0266494
13402 0 0.0267062
13406.7 0 0.026763
13411.5 0 0.0268198
13416.2 0 0.0268765
13420.9 0 0.0269333
13425.7 0 0.0269899
13430.4 0 0.0270466
13435.1 0 0.0271032
13439.8 0 0.0271597
13444.5 0 0.0272163
13449.3 0 0.0272728
13454 0 0.0273292
13458.7 0 0.0273857
13463.4 0 0.027442
13468.1 0 0.0274984
13472.8 0 0.0275547
13477.4 0 0.027611
13482.1 0 0.0276673
13486.8 0 0.0277235
13491.5 0 0.0277796
13496.2 0 0.0278358
13500.8 0 0.0278919
13505.5 0 0.027948
13510.1 0 0.028004
13514.8 0 0.02806
13519.5 0 0.028116
13524.1 0 0.0281719
13528.8 0 0.0282278
13533.4 0 0.0282837
13538 0 0.0283395
13542.7 0 0.0283953
13547.3 0 0.0284511
13551.9 0 0.0285068
13556.6 0 0.0285625
13561.2 0 0.0286182
13565.8 0 0.0286738
13570.4 0 0.0287294
13575 0 0.028785
13579.6 0 0.0288405
13584.2 0 0.028896
13588.8 0 0.0289515
13593.4 0 0.0290069
13598 0 0.0290623
13602.7 0 0.0291177
13607.4 0 0.0291731
13612.1 0 0.0292283
13616.8 0 0.0292835
13621.6 0 0.0293387
13410.3 0 0.0292571
13470.1 0 0.0292697
13494.5 0 0.0292971
