0 -58.4752 -2.26119e-06
634.56 -540.06 -2.09015e-05
1173.57 -900.373 -3.48818e-05
1709.92 -1260.9 -4.89103e-05
2243.81 -1624.27 -6.3098e-05
2775.24 -1991.82 -7.75048e-05
3304.22 -2363.45 -9.21363e-05
3830.74 -2739.2 -0.000107002
4354.77 -3118.96 -0.000122107
4876.15 -3502.48 -0.00013745
5394.56 -3889.32 -0.000153023
5909.16 -4278.66 -0.0001688
6418.2 -4668.91 -0.000184726
6918.36 -5057.19 -0.000200689
7403.99 -5438.64 -0.000216493
7866.83 -5806.44 -0.00023185
8297.18 -6152.15 -0.000246396
8686.59 -6468.14 -0.000259791
9030.8 -6750.05 -0.000271824
9330.49 -6995.49 -0.000282367
9590.04 -7207.4 -0.00029152
9815.21 -7387.69 -0.000299345
10011.7 -7539.56 -0.000305965
10184.8 -7669.81 -0.000311663
10338.5 -7781.97 -0.000316584
10475.8 -7878.43 -0.000320829
10599.4 -7960.73 -0.000324459
10711.4 -8028.82 -0.000327468
10812.7 -8071.35 -0.000329351
10905.5 -8104.08 -0.000330801
10991.1 -8128.09 -0.000331866
11070.4 -8144.34 -0.000332586
11143.9 -8152.03 -0.000332928
11212.1 -8147.83 -0.000332765
11276 -8136.86 -0.000332341
11335.9 -8119.74 -0.000331679
11392.3 -8097.01 -0.0003308
11445.5 -8069.18 -0.000329724
11495.9 -8036.72 -0.000328469
11543.8 -8000.01 -0.00032705
11589.3 -7959.42 -0.00032548
11632.4 -7911.44 -0.000323625
11673.3 -7854.74 -0.000321432
11712.4 -7794.82 -0.000319115
11749.8 -7731.94 -0.000316684
11785.6 -7666.4 -0.000314149
11820.1 -7598.44 -0.000311521
11853.2 -7528.29 -0.000308809
11885.1 -7456.17 -0.00030602
11915.6 -7374.15 -0.000302849
11945 -7284.95 -0.0002994
11972.9 -7188.05 -0.000295653
11999.8 -7088.99 -0.000291822
12025.7 -6988.38 -0.000287932
12050.7 -6884.49 -0.000283914
12074.7 -6769.39 -0.000279464
12097.7 -6652.59 -0.000274948
12119.8 -6533.56 -0.000270345
12141.1 -6413.77 -0.000265713
12161.8 -6293.38 -0.000261057
12181.9 -6172.51 -0.000256384
12201.4 -6051.26 -0.000251695
12220.3 -5929.72 -0.000246995
12238.6 -5807.95 -0.000242287
12256.3 -5686.02 -0.000237572
12273.3 -5559.3 -0.000232672
12289.7 -5429.96 -0.000227671
12305.5 -5300.63 -0.00022267
12320.9 -5171.39 -0.000217672
12335.7 -5042.67 -0.000212695
12349.8 -4915.1 -0.000207762
12363.5 -4788 -0.000202848
12376.5 -4642.14 -0.000197207
12388.8 -4480.47 -0.000190956
12400.7 -4319.14 -0.000184718
12412.4 -4158.24 -0.000178496
12423.7 -3997.81 -0.000172292
12434.7 -3837.89 -0.000166109
12445.5 -3678.5 -0.000159945
12455.9 -3519.63 -0.000153802
12466.1 -3361.24 -0.000147678
12476 -3203.32 -0.000141571
12485.7 -3045.8 -0.00013548
12495.1 -2888.65 -0.000129403
12504.3 -2731.8 -0.000123338
12513.2 -2575.23 -0.000117284
12521.8 -2418.88 -0.000111238
12530.3 -2262.73 -0.0001052
12538.4 -2106.77 -9.91696e-05
12546.4 -1950.99 -9.31459e-05
12554.2 -1795.4 -8.71296e-05
12561.7 -1640.02 -8.11214e-05
12569 -1484.88 -7.51225e-05
12576.2 -1330.02 -6.91343e-05
12583.1 -1175.48 -6.31585e-05
12589.9 -1021.31 -5.7197e-05
12596.5 -867.551 -5.12514e-05
12603 -714.255 -4.53238e-05
12609.3 -561.467 -3.94158e-05
12615.5 -409.227 -3.3529e-05
12621.6 -257.573 -2.76648e-05
12627.5 -106.535 -2.18245e-05
12633.3 0 -1.5867e-05
12638.9 0 -9.58906e-06
12644.3 0 -2.83693e-06
12649.5 0 4.11689e-06
12654.6 0 1.10476e-05
12659.6 0 1.79454e-05
12664.4 0 2.48246e-05
12669.2 0 3.16857e-05
12673.9 0 3.85296e-05
12678.6 0 4.53575e-05
12683.1 0 5.21705e-05
12687.6 0 5.89703e-05
12692 0 6.57584e-05
12696.3 0 7.25366e-05
12700.6 0 7.93067e-05
12704.8 0 8.60707e-05
12708.9 0 9.28304e-05
12713 0 9.95877e-05
12717 0 0.000106344
12720.9 0 0.000113102
12724.7 0 0.000119863
12728.5 0 0.000126628
12732.1 0 0.000133349
12735.7 0 0.000140024
12739.2 0 0.000146704
12742.7 0 0.00015338
12746 0 0.00016006
12749.3 0 0.000166746
12752.5 0 0.000173461
12755.5 0 0.000180394
12758.3 0 0.000187365
12761.2 0 0.000194339
12763.9 0 0.000201315
12766.6 0 0.000208291
12769.2 0 0.000215266
12771.7 0 0.000222532
12774.1 0 0.000230166
12776.4 0 0.000237802
12778.6 0 0.000245437
12780.8 0 0.000253072
12783 0 0.000260704
12785.1 0 0.000268332
12787.2 0 0.000275954
12789.2 0 0.000283569
12791.2 0 0.000291177
12793.2 0 0.000298775
12795.1 0 0.000306362
12797 0 0.000313939
12798.8 0 0.000321503
12800.6 0 0.000329054
12802.4 0 0.000336592
12804.2 0 0.000344116
12805.9 0 0.000351624
12807.7 0 0.000359118
12809.4 0 0.000366595
12811 0 0.000374057
12812.7 0 0.000381502
12814.3 0 0.00038893
12815.9 0 0.000396342
12817.5 0 0.000403736
12819.1 0 0.000411113
12820.7 0 0.000418473
12822.2 0 0.000425815
12823.7 0 0.00043314
12825.2 0 0.000440448
12826.7 0 0.000447739
12828.2 0 0.000455012
12829.7 0 0.000462268
12831.1 0 0.000469508
12832.6 0 0.00047673
12834 0 0.000483937
12835.4 0 0.000491126
12836.8 0 0.0004983
12838.2 0 0.000505458
12839.5 0 0.0005126
12840.9 0 0.000519727
12842.2 0 0.00052684
12843.6 0 0.000533938
12844.9 0 0.000541021
12846.2 0 0.000548091
12847.5 0 0.000555148
12848.7 0 0.000562192
12850 0 0.000569223
12851.3 0 0.000576242
12852.5 0 0.00058325
12853.7 0 0.000590247
12855 0 0.000597233
12856.2 0 0.00060421
12857.4 0 0.000611177
12858.5 0 0.000618135
12859.7 0 0.000625081
12860.9 0 0.000631998
12862 0 0.000638907
12863.1 0 0.000645809
12864.3 0 0.000652704
12865.4 0 0.000659594
12866.4 0 0.000666478
12867.5 0 0.000673358
12868.6 0 0.000680234
12869.6 0 0.000687107
12870.7 0 0.000693978
12871.7 0 0.000700846
12872.7 0 0.000707714
12873.7 0 0.00071458
12874.7 0 0.000721446
12875.7 0 0.000728313
12876.6 0 0.000735181
12877.5 0 0.00074205
12878.5 0 0.000748921
12879.4 0 0.000755794
12880.3 0 0.00076267
12881.2 0 0.00076955
12882 0 0.000776433
12882.9 0 0.000783319
12883.7 0 0.00079021
12884.6 0 0.000797106
12885.4 0 0.000804006
12886.2 0 0.00081091
12886.9 0 0.00081782
12887.7 0 0.000824734
12888.5 0 0.000831654
12889.2 0 0.000838579
12889.9 0 0.000845508
12890.6 0 0.000852443
12891.3 0 0.000859382
12892 0 0.000866326
12892.7 0 0.000873275
12893.3 0 0.000880228
12894 0 0.000887185
12894.6 0 0.000894146
12895.2 0 0.000901111
12895.8 0 0.000908079
12896.4 0 0.00091505
12897 0 0.000922024
12897.6 0 0.000929
12898.1 0 0.000935979
12898.7 0 0.000942959
12899.2 0 0.000949941
12899.8 0 0.000956924
12900.3 0 0.000963956
12900.7 0 0.000971584
12901.2 0 0.000979217
12901.6 0 0.000986855
12902 0 0.000994496
12902.5 0 0.00100214
12902.9 0 0.00100979
12903.3 0 0.00101744
12903.7 0 0.00102509
12904.1 0 0.00103274
12904.5 0 0.0010404
12904.8 0 0.00104805
12905.2 0 0.0010557
12905.5 0 0.00106336
12905.9 0 0.00107101
12906.2 0 0.00107867
12906.6 0 0.00108632
12906.9 0 0.00109397
12907.2 0 0.00110162
12907.5 0 0.00110926
12907.9 0 0.00111691
12908.2 0 0.00112455
12908.5 0 0.00113218
12908.8 0 0.00113982
12909 0 0.00114745
12909.3 0 0.00115508
12909.6 0 0.0011627
12909.9 0 0.00117032
12910.2 0 0.00117793
12910.4 0 0.00118554
12910.7 0 0.00119315
12910.9 0 0.00120075
12911.2 0 0.00120834
12911.4 0 0.00121593
12911.7 0 0.00122352
12911.9 0 0.0012311
12912.2 0 0.00123867
12912.4 0 0.00124624
12912.6 0 0.0012538
12912.9 0 0.00126136
12913.1 0 0.00126891
12913.3 0 0.00127645
12913.5 0 0.00128399
12913.7 0 0.00129152
12913.9 0 0.00129905
12914.1 0 0.00130657
12914.3 0 0.00131408
12914.5 0 0.00132159
12914.7 0 0.00132909
12914.9 0 0.00133658
12915.1 0 0.00134407
12915.3 0 0.00135155
12915.5 0 0.00135902
12915.7 0 0.00136649
12915.9 0 0.00137395
12916 0 0.0013814
12916.2 0 0.00138885
12916.4 0 0.00139629
12916.6 0 0.00140372
12916.7 0 0.00141114
12916.9 0 0.00141856
12917 0 0.00142598
12917.2 0 0.00143338
12917.4 0 0.00144078
12917.5 0 0.00144817
12917.7 0 0.00145556
12917.8 0 0.00146293
12918 0 0.00147031
12918.1 0 0.00147767
12918.2 0 0.00148503
12918.4 0 0.00149238
12918.5 0 0.00149972
12918.7 0 0.00150706
12918.8 0 0.00151439
12918.9 0 0.00152171
12919.1 0 0.00152902
12919.3 0 0.00153631
12919.6 0 0.00154355
12920.2 0 0.00155072
12921.1 0 0.0015578
12922.2 0 0.00156481
12923.4 0 0.00157177
12924.8 0 0.00157869
12926.3 0 0.00158556
12927.9 0 0.00159239
12929.8 0 0.00159913
12931.8 0 0.00160585
12933.7 0 0.00161256
12935.7 0 0.00161926
12937.6 0 0.00162595
12939.6 0 0.00163261
12941.8 0 0.00163921
12944.1 0 0.00164578
12946.6 0 0.00165226
12949.3 0 0.00165871
12951.9 0 0.00166514
12954.5 0 0.00167157
12957.1 0 0.00167799
12959.7 0 0.0016844
12962.3 0 0.00169081
12964.9 0 0.0016972
12967.5 0 0.00170358
12970.2 0 0.00170992
12973 0 0.00171621
12976 0 0.00172246
12979.1 0 0.00172862
12982.4 0 0.00173476
12985.6 0 0.00174087
12988.8 0 0.00174686
12992 0 0.00175284
12995.2 0 0.0017588
12998.4 0 0.00176476
13001.6 0 0.0017707
13004.8 0 0.00177663
13008 0 0.00178254
13011.2 0 0.00178845
13014.4 0 0.00179434
13017.6 0 0.00180022
13020.9 0 0.00180605
13024.2 0 0.00181184
13027.7 0 0.00181757
13031.3 0 0.00182322
13035 0 0.00182882
13038.8 0 0.00183441
13042.5 0 0.00183998
13046.3 0 0.00184553
13050 0 0.00185108
13053.7 0 0.0018566
13057.5 0 0.00186212
13061.2 0 0.00186762
13064.9 0 0.0018731
13068.7 0 0.00187857
13072.4 0 0.00188403
13076.1 0 0.00188947
13079.8 0 0.0018949
13083.5 0 0.00190031
13087.2 0 0.00190571
13090.9 0 0.00191109
13094.6 0 0.00191646
13098.4 0 0.00192179
13102.2 0 0.00192706
13106.1 0 0.00193229
13110 0 0.00193747
13114.2 0 0.00194254
13118.4 0 0.0019476
13122.6 0 0.00195263
13126.8 0 0.00195765
13130.9 0 0.00196265
13135.1 0 0.00196763
13139.3 0 0.0019726
13143.5 0 0.00197755
13147.6 0 0.00198248
13151.8 0 0.00198739
13155.9 0 0.00199228
13160.1 0 0.00199716
13164.3 0 0.00200201
13168.4 0 0.00200685
13172.5 0 0.00201167
13176.7 0 0.00201647
13180.8 0 0.00202125
13185 0 0.00202601
13189.1 0 0.00203076
13193.2 0 0.00203548
13197.4 0 0.00204018
13201.5 0 0.00204487
13205.6 0 0.00204953
13209.7 0 0.00205418
13213.9 0 0.00205877
13218.1 0 0.00206331
13222.4 0 0.0020678
13226.7 0 0.00207223
13231.2 0 0.00207655
13235.7 0 0.00208085
13240.2 0 0.00208512
13244.8 0 0.00208937
13249.3 0 0.0020936
13253.8 0 0.0020978
13258.3 0 0.00210198
13262.8 0 0.00210614
13267.3 0 0.00211028
13271.8 0 0.00211439
13276.3 0 0.00211848
13280.8 0 0.00212254
13285.3 0 0.00212658
13289.8 0 0.0021306
13294.3 0 0.00213459
13298.7 0 0.00213856
13303.2 0 0.0021425
13307.7 0 0.00214642
13312.2 0 0.00215032
13316.6 0 0.00215419
13321.1 0 0.00215803
13325.5 0 0.00216185
13330 0 0.00216565
13334.4 0 0.00216942
13338.9 0 0.00217316
13343.3 0 0.00217688
13347.7 0 0.00218058
13352.2 0 0.00218425
13356.6 0 0.00218789
13361 0 0.00219151
13365.5 0 0.00219511
13369.9 0 0.00219867
13374.3 0 0.00220219
13378.8 0 0.00220564
13383.3 0 0.00220904
13387.9 0 0.00221237
13392.5 0 0.00221565
13397.2 0 0.00221879
13402 0 0.00222193
13406.7 0 0.00222504
13411.5 0 0.00222813
13416.2 0 0.00223119
13420.9 0 0.00223422
13425.7 0 0.00223722
13430.4 0 0.00224019
13435.1 0 0.00224314
13439.8 0 0.00224605
13444.5 0 0.00224894
13449.3 0 0.0022518
13454 0 0.00225463
13458.7 0 0.00225743
13463.4 0 0.0022602
13468.1 0 0.00226294
13472.8 0 0.00226566
13477.4 0 0.00226834
13482.1 0 0.002271
13486.8 0 0.00227362
13491.5 0 0.00227622
13496.2 0 0.00227879
13500.8 0 0.00228133
13505.5 0 0.00228385
13510.1 0 0.00228633
13514.8 0 0.00228878
13519.5 0 0.00229121
13524.1 0 0.0022936
13528.8 0 0.00229597
13533.4 0 0.00229831
13538 0 0.00230061
13542.7 0 0.00230289
13547.3 0 0.00230514
13551.9 0 0.00230736
13556.6 0 0.00230956
13561.2 0 0.00231172
13565.8 0 0.00231385
13570.4 0 0.00231595
13575 0 0.00231803
13579.6 0 0.00232008
13584.2 0 0.00232209
13588.8 0 0.00232408
13593.4 0 0.00232603
13598 0 0.00232791
13602.7 0 0.00232973
13607.4 0 0.00233148
13612.1 0 0.00233318
13616.8 0 0.00233481
13621.6 0 0.00233629
13410.3 0 0.0022036
13470.1 0 0.00216379
13494.5 0 0.00213876
