0 -58.4752 -2.26119e-06
634.56 -767.235 -2.97118e-05
1173.57 -1352.58 -5.24852e-05
1709.92 -1935.91 -7.53094e-05
2243.81 -2519.26 -9.82916e-05
2775.24 -3103.6 -0.000121495
3304.22 -3688.45 -0.000144924
3830.74 -4273.44 -0.000168588
4354.77 -4858.14 -0.000192491
4876.15 -5441.98 -0.000216632
5394.56 -6024.26 -0.000241002
5909.16 -6603.91 -0.000265576
6418.2 -7179.22 -0.0002903
6918.36 -7747.28 -0.000315061
7403.99 -8303.45 -0.000339662
7866.83 -8841.39 -0.000363816
8297.18 -9353.51 -0.00038716
8686.59 -9833.22 -0.000409354
9030.8 -10277.1 -0.000430187
9330.49 -10683.5 -0.000449523
9590.04 -11055.7 -0.000467466
9815.21 -11395.8 -0.000484062
10011.7 -11707.2 -0.000499429
10184.8 -11996.6 -0.000513866
10338.5 -12267.6 -0.00052753
10475.8 -12524.1 -0.000540588
10599.4 -12766.7 -0.00055306
10711.4 -12995.6 -0.000564936
10812.7 -13200.2 -0.000575641
10905.5 -13395 -0.000585916
10991.1 -13581 -0.000595808
11070.4 -13759.3 -0.000605359
11143.9 -13929.3 -0.000614533
11212.1 -14088.9 -0.000623207
11276 -14242.7 -0.000631622
11335.9 -14391.2 -0.0006398
11392.3 -14534.9 -0.000647764
11445.5 -14674.1 -0.000655531
11495.9 -14809.3 -0.000663121
11543.8 -14940.8 -0.000670548
11589.3 -15068.9 -0.000677826
11632.4 -15191.2 -0.000684813
11673.3 -15306.7 -0.000691454
11712.4 -15419.5 -0.000697971
11749.8 -15529.7 -0.000704375
11785.6 -15637.6 -0.000710675
11820.1 -15743.3 -0.000716883
11853.2 -15847.1 -0.000723007
11885.1 -15949.1 -0.000729054
11915.6 -16043.2 -0.000734664
11945 -16131.6 -0.000739957
11972.9 -16215.2 -0.000744984
11999.8 -16297 -0.000749928
12025.7 -16377.5 -0.000754812
12050.7 -16455.4 -0.000759556
12074.7 -16525.1 -0.000763811
12097.7 -16593.7 -0.000768022
12119.8 -16661.5 -0.000772199
12141.1 -16728.6 -0.000776346
12161.8 -16795.1 -0.00078047
12181.9 -16861.1 -0.000784575
12201.4 -16926.6 -0.000788665
12220.3 -16991.6 -0.000792742
12238.6 -17056.3 -0.000796811
12256.3 -17120.7 -0.000800873
12273.3 -17182 -0.000804757
12289.7 -17241.6 -0.000808544
12305.5 -17301 -0.000812331
12320.9 -17360.2 -0.000816122
12335.7 -17420.1 -0.000819968
12349.8 -17482.1 -0.00082396
12363.5 -17544.2 -0.000827971
12376.5 -17592.9 -0.000831133
12388.8 -17631 -0.000833607
12400.7 -17669.1 -0.000836092
12412.4 -17707.4 -0.000838593
12423.7 -17745.9 -0.000841111
12434.7 -17784.6 -0.000843649
12445.5 -17823.5 -0.000846205
12455.9 -17862.6 -0.000848781
12466.1 -17901.9 -0.000851375
12476 -17941.4 -0.000853986
12485.7 -17980.9 -0.000856611
12495.1 -18020.6 -0.00085925
12504.3 -18060.4 -0.000861899
12513.2 -18100.1 -0.000864557
12521.8 -18140 -0.000867223
12530.3 -18179.8 -0.000869896
12538.4 -18219.6 -0.000872574
12546.4 -18259.4 -0.000875258
12554.2 -18299.2 -0.000877949
12561.7 -18339 -0.000880647
12569 -18378.8 -0.000883353
12576.2 -18418.7 -0.000886069
12583.1 -18458.6 -0.000888797
12589.9 -18498.7 -0.000891538
12596.5 -18538.9 -0.000894295
12603 -18579.2 -0.00089707
12609.3 -18619.7 -0.000899864
12615.5 -18660.4 -0.000902678
12621.6 -18701.4 -0.000905516
12627.5 -18742.5 -0.000908376
12633.3 -18781.7 -0.000911101
12638.9 -18815.4 -0.000913458
12644.3 -18841.2 -0.000915261
12649.5 -18863.5 -0.000916828
12654.6 -18886.5 -0.000918437
12659.6 -18910.8 -0.000920147
12664.4 -18935.4 -0.000921875
12669.2 -18960.1 -0.000923619
12673.9 -18985 -0.000925379
12678.6 -19010.1 -0.000927154
12683.1 -19035.4 -0.000928942
12687.6 -19060.7 -0.000930741
12692 -19086.2 -0.000932549
12696.3 -19111.7 -0.000934365
12700.6 -19137.2 -0.000936187
12704.8 -19162.8 -0.000938012
12708.9 -19188.3 -0.000939839
12713 -19213.8 -0.000941665
12717 -19239.2 -0.000943489
12720.9 -19264.5 -0.000945308
12724.7 -19289.7 -0.000947121
12728.5 -19314.7 -0.000948927
12732.1 -19340.9 -0.000950818
12735.7 -19368.2 -0.000952801
12739.2 -19395.5 -0.000954776
12742.7 -19422.7 -0.000956755
12746 -19449.8 -0.000958727
12749.3 -19476.7 -0.000960692
12752.5 -19503.6 -0.000962653
12755.5 -19529.2 -0.000964525
12758.3 -19554.4 -0.000966377
12761.2 -19579.6 -0.000968227
12763.9 -19604.8 -0.000970078
12766.6 -19629.9 -0.000971931
12769.2 -19655 -0.000973787
12771.7 -19676.1 -0.000975341
12774.1 -19691.9 -0.000976514
12776.4 -19707.7 -0.000977687
12778.6 -19723.6 -0.000978863
12780.8 -19739.5 -0.000980043
12783 -19755.4 -0.000981229
12785.1 -19771.4 -0.000982421
12787.2 -19787.5 -0.000983622
12789.2 -19803.8 -0.000984832
12791.2 -19820.1 -0.000986052
12793.2 -19836.6 -0.000987284
12795.1 -19853.2 -0.000988529
12797 -19870 -0.000989786
12798.8 -19886.9 -0.000991058
12800.6 -19904 -0.000992344
12802.4 -19921.3 -0.000993645
12804.2 -19938.8 -0.000994962
12805.9 -19956.5 -0.000996295
12807.7 -19974.4 -0.000997644
12809.4 -19992.4 -0.000999011
12811 -20010.7 -0.00100039
12812.7 -20029.2 -0.00100179
12814.3 -20047.8 -0.00100321
12815.9 -20066.7 -0.00100465
12817.5 -20085.8 -0.0010061
12819.1 -20105.1 -0.00100757
12820.7 -20124.6 -0.00100906
12822.2 -20144.3 -0.00101056
12823.7 -20164.2 -0.00101209
12825.2 -20184.3 -0.00101363
12826.7 -20204.6 -0.00101518
12828.2 -20225.1 -0.00101676
12829.7 -20245.7 -0.00101835
12831.1 -20266.6 -0.00101996
12832.6 -20287.6 -0.00102158
12834 -20308.8 -0.00102322
12835.4 -20330.2 -0.00102488
12836.8 -20351.8 -0.00102655
12838.2 -20373.5 -0.00102824
12839.5 -20395.4 -0.00102994
12840.9 -20417.5 -0.00103166
12842.2 -20439.7 -0.00103339
12843.6 -20462 -0.00103514
12844.9 -20484.5 -0.0010369
12846.2 -20507.1 -0.00103867
12847.5 -20529.8 -0.00104046
12848.7 -20552.6 -0.00104226
12850 -20575.6 -0.00104407
12851.3 -20598.6 -0.00104589
12852.5 -20621.8 -0.00104773
12853.7 -20645.1 -0.00104957
12855 -20668.4 -0.00105142
12856.2 -20691.8 -0.00105329
12857.4 -20715.3 -0.00105516
12858.5 -20738.8 -0.00105704
12859.7 -20762.5 -0.00105893
12860.9 -20786.5 -0.00106085
12862 -20810.6 -0.00106279
12863.1 -20834.7 -0.00106473
12864.3 -20858.8 -0.00106667
12865.4 -20883 -0.00106862
12866.4 -20907.2 -0.00107058
12867.5 -20931.3 -0.00107254
12868.6 -20955.5 -0.0010745
12869.6 -20979.7 -0.00107646
12870.7 -21003.8 -0.00107843
12871.7 -21028 -0.0010804
12872.7 -21052 -0.00108237
12873.7 -21076.1 -0.00108435
12874.7 -21100.1 -0.00108632
12875.7 -21124.1 -0.00108829
12876.6 -21148 -0.00109026
12877.5 -21171.8 -0.00109223
12878.5 -21195.6 -0.00109419
12879.4 -21219.3 -0.00109616
12880.3 -21242.9 -0.00109812
12881.2 -21266.4 -0.00110008
12882 -21289.9 -0.00110203
12882.9 -21313.3 -0.00110399
12883.7 -21336.5 -0.00110594
12884.6 -21359.7 -0.00110788
12885.4 -21382.8 -0.00110982
12886.2 -21405.9 -0.00111176
12886.9 -21428.8 -0.00111369
12887.7 -21451.6 -0.00111562
12888.5 -21474.3 -0.00111754
12889.2 -21497 -0.00111946
12889.9 -21519.5 -0.00112138
12890.6 -21542 -0.00112329
12891.3 -21564.3 -0.0011252
12892 -21586.6 -0.0011271
12892.7 -21608.8 -0.001129
12893.3 -21631 -0.0011309
12894 -21653 -0.00113279
12894.6 -21675 -0.00113469
12895.2 -21696.9 -0.00113657
12895.8 -21718.8 -0.00113846
12896.4 -21740.6 -0.00114035
12897 -21762.3 -0.00114223
12897.6 -21784 -0.00114411
12898.1 -21805.6 -0.001146
12898.7 -21827.2 -0.00114788
12899.2 -21848.7 -0.00114976
12899.8 -21870.2 -0.00115164
12900.3 -21891.1 -0.00115347
12900.7 -21904.5 -0.00115465
12901.2 -21918 -0.00115583
12901.6 -21931.3 -0.00115701
12902 -21944.6 -0.00115818
12902.5 -21957.9 -0.00115935
12902.9 -21971.1 -0.00116051
12903.3 -21984.3 -0.00116168
12903.7 -21997.4 -0.00116284
12904.1 -22010.5 -0.00116401
12904.5 -22023.6 -0.00116517
12904.8 -22036.7 -0.00116633
12905.2 -22049.8 -0.00116749
12905.5 -22062.9 -0.00116866
12905.9 -22076 -0.00116982
12906.2 -22089 -0.00117099
12906.6 -22102.1 -0.00117216
12906.9 -22115.2 -0.00117333
12907.2 -22128.3 -0.0011745
12907.5 -22141.4 -0.00117567
12907.9 -22154.5 -0.00117685
12908.2 -22167.7 -0.00117803
12908.5 -22180.8 -0.00117922
12908.8 -22194 -0.0011804
12909 -22207.2 -0.00118159
12909.3 -22220.5 -0.00118279
12909.6 -22233.7 -0.00118399
12909.9 -22247 -0.00118519
12910.2 -22260.4 -0.0011864
12910.4 -22273.8 -0.00118761
12910.7 -22287.2 -0.00118883
12910.9 -22300.6 -0.00119006
12911.2 -22314.1 -0.00119128
12911.4 -22327.6 -0.00119252
12911.7 -22341.2 -0.00119376
12911.9 -22354.8 -0.001195
12912.2 -22368.5 -0.00119625
12912.4 -22382.2 -0.0011975
12912.6 -22396 -0.00119877
12912.9 -22409.8 -0.00120003
12913.1 -22423.6 -0.00120131
12913.3 -22437.5 -0.00120258
12913.5 -22451.4 -0.00120387
12913.7 -22465.4 -0.00120516
12913.9 -22479.5 -0.00120646
12914.1 -22493.6 -0.00120776
12914.3 -22507.7 -0.00120907
12914.5 -22521.9 -0.00121039
12914.7 -22536.1 -0.00121171
12914.9 -22550.4 -0.00121304
12915.1 -22564.8 -0.00121437
12915.3 -22579.2 -0.00121572
12915.5 -22593.6 -0.00121707
12915.7 -22608.1 -0.00121842
12915.9 -22622.6 -0.00121978
12916 -22637.2 -0.00122115
12916.2 -22651.9 -0.00122253
12916.4 -22666.6 -0.00122391
12916.6 -22681.3 -0.00122529
12916.7 -22696.1 -0.00122669
12916.9 -22710.9 -0.00122809
12917 -22725.8 -0.0012295
12917.2 -22740.8 -0.00123091
12917.4 -22755.8 -0.00123234
12917.5 -22770.8 -0.00123376
12917.7 -22785.9 -0.0012352
12917.8 -22801 -0.00123664
12918 -22816.2 -0.00123809
12918.1 -22831.5 -0.00123954
12918.2 -22846.8 -0.00124101
12918.4 -22862.1 -0.00124248
12918.5 -22877.5 -0.00124395
12918.7 -22892.9 -0.00124543
12918.8 -22908.4 -0.00124692
12918.9 -22923.9 -0.00124842
12919.1 -22939.5 -0.00124992
12919.3 -22955.3 -0.00125145
12919.6 -22971.6 -0.00125303
12920.2 -22988.5 -0.00125467
12921.1 -23006.3 -0.0012564
12922.2 -23024.8 -0.0012582
12923.4 -23043.7 -0.00126004
12924.8 -23063 -0.00126192
12926.3 -23082.7 -0.00126385
12927.9 -23102.8 -0.00126582
12929.8 -23123.7 -0.00126788
12931.8 -23144.9 -0.00126996
12933.7 -23166 -0.00127204
12935.7 -23187.2 -0.00127414
12937.6 -23208.4 -0.00127624
12939.6 -23230 -0.00127838
12941.8 -23251.9 -0.00128056
12944.1 -23274.2 -0.00128279
12946.6 -23297.3 -0.0012851
12949.3 -23320.6 -0.00128743
12951.9 -23344 -0.00128978
12954.5 -23367.4 -0.00129213
12957.1 -23390.8 -0.0012945
12959.7 -23414.3 -0.00129687
12962.3 -23437.8 -0.00129925
12964.9 -23461.3 -0.00130164
12967.5 -23484.8 -0.00130404
12970.2 -23508.7 -0.00130648
12973 -23533 -0.00130897
12976 -23557.6 -0.0013115
12979.1 -23583 -0.00131411
12982.4 -23608.5 -0.00131674
12985.6 -23634.2 -0.0013194
12988.8 -23661.2 -0.00132221
12992 -23688.3 -0.00132502
12995.2 -23715.4 -0.00132785
12998.4 -23742.5 -0.00133069
13001.6 -23769.6 -0.00133354
13004.8 -23796.8 -0.0013364
13008 -23824 -0.00133928
13011.2 -23851.3 -0.00134216
13014.4 -23878.6 -0.00134506
13017.6 -23905.9 -0.00134797
13020.9 -23933.5 -0.00135093
13024.2 -23961.6 -0.00135393
13027.7 -23990 -0.00135699
13031.3 -24019 -0.00136013
13035 -24048.5 -0.00136331
13038.8 -24077.9 -0.00136651
13042.5 -24107.4 -0.00136972
13046.3 -24136.9 -0.00137295
13050 -24166.5 -0.00137619
13053.7 -24196 -0.00137944
13057.5 -24225.6 -0.00138271
13061.2 -24255.2 -0.00138599
13064.9 -24284.9 -0.00138929
13068.7 -24314.5 -0.0013926
13072.4 -24344.2 -0.00139592
13076.1 -24373.9 -0.00139926
13079.8 -24403.7 -0.00140262
13083.5 -24433.4 -0.00140598
13087.2 -24463.2 -0.00140936
13090.9 -24493 -0.00141276
13094.6 -24522.8 -0.00141617
13098.4 -24552.9 -0.00141962
13102.2 -24583.2 -0.00142312
13106.1 -24613.9 -0.00142667
13110 -24644.9 -0.00143027
13114.2 -24676.7 -0.00143397
13118.4 -24708.5 -0.00143768
13122.6 -24740.3 -0.00144142
13126.8 -24772.1 -0.00144517
13130.9 -24803.9 -0.00144894
13135.1 -24835.8 -0.00145272
13139.3 -24867.7 -0.00145652
13143.5 -24899.5 -0.00146034
13147.6 -24931.4 -0.00146418
13151.8 -24963.4 -0.00146803
13155.9 -24995.3 -0.00147191
13160.1 -25027.2 -0.0014758
13164.3 -25059.2 -0.0014797
13168.4 -25091.2 -0.00148363
13172.5 -25123.1 -0.00148757
13176.7 -25155.1 -0.00149153
13180.8 -25187.2 -0.00149551
13185 -25219.2 -0.00149951
13189.1 -25251.2 -0.00150353
13193.2 -25283.3 -0.00150757
13197.4 -25315.3 -0.00151162
13201.5 -25347.4 -0.00151569
13205.6 -25379.4 -0.00151979
13209.7 -25411.5 -0.0015239
13213.9 -25443.9 -0.00152807
13218.1 -25476.5 -0.00153228
13222.4 -25509.4 -0.00153655
13226.7 -25542.5 -0.00154088
13231.2 -25576.3 -0.00154531
13235.7 -25610.1 -0.00154976
13240.2 -25643.9 -0.00155424
13244.8 -25677.7 -0.00155873
13249.3 -25711.5 -0.00156325
13253.8 -25745.3 -0.00156779
13258.3 -25779.1 -0.00157236
13262.8 -25812.8 -0.00157694
13267.3 -25846.6 -0.00158155
13271.8 -25880.4 -0.00158618
13276.3 -25914.2 -0.00159083
13280.8 -25948 -0.00159551
13285.3 -25981.7 -0.00160021
13289.8 -26015.5 -0.00160493
13294.3 -26049.2 -0.00160968
13298.7 -26083 -0.00161445
13303.2 -26116.7 -0.00161924
13307.7 -26150.4 -0.00162405
13312.2 -26184.1 -0.00162889
13316.6 -26217.8 -0.00163376
13321.1 -26251.5 -0.00163864
13325.5 -26285.1 -0.00164356
13330 -26318.7 -0.00164849
13334.4 -26352.3 -0.00165345
13338.9 -26385.9 -0.00165844
13343.3 -26419.5 -0.00166344
13347.7 -26453.1 -0.00166848
13352.2 -26486.6 -0.00167353
13356.6 -26520.1 -0.00167862
13361 -26553.5 -0.00168372
13365.5 -26587 -0.00168886
13369.9 -26620.4 -0.00169401
13374.3 -26654 -0.00169923
13378.8 -26687.7 -0.0017045
13383.3 -26721.7 -0.00170983
13387.9 -26755.8 -0.00171522
13392.5 -26790 -0.00172067
13397.2 -26825 -0.00172626
13402 -26859.6 -0.00173183
13406.7 -26894.1 -0.00173743
13411.5 -26928.6 -0.00174306
13416.2 -26963.1 -0.00174872
13420.9 -26997.5 -0.0017544
13425.7 -27031.9 -0.00176011
13430.4 -27066.1 -0.00176584
13435.1 -27100.4 -0.00177161
13439.8 -27134.5 -0.0017774
13444.5 -27168.6 -0.00178322
13449.3 -27202.7 -0.00178907
13454 -27236.7 -0.00179495
13458.7 -27270.6 -0.00180086
13463.4 -27304.4 -0.00180679
13468.1 -27338.2 -0.00181275
13472.8 -27371.9 -0.00181874
13477.4 -27405.5 -0.00182476
13482.1 -27439 -0.00183081
13486.8 -27472.5 -0.00183688
13491.5 -27505.9 -0.00184298
13496.2 -27539.2 -0.00184911
13500.8 -27572.4 -0.00185527
13505.5 -27605.6 -0.00186146
13510.1 -27638.6 -0.00186768
13514.8 -27671.6 -0.00187392
13519.5 -27704.4 -0.0018802
13524.1 -27737.2 -0.0018865
13528.8 -27769.9 -0.00189283
13533.4 -27802.4 -0.00189919
13538 -27834.9 -0.00190557
13542.7 -27867.3 -0.00191199
13547.3 -27899.6 -0.00191843
13551.9 -27931.8 -0.00192491
13556.6 -27963.8 -0.00193141
13561.2 -27995.8 -0.00193794
13565.8 -28027.6 -0.0019445
13570.4 -28059.4 -0.00195109
13575 -28091 -0.00195771
13579.6 -28122.5 -0.00196435
13584.2 -28153.9 -0.00197103
13588.8 -28185.2 -0.00197773
13593.4 -28216.4 -0.00198447
13598 -28247.7 -0.00199129
13602.7 -28279.1 -0.00199817
13607.4 -28310.5 -0.00200512
13612.1 -28341.8 -0.00201213
13616.8 -28373.2 -0.0020192
13621.6 -28405 -0.00202643
13410.3 -28972.3 -0.00216756
13470.1 -29144.7 -0.00221596
13494.5 -29258.1 -0.00224957
