0 -58.4752 -2.26119e-06
634.56 0 6.36349e-05
1173.57 0 0.000134218
1709.92 0 0.000204749
2243.81 0 0.000275122
2775.24 0 0.000345274
3304.22 0 0.000415199
3830.74 0 0.000484889
4354.77 0 0.00055434
4876.15 0 0.000623552
5394.56 0 0.000692536
5909.16 0 0.000761316
6418.2 0 0.000829946
6918.36 0 0.000898539
7403.99 0 0.000967292
7866.83 0 0.00103649
8297.18 0 0.0011065
8686.59 0 0.00117766
9030.8 0 0.00125018
9330.49 0 0.0013242
9590.04 0 0.00139962
9815.21 0 0.00147639
10011.7 0 0.00155441
10184.8 0 0.00163336
10338.5 0 0.00171308
10475.8 0 0.00179337
10599.4 0 0.00187422
10711.4 0 0.00195566
10812.7 0 0.0020383
10905.5 0 0.00212136
10991.1 0 0.0022048
11070.4 0 0.00228859
11143.9 0 0.00237275
11212.1 0 0.00245741
11276 0 0.00254232
11335.9 0 0.00262747
11392.3 0 0.00271284
11445.5 0 0.0027984
11495.9 0 0.00288413
11543.8 0 0.00297003
11589.3 0 0.00305608
11632.4 0 0.00314242
11673.3 0 0.00322911
11712.4 0 0.00331593
11749.8 0 0.00340286
11785.6 0 0.00348989
11820.1 0 0.00357702
11853.2 0 0.00366422
11885.1 0 0.00375151
11915.6 0 0.00383926
11945 0 0.00392735
11972.9 0 0.00401569
11999.8 0 0.00410412
12025.7 0 0.0041926
12050.7 0 0.00428123
12074.7 0 0.00437038
12097.7 0 0.00445957
12119.8 0 0.00454875
12141.1 0 0.00463797
12161.8 0 0.00472721
12181.9 0 0.00481647
12201.4 0 0.00490575
12220.3 0 0.00499504
12238.6 0 0.00508433
12256.3 0 0.00517364
12273.3 0 0.00526311
12289.7 0 0.00535269
12305.5 0 0.00544226
12320.9 0 0.00553183
12335.7 0 0.00562132
12349.8 0 0.00571061
12363.5 0 0.00579988
12376.5 0 0.00589007
12388.8 0 0.00598099
12400.7 0 0.0060719
12412.4 0 0.0061628
12423.7 0 0.00625368
12434.7 0 0.00634454
12445.5 0 0.00643538
12455.9 0 0.0065262
12466.1 0 0.00661701
12476 0 0.0067078
12485.7 0 0.00679857
12495.1 0 0.00688933
12504.3 0 0.00698009
12513.2 0 0.00707083
12521.8 0 0.00716157
12530.3 0 0.0072523
12538.4 0 0.00734302
12546.4 0 0.00743375
12554.2 0 0.00752446
12561.7 0 0.00761517
12569 0 0.00770587
12576.2 0 0.00779656
12583.1 0 0.00788724
12589.9 0 0.00797791
12596.5 0 0.00806856
12603 0 0.00815919
12609.3 0 0.00824981
12615.5 0 0.0083404
12621.6 0 0.00843097
12627.5 0 0.00852152
12633.3 0 0.00861222
12638.9 0 0.00870331
12644.3 0 0.008795
12649.5 0 0.00888694
12654.6 0 0.00897884
12659.6 0 0.00907059
12664.4 0 0.00916232
12669.2 0 0.00925404
12673.9 0 0.00934575
12678.6 0 0.00943744
12683.1 0 0.00952912
12687.6 0 0.00962079
12692 0 0.00971245
12696.3 0 0.0098041
12700.6 0 0.00989575
12704.8 0 0.0099874
12708.9 0 0.010079
12713 0 0.0101707
12717 0 0.0102624
12720.9 0 0.010354
12724.7 0 0.0104457
12728.5 0 0.0105374
12732.1 0 0.0106289
12735.7 0 0.0107204
12739.2 0 0.0108118
12742.7 0 0.0109033
12746 0 0.0109948
12749.3 0 0.0110862
12752.5 0 0.0111777
12755.5 0 0.0112692
12758.3 0 0.0113607
12761.2 0 0.0114522
12763.9 0 0.0115436
12766.6 0 0.0116351
12769.2 0 0.0117266
12771.7 0 0.0118184
12774.1 0 0.0119106
12776.4 0 0.0120027
12778.6 0 0.0120949
12780.8 0 0.0121871
12783 0 0.0122792
12785.1 0 0.0123714
12787.2 0 0.0124635
12789.2 0 0.0125556
12791.2 0 0.0126478
12793.2 0 0.0127399
12795.1 0 0.012832
12797 0 0.012924
12798.8 0 0.0130161
12800.6 0 0.0131081
12802.4 0 0.0132002
12804.2 0 0.0132922
12805.9 0 0.0133842
12807.7 0 0.0134761
12809.4 0 0.0135681
12811 0 0.0136601
12812.7 0 0.013752
12814.3 0 0.0138439
12815.9 0 0.0139358
12817.5 0 0.0140277
12819.1 0 0.0141195
12820.7 0 0.0142113
12822.2 0 0.0143032
12823.7 0 0.014395
12825.2 0 0.0144868
12826.7 0 0.0145785
12828.2 0 0.0146703
12829.7 0 0.014762
12831.1 0 0.0148537
12832.6 0 0.0149454
12834 0 0.0150371
12835.4 0 0.0151288
12836.8 0 0.0152204
12838.2 0 0.0153121
12839.5 0 0.0154037
12840.9 0 0.0154953
12842.2 0 0.0155869
12843.6 0 0.0156785
12844.9 0 0.01577
12846.2 0 0.0158616
12847.5 0 0.0159531
12848.7 0 0.0160447
12850 0 0.0161362
12851.3 0 0.0162277
12852.5 0 0.0163192
12853.7 0 0.0164107
12855 0 0.0165022
12856.2 0 0.0165936
12857.4 0 0.0166851
12858.5 0 0.0167765
12859.7 0 0.016868
12860.9 0 0.0169594
12862 0 0.0170508
12863.1 0 0.0171422
12864.3 0 0.0172335
12865.4 0 0.0173249
12866.4 0 0.0174163
12867.5 0 0.0175077
12868.6 0 0.017599
12869.6 0 0.0176904
12870.7 0 0.0177818
12871.7 0 0.0178731
12872.7 0 0.0179645
12873.7 0 0.0180558
12874.7 0 0.0181472
12875.7 0 0.0182386
12876.6 0 0.0183299
12877.5 0 0.0184213
12878.5 0 0.0185126
12879.4 0 0.018604
12880.3 0 0.0186954
12881.2 0 0.0187868
12882 0 0.0188781
12882.9 0 0.0189695
12883.7 0 0.0190609
12884.6 0 0.0191523
12885.4 0 0.0192437
12886.2 0 0.0193351
12886.9 0 0.0194265
12887.7 0 0.0195179
12888.5 0 0.0196093
12889.2 0 0.0197007
12889.9 0 0.0197921
12890.6 0 0.0198835
12891.3 0 0.0199749
12892 0 0.0200663
12892.7 0 0.0201578
12893.3 0 0.0202492
12894 0 0.0203406
12894.6 0 0.020432
12895.2 0 0.0205235
12895.8 0 0.0206149
12896.4 0 0.0207063
12897 0 0.0207978
12897.6 0 0.0208892
12898.1 0 0.0209806
12898.7 0 0.0210721
12899.2 0 0.0211635
12899.8 0 0.021255
12900.3 0 0.0213464
12900.7 0 0.0214386
12901.2 0 0.0215308
12901.6 0 0.0216229
12902 0 0.0217151
12902.5 0 0.0218073
12902.9 0 0.0218995
12903.3 0 0.0219916
12903.7 0 0.0220838
12904.1 0 0.022176
12904.5 0 0.0222682
12904.8 0 0.0223604
12905.2 0 0.0224525
12905.5 0 0.0225447
12905.9 0 0.0226369
12906.2 0 0.0227291
12906.6 0 0.0228213
12906.9 0 0.0229134
12907.2 0 0.0230056
12907.5 0 0.0230978
12907.9 0 0.0231899
12908.2 0 0.0232821
12908.5 0 0.0233742
12908.8 0 0.0234664
12909 0 0.0235585
12909.3 0 0.0236507
12909.6 0 0.0237428
12909.9 0 0.023835
12910.2 0 0.0239271
12910.4 0 0.0240192
12910.7 0 0.0241113
12910.9 0 0.0242035
12911.2 0 0.0242956
12911.4 0 0.0243877
12911.7 0 0.0244798
12911.9 0 0.0245719
12912.2 0 0.024664
12912.4 0 0.024756
12912.6 0 0.0248481
12912.9 0 0.0249402
12913.1 0 0.0250323
12913.3 0 0.0251243
12913.5 0 0.0252164
12913.7 0 0.0253084
12913.9 0 0.0254005
12914.1 0 0.0254925
12914.3 0 0.0255845
12914.5 0 0.0256766
12914.7 0 0.0257686
12914.9 0 0.0258606
12915.1 0 0.0259526
12915.3 0 0.0260446
12915.5 0 0.0261366
12915.7 0 0.0262286
12915.9 0 0.0263205
12916 0 0.0264125
12916.2 0 0.0265045
12916.4 0 0.0265964
12916.6 0 0.0266884
12916.7 0 0.0267803
12916.9 0 0.0268723
12917 0 0.0269642
12917.2 0 0.0270561
12917.4 0 0.027148
12917.5 0 0.02724
12917.7 0 0.0273319
12917.8 0 0.0274238
12918 0 0.0275157
12918.1 0 0.0276075
12918.2 0 0.0276994
12918.4 0 0.0277913
12918.5 0 0.0278832
12918.7 0 0.027975
12918.8 0 0.0280669
12918.9 0 0.0281587
12919.1 0 0.0282506
12919.3 0 0.0283424
12919.6 0 0.0284341
12920.2 0 0.0285259
12921.1 0 0.0286175
12922.2 0 0.028709
12923.4 0 0.0288005
12924.8 0 0.028892
12926.3 0 0.0289834
12927.9 0 0.0290748
12929.8 0 0.0291661
12931.8 0 0.0292574
12933.7 0 0.0293486
12935.7 0 0.0294399
12937.6 0 0.0295312
12939.6 0 0.0296224
12941.8 0 0.0297135
12944.1 0 0.0298047
12946.6 0 0.0298957
12949.3 0 0.0299868
12951.9 0 0.0300778
12954.5 0 0.0301688
12957.1 0 0.0302598
12959.7 0 0.0303508
12962.3 0 0.0304417
12964.9 0 0.0305327
12967.5 0 0.0306237
12970.2 0 0.0307146
12973 0 0.0308055
12976 0 0.0308963
12979.1 0 0.0309871
12982.4 0 0.0310778
12985.6 0 0.0311685
12988.8 0 0.0312591
12992 0 0.0313496
12995.2 0 0.0314401
12998.4 0 0.0315307
13001.6 0 0.0316212
13004.8 0 0.0317117
13008 0 0.0318021
13011.2 0 0.0318926
13014.4 0 0.0319831
13017.6 0 0.0320735
13020.9 0 0.0321639
13024.2 0 0.0322543
13027.7 0 0.0323446
13031.3 0 0.0324348
13035 0 0.032525
13038.8 0 0.0326151
13042.5 0 0.0327053
13046.3 0 0.0327954
13050 0 0.0328856
13053.7 0 0.0329757
13057.5 0 0.0330658
13061.2 0 0.0331558
13064.9 0 0.0332459
13068.7 0 0.033336
13072.4 0 0.033426
13076.1 0 0.033516
13079.8 0 0.033606
13083.5 0 0.033696
13087.2 0 0.033786
13090.9 0 0.033876
13094.6 0 0.0339659
13098.4 0 0.0340559
13102.2 0 0.0341457
13106.1 0 0.0342355
13110 0 0.0343253
13114.2 0 0.034415
13118.4 0 0.0345046
13122.6 0 0.0345943
13126.8 0 0.0346839
13130.9 0 0.0347735
13135.1 0 0.0348631
13139.3 0 0.0349526
13143.5 0 0.0350422
13147.6 0 0.0351317
13151.8 0 0.0352212
13155.9 0 0.0353107
13160.1 0 0.0354002
13164.3 0 0.0354897
13168.4 0 0.0355791
13172.5 0 0.0356686
13176.7 0 0.035758
13180.8 0 0.0358474
13185 0 0.0359368
13189.1 0 0.0360261
13193.2 0 0.0361155
13197.4 0 0.0362048
13201.5 0 0.0362941
13205.6 0 0.0363834
13209.7 0 0.0364726
13213.9 0 0.0365618
13218.1 0 0.036651
13222.4 0 0.0367401
13226.7 0 0.0368292
13231.2 0 0.0369181
13235.7 0 0.037007
13240.2 0 0.0370959
13244.8 0 0.0371848
13249.3 0 0.0372737
13253.8 0 0.0373625
13258.3 0 0.0374514
13262.8 0 0.0375402
13267.3 0 0.0376289
13271.8 0 0.0377177
13276.3 0 0.0378064
13280.8 0 0.0378951
13285.3 0 0.0379838
13289.8 0 0.0380725
13294.3 0 0.0381611
13298.7 0 0.0382497
13303.2 0 0.0383383
13307.7 0 0.0384269
13312.2 0 0.0385155
13316.6 0 0.038604
13321.1 0 0.0386925
13325.5 0 0.038781
13330 0 0.0388694
13334.4 0 0.0389579
13338.9 0 0.0390463
13343.3 0 0.0391347
13347.7 0 0.039223
13352.2 0 0.0393114
13356.6 0 0.0393997
13361 0 0.039488
13365.5 0 0.0395762
13369.9 0 0.0396645
13374.3 0 0.0397526
13378.8 0 0.0398408
13383.3 0 0.0399288
13387.9 0 0.0400168
13392.5 0 0.0401048
13397.2 0 0.0401926
13402 0 0.0402804
13406.7 0 0.0403682
13411.5 0 0.040456
13416.2 0 0.0405437
13420.9 0 0.0406315
13425.7 0 0.0407191
13430.4 0 0.0408068
13435.1 0 0.0408945
13439.8 0 0.0409821
13444.5 0 0.0410696
13449.3 0 0.0411572
13454 0 0.0412447
13458.7 0 0.0413322
13463.4 0 0.0414197
13468.1 0 0.0415072
13472.8 0 0.0415946
13477.4 0 0.041682
13482.1 0 0.0417693
13486.8 0 0.0418567
13491.5 0 0.041944
13496.2 0 0.0420312
13500.8 0 0.0421185
13505.5 0 0.0422057
13510.1 0 0.0422929
13514.8 0 0.0423801
13519.5 0 0.0424672
13524.1 0 0.0425543
13528.8 0 0.0426414
13533.4 0 0.0427285
13538 0 0.0428155
13542.7 0 0.0429025
13547.3 0 0.0429894
13551.9 0 0.0430764
13556.6 0 0.0431633
13561.2 0 0.0432502
13565.8 0 0.043337
13570.4 0 0.0434239
13575 0 0.0435107
13579.6 0 0.0435974
13584.2 0 0.0436842
13588.8 0 0.0437709
13593.4 0 0.0438575
13598 0 0.0439441
13602.7 0 0.0440307
13607.4 0 0.0441171
13612.1 0 0.0442035
13616.8 0 0.0442899
13621.6 0 0.044376
13410.3 0 0.0443285
13470.1 0 0.0443735
13494.5 0 0.0444334
