0 -58.4752 -2.26119e-06
634.56 0 7.00405e-05
1173.57 0 0.000146899
1709.92 0 0.000223725
2243.81 0 0.000300384
2775.24 0 0.000376834
3304.22 0 0.000453069
3830.74 0 0.000529073
4354.77 0 0.000604836
4876.15 0 0.00068036
5394.56 0 0.000755654
5909.16 0 0.000830742
6418.2 0 0.000905681
6918.36 0 0.000980581
7403.99 0 0.00105565
7866.83 0 0.00113115
8297.18 0 0.00120747
8686.59 0 0.00128495
9030.8 0 0.00136379
9330.49 0 0.00144409
9590.04 0 0.00152576
9815.21 0 0.00160864
10011.7 0 0.00169258
10184.8 0 0.0017774
10338.5 0 0.00186302
10475.8 0 0.00194973
10599.4 0 0.00203723
10711.4 0 0.0021255
10812.7 0 0.00221463
10905.5 0 0.00230421
10991.1 0 0.00239419
11070.4 0 0.00248453
11143.9 0 0.00257527
11212.1 0 0.00266653
11276 0 0.00275806
11335.9 0 0.00284985
11392.3 0 0.00294186
11445.5 0 0.00303408
11495.9 0 0.00312649
11543.8 0 0.00321907
11589.3 0 0.0033118
11632.4 0 0.00340479
11673.3 0 0.00349806
11712.4 0 0.00359146
11749.8 0 0.00368498
11785.6 0 0.00377861
11820.1 0 0.00387233
11853.2 0 0.00396614
11885.1 0 0.00406003
11915.6 0 0.00415397
11945 0 0.00424795
11972.9 0 0.00434242
11999.8 0 0.00443698
12025.7 0 0.00453159
12050.7 0 0.00462626
12074.7 0 0.00472102
12097.7 0 0.00481598
12119.8 0 0.00491135
12141.1 0 0.00500674
12161.8 0 0.00510215
12181.9 0 0.00519757
12201.4 0 0.00529301
12220.3 0 0.00538846
12238.6 0 0.00548391
12256.3 0 0.00557936
12273.3 0 0.00567505
12289.7 0 0.00577086
12305.5 0 0.00586667
12320.9 0 0.00596248
12335.7 0 0.00605847
12349.8 0 0.00615503
12363.5 0 0.00625158
12376.5 0 0.00634812
12388.8 0 0.0064448
12400.7 0 0.00654146
12412.4 0 0.0066381
12423.7 0 0.00673471
12434.7 0 0.0068313
12445.5 0 0.00692787
12455.9 0 0.00702441
12466.1 0 0.00712092
12476 0 0.00721741
12485.7 0 0.00731388
12495.1 0 0.00741033
12504.3 0 0.00750676
12513.2 0 0.00760317
12521.8 0 0.00769957
12530.3 0 0.00779595
12538.4 0 0.00789232
12546.4 0 0.00798867
12554.2 0 0.00808501
12561.7 0 0.00818133
12569 0 0.00827764
12576.2 0 0.00837394
12583.1 0 0.00847022
12589.9 0 0.00856648
12596.5 0 0.00866272
12603 0 0.00875894
12609.3 0 0.00885514
12615.5 0 0.00895132
12621.6 0 0.00904747
12627.5 0 0.0091436
12633.3 0 0.00923973
12638.9 0 0.0093359
12644.3 0 0.00943207
12649.5 0 0.00952822
12654.6 0 0.00962447
12659.6 0 0.0097211
12664.4 0 0.0098177
12669.2 0 0.00991428
12673.9 0 0.0100108
12678.6 0 0.0101074
12683.1 0 0.0102039
12687.6 0 0.0103003
12692 0 0.0103968
12696.3 0 0.0104932
12700.6 0 0.0105896
12704.8 0 0.010686
12708.9 0 0.0107823
12713 0 0.0108787
12717 0 0.010975
12720.9 0 0.0110713
12724.7 0 0.0111676
12728.5 0 0.0112639
12732.1 0 0.0113603
12735.7 0 0.011457
12739.2 0 0.0115537
12742.7 0 0.0116504
12746 0 0.0117471
12749.3 0 0.0118438
12752.5 0 0.0119406
12755.5 0 0.0120385
12758.3 0 0.0121365
12761.2 0 0.0122345
12763.9 0 0.0123325
12766.6 0 0.0124305
12769.2 0 0.0125285
12771.7 0 0.0126268
12774.1 0 0.0127254
12776.4 0 0.0128239
12778.6 0 0.0129225
12780.8 0 0.0130211
12783 0 0.0131197
12785.1 0 0.0132184
12787.2 0 0.013317
12789.2 0 0.0134157
12791.2 0 0.0135143
12793.2 0 0.013613
12795.1 0 0.0137116
12797 0 0.0138103
12798.8 0 0.0139089
12800.6 0 0.0140076
12802.4 0 0.0141063
12804.2 0 0.0142049
12805.9 0 0.0143035
12807.7 0 0.0144022
12809.4 0 0.0145008
12811 0 0.0145994
12812.7 0 0.014698
12814.3 0 0.0147966
12815.9 0 0.0148951
12817.5 0 0.0149937
12819.1 0 0.0150922
12820.7 0 0.0151908
12822.2 0 0.0152893
12823.7 0 0.0153878
12825.2 0 0.0154862
12826.7 0 0.0155847
12828.2 0 0.0156831
12829.7 0 0.0157816
12831.1 0 0.01588
12832.6 0 0.0159784
12834 0 0.0160767
12835.4 0 0.0161751
12836.8 0 0.0162734
12838.2 0 0.0163717
12839.5 0 0.01647
12840.9 0 0.0165683
12842.2 0 0.0166666
12843.6 0 0.0167648
12844.9 0 0.016863
12846.2 0 0.0169612
12847.5 0 0.0170594
12848.7 0 0.0171576
12850 0 0.0172558
12851.3 0 0.0173539
12852.5 0 0.0174521
12853.7 0 0.0175502
12855 0 0.0176483
12856.2 0 0.0177464
12857.4 0 0.0178444
12858.5 0 0.0179425
12859.7 0 0.0180406
12860.9 0 0.0181386
12862 0 0.0182367
12863.1 0 0.0183347
12864.3 0 0.0184327
12865.4 0 0.0185307
12866.4 0 0.0186287
12867.5 0 0.0187267
12868.6 0 0.0188247
12869.6 0 0.0189227
12870.7 0 0.0190207
12871.7 0 0.0191187
12872.7 0 0.0192166
12873.7 0 0.0193146
12874.7 0 0.0194126
12875.7 0 0.0195105
12876.6 0 0.0196085
12877.5 0 0.0197065
12878.5 0 0.0198045
12879.4 0 0.0199025
12880.3 0 0.0200004
12881.2 0 0.0200984
12882 0 0.0201964
12882.9 0 0.0202944
12883.7 0 0.0203924
12884.6 0 0.0204904
12885.4 0 0.0205885
12886.2 0 0.0206865
12886.9 0 0.0207845
12887.7 0 0.0208826
12888.5 0 0.0209807
12889.2 0 0.0210787
12889.9 0 0.0211768
12890.6 0 0.0212749
12891.3 0 0.021373
12892 0 0.0214711
12892.7 0 0.0215692
12893.3 0 0.0216674
12894 0 0.0217655
12894.6 0 0.0218637
12895.2 0 0.0219618
12895.8 0 0.02206
12896.4 0 0.0221582
12897 0 0.0222564
12897.6 0 0.0223546
12898.1 0 0.0224529
12898.7 0 0.0225511
12899.2 0 0.0226493
12899.8 0 0.0227476
12900.3 0 0.0228459
12900.7 0 0.0229444
12901.2 0 0.023043
12901.6 0 0.0231416
12902 0 0.0232402
12902.5 0 0.0233388
12902.9 0 0.0234374
12903.3 0 0.023536
12903.7 0 0.0236347
12904.1 0 0.0237333
12904.5 0 0.0238319
12904.8 0 0.0239306
12905.2 0 0.0240292
12905.5 0 0.0241278
12905.9 0 0.0242265
12906.2 0 0.0243251
12906.6 0 0.0244238
12906.9 0 0.0245224
12907.2 0 0.0246211
12907.5 0 0.0247197
12907.9 0 0.0248184
12908.2 0 0.024917
12908.5 0 0.0250157
12908.8 0 0.0251143
12909 0 0.025213
12909.3 0 0.0253116
12909.6 0 0.0254103
12909.9 0 0.0255089
12910.2 0 0.0256075
12910.4 0 0.0257061
12910.7 0 0.0258048
12910.9 0 0.0259034
12911.2 0 0.026002
12911.4 0 0.0261006
12911.7 0 0.0261992
12911.9 0 0.0262978
12912.2 0 0.0263964
12912.4 0 0.026495
12912.6 0 0.0265936
12912.9 0 0.0266922
12913.1 0 0.0267907
12913.3 0 0.0268893
12913.5 0 0.0269878
12913.7 0 0.0270864
12913.9 0 0.0271849
12914.1 0 0.0272835
12914.3 0 0.027382
12914.5 0 0.0274805
12914.7 0 0.027579
12914.9 0 0.0276776
12915.1 0 0.0277761
12915.3 0 0.0278745
12915.5 0 0.027973
12915.7 0 0.0280715
12915.9 0 0.02817
12916 0 0.0282684
12916.2 0 0.0283669
12916.4 0 0.0284653
12916.6 0 0.0285638
12916.7 0 0.0286622
12916.9 0 0.0287606
12917 0 0.0288591
12917.2 0 0.0289575
12917.4 0 0.0290559
12917.5 0 0.0291543
12917.7 0 0.0292526
12917.8 0 0.029351
12918 0 0.0294494
12918.1 0 0.0295477
12918.2 0 0.0296461
12918.4 0 0.0297444
12918.5 0 0.0298428
12918.7 0 0.0299411
12918.8 0 0.0300394
12918.9 0 0.0301377
12919.1 0 0.030236
12919.3 0 0.0303343
12919.6 0 0.0304325
12920.2 0 0.0305306
12921.1 0 0.0306286
12922.2 0 0.0307266
12923.4 0 0.0308244
12924.8 0 0.0309223
12926.3 0 0.03102
12927.9 0 0.0311177
12929.8 0 0.0312153
12931.8 0 0.0313129
12933.7 0 0.0314105
12935.7 0 0.031508
12937.6 0 0.0316056
12939.6 0 0.0317031
12941.8 0 0.0318005
12944.1 0 0.0318979
12946.6 0 0.0319952
12949.3 0 0.0320924
12951.9 0 0.0321896
12954.5 0 0.0322868
12957.1 0 0.032384
12959.7 0 0.0324812
12962.3 0 0.0325784
12964.9 0 0.0326756
12967.5 0 0.0327727
12970.2 0 0.0328698
12973 0 0.0329669
12976 0 0.0330639
12979.1 0 0.0331608
12982.4 0 0.0332576
12985.6 0 0.0333544
12988.8 0 0.0334513
12992 0 0.0335481
12995.2 0 0.0336449
12998.4 0 0.0337417
13001.6 0 0.0338384
13004.8 0 0.0339352
13008 0 0.0340319
13011.2 0 0.0341287
13014.4 0 0.0342254
13017.6 0 0.0343221
13020.9 0 0.0344187
13024.2 0 0.0345153
13027.7 0 0.0346119
13031.3 0 0.0347084
13035 0 0.0348047
13038.8 0 0.0349011
13042.5 0 0.0349974
13046.3 0 0.0350938
13050 0 0.0351901
13053.7 0 0.0352864
13057.5 0 0.0353827
13061.2 0 0.035479
13064.9 0 0.0355752
13068.7 0 0.0356715
13072.4 0 0.0357677
13076.1 0 0.0358639
13079.8 0 0.0359601
13083.5 0 0.0360562
13087.2 0 0.0361524
13090.9 0 0.0362485
13094.6 0 0.0363446
13098.4 0 0.0364407
13102.2 0 0.0365367
13106.1 0 0.0366327
13110 0 0.0367286
13114.2 0 0.0368244
13118.4 0 0.0369201
13122.6 0 0.0370159
13126.8 0 0.0371116
13130.9 0 0.0372073
13135.1 0 0.037303
13139.3 0 0.0373986
13143.5 0 0.0374943
13147.6 0 0.0375899
13151.8 0 0.0376854
13155.9 0 0.037781
13160.1 0 0.0378766
13164.3 0 0.0379721
13168.4 0 0.0380676
13172.5 0 0.0381631
13176.7 0 0.0382585
13180.8 0 0.0383539
13185 0 0.0384493
13189.1 0 0.0385447
13193.2 0 0.0386401
13197.4 0 0.0387354
13201.5 0 0.0388307
13205.6 0 0.038926
13209.7 0 0.0390213
13213.9 0 0.0391165
13218.1 0 0.0392117
13222.4 0 0.0393068
13226.7 0 0.0394018
13231.2 0 0.0394968
13235.7 0 0.0395916
13240.2 0 0.0396865
13244.8 0 0.0397813
13249.3 0 0.0398761
13253.8 0 0.0399708
13258.3 0 0.0400656
13262.8 0 0.0401603
13267.3 0 0.0402549
13271.8 0 0.0403496
13276.3 0 0.0404442
13280.8 0 0.0405388
13285.3 0 0.0406333
13289.8 0 0.0407279
13294.3 0 0.0408224
13298.7 0 0.0409168
13303.2 0 0.0410113
13307.7 0 0.0411057
13312.2 0 0.0412001
13316.6 0 0.0412944
13321.1 0 0.0413887
13325.5 0 0.041483
13330 0 0.0415773
13334.4 0 0.0416715
13338.9 0 0.0417657
13343.3 0 0.0418599
13347.7 0 0.0419541
13352.2 0 0.0420482
13356.6 0 0.0421423
13361 0 0.0422363
13365.5 0 0.0423303
13369.9 0 0.0424243
13374.3 0 0.0425183
13378.8 0 0.0426122
13383.3 0 0.042706
13387.9 0 0.0427998
13392.5 0 0.0428935
13397.2 0 0.0429871
13402 0 0.0430806
13406.7 0 0.0431741
13411.5 0 0.0432676
13416.2 0 0.043361
13420.9 0 0.0434544
13425.7 0 0.0435477
13430.4 0 0.043641
13435.1 0 0.0437343
13439.8 0 0.0438275
13444.5 0 0.0439208
13449.3 0 0.0440139
13454 0 0.0441071
13458.7 0 0.0442002
13463.4 0 0.0442933
13468.1 0 0.0443863
13472.8 0 0.0444794
13477.4 0 0.0445723
13482.1 0 0.0446653
13486.8 0 0.0447582
13491.5 0 0.0448511
13496.2 0 0.044944
13500.8 0 0.0450368
13505.5 0 0.0451296
13510.1 0 0.0452223
13514.8 0 0.0453151
13519.5 0 0.0454078
13524.1 0 0.0455004
13528.8 0 0.045593
13533.4 0 0.0456856
13538 0 0.0457782
13542.7 0 0.0458707
13547.3 0 0.0459632
13551.9 0 0.0460557
13556.6 0 0.0461481
13561.2 0 0.0462405
13565.8 0 0.0463329
13570.4 0 0.0464252
13575 0 0.0465176
13579.6 0 0.0466098
13584.2 0 0.0467021
13588.8 0 0.0467943
13593.4 0 0.0468865
13598 0 0.0469786
13602.7 0 0.0470707
13607.4 0 0.0471628
13612.1 0 0.0472547
13616.8 0 0.0473467
13621.6 0 0.0474385
13410.3 0 0.0473946
13470.1 0 0.0474443
13494.5 0 0.0475089
