0 -58.4752 -2.26119e-06
634.56 0 0.000104968
1173.57 0 0.000216839
1709.92 0 0.000328664
2243.81 0 0.000440328
2775.24 0 0.000551775
3304.22 0 0.000663
3830.74 0 0.00077399
4354.77 0 0.000884741
4876.15 0 0.000995254
5394.56 0 0.00110554
5909.16 0 0.00121562
6418.2 0 0.00132555
6918.36 0 0.00143544
7403.99 0 0.00154549
7866.83 0 0.00165599
8297.18 0 0.0017673
8686.59 0 0.00187976
9030.8 0 0.00199358
9330.49 0 0.00210889
9590.04 0 0.00222559
9815.21 0 0.00234359
10011.7 0 0.00246277
10184.8 0 0.00258286
10338.5 0 0.00270374
10475.8 0 0.00282536
10599.4 0 0.00294764
10711.4 0 0.00307056
10812.7 0 0.00319456
10905.5 0 0.003319
10991.1 0 0.00344382
11070.4 0 0.00356899
11143.9 0 0.00369454
11212.1 0 0.0038206
11276 0 0.00394693
11335.9 0 0.00407349
11392.3 0 0.00420028
11445.5 0 0.00432726
11495.9 0 0.00445442
11543.8 0 0.00458175
11589.3 0 0.00470923
11632.4 0 0.00483699
11673.3 0 0.00496508
11712.4 0 0.00509329
11749.8 0 0.00522162
11785.6 0 0.00535005
11820.1 0 0.00547857
11853.2 0 0.00560719
11885.1 0 0.00573587
11915.6 0 0.00586488
11945 0 0.00599413
11972.9 0 0.0061237
11999.8 0 0.00625336
12025.7 0 0.00638308
12050.7 0 0.00651292
12074.7 0 0.00664312
12097.7 0 0.00677342
12119.8 0 0.00690386
12141.1 0 0.00703432
12161.8 0 0.00716482
12181.9 0 0.00729532
12201.4 0 0.00742585
12220.3 0 0.00755638
12238.6 0 0.00768692
12256.3 0 0.00781747
12273.3 0 0.00794821
12289.7 0 0.00807906
12305.5 0 0.0082099
12320.9 0 0.00834075
12335.7 0 0.00847161
12349.8 0 0.00860253
12363.5 0 0.00873345
12376.5 0 0.00886495
12388.8 0 0.00899697
12400.7 0 0.00912899
12412.4 0 0.00926098
12423.7 0 0.00939296
12434.7 0 0.00952491
12445.5 0 0.00965685
12455.9 0 0.00978876
12466.1 0 0.00992066
12476 0 0.0100525
12485.7 0 0.0101844
12495.1 0 0.0103162
12504.3 0 0.0104481
12513.2 0 0.0105799
12521.8 0 0.0107117
12530.3 0 0.0108435
12538.4 0 0.0109753
12546.4 0 0.0111071
12554.2 0 0.0112388
12561.7 0 0.0113706
12569 0 0.0115023
12576.2 0 0.0116341
12583.1 0 0.0117658
12589.9 0 0.0118975
12596.5 0 0.0120292
12603 0 0.0121609
12609.3 0 0.0122926
12615.5 0 0.0124242
12621.6 0 0.0125558
12627.5 0 0.0126874
12633.3 0 0.0128191
12638.9 0 0.012951
12644.3 0 0.0130834
12649.5 0 0.0132159
12654.6 0 0.0133484
12659.6 0 0.0134809
12664.4 0 0.0136135
12669.2 0 0.013746
12673.9 0 0.0138785
12678.6 0 0.0140109
12683.1 0 0.0141434
12687.6 0 0.0142758
12692 0 0.0144082
12696.3 0 0.0145407
12700.6 0 0.0146731
12704.8 0 0.0148055
12708.9 0 0.0149378
12713 0 0.0150702
12717 0 0.0152026
12720.9 0 0.015335
12724.7 0 0.0154673
12728.5 0 0.0155997
12732.1 0 0.0157321
12735.7 0 0.0158645
12739.2 0 0.0159968
12742.7 0 0.0161292
12746 0 0.0162616
12749.3 0 0.016394
12752.5 0 0.0165264
12755.5 0 0.0166592
12758.3 0 0.0167921
12761.2 0 0.0169249
12763.9 0 0.0170578
12766.6 0 0.0171906
12769.2 0 0.0173235
12771.7 0 0.0174567
12774.1 0 0.0175902
12776.4 0 0.0177237
12778.6 0 0.0178572
12780.8 0 0.0179907
12783 0 0.0181242
12785.1 0 0.0182577
12787.2 0 0.0183912
12789.2 0 0.0185247
12791.2 0 0.0186582
12793.2 0 0.0187917
12795.1 0 0.0189252
12797 0 0.0190586
12798.8 0 0.0191921
12800.6 0 0.0193256
12802.4 0 0.019459
12804.2 0 0.0195924
12805.9 0 0.0197258
12807.7 0 0.0198592
12809.4 0 0.0199926
12811 0 0.020126
12812.7 0 0.0202593
12814.3 0 0.0203927
12815.9 0 0.020526
12817.5 0 0.0206593
12819.1 0 0.0207926
12820.7 0 0.0209259
12822.2 0 0.0210591
12823.7 0 0.0211923
12825.2 0 0.0213256
12826.7 0 0.0214588
12828.2 0 0.0215919
12829.7 0 0.0217251
12831.1 0 0.0218583
12832.6 0 0.0219914
12834 0 0.0221245
12835.4 0 0.0222576
12836.8 0 0.0223907
12838.2 0 0.0225238
12839.5 0 0.0226568
12840.9 0 0.0227898
12842.2 0 0.0229229
12843.6 0 0.0230559
12844.9 0 0.0231889
12846.2 0 0.0233218
12847.5 0 0.0234548
12848.7 0 0.0235877
12850 0 0.0237207
12851.3 0 0.0238536
12852.5 0 0.0239865
12853.7 0 0.0241194
12855 0 0.0242523
12856.2 0 0.0243852
12857.4 0 0.024518
12858.5 0 0.0246509
12859.7 0 0.0247838
12860.9 0 0.0249166
12862 0 0.0250494
12863.1 0 0.0251822
12864.3 0 0.025315
12865.4 0 0.0254478
12866.4 0 0.0255806
12867.5 0 0.0257134
12868.6 0 0.0258461
12869.6 0 0.0259789
12870.7 0 0.0261117
12871.7 0 0.0262444
12872.7 0 0.0263772
12873.7 0 0.02651
12874.7 0 0.0266427
12875.7 0 0.0267755
12876.6 0 0.0269083
12877.5 0 0.027041
12878.5 0 0.0271738
12879.4 0 0.0273066
12880.3 0 0.0274394
12881.2 0 0.0275721
12882 0 0.0277049
12882.9 0 0.0278377
12883.7 0 0.0279705
12884.6 0 0.0281033
12885.4 0 0.0282361
12886.2 0 0.0283689
12886.9 0 0.0285017
12887.7 0 0.0286345
12888.5 0 0.0287674
12889.2 0 0.0289002
12889.9 0 0.029033
12890.6 0 0.0291659
12891.3 0 0.0292987
12892 0 0.0294316
12892.7 0 0.0295645
12893.3 0 0.0296973
12894 0 0.0298302
12894.6 0 0.0299631
12895.2 0 0.0300959
12895.8 0 0.0302288
12896.4 0 0.0303617
12897 0 0.0304946
12897.6 0 0.0306275
12898.1 0 0.0307604
12898.7 0 0.0308933
12899.2 0 0.0310262
12899.8 0 0.0311592
12900.3 0 0.0312921
12900.7 0 0.0314256
12901.2 0 0.0315591
12901.6 0 0.0316926
12902 0 0.0318261
12902.5 0 0.0319597
12902.9 0 0.0320932
12903.3 0 0.0322267
12903.7 0 0.0323602
12904.1 0 0.0324938
12904.5 0 0.0326273
12904.8 0 0.0327608
12905.2 0 0.0328943
12905.5 0 0.0330279
12905.9 0 0.0331614
12906.2 0 0.0332949
12906.6 0 0.0334285
12906.9 0 0.033562
12907.2 0 0.0336955
12907.5 0 0.0338291
12907.9 0 0.0339626
12908.2 0 0.0340961
12908.5 0 0.0342296
12908.8 0 0.0343631
12909 0 0.0344967
12909.3 0 0.0346302
12909.6 0 0.0347637
12909.9 0 0.0348972
12910.2 0 0.0350307
12910.4 0 0.0351642
12910.7 0 0.0352977
12910.9 0 0.0354311
12911.2 0 0.0355646
12911.4 0 0.0356981
12911.7 0 0.0358316
12911.9 0 0.035965
12912.2 0 0.0360985
12912.4 0 0.0362319
12912.6 0 0.0363654
12912.9 0 0.0364988
12913.1 0 0.0366323
12913.3 0 0.0367657
12913.5 0 0.0368991
12913.7 0 0.0370325
12913.9 0 0.0371659
12914.1 0 0.0372993
12914.3 0 0.0374327
12914.5 0 0.0375661
12914.7 0 0.0376995
12914.9 0 0.0378329
12915.1 0 0.0379662
12915.3 0 0.0380996
12915.5 0 0.038233
12915.7 0 0.0383663
12915.9 0 0.0384997
12916 0 0.038633
12916.2 0 0.0387663
12916.4 0 0.0388996
12916.6 0 0.039033
12916.7 0 0.0391663
12916.9 0 0.0392996
12917 0 0.0394329
12917.2 0 0.0395661
12917.4 0 0.0396994
12917.5 0 0.0398327
12917.7 0 0.039966
12917.8 0 0.0400992
12918 0 0.0402325
12918.1 0 0.0403657
12918.2 0 0.0404989
12918.4 0 0.0406322
12918.5 0 0.0407654
12918.7 0 0.0408986
12918.8 0 0.0410318
12918.9 0 0.041165
12919.1 0 0.0412982
12919.3 0 0.0414314
12919.6 0 0.0415645
12920.2 0 0.0416975
12921.1 0 0.0418305
12922.2 0 0.0419634
12923.4 0 0.0420962
12924.8 0 0.042229
12926.3 0 0.0423617
12927.9 0 0.0424944
12929.8 0 0.042627
12931.8 0 0.0427595
12933.7 0 0.0428921
12935.7 0 0.0430247
12937.6 0 0.0431572
12939.6 0 0.0432897
12941.8 0 0.0434222
12944.1 0 0.0435546
12946.6 0 0.0436869
12949.3 0 0.0438192
12951.9 0 0.0439515
12954.5 0 0.0440837
12957.1 0 0.044216
12959.7 0 0.0443483
12962.3 0 0.0444805
12964.9 0 0.0446127
12967.5 0 0.0447449
12970.2 0 0.0448771
12973 0 0.0450093
12976 0 0.0451413
12979.1 0 0.0452733
12982.4 0 0.0454053
12985.6 0 0.0455372
12988.8 0 0.0456691
12992 0 0.0458009
12995.2 0 0.0459327
12998.4 0 0.0460645
13001.6 0 0.0461963
13004.8 0 0.0463281
13008 0 0.0464599
13011.2 0 0.0465916
13014.4 0 0.0467233
13017.6 0 0.0468551
13020.9 0 0.0469868
13024.2 0 0.0471184
13027.7 0 0.04725
13031.3 0 0.0473815
13035 0 0.0475129
13038.8 0 0.0476443
13042.5 0 0.0477757
13046.3 0 0.0479071
13050 0 0.0480385
13053.7 0 0.0481699
13057.5 0 0.0483012
13061.2 0 0.0484326
13064.9 0 0.0485639
13068.7 0 0.0486952
13072.4 0 0.0488265
13076.1 0 0.0489578
13079.8 0 0.049089
13083.5 0 0.0492203
13087.2 0 0.0493515
13090.9 0 0.0494827
13094.6 0 0.0496139
13098.4 0 0.0497451
13102.2 0 0.0498762
13106.1 0 0.0500073
13110 0 0.0501383
13114.2 0 0.0502692
13118.4 0 0.0504001
13122.6 0 0.0505309
13126.8 0 0.0506618
13130.9 0 0.0507926
13135.1 0 0.0509234
13139.3 0 0.0510542
13143.5 0 0.051185
13147.6 0 0.0513157
13151.8 0 0.0514464
13155.9 0 0.0515772
13160.1 0 0.0517078
13164.3 0 0.0518385
13168.4 0 0.0519692
13172.5 0 0.0520998
13176.7 0 0.0522304
13180.8 0 0.052361
13185 0 0.0524916
13189.1 0 0.0526222
13193.2 0 0.0527527
13197.4 0 0.0528832
13201.5 0 0.0530137
13205.6 0 0.0531442
13209.7 0 0.0532746
13213.9 0 0.0534051
13218.1 0 0.0535354
13222.4 0 0.0536657
13226.7 0 0.0537959
13231.2 0 0.0539261
13235.7 0 0.0540562
13240.2 0 0.0541862
13244.8 0 0.0543163
13249.3 0 0.0544463
13253.8 0 0.0545763
13258.3 0 0.0547063
13262.8 0 0.0548363
13267.3 0 0.0549662
13271.8 0 0.0550961
13276.3 0 0.055226
13280.8 0 0.0553558
13285.3 0 0.0554857
13289.8 0 0.0556155
13294.3 0 0.0557453
13298.7 0 0.055875
13303.2 0 0.0560047
13307.7 0 0.0561345
13312.2 0 0.0562641
13316.6 0 0.0563938
13321.1 0 0.0565234
13325.5 0 0.056653
13330 0 0.0567826
13334.4 0 0.0569122
13338.9 0 0.0570417
13343.3 0 0.0571712
13347.7 0 0.0573007
13352.2 0 0.0574301
13356.6 0 0.0575595
13361 0 0.0576889
13365.5 0 0.0578183
13369.9 0 0.0579476
13374.3 0 0.0580769
13378.8 0 0.0582062
13383.3 0 0.0583353
13387.9 0 0.0584645
13392.5 0 0.0585935
13397.2 0 0.0587224
13402 0 0.0588513
13406.7 0 0.0589802
13411.5 0 0.0591091
13416.2 0 0.0592379
13420.9 0 0.0593667
13425.7 0 0.0594954
13430.4 0 0.0596242
13435.1 0 0.0597529
13439.8 0 0.0598815
13444.5 0 0.0600102
13449.3 0 0.0601388
13454 0 0.0602674
13458.7 0 0.0603959
13463.4 0 0.0605245
13468.1 0 0.060653
13472.8 0 0.0607814
13477.4 0 0.0609099
13482.1 0 0.0610383
13486.8 0 0.0611667
13491.5 0 0.061295
13496.2 0 0.0614233
13500.8 0 0.0615516
13505.5 0 0.0616799
13510.1 0 0.0618081
13514.8 0 0.0619363
13519.5 0 0.0620645
13524.1 0 0.0621926
13528.8 0 0.0623207
13533.4 0 0.0624488
13538 0 0.0625769
13542.7 0 0.0627049
13547.3 0 0.0628329
13551.9 0 0.0629608
13556.6 0 0.0630888
13561.2 0 0.0632167
13565.8 0 0.0633446
13570.4 0 0.0634724
13575 0 0.0636002
13579.6 0 0.063728
13584.2 0 0.0638558
13588.8 0 0.0639835
13593.4 0 0.0641112
13598 0 0.0642388
13602.7 0 0.0643664
13607.4 0 0.0644939
13612.1 0 0.0646213
13616.8 0 0.0647487
13621.6 0 0.0648759
13410.3 0 0.0648687
13470.1 0 0.0649545
13494.5 0 0.0650551
