0 -58.4752 -2.26119e-06
634.56 0 9.79475e-05
1173.57 0 0.000202818
1709.92 0 0.00030764
2243.81 0 0.000412303
2775.24 0 0.000516747
3304.22 0 0.000620966
3830.74 0 0.000724951
4354.77 0 0.000828696
4876.15 0 0.000932203
5394.56 0 0.00103548
5909.16 0 0.00113855
6418.2 0 0.00124148
6918.36 0 0.00134437
7403.99 0 0.00144741
7866.83 0 0.00155091
8297.18 0 0.00165521
8686.59 0 0.00176067
9030.8 0 0.00186748
9330.49 0 0.00197579
9590.04 0 0.00208549
9815.21 0 0.00219652
10011.7 0 0.00230875
10184.8 0 0.00242191
10338.5 0 0.00253585
10475.8 0 0.00265045
10599.4 0 0.00276567
10711.4 0 0.0028815
10812.7 0 0.00299847
10905.5 0 0.00311586
10991.1 0 0.00323365
11070.4 0 0.00335177
11143.9 0 0.00347028
11212.1 0 0.00358929
11276 0 0.00370855
11335.9 0 0.00382806
11392.3 0 0.00394779
11445.5 0 0.00406771
11495.9 0 0.00418781
11543.8 0 0.00430807
11589.3 0 0.00442849
11632.4 0 0.00454919
11673.3 0 0.00467023
11712.4 0 0.00479139
11749.8 0 0.00491267
11785.6 0 0.00503405
11820.1 0 0.00515552
11853.2 0 0.00527708
11885.1 0 0.00539871
11915.6 0 0.00552074
11945 0 0.00564304
11972.9 0 0.00576564
11999.8 0 0.00588833
12025.7 0 0.00601107
12050.7 0 0.00613394
12074.7 0 0.00625725
12097.7 0 0.00638063
12119.8 0 0.00650409
12141.1 0 0.00662757
12161.8 0 0.00675108
12181.9 0 0.0068746
12201.4 0 0.00699815
12220.3 0 0.0071217
12238.6 0 0.00724526
12256.3 0 0.00736883
12273.3 0 0.00749258
12289.7 0 0.00761643
12305.5 0 0.00774028
12320.9 0 0.00786413
12335.7 0 0.00798796
12349.8 0 0.00811173
12363.5 0 0.00823548
12376.5 0 0.00835997
12388.8 0 0.00848508
12400.7 0 0.00861017
12412.4 0 0.00873526
12423.7 0 0.00886032
12434.7 0 0.00898536
12445.5 0 0.00911038
12455.9 0 0.00923539
12466.1 0 0.00936037
12476 0 0.00948534
12485.7 0 0.00961029
12495.1 0 0.00973522
12504.3 0 0.00986015
12513.2 0 0.00998506
12521.8 0 0.01011
12530.3 0 0.0102349
12538.4 0 0.0103598
12546.4 0 0.0104846
12554.2 0 0.0106095
12561.7 0 0.0107344
12569 0 0.0108593
12576.2 0 0.0109841
12583.1 0 0.0111089
12589.9 0 0.0112338
12596.5 0 0.0113586
12603 0 0.0114834
12609.3 0 0.0116081
12615.5 0 0.0117329
12621.6 0 0.0118576
12627.5 0 0.0119823
12633.3 0 0.0121071
12638.9 0 0.0122323
12644.3 0 0.0123579
12649.5 0 0.0124837
12654.6 0 0.0126096
12659.6 0 0.0127353
12664.4 0 0.0128611
12669.2 0 0.0129868
12673.9 0 0.0131125
12678.6 0 0.0132382
12683.1 0 0.0133639
12687.6 0 0.0134896
12692 0 0.0136152
12696.3 0 0.0137409
12700.6 0 0.0138665
12704.8 0 0.0139922
12708.9 0 0.0141178
12713 0 0.0142435
12717 0 0.0143691
12720.9 0 0.0144947
12724.7 0 0.0146204
12728.5 0 0.014746
12732.1 0 0.0148716
12735.7 0 0.0149971
12739.2 0 0.0151227
12742.7 0 0.0152482
12746 0 0.0153738
12749.3 0 0.0154993
12752.5 0 0.0156249
12755.5 0 0.0157507
12758.3 0 0.0158765
12761.2 0 0.0160023
12763.9 0 0.0161281
12766.6 0 0.016254
12769.2 0 0.0163798
12771.7 0 0.0165059
12774.1 0 0.0166324
12776.4 0 0.0167589
12778.6 0 0.0168854
12780.8 0 0.0170118
12783 0 0.0171383
12785.1 0 0.0172648
12787.2 0 0.0173913
12789.2 0 0.0175177
12791.2 0 0.0176442
12793.2 0 0.0177706
12795.1 0 0.0178971
12797 0 0.0180235
12798.8 0 0.0181499
12800.6 0 0.0182763
12802.4 0 0.0184027
12804.2 0 0.018529
12805.9 0 0.0186554
12807.7 0 0.0187817
12809.4 0 0.0189081
12811 0 0.0190344
12812.7 0 0.0191607
12814.3 0 0.0192869
12815.9 0 0.0194132
12817.5 0 0.0195394
12819.1 0 0.0196656
12820.7 0 0.0197918
12822.2 0 0.019918
12823.7 0 0.0200442
12825.2 0 0.0201704
12826.7 0 0.0202965
12828.2 0 0.0204226
12829.7 0 0.0205487
12831.1 0 0.0206748
12832.6 0 0.0208009
12834 0 0.0209269
12835.4 0 0.0210529
12836.8 0 0.021179
12838.2 0 0.021305
12839.5 0 0.021431
12840.9 0 0.0215569
12842.2 0 0.0216829
12843.6 0 0.0218088
12844.9 0 0.0219348
12846.2 0 0.0220607
12847.5 0 0.0221866
12848.7 0 0.0223125
12850 0 0.0224383
12851.3 0 0.0225642
12852.5 0 0.0226901
12853.7 0 0.0228159
12855 0 0.0229417
12856.2 0 0.0230676
12857.4 0 0.0231934
12858.5 0 0.0233192
12859.7 0 0.023445
12860.9 0 0.0235707
12862 0 0.0236965
12863.1 0 0.0238222
12864.3 0 0.023948
12865.4 0 0.0240737
12866.4 0 0.0241994
12867.5 0 0.0243252
12868.6 0 0.0244509
12869.6 0 0.0245766
12870.7 0 0.0247023
12871.7 0 0.024828
12872.7 0 0.0249537
12873.7 0 0.0250795
12874.7 0 0.0252052
12875.7 0 0.0253309
12876.6 0 0.0254566
12877.5 0 0.0255823
12878.5 0 0.025708
12879.4 0 0.0258337
12880.3 0 0.0259595
12881.2 0 0.0260852
12882 0 0.0262109
12882.9 0 0.0263367
12883.7 0 0.0264624
12884.6 0 0.0265881
12885.4 0 0.0267139
12886.2 0 0.0268396
12886.9 0 0.0269654
12887.7 0 0.0270911
12888.5 0 0.0272169
12889.2 0 0.0273427
12889.9 0 0.0274684
12890.6 0 0.0275942
12891.3 0 0.02772
12892 0 0.0278458
12892.7 0 0.0279716
12893.3 0 0.0280974
12894 0 0.0282232
12894.6 0 0.028349
12895.2 0 0.0284748
12895.8 0 0.0286006
12896.4 0 0.0287264
12897 0 0.0288522
12897.6 0 0.0289781
12898.1 0 0.0291039
12898.7 0 0.0292297
12899.2 0 0.0293555
12899.8 0 0.0294814
12900.3 0 0.0296072
12900.7 0 0.0297337
12901.2 0 0.0298602
12901.6 0 0.0299867
12902 0 0.0301132
12902.5 0 0.0302397
12902.9 0 0.0303662
12903.3 0 0.0304927
12903.7 0 0.0306192
12904.1 0 0.0307457
12904.5 0 0.0308722
12904.8 0 0.0309987
12905.2 0 0.0311252
12905.5 0 0.0312517
12905.9 0 0.0313782
12906.2 0 0.0315047
12906.6 0 0.0316312
12906.9 0 0.0317577
12907.2 0 0.0318842
12907.5 0 0.0320107
12907.9 0 0.0321372
12908.2 0 0.0322636
12908.5 0 0.0323901
12908.8 0 0.0325166
12909 0 0.0326431
12909.3 0 0.0327696
12909.6 0 0.032896
12909.9 0 0.0330225
12910.2 0 0.033149
12910.4 0 0.0332754
12910.7 0 0.0334019
12910.9 0 0.0335283
12911.2 0 0.0336548
12911.4 0 0.0337812
12911.7 0 0.0339076
12911.9 0 0.0340341
12912.2 0 0.0341605
12912.4 0 0.0342869
12912.6 0 0.0344133
12912.9 0 0.0345397
12913.1 0 0.0346661
12913.3 0 0.0347925
12913.5 0 0.0349189
12913.7 0 0.0350453
12913.9 0 0.0351716
12914.1 0 0.035298
12914.3 0 0.0354244
12914.5 0 0.0355507
12914.7 0 0.0356771
12914.9 0 0.0358034
12915.1 0 0.0359297
12915.3 0 0.0360561
12915.5 0 0.0361824
12915.7 0 0.0363087
12915.9 0 0.036435
12916 0 0.0365613
12916.2 0 0.0366876
12916.4 0 0.0368139
12916.6 0 0.0369402
12916.7 0 0.0370664
12916.9 0 0.0371927
12917 0 0.037319
12917.2 0 0.0374452
12917.4 0 0.0375715
12917.5 0 0.0376977
12917.7 0 0.0378239
12917.8 0 0.0379502
12918 0 0.0380764
12918.1 0 0.0382026
12918.2 0 0.0383288
12918.4 0 0.038455
12918.5 0 0.0385812
12918.7 0 0.0387074
12918.8 0 0.0388336
12918.9 0 0.0389597
12919.1 0 0.0390859
12919.3 0 0.039212
12919.6 0 0.0393381
12920.2 0 0.0394641
12921.1 0 0.0395901
12922.2 0 0.0397159
12923.4 0 0.0398417
12924.8 0 0.0399675
12926.3 0 0.0400932
12927.9 0 0.0402189
12929.8 0 0.0403445
12931.8 0 0.0404701
12933.7 0 0.0405956
12935.7 0 0.0407212
12937.6 0 0.0408467
12939.6 0 0.0409722
12941.8 0 0.0410977
12944.1 0 0.0412231
12946.6 0 0.0413484
12949.3 0 0.0414737
12951.9 0 0.041599
12954.5 0 0.0417243
12957.1 0 0.0418496
12959.7 0 0.0419748
12962.3 0 0.0421001
12964.9 0 0.0422253
12967.5 0 0.0423506
12970.2 0 0.0424758
12973 0 0.0426009
12976 0 0.042726
12979.1 0 0.042851
12982.4 0 0.042976
12985.6 0 0.043101
12988.8 0 0.0432258
12992 0 0.0433506
12995.2 0 0.0434755
12998.4 0 0.0436003
13001.6 0 0.0437251
13004.8 0 0.0438498
13008 0 0.0439746
13011.2 0 0.0440994
13014.4 0 0.0442241
13017.6 0 0.0443488
13020.9 0 0.0444735
13024.2 0 0.0445982
13027.7 0 0.0447227
13031.3 0 0.0448472
13035 0 0.0449717
13038.8 0 0.0450961
13042.5 0 0.0452206
13046.3 0 0.045345
13050 0 0.0454694
13053.7 0 0.0455937
13057.5 0 0.0457181
13061.2 0 0.0458425
13064.9 0 0.0459668
13068.7 0 0.0460911
13072.4 0 0.0462154
13076.1 0 0.0463397
13079.8 0 0.046464
13083.5 0 0.0465883
13087.2 0 0.0467125
13090.9 0 0.0468367
13094.6 0 0.046961
13098.4 0 0.0470851
13102.2 0 0.0472093
13106.1 0 0.0473334
13110 0 0.0474574
13114.2 0 0.0475813
13118.4 0 0.0477052
13122.6 0 0.0478291
13126.8 0 0.047953
13130.9 0 0.0480768
13135.1 0 0.0482007
13139.3 0 0.0483245
13143.5 0 0.0484483
13147.6 0 0.0485721
13151.8 0 0.0486958
13155.9 0 0.0488196
13160.1 0 0.0489433
13164.3 0 0.049067
13168.4 0 0.0491907
13172.5 0 0.0493144
13176.7 0 0.0494381
13180.8 0 0.0495617
13185 0 0.0496853
13189.1 0 0.0498089
13193.2 0 0.0499325
13197.4 0 0.050056
13201.5 0 0.0501796
13205.6 0 0.0503031
13209.7 0 0.0504266
13213.9 0 0.0505501
13218.1 0 0.0506734
13222.4 0 0.0507968
13226.7 0 0.0509201
13231.2 0 0.0510433
13235.7 0 0.0511664
13240.2 0 0.0512895
13244.8 0 0.0514126
13249.3 0 0.0515357
13253.8 0 0.0516588
13258.3 0 0.0517818
13262.8 0 0.0519048
13267.3 0 0.0520278
13271.8 0 0.0521508
13276.3 0 0.0522737
13280.8 0 0.0523967
13285.3 0 0.0525196
13289.8 0 0.0526424
13294.3 0 0.0527653
13298.7 0 0.0528881
13303.2 0 0.0530109
13307.7 0 0.0531337
13312.2 0 0.0532564
13316.6 0 0.0533792
13321.1 0 0.0535019
13325.5 0 0.0536246
13330 0 0.0537472
13334.4 0 0.0538698
13338.9 0 0.0539924
13343.3 0 0.054115
13347.7 0 0.0542376
13352.2 0 0.0543601
13356.6 0 0.0544826
13361 0 0.0546051
13365.5 0 0.0547275
13369.9 0 0.05485
13374.3 0 0.0549723
13378.8 0 0.0550946
13383.3 0 0.0552169
13387.9 0 0.0553391
13392.5 0 0.0554612
13397.2 0 0.0555832
13402 0 0.0557052
13406.7 0 0.0558272
13411.5 0 0.0559492
13416.2 0 0.0560711
13420.9 0 0.056193
13425.7 0 0.0563148
13430.4 0 0.0564367
13435.1 0 0.0565585
13439.8 0 0.0566802
13444.5 0 0.056802
13449.3 0 0.0569237
13454 0 0.0570454
13458.7 0 0.0571671
13463.4 0 0.0572887
13468.1 0 0.0574103
13472.8 0 0.0575319
13477.4 0 0.0576534
13482.1 0 0.0577749
13486.8 0 0.0578964
13491.5 0 0.0580179
13496.2 0 0.0581393
13500.8 0 0.0582607
13505.5 0 0.0583821
13510.1 0 0.0585034
13514.8 0 0.0586247
13519.5 0 0.058746
13524.1 0 0.0588673
13528.8 0 0.0589885
13533.4 0 0.0591097
13538 0 0.0592309
13542.7 0 0.059352
13547.3 0 0.0594731
13551.9 0 0.0595942
13556.6 0 0.0597153
13561.2 0 0.0598363
13565.8 0 0.0599573
13570.4 0 0.0600783
13575 0 0.0601992
13579.6 0 0.0603201
13584.2 0 0.060441
13588.8 0 0.0605618
13593.4 0 0.0606827
13598 0 0.0608034
13602.7 0 0.0609241
13607.4 0 0.0610447
13612.1 0 0.0611653
13616.8 0 0.0612857
13621.6 0 0.0614061
13410.3 0 0.0613923
13470.1 0 0.0614714
13494.5 0 0.0615652
