0 -58.4752 -2.26119e-06
634.56 0 2.07047e-05
1173.57 0 4.83561e-05
1709.92 0 7.59554e-05
2243.81 0 0.000103397
2775.24 0 0.000130618
3304.22 0 0.000157611
3830.74 0 0.00018437
4354.77 0 0.000210889
4876.15 0 0.00023717
5394.56 0 0.000263223
5909.16 0 0.000289071
6418.2 0 0.00031477
6918.36 0 0.000340432
7403.99 0 0.000366253
7866.83 0 0.000392521
8297.18 0 0.0004196
8686.59 0 0.000447828
9030.8 0 0.000477417
9330.49 0 0.000508506
9590.04 0 0.00054099
9815.21 0 0.000574829
10011.7 0 0.000609909
10184.8 0 0.000645922
10338.5 0 0.000682707
10475.8 0 0.000720065
10599.4 0 0.000757994
10711.4 0 0.000796507
10812.7 0 0.000836213
10905.5 0 0.000876348
10991.1 0 0.000916863
11070.4 0 0.000957719
11143.9 0 0.00099895
11212.1 0 0.00104068
11276 0 0.00108267
11335.9 0 0.00112489
11392.3 0 0.00116733
11445.5 0 0.00120996
11495.9 0 0.00125277
11543.8 0 0.00129574
11589.3 0 0.00133886
11632.4 0 0.00138228
11673.3 0 0.00142604
11712.4 0 0.00146993
11749.8 0 0.00151393
11785.6 0 0.00155804
11820.1 0 0.00160223
11853.2 0 0.00164651
11885.1 0 0.00169087
11915.6 0 0.00173569
11945 0 0.00178085
11972.9 0 0.00182625
11999.8 0 0.00187174
12025.7 0 0.00191729
12050.7 0 0.00196299
12074.7 0 0.0020092
12097.7 0 0.00205545
12119.8 0 0.0021017
12141.1 0 0.00214798
12161.8 0 0.00219429
12181.9 0 0.00224062
12201.4 0 0.00228696
12220.3 0 0.00233332
12238.6 0 0.00237968
12256.3 0 0.00242605
12273.3 0 0.0024726
12289.7 0 0.00251924
12305.5 0 0.00256588
12320.9 0 0.00261251
12335.7 0 0.00265908
12349.8 0 0.00270545
12363.5 0 0.0027518
12376.5 0 0.00279905
12388.8 0 0.00284704
12400.7 0 0.00289501
12412.4 0 0.00294297
12423.7 0 0.00299091
12434.7 0 0.00303883
12445.5 0 0.00308674
12455.9 0 0.00313462
12466.1 0 0.00318249
12476 0 0.00323034
12485.7 0 0.00327817
12495.1 0 0.003326
12504.3 0 0.00337381
12513.2 0 0.00342162
12521.8 0 0.00346941
12530.3 0 0.00351721
12538.4 0 0.00356499
12546.4 0 0.00361278
12554.2 0 0.00366055
12561.7 0 0.00370832
12569 0 0.00375608
12576.2 0 0.00380383
12583.1 0 0.00385157
12589.9 0 0.0038993
12596.5 0 0.00394701
12603 0 0.00399471
12609.3 0 0.00404238
12615.5 0 0.00409003
12621.6 0 0.00413767
12627.5 0 0.00418527
12633.3 0 0.00423303
12638.9 0 0.00428117
12644.3 0 0.00432991
12649.5 0 0.0043789
12654.6 0 0.00442784
12659.6 0 0.00447664
12664.4 0 0.00452543
12669.2 0 0.0045742
12673.9 0 0.00462295
12678.6 0 0.0046717
12683.1 0 0.00472043
12687.6 0 0.00476915
12692 0 0.00481786
12696.3 0 0.00486656
12700.6 0 0.00491526
12704.8 0 0.00496396
12708.9 0 0.00501266
12713 0 0.00506136
12717 0 0.00511006
12720.9 0 0.00515877
12724.7 0 0.00520749
12728.5 0 0.00525621
12732.1 0 0.00530483
12735.7 0 0.00535334
12739.2 0 0.00540186
12742.7 0 0.00545037
12746 0 0.00549889
12749.3 0 0.00554742
12752.5 0 0.00559594
12755.5 0 0.00564449
12758.3 0 0.00569305
12761.2 0 0.0057416
12763.9 0 0.00579016
12766.6 0 0.00583872
12769.2 0 0.00588727
12771.7 0 0.00593613
12774.1 0 0.00598537
12776.4 0 0.00603461
12778.6 0 0.00608385
12780.8 0 0.00613309
12783 0 0.00618232
12785.1 0 0.00623153
12787.2 0 0.00628074
12789.2 0 0.00632994
12791.2 0 0.00637913
12793.2 0 0.00642831
12795.1 0 0.00647747
12797 0 0.00652662
12798.8 0 0.00657575
12800.6 0 0.00662487
12802.4 0 0.00667397
12804.2 0 0.00672305
12805.9 0 0.00677212
12807.7 0 0.00682117
12809.4 0 0.00687021
12811 0 0.00691922
12812.7 0 0.00696822
12814.3 0 0.0070172
12815.9 0 0.00706617
12817.5 0 0.00711511
12819.1 0 0.00716404
12820.7 0 0.00721295
12822.2 0 0.00726185
12823.7 0 0.00731072
12825.2 0 0.00735958
12826.7 0 0.00740842
12828.2 0 0.00745725
12829.7 0 0.00750605
12831.1 0 0.00755484
12832.6 0 0.00760362
12834 0 0.00765237
12835.4 0 0.00770112
12836.8 0 0.00774984
12838.2 0 0.00779855
12839.5 0 0.00784725
12840.9 0 0.00789593
12842.2 0 0.0079446
12843.6 0 0.00799325
12844.9 0 0.00804189
12846.2 0 0.00809052
12847.5 0 0.00813913
12848.7 0 0.00818773
12850 0 0.00823633
12851.3 0 0.0082849
12852.5 0 0.00833347
12853.7 0 0.00838203
12855 0 0.00843058
12856.2 0 0.00847912
12857.4 0 0.00852765
12858.5 0 0.00857618
12859.7 0 0.00862469
12860.9 0 0.00867316
12862 0 0.00872163
12863.1 0 0.00877009
12864.3 0 0.00881855
12865.4 0 0.008867
12866.4 0 0.00891545
12867.5 0 0.00896389
12868.6 0 0.00901233
12869.6 0 0.00906077
12870.7 0 0.0091092
12871.7 0 0.00915764
12872.7 0 0.00920607
12873.7 0 0.0092545
12874.7 0 0.00930293
12875.7 0 0.00935136
12876.6 0 0.0093998
12877.5 0 0.00944823
12878.5 0 0.00949667
12879.4 0 0.00954511
12880.3 0 0.00959355
12881.2 0 0.00964199
12882 0 0.00969044
12882.9 0 0.00973889
12883.7 0 0.00978734
12884.6 0 0.0098358
12885.4 0 0.00988426
12886.2 0 0.00993273
12886.9 0 0.0099812
12887.7 0 0.0100297
12888.5 0 0.0100781
12889.2 0 0.0101266
12889.9 0 0.0101751
12890.6 0 0.0102236
12891.3 0 0.0102721
12892 0 0.0103206
12892.7 0 0.0103691
12893.3 0 0.0104176
12894 0 0.0104661
12894.6 0 0.0105146
12895.2 0 0.0105631
12895.8 0 0.0106116
12896.4 0 0.0106601
12897 0 0.0107086
12897.6 0 0.0107571
12898.1 0 0.0108056
12898.7 0 0.0108541
12899.2 0 0.0109027
12899.8 0 0.0109512
12900.3 0 0.0109997
12900.7 0 0.011049
12901.2 0 0.0110982
12901.6 0 0.0111474
12902 0 0.0111967
12902.5 0 0.0112459
12902.9 0 0.0112952
12903.3 0 0.0113444
12903.7 0 0.0113937
12904.1 0 0.0114429
12904.5 0 0.0114922
12904.8 0 0.0115414
12905.2 0 0.0115907
12905.5 0 0.0116399
12905.9 0 0.0116892
12906.2 0 0.0117384
12906.6 0 0.0117877
12906.9 0 0.0118369
12907.2 0 0.0118861
12907.5 0 0.0119354
12907.9 0 0.0119846
12908.2 0 0.0120338
12908.5 0 0.0120831
12908.8 0 0.0121323
12909 0 0.0121815
12909.3 0 0.0122307
12909.6 0 0.0122799
12909.9 0 0.0123291
12910.2 0 0.0123784
12910.4 0 0.0124275
12910.7 0 0.0124767
12910.9 0 0.0125259
12911.2 0 0.0125751
12911.4 0 0.0126243
12911.7 0 0.0126735
12911.9 0 0.0127226
12912.2 0 0.0127718
12912.4 0 0.0128209
12912.6 0 0.0128701
12912.9 0 0.0129192
12913.1 0 0.0129684
12913.3 0 0.0130175
12913.5 0 0.0130666
12913.7 0 0.0131157
12913.9 0 0.0131649
12914.1 0 0.013214
12914.3 0 0.0132631
12914.5 0 0.0133122
12914.7 0 0.0133612
12914.9 0 0.0134103
12915.1 0 0.0134594
12915.3 0 0.0135085
12915.5 0 0.0135575
12915.7 0 0.0136066
12915.9 0 0.0136556
12916 0 0.0137047
12916.2 0 0.0137537
12916.4 0 0.0138028
12916.6 0 0.0138518
12916.7 0 0.0139008
12916.9 0 0.0139498
12917 0 0.0139988
12917.2 0 0.0140478
12917.4 0 0.0140968
12917.5 0 0.0141458
12917.7 0 0.0141948
12917.8 0 0.0142437
12918 0 0.0142927
12918.1 0 0.0143416
12918.2 0 0.0143906
12918.4 0 0.0144395
12918.5 0 0.0144885
12918.7 0 0.0145374
12918.8 0 0.0145863
12918.9 0 0.0146352
12919.1 0 0.0146842
12919.3 0 0.014733
12919.6 0 0.0147819
12920.2 0 0.0148307
12921.1 0 0.0148793
12922.2 0 0.014928
12923.4 0 0.0149765
12924.8 0 0.0150251
12926.3 0 0.0150736
12927.9 0 0.015122
12929.8 0 0.0151704
12931.8 0 0.0152187
12933.7 0 0.0152671
12935.7 0 0.0153154
12937.6 0 0.0153637
12939.6 0 0.015412
12941.8 0 0.0154602
12944.1 0 0.0155084
12946.6 0 0.0155566
12949.3 0 0.0156047
12951.9 0 0.0156527
12954.5 0 0.0157008
12957.1 0 0.0157489
12959.7 0 0.0157969
12962.3 0 0.015845
12964.9 0 0.015893
12967.5 0 0.015941
12970.2 0 0.015989
12973 0 0.016037
12976 0 0.0160849
12979.1 0 0.0161327
12982.4 0 0.0161805
12985.6 0 0.0162283
12988.8 0 0.0162759
12992 0 0.0163235
12995.2 0 0.0163711
12998.4 0 0.0164187
13001.6 0 0.0164663
13004.8 0 0.0165138
13008 0 0.0165614
13011.2 0 0.0166089
13014.4 0 0.0166565
13017.6 0 0.016704
13020.9 0 0.0167514
13024.2 0 0.0167989
13027.7 0 0.0168462
13031.3 0 0.0168935
13035 0 0.0169408
13038.8 0 0.016988
13042.5 0 0.0170352
13046.3 0 0.0170824
13050 0 0.0171296
13053.7 0 0.0171768
13057.5 0 0.0172239
13061.2 0 0.0172711
13064.9 0 0.0173182
13068.7 0 0.0173653
13072.4 0 0.0174125
13076.1 0 0.0174595
13079.8 0 0.0175066
13083.5 0 0.0175537
13087.2 0 0.0176007
13090.9 0 0.0176478
13094.6 0 0.0176948
13098.4 0 0.0177418
13102.2 0 0.0177887
13106.1 0 0.0178356
13110 0 0.0178824
13114.2 0 0.0179292
13118.4 0 0.0179759
13122.6 0 0.0180226
13126.8 0 0.0180693
13130.9 0 0.0181159
13135.1 0 0.0181626
13139.3 0 0.0182092
13143.5 0 0.0182558
13147.6 0 0.0183024
13151.8 0 0.018349
13155.9 0 0.0183956
13160.1 0 0.0184421
13164.3 0 0.0184887
13168.4 0 0.0185352
13172.5 0 0.0185817
13176.7 0 0.0186282
13180.8 0 0.0186746
13185 0 0.0187211
13189.1 0 0.0187675
13193.2 0 0.0188139
13197.4 0 0.0188603
13201.5 0 0.0189067
13205.6 0 0.018953
13209.7 0 0.0189993
13213.9 0 0.0190456
13218.1 0 0.0190918
13222.4 0 0.019138
13226.7 0 0.0191841
13231.2 0 0.0192301
13235.7 0 0.0192761
13240.2 0 0.0193221
13244.8 0 0.019368
13249.3 0 0.019414
13253.8 0 0.0194599
13258.3 0 0.0195058
13262.8 0 0.0195516
13267.3 0 0.0195975
13271.8 0 0.0196433
13276.3 0 0.0196891
13280.8 0 0.0197349
13285.3 0 0.0197806
13289.8 0 0.0198263
13294.3 0 0.019872
13298.7 0 0.0199177
13303.2 0 0.0199634
13307.7 0 0.020009
13312.2 0 0.0200546
13316.6 0 0.0201002
13321.1 0 0.0201458
13325.5 0 0.0201913
13330 0 0.0202369
13334.4 0 0.0202824
13338.9 0 0.0203278
13343.3 0 0.0203733
13347.7 0 0.0204187
13352.2 0 0.0204641
13356.6 0 0.0205095
13361 0 0.0205548
13365.5 0 0.0206001
13369.9 0 0.0206454
13374.3 0 0.0206907
13378.8 0 0.0207359
13383.3 0 0.020781
13387.9 0 0.0208261
13392.5 0 0.0208711
13397.2 0 0.0209159
13402 0 0.0209608
13406.7 0 0.0210057
13411.5 0 0.0210505
13416.2 0 0.0210953
13420.9 0 0.0211401
13425.7 0 0.0211849
13430.4 0 0.0212296
13435.1 0 0.0212743
13439.8 0 0.021319
13444.5 0 0.0213636
13449.3 0 0.0214082
13454 0 0.0214528
13458.7 0 0.0214974
13463.4 0 0.0215419
13468.1 0 0.0215864
13472.8 0 0.0216309
13477.4 0 0.0216754
13482.1 0 0.0217198
13486.8 0 0.0217642
13491.5 0 0.0218085
13496.2 0 0.0218529
13500.8 0 0.0218972
13505.5 0 0.0219415
13510.1 0 0.0219857
13514.8 0 0.0220299
13519.5 0 0.0220741
13524.1 0 0.0221183
13528.8 0 0.0221625
13533.4 0 0.0222066
13538 0 0.0222506
13542.7 0 0.0222947
13547.3 0 0.0223387
13551.9 0 0.0223827
13556.6 0 0.0224267
13561.2 0 0.0224706
13565.8 0 0.0225146
13570.4 0 0.0225584
13575 0 0.0226023
13579.6 0 0.0226461
13584.2 0 0.0226899
13588.8 0 0.0227337
13593.4 0 0.0227774
13598 0 0.0228211
13602.7 0 0.0228647
13607.4 0 0.0229082
13612.1 0 0.0229517
13616.8 0 0.0229951
13621.6 0 0.0230383
13410.3 0 0.0229477
13470.1 0 0.0229499
13494.5 0 0.0229668
