0 -58.4752 -2.26119e-06
634.56 0 1.76602e-05
1173.57 0 4.22791e-05
1709.92 0 6.6844e-05
2243.81 0 9.12524e-05
2775.24 0 0.000115438
3304.22 0 0.000139396
3830.74 0 0.000163118
4354.77 0 0.000186602
4876.15 0 0.000209847
5394.56 0 0.000232864
5909.16 0 0.000255676
6418.2 0 0.00027834
6918.36 0 0.000300966
7403.99 0 0.000323752
7866.83 0 0.000346985
8297.18 0 0.000371027
8686.59 0 0.000396219
9030.8 0 0.000422772
9330.49 0 0.000450827
9590.04 0 0.000480281
9815.21 0 0.000511103
10011.7 0 0.000543183
10184.8 0 0.000576201
10338.5 0 0.000609989
10475.8 0 0.000644301
10599.4 0 0.000679163
10711.4 0 0.000714592
10812.7 0 0.000751245
10905.5 0 0.000788325
10991.1 0 0.000825784
11070.4 0 0.000863581
11143.9 0 0.000901752
11212.1 0 0.00094042
11276 0 0.000979344
11335.9 0 0.0010185
11392.3 0 0.00105787
11445.5 0 0.00109744
11495.9 0 0.00113718
11543.8 0 0.00117708
11589.3 0 0.00121713
11632.4 0 0.00125748
11673.3 0 0.00129818
11712.4 0 0.00133901
11749.8 0 0.00137995
11785.6 0 0.00142099
11820.1 0 0.00146212
11853.2 0 0.00150334
11885.1 0 0.00154464
11915.6 0 0.00158643
11945 0 0.00162859
11972.9 0 0.00167098
11999.8 0 0.00171345
12025.7 0 0.00175598
12050.7 0 0.00179867
12074.7 0 0.00184191
12097.7 0 0.00188517
12119.8 0 0.0019284
12141.1 0 0.00197166
12161.8 0 0.00201494
12181.9 0 0.00205825
12201.4 0 0.00210157
12220.3 0 0.0021449
12238.6 0 0.00218824
12256.3 0 0.00223159
12273.3 0 0.00227511
12289.7 0 0.00231872
12305.5 0 0.00236233
12320.9 0 0.00240594
12335.7 0 0.00244945
12349.8 0 0.0024927
12363.5 0 0.00253592
12376.5 0 0.00258014
12388.8 0 0.00262514
12400.7 0 0.00267013
12412.4 0 0.0027151
12423.7 0 0.00276006
12434.7 0 0.002805
12445.5 0 0.00284992
12455.9 0 0.00289483
12466.1 0 0.00293971
12476 0 0.00298458
12485.7 0 0.00302944
12495.1 0 0.00307429
12504.3 0 0.00311912
12513.2 0 0.00316395
12521.8 0 0.00320877
12530.3 0 0.00325359
12538.4 0 0.0032984
12546.4 0 0.00334321
12554.2 0 0.00338802
12561.7 0 0.00343281
12569 0 0.0034776
12576.2 0 0.00352238
12583.1 0 0.00356715
12589.9 0 0.00361191
12596.5 0 0.00365665
12603 0 0.00370138
12609.3 0 0.00374608
12615.5 0 0.00379077
12621.6 0 0.00383543
12627.5 0 0.00388007
12633.3 0 0.00392487
12638.9 0 0.0039701
12644.3 0 0.00401596
12649.5 0 0.00406211
12654.6 0 0.00410819
12659.6 0 0.00415409
12664.4 0 0.00419998
12669.2 0 0.00424585
12673.9 0 0.0042917
12678.6 0 0.00433755
12683.1 0 0.00438338
12687.6 0 0.0044292
12692 0 0.00447502
12696.3 0 0.00452083
12700.6 0 0.00456663
12704.8 0 0.00461244
12708.9 0 0.00465825
12713 0 0.00470406
12717 0 0.00474988
12720.9 0 0.00479571
12724.7 0 0.00484155
12728.5 0 0.0048874
12732.1 0 0.00493311
12735.7 0 0.00497868
12739.2 0 0.00502426
12742.7 0 0.00506984
12746 0 0.00511543
12749.3 0 0.00516102
12752.5 0 0.00520659
12755.5 0 0.0052521
12758.3 0 0.0052976
12761.2 0 0.00534311
12763.9 0 0.00538861
12766.6 0 0.00543411
12769.2 0 0.0054796
12771.7 0 0.0055254
12774.1 0 0.00557161
12776.4 0 0.00561781
12778.6 0 0.005664
12780.8 0 0.00571019
12783 0 0.00575637
12785.1 0 0.00580253
12787.2 0 0.00584869
12789.2 0 0.00589483
12791.2 0 0.00594097
12793.2 0 0.00598708
12795.1 0 0.00603318
12797 0 0.00607927
12798.8 0 0.00612534
12800.6 0 0.0061714
12802.4 0 0.00621743
12804.2 0 0.00626345
12805.9 0 0.00630945
12807.7 0 0.00635544
12809.4 0 0.0064014
12811 0 0.00644735
12812.7 0 0.00649328
12814.3 0 0.00653919
12815.9 0 0.00658509
12817.5 0 0.00663097
12819.1 0 0.00667682
12820.7 0 0.00672266
12822.2 0 0.00676849
12823.7 0 0.00681429
12825.2 0 0.00686008
12826.7 0 0.00690585
12828.2 0 0.0069516
12829.7 0 0.00699734
12831.1 0 0.00704306
12832.6 0 0.00708876
12834 0 0.00713445
12835.4 0 0.00718012
12836.8 0 0.00722578
12838.2 0 0.00727142
12839.5 0 0.00731705
12840.9 0 0.00736266
12842.2 0 0.00740826
12843.6 0 0.00745384
12844.9 0 0.00749941
12846.2 0 0.00754497
12847.5 0 0.00759052
12848.7 0 0.00763606
12850 0 0.00768158
12851.3 0 0.00772709
12852.5 0 0.0077726
12853.7 0 0.00781809
12855 0 0.00786357
12856.2 0 0.00790905
12857.4 0 0.00795451
12858.5 0 0.00799997
12859.7 0 0.00804542
12860.9 0 0.00809083
12862 0 0.00813623
12863.1 0 0.00818163
12864.3 0 0.00822702
12865.4 0 0.00827241
12866.4 0 0.00831779
12867.5 0 0.00836317
12868.6 0 0.00840854
12869.6 0 0.00845391
12870.7 0 0.00849928
12871.7 0 0.00854465
12872.7 0 0.00859002
12873.7 0 0.00863539
12874.7 0 0.00868076
12875.7 0 0.00872613
12876.6 0 0.0087715
12877.5 0 0.00881687
12878.5 0 0.00886224
12879.4 0 0.00890761
12880.3 0 0.00895299
12881.2 0 0.00899837
12882 0 0.00904375
12882.9 0 0.00908914
12883.7 0 0.00913453
12884.6 0 0.00917992
12885.4 0 0.00922532
12886.2 0 0.00927072
12886.9 0 0.00931612
12887.7 0 0.00936152
12888.5 0 0.00940693
12889.2 0 0.00945235
12889.9 0 0.00949776
12890.6 0 0.00954318
12891.3 0 0.0095886
12892 0 0.00963402
12892.7 0 0.00967945
12893.3 0 0.00972487
12894 0 0.0097703
12894.6 0 0.00981573
12895.2 0 0.00986116
12895.8 0 0.00990659
12896.4 0 0.00995203
12897 0 0.00999746
12897.6 0 0.0100429
12898.1 0 0.0100883
12898.7 0 0.0101337
12899.2 0 0.0101792
12899.8 0 0.0102246
12900.3 0 0.0102701
12900.7 0 0.0103163
12901.2 0 0.0103625
12901.6 0 0.0104087
12902 0 0.0104549
12902.5 0 0.0105011
12902.9 0 0.0105473
12903.3 0 0.0105935
12903.7 0 0.0106397
12904.1 0 0.0106859
12904.5 0 0.0107321
12904.8 0 0.0107783
12905.2 0 0.0108245
12905.5 0 0.0108707
12905.9 0 0.0109169
12906.2 0 0.0109631
12906.6 0 0.0110093
12906.9 0 0.0110554
12907.2 0 0.0111016
12907.5 0 0.0111478
12907.9 0 0.011194
12908.2 0 0.0112402
12908.5 0 0.0112863
12908.8 0 0.0113325
12909 0 0.0113787
12909.3 0 0.0114248
12909.6 0 0.011471
12909.9 0 0.0115172
12910.2 0 0.0115633
12910.4 0 0.0116095
12910.7 0 0.0116556
12910.9 0 0.0117017
12911.2 0 0.0117479
12911.4 0 0.011794
12911.7 0 0.0118401
12911.9 0 0.0118862
12912.2 0 0.0119323
12912.4 0 0.0119784
12912.6 0 0.0120245
12912.9 0 0.0120706
12913.1 0 0.0121167
12913.3 0 0.0121628
12913.5 0 0.0122088
12913.7 0 0.0122549
12913.9 0 0.012301
12914.1 0 0.012347
12914.3 0 0.0123931
12914.5 0 0.0124391
12914.7 0 0.0124851
12914.9 0 0.0125312
12915.1 0 0.0125772
12915.3 0 0.0126232
12915.5 0 0.0126692
12915.7 0 0.0127152
12915.9 0 0.0127612
12916 0 0.0128072
12916.2 0 0.0128532
12916.4 0 0.0128992
12916.6 0 0.0129451
12916.7 0 0.0129911
12916.9 0 0.0130371
12917 0 0.013083
12917.2 0 0.013129
12917.4 0 0.0131749
12917.5 0 0.0132208
12917.7 0 0.0132668
12917.8 0 0.0133127
12918 0 0.0133586
12918.1 0 0.0134045
12918.2 0 0.0134504
12918.4 0 0.0134963
12918.5 0 0.0135422
12918.7 0 0.0135881
12918.8 0 0.0136339
12918.9 0 0.0136798
12919.1 0 0.0137257
12919.3 0 0.0137715
12919.6 0 0.0138173
12920.2 0 0.013863
12921.1 0 0.0139087
12922.2 0 0.0139542
12923.4 0 0.0139998
12924.8 0 0.0140453
12926.3 0 0.0140907
12927.9 0 0.0141361
12929.8 0 0.0141815
12931.8 0 0.0142268
12933.7 0 0.0142721
12935.7 0 0.0143174
12937.6 0 0.0143627
12939.6 0 0.0144079
12941.8 0 0.0144531
12944.1 0 0.0144983
12946.6 0 0.0145434
12949.3 0 0.0145884
12951.9 0 0.0146335
12954.5 0 0.0146785
12957.1 0 0.0147236
12959.7 0 0.0147686
12962.3 0 0.0148136
12964.9 0 0.0148587
12967.5 0 0.0149037
12970.2 0 0.0149486
12973 0 0.0149936
12976 0 0.0150384
12979.1 0 0.0150832
12982.4 0 0.015128
12985.6 0 0.0151728
12988.8 0 0.0152174
12992 0 0.0152619
12995.2 0 0.0153065
12998.4 0 0.0153511
13001.6 0 0.0153956
13004.8 0 0.0154401
13008 0 0.0154847
13011.2 0 0.0155292
13014.4 0 0.0155737
13017.6 0 0.0156182
13020.9 0 0.0156626
13024.2 0 0.015707
13027.7 0 0.0157513
13031.3 0 0.0157956
13035 0 0.0158398
13038.8 0 0.015884
13042.5 0 0.0159282
13046.3 0 0.0159724
13050 0 0.0160165
13053.7 0 0.0160607
13057.5 0 0.0161048
13061.2 0 0.016149
13064.9 0 0.0161931
13068.7 0 0.0162372
13072.4 0 0.0162812
13076.1 0 0.0163253
13079.8 0 0.0163694
13083.5 0 0.0164134
13087.2 0 0.0164574
13090.9 0 0.0165014
13094.6 0 0.0165454
13098.4 0 0.0165894
13102.2 0 0.0166333
13106.1 0 0.0166772
13110 0 0.016721
13114.2 0 0.0167647
13118.4 0 0.0168084
13122.6 0 0.0168521
13126.8 0 0.0168958
13130.9 0 0.0169394
13135.1 0 0.0169831
13139.3 0 0.0170267
13143.5 0 0.0170703
13147.6 0 0.0171139
13151.8 0 0.0171574
13155.9 0 0.017201
13160.1 0 0.0172445
13164.3 0 0.017288
13168.4 0 0.0173316
13172.5 0 0.017375
13176.7 0 0.0174185
13180.8 0 0.017462
13185 0 0.0175054
13189.1 0 0.0175488
13193.2 0 0.0175922
13197.4 0 0.0176356
13201.5 0 0.0176789
13205.6 0 0.0177223
13209.7 0 0.0177656
13213.9 0 0.0178089
13218.1 0 0.0178521
13222.4 0 0.0178952
13226.7 0 0.0179384
13231.2 0 0.0179814
13235.7 0 0.0180244
13240.2 0 0.0180673
13244.8 0 0.0181103
13249.3 0 0.0181532
13253.8 0 0.0181961
13258.3 0 0.018239
13262.8 0 0.0182819
13267.3 0 0.0183247
13271.8 0 0.0183675
13276.3 0 0.0184103
13280.8 0 0.0184531
13285.3 0 0.0184959
13289.8 0 0.0185386
13294.3 0 0.0185813
13298.7 0 0.018624
13303.2 0 0.0186667
13307.7 0 0.0187093
13312.2 0 0.0187519
13316.6 0 0.0187945
13321.1 0 0.0188371
13325.5 0 0.0188797
13330 0 0.0189222
13334.4 0 0.0189647
13338.9 0 0.0190072
13343.3 0 0.0190496
13347.7 0 0.0190921
13352.2 0 0.0191345
13356.6 0 0.0191769
13361 0 0.0192192
13365.5 0 0.0192616
13369.9 0 0.0193039
13374.3 0 0.0193462
13378.8 0 0.0193883
13383.3 0 0.0194305
13387.9 0 0.0194726
13392.5 0 0.0195146
13397.2 0 0.0195565
13402 0 0.0195984
13406.7 0 0.0196403
13411.5 0 0.0196821
13416.2 0 0.019724
13420.9 0 0.0197658
13425.7 0 0.0198075
13430.4 0 0.0198493
13435.1 0 0.019891
13439.8 0 0.0199327
13444.5 0 0.0199744
13449.3 0 0.020016
13454 0 0.0200577
13458.7 0 0.0200992
13463.4 0 0.0201408
13468.1 0 0.0201823
13472.8 0 0.0202239
13477.4 0 0.0202653
13482.1 0 0.0203068
13486.8 0 0.0203482
13491.5 0 0.0203896
13496.2 0 0.020431
13500.8 0 0.0204723
13505.5 0 0.0205136
13510.1 0 0.0205549
13514.8 0 0.0205962
13519.5 0 0.0206374
13524.1 0 0.0206786
13528.8 0 0.0207198
13533.4 0 0.0207609
13538 0 0.0208021
13542.7 0 0.0208432
13547.3 0 0.0208842
13551.9 0 0.0209252
13556.6 0 0.0209663
13561.2 0 0.0210072
13565.8 0 0.0210482
13570.4 0 0.0210891
13575 0 0.02113
13579.6 0 0.0211709
13584.2 0 0.0212117
13588.8 0 0.0212525
13593.4 0 0.0212933
13598 0 0.021334
13602.7 0 0.0213746
13607.4 0 0.0214151
13612.1 0 0.0214556
13616.8 0 0.0214961
13621.6 0 0.0215363
13410.3 0 0.021443
13470.1 0 0.0214422
13494.5 0 0.0214563
