0 -58.4752 -2.26119e-06
634.56 0 1.89145e-05
1173.57 0 4.4809e-05
1709.92 0 7.06463e-05
2243.81 0 9.63287e-05
2775.24 0 0.000121787
3304.22 0 0.000147014
3830.74 0 0.000172006
4354.77 0 0.000196759
4876.15 0 0.000221274
5394.56 0 0.000245561
5909.16 0 0.000269643
6418.2 0 0.000293577
6918.36 0 0.000317474
7403.99 0 0.000341529
7866.83 0 0.000366032
8297.18 0 0.000391345
8686.59 0 0.000417805
9030.8 0 0.000445626
9330.49 0 0.000474956
9590.04 0 0.00050569
9815.21 0 0.000537815
10011.7 0 0.000571228
10184.8 0 0.000605588
10338.5 0 0.000640714
10475.8 0 0.000676278
10599.4 0 0.000712355
10711.4 0 0.000748967
10812.7 0 0.00078686
10905.5 0 0.000825176
10991.1 0 0.000863867
11070.4 0 0.000902895
11143.9 0 0.000942292
11212.1 0 0.000982182
11276 0 0.00102232
11335.9 0 0.0010627
11392.3 0 0.00110328
11445.5 0 0.00114406
11495.9 0 0.00118501
11543.8 0 0.00122613
11589.3 0 0.00126738
11632.4 0 0.00130895
11673.3 0 0.00135087
11712.4 0 0.00139293
11749.8 0 0.00143509
11785.6 0 0.00147736
11820.1 0 0.00151971
11853.2 0 0.00156215
11885.1 0 0.00160467
11915.6 0 0.00164776
11945 0 0.00169125
11972.9 0 0.00173494
11999.8 0 0.00177871
12025.7 0 0.00182254
12050.7 0 0.00186654
12074.7 0 0.00191116
12097.7 0 0.00195578
12119.8 0 0.0020003
12141.1 0 0.00204486
12161.8 0 0.00208944
12181.9 0 0.00213403
12201.4 0 0.00217865
12220.3 0 0.00222328
12238.6 0 0.00226791
12256.3 0 0.00231256
12273.3 0 0.00235736
12289.7 0 0.00240226
12305.5 0 0.00244715
12320.9 0 0.00249204
12335.7 0 0.00253679
12349.8 0 0.00258115
12363.5 0 0.00262548
12376.5 0 0.00267096
12388.8 0 0.00271732
12400.7 0 0.00276367
12412.4 0 0.00281001
12423.7 0 0.00285633
12434.7 0 0.00290264
12445.5 0 0.00294893
12455.9 0 0.0029952
12466.1 0 0.00304145
12476 0 0.00308769
12485.7 0 0.00313392
12495.1 0 0.00318014
12504.3 0 0.00322635
12513.2 0 0.00327255
12521.8 0 0.00331875
12530.3 0 0.00336495
12538.4 0 0.00341114
12546.4 0 0.00345733
12554.2 0 0.00350352
12561.7 0 0.0035497
12569 0 0.00359587
12576.2 0 0.00364204
12583.1 0 0.0036882
12589.9 0 0.00373434
12596.5 0 0.00378047
12603 0 0.00382659
12609.3 0 0.00387268
12615.5 0 0.00391876
12621.6 0 0.00396481
12627.5 0 0.00401084
12633.3 0 0.00405705
12638.9 0 0.00410374
12644.3 0 0.00415118
12649.5 0 0.00419895
12654.6 0 0.00424662
12659.6 0 0.00429402
12664.4 0 0.00434141
12669.2 0 0.00438879
12673.9 0 0.00443616
12678.6 0 0.00448351
12683.1 0 0.00453086
12687.6 0 0.0045782
12692 0 0.00462553
12696.3 0 0.00467286
12700.6 0 0.0047202
12704.8 0 0.00476753
12708.9 0 0.00481488
12713 0 0.00486223
12717 0 0.00490958
12720.9 0 0.00495696
12724.7 0 0.00500434
12728.5 0 0.00505174
12732.1 0 0.00509896
12735.7 0 0.00514597
12739.2 0 0.005193
12742.7 0 0.00524002
12746 0 0.00528706
12749.3 0 0.00533411
12752.5 0 0.0053811
12755.5 0 0.00542786
12758.3 0 0.00547461
12761.2 0 0.00552135
12763.9 0 0.00556808
12766.6 0 0.00561481
12769.2 0 0.00566153
12771.7 0 0.00570858
12774.1 0 0.00575604
12776.4 0 0.0058035
12778.6 0 0.00585094
12780.8 0 0.00589838
12783 0 0.0059458
12785.1 0 0.00599321
12787.2 0 0.00604061
12789.2 0 0.00608799
12791.2 0 0.00613535
12793.2 0 0.0061827
12795.1 0 0.00623003
12797 0 0.00627734
12798.8 0 0.00632463
12800.6 0 0.00637191
12802.4 0 0.00641916
12804.2 0 0.0064664
12805.9 0 0.00651362
12807.7 0 0.00656081
12809.4 0 0.00660799
12811 0 0.00665515
12812.7 0 0.00670229
12814.3 0 0.00674942
12815.9 0 0.00679652
12817.5 0 0.0068436
12819.1 0 0.00689067
12820.7 0 0.00693772
12822.2 0 0.00698475
12823.7 0 0.00703176
12825.2 0 0.00707876
12826.7 0 0.00712574
12828.2 0 0.0071727
12829.7 0 0.00721964
12831.1 0 0.00726657
12832.6 0 0.00731348
12834 0 0.00736038
12835.4 0 0.00740726
12836.8 0 0.00745412
12838.2 0 0.00750098
12839.5 0 0.00754781
12840.9 0 0.00759464
12842.2 0 0.00764145
12843.6 0 0.00768824
12844.9 0 0.00773503
12846.2 0 0.0077818
12847.5 0 0.00782856
12848.7 0 0.00787531
12850 0 0.00792205
12851.3 0 0.00796878
12852.5 0 0.0080155
12853.7 0 0.00806221
12855 0 0.00810891
12856.2 0 0.0081556
12857.4 0 0.00820229
12858.5 0 0.00824897
12859.7 0 0.00829563
12860.9 0 0.00834226
12862 0 0.00838888
12863.1 0 0.00843549
12864.3 0 0.0084821
12865.4 0 0.0085287
12866.4 0 0.0085753
12867.5 0 0.0086219
12868.6 0 0.00866849
12869.6 0 0.00871508
12870.7 0 0.00876167
12871.7 0 0.00880826
12872.7 0 0.00885485
12873.7 0 0.00890144
12874.7 0 0.00894802
12875.7 0 0.00899461
12876.6 0 0.0090412
12877.5 0 0.00908779
12878.5 0 0.00913439
12879.4 0 0.00918098
12880.3 0 0.00922758
12881.2 0 0.00927418
12882 0 0.00932078
12882.9 0 0.00936738
12883.7 0 0.00941399
12884.6 0 0.0094606
12885.4 0 0.00950721
12886.2 0 0.00955383
12886.9 0 0.00960045
12887.7 0 0.00964707
12888.5 0 0.00969369
12889.2 0 0.00974031
12889.9 0 0.00978694
12890.6 0 0.00983357
12891.3 0 0.0098802
12892 0 0.00992683
12892.7 0 0.00997346
12893.3 0 0.0100201
12894 0 0.0100667
12894.6 0 0.0101134
12895.2 0 0.01016
12895.8 0 0.0102066
12896.4 0 0.0102532
12897 0 0.0102999
12897.6 0 0.0103465
12898.1 0 0.0103931
12898.7 0 0.0104397
12899.2 0 0.0104864
12899.8 0 0.010533
12900.3 0 0.0105796
12900.7 0 0.0106271
12901.2 0 0.0106745
12901.6 0 0.010722
12902 0 0.0107694
12902.5 0 0.0108169
12902.9 0 0.0108643
12903.3 0 0.0109118
12903.7 0 0.0109592
12904.1 0 0.0110067
12904.5 0 0.0110541
12904.8 0 0.0111016
12905.2 0 0.011149
12905.5 0 0.0111965
12905.9 0 0.0112439
12906.2 0 0.0112913
12906.6 0 0.0113388
12906.9 0 0.0113862
12907.2 0 0.0114336
12907.5 0 0.0114811
12907.9 0 0.0115285
12908.2 0 0.0115759
12908.5 0 0.0116233
12908.8 0 0.0116707
12909 0 0.0117181
12909.3 0 0.0117655
12909.6 0 0.0118129
12909.9 0 0.0118603
12910.2 0 0.0119077
12910.4 0 0.0119551
12910.7 0 0.0120025
12910.9 0 0.0120498
12911.2 0 0.0120972
12911.4 0 0.0121446
12911.7 0 0.0121919
12911.9 0 0.0122393
12912.2 0 0.0122866
12912.4 0 0.012334
12912.6 0 0.0123813
12912.9 0 0.0124286
12913.1 0 0.0124759
12913.3 0 0.0125233
12913.5 0 0.0125706
12913.7 0 0.0126179
12913.9 0 0.0126652
12914.1 0 0.0127125
12914.3 0 0.0127598
12914.5 0 0.012807
12914.7 0 0.0128543
12914.9 0 0.0129016
12915.1 0 0.0129488
12915.3 0 0.0129961
12915.5 0 0.0130433
12915.7 0 0.0130906
12915.9 0 0.0131378
12916 0 0.0131851
12916.2 0 0.0132323
12916.4 0 0.0132795
12916.6 0 0.0133267
12916.7 0 0.0133739
12916.9 0 0.0134211
12917 0 0.0134683
12917.2 0 0.0135155
12917.4 0 0.0135627
12917.5 0 0.0136098
12917.7 0 0.013657
12917.8 0 0.0137042
12918 0 0.0137513
12918.1 0 0.0137985
12918.2 0 0.0138456
12918.4 0 0.0138928
12918.5 0 0.0139399
12918.7 0 0.013987
12918.8 0 0.0140341
12918.9 0 0.0140813
12919.1 0 0.0141284
12919.3 0 0.0141754
12919.6 0 0.0142225
12920.2 0 0.0142695
12921.1 0 0.0143164
12922.2 0 0.0143632
12923.4 0 0.01441
12924.8 0 0.0144567
12926.3 0 0.0145035
12927.9 0 0.0145501
12929.8 0 0.0145967
12931.8 0 0.0146433
12933.7 0 0.0146899
12935.7 0 0.0147365
12937.6 0 0.014783
12939.6 0 0.0148296
12941.8 0 0.0148761
12944.1 0 0.0149225
12946.6 0 0.0149689
12949.3 0 0.0150152
12951.9 0 0.0150616
12954.5 0 0.0151079
12957.1 0 0.0151542
12959.7 0 0.0152005
12962.3 0 0.0152469
12964.9 0 0.0152932
12967.5 0 0.0153395
12970.2 0 0.0153857
12973 0 0.0154319
12976 0 0.0154781
12979.1 0 0.0155242
12982.4 0 0.0155703
12985.6 0 0.0156164
12988.8 0 0.0156622
12992 0 0.0157081
12995.2 0 0.0157539
12998.4 0 0.0157998
13001.6 0 0.0158456
13004.8 0 0.0158914
13008 0 0.0159372
13011.2 0 0.015983
13014.4 0 0.0160287
13017.6 0 0.0160745
13020.9 0 0.0161202
13024.2 0 0.0161659
13027.7 0 0.0162115
13031.3 0 0.0162571
13035 0 0.0163026
13038.8 0 0.0163481
13042.5 0 0.0163935
13046.3 0 0.016439
13050 0 0.0164845
13053.7 0 0.0165299
13057.5 0 0.0165753
13061.2 0 0.0166207
13064.9 0 0.0166661
13068.7 0 0.0167115
13072.4 0 0.0167569
13076.1 0 0.0168023
13079.8 0 0.0168476
13083.5 0 0.0168929
13087.2 0 0.0169383
13090.9 0 0.0169836
13094.6 0 0.0170289
13098.4 0 0.0170741
13102.2 0 0.0171193
13106.1 0 0.0171645
13110 0 0.0172096
13114.2 0 0.0172546
13118.4 0 0.0172996
13122.6 0 0.0173446
13126.8 0 0.0173896
13130.9 0 0.0174345
13135.1 0 0.0174795
13139.3 0 0.0175244
13143.5 0 0.0175693
13147.6 0 0.0176142
13151.8 0 0.0176591
13155.9 0 0.017704
13160.1 0 0.0177488
13164.3 0 0.0177936
13168.4 0 0.0178385
13172.5 0 0.0178833
13176.7 0 0.017928
13180.8 0 0.0179728
13185 0 0.0180175
13189.1 0 0.0180623
13193.2 0 0.018107
13197.4 0 0.0181517
13201.5 0 0.0181964
13205.6 0 0.018241
13209.7 0 0.0182857
13213.9 0 0.0183303
13218.1 0 0.0183748
13222.4 0 0.0184193
13226.7 0 0.0184637
13231.2 0 0.018508
13235.7 0 0.0185524
13240.2 0 0.0185967
13244.8 0 0.0186409
13249.3 0 0.0186852
13253.8 0 0.0187295
13258.3 0 0.0187737
13262.8 0 0.0188179
13267.3 0 0.0188621
13271.8 0 0.0189062
13276.3 0 0.0189504
13280.8 0 0.0189945
13285.3 0 0.0190386
13289.8 0 0.0190827
13294.3 0 0.0191267
13298.7 0 0.0191707
13303.2 0 0.0192148
13307.7 0 0.0192588
13312.2 0 0.0193027
13316.6 0 0.0193467
13321.1 0 0.0193906
13325.5 0 0.0194345
13330 0 0.0194784
13334.4 0 0.0195222
13338.9 0 0.0195661
13343.3 0 0.0196099
13347.7 0 0.0196537
13352.2 0 0.0196975
13356.6 0 0.0197412
13361 0 0.0197849
13365.5 0 0.0198286
13369.9 0 0.0198723
13374.3 0 0.0199159
13378.8 0 0.0199595
13383.3 0 0.020003
13387.9 0 0.0200464
13392.5 0 0.0200898
13397.2 0 0.020133
13402 0 0.0201763
13406.7 0 0.0202196
13411.5 0 0.0202628
13416.2 0 0.020306
13420.9 0 0.0203492
13425.7 0 0.0203923
13430.4 0 0.0204355
13435.1 0 0.0204786
13439.8 0 0.0205217
13444.5 0 0.0205647
13449.3 0 0.0206077
13454 0 0.0206507
13458.7 0 0.0206937
13463.4 0 0.0207367
13468.1 0 0.0207796
13472.8 0 0.0208225
13477.4 0 0.0208653
13482.1 0 0.0209082
13486.8 0 0.020951
13491.5 0 0.0209938
13496.2 0 0.0210365
13500.8 0 0.0210793
13505.5 0 0.021122
13510.1 0 0.0211647
13514.8 0 0.0212073
13519.5 0 0.0212499
13524.1 0 0.0212925
13528.8 0 0.0213351
13533.4 0 0.0213777
13538 0 0.0214202
13542.7 0 0.0214627
13547.3 0 0.0215051
13551.9 0 0.0215476
13556.6 0 0.02159
13561.2 0 0.0216323
13565.8 0 0.0216747
13570.4 0 0.021717
13575 0 0.0217593
13579.6 0 0.0218016
13584.2 0 0.0218438
13588.8 0 0.021886
13593.4 0 0.0219282
13598 0 0.0219703
13602.7 0 0.0220123
13607.4 0 0.0220542
13612.1 0 0.0220961
13616.8 0 0.0221379
13621.6 0 0.0221796
13410.3 0 0.022088
13470.1 0 0.0220887
13494.5 0 0.0221043
