0 -58.4752 -2.26119e-06
634.56 0 3.38759e-05
1173.57 0 7.4733e-05
1709.92 0 0.000115533
2243.81 0 0.000156178
2775.24 0 0.000196598
3304.22 0 0.000236788
3830.74 0 0.000276741
4354.77 0 0.000316457
4876.15 0 0.000355934
5394.56 0 0.000395183
5909.16 0 0.000434228
6418.2 0 0.000473124
6918.36 0 0.000511983
7403.99 0 0.000551001
7866.83 0 0.000590466
8297.18 0 0.000630741
8686.59 0 0.000672163
9030.8 0 0.000714946
9330.49 0 0.000759239
9590.04 0 0.000804936
9815.21 0 0.000852025
10011.7 0 0.000900404
10184.8 0 0.00094973
10338.5 0 0.000999822
10475.8 0 0.00105035
10599.4 0 0.00110138
10711.4 0 0.00115295
10812.7 0 0.00120581
10905.5 0 0.00125908
10991.1 0 0.00131273
11070.4 0 0.00136672
11143.9 0 0.00142108
11212.1 0 0.00147593
11276 0 0.00153103
11335.9 0 0.00158636
11392.3 0 0.00164191
11445.5 0 0.00169765
11495.9 0 0.00175356
11543.8 0 0.00180963
11589.3 0 0.00186584
11632.4 0 0.00192237
11673.3 0 0.00197925
11712.4 0 0.00203627
11749.8 0 0.00209339
11785.6 0 0.00215062
11820.1 0 0.00220793
11853.2 0 0.00226533
11885.1 0 0.00232281
11915.6 0 0.00238086
11945 0 0.00243932
11972.9 0 0.00249797
11999.8 0 0.0025567
12025.7 0 0.0026155
12050.7 0 0.00267446
12074.7 0 0.00273406
12097.7 0 0.00279364
12119.8 0 0.00285313
12141.1 0 0.00291264
12161.8 0 0.00297219
12181.9 0 0.00303175
12201.4 0 0.00309133
12220.3 0 0.00315092
12238.6 0 0.00321052
12256.3 0 0.00327013
12273.3 0 0.0033299
12289.7 0 0.00338975
12305.5 0 0.00344961
12320.9 0 0.00350946
12335.7 0 0.00356917
12349.8 0 0.00362848
12363.5 0 0.00368777
12376.5 0 0.00374821
12388.8 0 0.00380954
12400.7 0 0.00387086
12412.4 0 0.00393216
12423.7 0 0.00399345
12434.7 0 0.00405473
12445.5 0 0.00411598
12455.9 0 0.00417722
12466.1 0 0.00423844
12476 0 0.00429965
12485.7 0 0.00436085
12495.1 0 0.00442203
12504.3 0 0.00448321
12513.2 0 0.00454438
12521.8 0 0.00460555
12530.3 0 0.00466671
12538.4 0 0.00472787
12546.4 0 0.00478903
12554.2 0 0.00485019
12561.7 0 0.00491134
12569 0 0.00497248
12576.2 0 0.00503362
12583.1 0 0.00509474
12589.9 0 0.00515585
12596.5 0 0.00521695
12603 0 0.00527804
12609.3 0 0.0053391
12615.5 0 0.00540014
12621.6 0 0.00546116
12627.5 0 0.00552216
12633.3 0 0.00558335
12638.9 0 0.00564501
12644.3 0 0.00570743
12649.5 0 0.00577017
12654.6 0 0.00583283
12659.6 0 0.00589521
12664.4 0 0.00595757
12669.2 0 0.00601993
12673.9 0 0.00608227
12678.6 0 0.0061446
12683.1 0 0.00620692
12687.6 0 0.00626923
12692 0 0.00633154
12696.3 0 0.00639385
12700.6 0 0.00645616
12704.8 0 0.00651848
12708.9 0 0.00658079
12713 0 0.00664312
12717 0 0.00670546
12720.9 0 0.0067678
12724.7 0 0.00683017
12728.5 0 0.00689255
12732.1 0 0.00695474
12735.7 0 0.00701672
12739.2 0 0.00707872
12742.7 0 0.00714072
12746 0 0.00720272
12749.3 0 0.00726474
12752.5 0 0.0073267
12755.5 0 0.00738843
12758.3 0 0.00745014
12761.2 0 0.00751184
12763.9 0 0.00757353
12766.6 0 0.00763522
12769.2 0 0.0076969
12771.7 0 0.00775891
12774.1 0 0.00782134
12776.4 0 0.00788375
12778.6 0 0.00794616
12780.8 0 0.00800856
12783 0 0.00807094
12785.1 0 0.00813331
12787.2 0 0.00819567
12789.2 0 0.00825801
12791.2 0 0.00832033
12793.2 0 0.00838264
12795.1 0 0.00844493
12797 0 0.0085072
12798.8 0 0.00856945
12800.6 0 0.00863169
12802.4 0 0.0086939
12804.2 0 0.0087561
12805.9 0 0.00881827
12807.7 0 0.00888043
12809.4 0 0.00894257
12811 0 0.00900469
12812.7 0 0.00906679
12814.3 0 0.00912887
12815.9 0 0.00919093
12817.5 0 0.00925298
12819.1 0 0.009315
12820.7 0 0.00937701
12822.2 0 0.009439
12823.7 0 0.00950097
12825.2 0 0.00956292
12826.7 0 0.00962486
12828.2 0 0.00968678
12829.7 0 0.00974868
12831.1 0 0.00981057
12832.6 0 0.00987244
12834 0 0.0099343
12835.4 0 0.00999614
12836.8 0 0.010058
12838.2 0 0.0101198
12839.5 0 0.0101816
12840.9 0 0.0102434
12842.2 0 0.0103051
12843.6 0 0.0103669
12844.9 0 0.0104286
12846.2 0 0.0104904
12847.5 0 0.0105521
12848.7 0 0.0106138
12850 0 0.0106755
12851.3 0 0.0107372
12852.5 0 0.0107988
12853.7 0 0.0108605
12855 0 0.0109222
12856.2 0 0.0109838
12857.4 0 0.0110455
12858.5 0 0.0111071
12859.7 0 0.0111687
12860.9 0 0.0112303
12862 0 0.0112919
12863.1 0 0.0113535
12864.3 0 0.011415
12865.4 0 0.0114766
12866.4 0 0.0115382
12867.5 0 0.0115997
12868.6 0 0.0116613
12869.6 0 0.0117228
12870.7 0 0.0117844
12871.7 0 0.0118459
12872.7 0 0.0119075
12873.7 0 0.011969
12874.7 0 0.0120306
12875.7 0 0.0120921
12876.6 0 0.0121537
12877.5 0 0.0122152
12878.5 0 0.0122768
12879.4 0 0.0123383
12880.3 0 0.0123999
12881.2 0 0.0124614
12882 0 0.012523
12882.9 0 0.0125846
12883.7 0 0.0126461
12884.6 0 0.0127077
12885.4 0 0.0127693
12886.2 0 0.0128308
12886.9 0 0.0128924
12887.7 0 0.012954
12888.5 0 0.0130156
12889.2 0 0.0130772
12889.9 0 0.0131387
12890.6 0 0.0132003
12891.3 0 0.0132619
12892 0 0.0133235
12892.7 0 0.0133851
12893.3 0 0.0134467
12894 0 0.0135083
12894.6 0 0.0135699
12895.2 0 0.0136315
12895.8 0 0.013693
12896.4 0 0.0137546
12897 0 0.0138162
12897.6 0 0.0138778
12898.1 0 0.0139394
12898.7 0 0.014001
12899.2 0 0.0140625
12899.8 0 0.0141241
12900.3 0 0.0141857
12900.7 0 0.0142481
12901.2 0 0.0143105
12901.6 0 0.014373
12902 0 0.0144354
12902.5 0 0.0144978
12902.9 0 0.0145602
12903.3 0 0.0146226
12903.7 0 0.014685
12904.1 0 0.0147474
12904.5 0 0.0148098
12904.8 0 0.0148722
12905.2 0 0.0149346
12905.5 0 0.014997
12905.9 0 0.0150594
12906.2 0 0.0151218
12906.6 0 0.0151842
12906.9 0 0.0152466
12907.2 0 0.015309
12907.5 0 0.0153714
12907.9 0 0.0154338
12908.2 0 0.0154962
12908.5 0 0.0155586
12908.8 0 0.0156209
12909 0 0.0156833
12909.3 0 0.0157457
12909.6 0 0.015808
12909.9 0 0.0158704
12910.2 0 0.0159327
12910.4 0 0.0159951
12910.7 0 0.0160574
12910.9 0 0.0161197
12911.2 0 0.0161821
12911.4 0 0.0162444
12911.7 0 0.0163067
12911.9 0 0.016369
12912.2 0 0.0164313
12912.4 0 0.0164936
12912.6 0 0.0165559
12912.9 0 0.0166182
12913.1 0 0.0166805
12913.3 0 0.0167427
12913.5 0 0.016805
12913.7 0 0.0168673
12913.9 0 0.0169295
12914.1 0 0.0169918
12914.3 0 0.017054
12914.5 0 0.0171163
12914.7 0 0.0171785
12914.9 0 0.0172407
12915.1 0 0.017303
12915.3 0 0.0173652
12915.5 0 0.0174274
12915.7 0 0.0174896
12915.9 0 0.0175518
12916 0 0.017614
12916.2 0 0.0176762
12916.4 0 0.0177384
12916.6 0 0.0178005
12916.7 0 0.0178627
12916.9 0 0.0179249
12917 0 0.017987
12917.2 0 0.0180492
12917.4 0 0.0181113
12917.5 0 0.0181734
12917.7 0 0.0182356
12917.8 0 0.0182977
12918 0 0.0183598
12918.1 0 0.0184219
12918.2 0 0.018484
12918.4 0 0.0185461
12918.5 0 0.0186082
12918.7 0 0.0186703
12918.8 0 0.0187324
12918.9 0 0.0187944
12919.1 0 0.0188565
12919.3 0 0.0189185
12919.6 0 0.0189806
12920.2 0 0.0190425
12921.1 0 0.0191044
12922.2 0 0.0191661
12923.4 0 0.0192279
12924.8 0 0.0192896
12926.3 0 0.0193513
12927.9 0 0.0194129
12929.8 0 0.0194745
12931.8 0 0.0195361
12933.7 0 0.0195976
12935.7 0 0.0196591
12937.6 0 0.0197207
12939.6 0 0.0197821
12941.8 0 0.0198436
12944.1 0 0.019905
12946.6 0 0.0199663
12949.3 0 0.0200277
12951.9 0 0.020089
12954.5 0 0.0201503
12957.1 0 0.0202116
12959.7 0 0.0202728
12962.3 0 0.0203341
12964.9 0 0.0203954
12967.5 0 0.0204566
12970.2 0 0.0205179
12973 0 0.020579
12976 0 0.0206402
12979.1 0 0.0207012
12982.4 0 0.0207623
12985.6 0 0.0208233
12988.8 0 0.0208841
12992 0 0.020945
12995.2 0 0.0210058
12998.4 0 0.0210666
13001.6 0 0.0211273
13004.8 0 0.0211881
13008 0 0.0212489
13011.2 0 0.0213096
13014.4 0 0.0213704
13017.6 0 0.0214311
13020.9 0 0.0214918
13024.2 0 0.0215524
13027.7 0 0.021613
13031.3 0 0.0216735
13035 0 0.021734
13038.8 0 0.0217944
13042.5 0 0.0218549
13046.3 0 0.0219153
13050 0 0.0219757
13053.7 0 0.0220361
13057.5 0 0.0220965
13061.2 0 0.0221569
13064.9 0 0.0222172
13068.7 0 0.0222776
13072.4 0 0.0223379
13076.1 0 0.0223983
13079.8 0 0.0224586
13083.5 0 0.0225189
13087.2 0 0.0225791
13090.9 0 0.0226394
13094.6 0 0.0226997
13098.4 0 0.0227599
13102.2 0 0.0228201
13106.1 0 0.0228802
13110 0 0.0229403
13114.2 0 0.0230002
13118.4 0 0.0230602
13122.6 0 0.0231202
13126.8 0 0.0231801
13130.9 0 0.02324
13135.1 0 0.0232999
13139.3 0 0.0233598
13143.5 0 0.0234197
13147.6 0 0.0234796
13151.8 0 0.0235394
13155.9 0 0.0235992
13160.1 0 0.023659
13164.3 0 0.0237188
13168.4 0 0.0237786
13172.5 0 0.0238384
13176.7 0 0.0238981
13180.8 0 0.0239579
13185 0 0.0240176
13189.1 0 0.0240773
13193.2 0 0.0241369
13197.4 0 0.0241966
13201.5 0 0.0242562
13205.6 0 0.0243159
13209.7 0 0.0243755
13213.9 0 0.024435
13218.1 0 0.0244945
13222.4 0 0.024554
13226.7 0 0.0246134
13231.2 0 0.0246727
13235.7 0 0.024732
13240.2 0 0.0247912
13244.8 0 0.0248505
13249.3 0 0.0249097
13253.8 0 0.0249689
13258.3 0 0.0250281
13262.8 0 0.0250873
13267.3 0 0.0251464
13271.8 0 0.0252056
13276.3 0 0.0252647
13280.8 0 0.0253238
13285.3 0 0.0253828
13289.8 0 0.0254419
13294.3 0 0.0255009
13298.7 0 0.0255599
13303.2 0 0.0256189
13307.7 0 0.0256778
13312.2 0 0.0257368
13316.6 0 0.0257957
13321.1 0 0.0258546
13325.5 0 0.0259134
13330 0 0.0259723
13334.4 0 0.0260311
13338.9 0 0.0260899
13343.3 0 0.0261487
13347.7 0 0.0262075
13352.2 0 0.0262662
13356.6 0 0.0263249
13361 0 0.0263836
13365.5 0 0.0264423
13369.9 0 0.0265009
13374.3 0 0.0265595
13378.8 0 0.026618
13383.3 0 0.0266765
13387.9 0 0.0267349
13392.5 0 0.0267932
13397.2 0 0.0268514
13402 0 0.0269097
13406.7 0 0.0269679
13411.5 0 0.0270261
13416.2 0 0.0270843
13420.9 0 0.0271424
13425.7 0 0.0272006
13430.4 0 0.0272587
13435.1 0 0.0273167
13439.8 0 0.0273748
13444.5 0 0.0274328
13449.3 0 0.0274908
13454 0 0.0275488
13458.7 0 0.0276067
13463.4 0 0.0276646
13468.1 0 0.0277225
13472.8 0 0.0277804
13477.4 0 0.0278382
13482.1 0 0.027896
13486.8 0 0.0279538
13491.5 0 0.0280116
13496.2 0 0.0280693
13500.8 0 0.028127
13505.5 0 0.0281847
13510.1 0 0.0282423
13514.8 0 0.0282999
13519.5 0 0.0283575
13524.1 0 0.0284151
13528.8 0 0.0284726
13533.4 0 0.0285301
13538 0 0.0285876
13542.7 0 0.0286451
13547.3 0 0.0287025
13551.9 0 0.0287599
13556.6 0 0.0288173
13561.2 0 0.0288746
13565.8 0 0.028932
13570.4 0 0.0289893
13575 0 0.0290465
13579.6 0 0.0291038
13584.2 0 0.029161
13588.8 0 0.0292182
13593.4 0 0.0292753
13598 0 0.0293323
13602.7 0 0.0293893
13607.4 0 0.0294462
13612.1 0 0.0295031
13616.8 0 0.0295599
13621.6 0 0.0296165
13410.3 0 0.0295398
13470.1 0 0.0295556
13494.5 0 0.0295861
