0 -58.4752 -2.26119e-06
634.56 0 4.96866e-05
1173.57 0 0.000106352
1709.92 0 0.00016296
2243.81 0 0.000219413
2775.24 0 0.000275642
3304.22 0 0.00033164
3830.74 0 0.000387403
4354.77 0 0.000442927
4876.15 0 0.000498213
5394.56 0 0.000553271
5909.16 0 0.000608125
6418.2 0 0.00066283
6918.36 0 0.000717497
7403.99 0 0.000772323
7866.83 0 0.000827597
8297.18 0 0.000883681
8686.59 0 0.000940912
9030.8 0 0.000999504
9330.49 0 0.00105961
9590.04 0 0.00112111
9815.21 0 0.001184
10011.7 0 0.00124818
10184.8 0 0.00131331
10338.5 0 0.0013792
10475.8 0 0.00144554
10599.4 0 0.00151239
10711.4 0 0.00157978
10812.7 0 0.00164844
10905.5 0 0.00171753
10991.1 0 0.001787
11070.4 0 0.0018568
11143.9 0 0.00192697
11212.1 0 0.00199764
11276 0 0.00206855
11335.9 0 0.0021397
11392.3 0 0.00221106
11445.5 0 0.00228261
11495.9 0 0.00235434
11543.8 0 0.00242623
11589.3 0 0.00249826
11632.4 0 0.0025706
11673.3 0 0.0026433
11712.4 0 0.00271613
11749.8 0 0.00278907
11785.6 0 0.00286211
11820.1 0 0.00293524
11853.2 0 0.00300845
11885.1 0 0.00308174
11915.6 0 0.0031556
11945 0 0.00322986
11972.9 0 0.00330432
11999.8 0 0.00337886
12025.7 0 0.00345346
12050.7 0 0.00352822
12074.7 0 0.00360361
12097.7 0 0.00367899
12119.8 0 0.00375429
12141.1 0 0.00382961
12161.8 0 0.00390496
12181.9 0 0.00398032
12201.4 0 0.00405571
12220.3 0 0.0041311
12238.6 0 0.00420651
12256.3 0 0.00428193
12273.3 0 0.0043575
12289.7 0 0.00443316
12305.5 0 0.00450883
12320.9 0 0.00458449
12335.7 0 0.00466001
12349.8 0 0.00473515
12363.5 0 0.00481027
12376.5 0 0.00488652
12388.8 0 0.00496365
12400.7 0 0.00504076
12412.4 0 0.00511786
12423.7 0 0.00519495
12434.7 0 0.00527202
12445.5 0 0.00534907
12455.9 0 0.0054261
12466.1 0 0.00550312
12476 0 0.00558013
12485.7 0 0.00565712
12495.1 0 0.0057341
12504.3 0 0.00581108
12513.2 0 0.00588804
12521.8 0 0.00596501
12530.3 0 0.00604196
12538.4 0 0.00611892
12546.4 0 0.00619587
12554.2 0 0.00627282
12561.7 0 0.00634977
12569 0 0.0064267
12576.2 0 0.00650363
12583.1 0 0.00658055
12589.9 0 0.00665746
12596.5 0 0.00673435
12603 0 0.00681123
12609.3 0 0.00688809
12615.5 0 0.00696492
12621.6 0 0.00704174
12627.5 0 0.00711853
12633.3 0 0.00719551
12638.9 0 0.00727296
12644.3 0 0.00735114
12649.5 0 0.00742965
12654.6 0 0.00750807
12659.6 0 0.00758623
12664.4 0 0.00766438
12669.2 0 0.00774251
12673.9 0 0.00782063
12678.6 0 0.00789874
12683.1 0 0.00797684
12687.6 0 0.00805493
12692 0 0.00813302
12696.3 0 0.0082111
12700.6 0 0.00828919
12704.8 0 0.00836728
12708.9 0 0.00844537
12713 0 0.00852347
12717 0 0.00860158
12720.9 0 0.00867971
12724.7 0 0.00875784
12728.5 0 0.008836
12732.1 0 0.00891396
12735.7 0 0.00899174
12739.2 0 0.00906952
12742.7 0 0.0091473
12746 0 0.0092251
12749.3 0 0.00930291
12752.5 0 0.00938066
12755.5 0 0.00945819
12758.3 0 0.00953571
12761.2 0 0.00961323
12763.9 0 0.00969073
12766.6 0 0.00976824
12769.2 0 0.00984573
12771.7 0 0.00992355
12774.1 0 0.0100018
12776.4 0 0.01008
12778.6 0 0.0101582
12780.8 0 0.0102364
12783 0 0.0103146
12785.1 0 0.0103928
12787.2 0 0.010471
12789.2 0 0.0105491
12791.2 0 0.0106273
12793.2 0 0.0107054
12795.1 0 0.0107835
12797 0 0.0108616
12798.8 0 0.0109397
12800.6 0 0.0110177
12802.4 0 0.0110957
12804.2 0 0.0111737
12805.9 0 0.0112517
12807.7 0 0.0113297
12809.4 0 0.0114077
12811 0 0.0114856
12812.7 0 0.0115635
12814.3 0 0.0116414
12815.9 0 0.0117193
12817.5 0 0.0117972
12819.1 0 0.011875
12820.7 0 0.0119528
12822.2 0 0.0120306
12823.7 0 0.0121084
12825.2 0 0.0121862
12826.7 0 0.0122639
12828.2 0 0.0123417
12829.7 0 0.0124194
12831.1 0 0.0124971
12832.6 0 0.0125748
12834 0 0.0126525
12835.4 0 0.0127301
12836.8 0 0.0128078
12838.2 0 0.0128854
12839.5 0 0.012963
12840.9 0 0.0130406
12842.2 0 0.0131182
12843.6 0 0.0131957
12844.9 0 0.0132733
12846.2 0 0.0133509
12847.5 0 0.0134284
12848.7 0 0.0135059
12850 0 0.0135834
12851.3 0 0.0136609
12852.5 0 0.0137384
12853.7 0 0.0138159
12855 0 0.0138934
12856.2 0 0.0139709
12857.4 0 0.0140483
12858.5 0 0.0141258
12859.7 0 0.0142032
12860.9 0 0.0142806
12862 0 0.014358
12863.1 0 0.0144354
12864.3 0 0.0145128
12865.4 0 0.0145902
12866.4 0 0.0146675
12867.5 0 0.0147449
12868.6 0 0.0148223
12869.6 0 0.0148996
12870.7 0 0.014977
12871.7 0 0.0150544
12872.7 0 0.0151317
12873.7 0 0.0152091
12874.7 0 0.0152864
12875.7 0 0.0153638
12876.6 0 0.0154412
12877.5 0 0.0155185
12878.5 0 0.0155959
12879.4 0 0.0156733
12880.3 0 0.0157506
12881.2 0 0.015828
12882 0 0.0159054
12882.9 0 0.0159828
12883.7 0 0.0160602
12884.6 0 0.0161375
12885.4 0 0.0162149
12886.2 0 0.0162923
12886.9 0 0.0163697
12887.7 0 0.0164471
12888.5 0 0.0165245
12889.2 0 0.0166019
12889.9 0 0.0166793
12890.6 0 0.0167567
12891.3 0 0.0168341
12892 0 0.0169115
12892.7 0 0.0169889
12893.3 0 0.0170663
12894 0 0.0171437
12894.6 0 0.0172211
12895.2 0 0.0172986
12895.8 0 0.017376
12896.4 0 0.0174534
12897 0 0.0175308
12897.6 0 0.0176082
12898.1 0 0.0176856
12898.7 0 0.017763
12899.2 0 0.0178404
12899.8 0 0.0179178
12900.3 0 0.0179952
12900.7 0 0.0180734
12901.2 0 0.0181516
12901.6 0 0.0182299
12902 0 0.0183081
12902.5 0 0.0183863
12902.9 0 0.0184645
12903.3 0 0.0185427
12903.7 0 0.018621
12904.1 0 0.0186992
12904.5 0 0.0187774
12904.8 0 0.0188556
12905.2 0 0.0189338
12905.5 0 0.0190121
12905.9 0 0.0190903
12906.2 0 0.0191685
12906.6 0 0.0192467
12906.9 0 0.0193249
12907.2 0 0.0194031
12907.5 0 0.0194813
12907.9 0 0.0195595
12908.2 0 0.0196377
12908.5 0 0.0197159
12908.8 0 0.0197941
12909 0 0.0198722
12909.3 0 0.0199504
12909.6 0 0.0200286
12909.9 0 0.0201068
12910.2 0 0.0201849
12910.4 0 0.0202631
12910.7 0 0.0203412
12910.9 0 0.0204194
12911.2 0 0.0204975
12911.4 0 0.0205756
12911.7 0 0.0206538
12911.9 0 0.0207319
12912.2 0 0.02081
12912.4 0 0.0208881
12912.6 0 0.0209662
12912.9 0 0.0210443
12913.1 0 0.0211224
12913.3 0 0.0212005
12913.5 0 0.0212786
12913.7 0 0.0213567
12913.9 0 0.0214347
12914.1 0 0.0215128
12914.3 0 0.0215909
12914.5 0 0.0216689
12914.7 0 0.021747
12914.9 0 0.021825
12915.1 0 0.0219031
12915.3 0 0.0219811
12915.5 0 0.0220591
12915.7 0 0.0221371
12915.9 0 0.0222151
12916 0 0.0222931
12916.2 0 0.0223711
12916.4 0 0.0224491
12916.6 0 0.0225271
12916.7 0 0.0226051
12916.9 0 0.0226831
12917 0 0.022761
12917.2 0 0.022839
12917.4 0 0.0229169
12917.5 0 0.0229949
12917.7 0 0.0230728
12917.8 0 0.0231508
12918 0 0.0232287
12918.1 0 0.0233066
12918.2 0 0.0233845
12918.4 0 0.0234624
12918.5 0 0.0235403
12918.7 0 0.0236182
12918.8 0 0.0236961
12918.9 0 0.023774
12919.1 0 0.0238519
12919.3 0 0.0239297
12919.6 0 0.0240076
12920.2 0 0.0240853
12921.1 0 0.024163
12922.2 0 0.0242406
12923.4 0 0.0243182
12924.8 0 0.0243957
12926.3 0 0.0244732
12927.9 0 0.0245506
12929.8 0 0.024628
12931.8 0 0.0247054
12933.7 0 0.0247827
12935.7 0 0.02486
12937.6 0 0.0249374
12939.6 0 0.0250147
12941.8 0 0.0250919
12944.1 0 0.0251692
12946.6 0 0.0252463
12949.3 0 0.0253234
12951.9 0 0.0254005
12954.5 0 0.0254776
12957.1 0 0.0255547
12959.7 0 0.0256318
12962.3 0 0.0257089
12964.9 0 0.025786
12967.5 0 0.025863
12970.2 0 0.0259401
12973 0 0.0260171
12976 0 0.026094
12979.1 0 0.0261709
12982.4 0 0.0262477
12985.6 0 0.0263246
12988.8 0 0.0264012
12992 0 0.0264778
12995.2 0 0.0265544
12998.4 0 0.026631
13001.6 0 0.0267076
13004.8 0 0.0267842
13008 0 0.0268608
13011.2 0 0.0269373
13014.4 0 0.0270139
13017.6 0 0.0270904
13020.9 0 0.0271669
13024.2 0 0.0272433
13027.7 0 0.0273197
13031.3 0 0.027396
13035 0 0.0274723
13038.8 0 0.0275486
13042.5 0 0.0276248
13046.3 0 0.0277011
13050 0 0.0277773
13053.7 0 0.0278535
13057.5 0 0.0279297
13061.2 0 0.0280059
13064.9 0 0.028082
13068.7 0 0.0281582
13072.4 0 0.0282343
13076.1 0 0.0283105
13079.8 0 0.0283866
13083.5 0 0.0284627
13087.2 0 0.0285388
13090.9 0 0.0286149
13094.6 0 0.0286909
13098.4 0 0.028767
13102.2 0 0.0288429
13106.1 0 0.0289189
13110 0 0.0289947
13114.2 0 0.0290705
13118.4 0 0.0291463
13122.6 0 0.0292221
13126.8 0 0.0292978
13130.9 0 0.0293735
13135.1 0 0.0294492
13139.3 0 0.0295249
13143.5 0 0.0296006
13147.6 0 0.0296763
13151.8 0 0.0297519
13155.9 0 0.0298276
13160.1 0 0.0299032
13164.3 0 0.0299788
13168.4 0 0.0300543
13172.5 0 0.0301299
13176.7 0 0.0302055
13180.8 0 0.030281
13185 0 0.0303565
13189.1 0 0.030432
13193.2 0 0.0305075
13197.4 0 0.030583
13201.5 0 0.0306584
13205.6 0 0.0307338
13209.7 0 0.0308092
13213.9 0 0.0308846
13218.1 0 0.0309599
13222.4 0 0.0310352
13226.7 0 0.0311104
13231.2 0 0.0311854
13235.7 0 0.0312605
13240.2 0 0.0313356
13244.8 0 0.0314107
13249.3 0 0.0314857
13253.8 0 0.0315607
13258.3 0 0.0316357
13262.8 0 0.0317107
13267.3 0 0.0317856
13271.8 0 0.0318605
13276.3 0 0.0319354
13280.8 0 0.0320103
13285.3 0 0.0320852
13289.8 0 0.03216
13294.3 0 0.0322349
13298.7 0 0.0323097
13303.2 0 0.0323844
13307.7 0 0.0324592
13312.2 0 0.0325339
13316.6 0 0.0326086
13321.1 0 0.0326833
13325.5 0 0.032758
13330 0 0.0328326
13334.4 0 0.0329073
13338.9 0 0.0329819
13343.3 0 0.0330564
13347.7 0 0.033131
13352.2 0 0.0332055
13356.6 0 0.03328
13361 0 0.0333545
13365.5 0 0.033429
13369.9 0 0.0335034
13374.3 0 0.0335778
13378.8 0 0.0336521
13383.3 0 0.0337264
13387.9 0 0.0338006
13392.5 0 0.0338748
13397.2 0 0.0339487
13402 0 0.0340228
13406.7 0 0.0340968
13411.5 0 0.0341708
13416.2 0 0.0342448
13420.9 0 0.0343187
13425.7 0 0.0343927
13430.4 0 0.0344666
13435.1 0 0.0345404
13439.8 0 0.0346143
13444.5 0 0.0346881
13449.3 0 0.0347619
13454 0 0.0348356
13458.7 0 0.0349094
13463.4 0 0.0349831
13468.1 0 0.0350568
13472.8 0 0.0351304
13477.4 0 0.035204
13482.1 0 0.0352777
13486.8 0 0.0353512
13491.5 0 0.0354248
13496.2 0 0.0354983
13500.8 0 0.0355718
13505.5 0 0.0356453
13510.1 0 0.0357187
13514.8 0 0.0357921
13519.5 0 0.0358655
13524.1 0 0.0359389
13528.8 0 0.0360122
13533.4 0 0.0360855
13538 0 0.0361588
13542.7 0 0.036232
13547.3 0 0.0363053
13551.9 0 0.0363785
13556.6 0 0.0364516
13561.2 0 0.0365248
13565.8 0 0.0365979
13570.4 0 0.036671
13575 0 0.036744
13579.6 0 0.036817
13584.2 0 0.03689
13588.8 0 0.036963
13593.4 0 0.037036
13598 0 0.0371088
13602.7 0 0.0371816
13607.4 0 0.0372543
13612.1 0 0.0373269
13616.8 0 0.0373995
13621.6 0 0.0374719
13410.3 0 0.037411
13470.1 0 0.0374425
13494.5 0 0.0374889
