0 -58.4752 -2.26119e-06
634.56 0 6.42546e-05
1173.57 0 0.000135481
1709.92 0 0.000206652
2243.81 0 0.000277667
2775.24 0 0.000348459
3304.22 0 0.000419021
3830.74 0 0.000489347
4354.77 0 0.000559435
4876.15 0 0.000629284
5394.56 0 0.000698906
5909.16 0 0.000768322
6418.2 0 0.000837591
6918.36 0 0.000906821
7403.99 0 0.000976211
7866.83 0 0.00104605
8297.18 0 0.0011167
8686.59 0 0.00118849
9030.8 0 0.00126165
9330.49 0 0.00133631
9590.04 0 0.00141237
9815.21 0 0.00148982
10011.7 0 0.00156855
10184.8 0 0.00164821
10338.5 0 0.00172865
10475.8 0 0.00180955
10599.4 0 0.00189099
10711.4 0 0.00197296
10812.7 0 0.0020562
10905.5 0 0.00213986
10991.1 0 0.0022239
11070.4 0 0.00230828
11143.9 0 0.00239303
11212.1 0 0.00247827
11276 0 0.00256377
11335.9 0 0.00264949
11392.3 0 0.00273543
11445.5 0 0.00282157
11495.9 0 0.00290787
11543.8 0 0.00299434
11589.3 0 0.00308096
11632.4 0 0.00316787
11673.3 0 0.00325515
11712.4 0 0.00334256
11749.8 0 0.00343007
11785.6 0 0.00351769
11820.1 0 0.0036054
11853.2 0 0.00369319
11885.1 0 0.00378106
11915.6 0 0.00386947
11945 0 0.00395828
11972.9 0 0.00404729
11999.8 0 0.00413638
12025.7 0 0.00422554
12050.7 0 0.00431485
12074.7 0 0.00440477
12097.7 0 0.00449469
12119.8 0 0.00458454
12141.1 0 0.00467442
12161.8 0 0.00476432
12181.9 0 0.00485425
12201.4 0 0.00494419
12220.3 0 0.00503414
12238.6 0 0.0051241
12256.3 0 0.00521407
12273.3 0 0.00530421
12289.7 0 0.00539443
12305.5 0 0.00548465
12320.9 0 0.00557487
12335.7 0 0.00566497
12349.8 0 0.00575472
12363.5 0 0.00584444
12376.5 0 0.00593526
12388.8 0 0.00602692
12400.7 0 0.00611857
12412.4 0 0.00621021
12423.7 0 0.00630183
12434.7 0 0.00639344
12445.5 0 0.00648503
12455.9 0 0.0065766
12466.1 0 0.00666815
12476 0 0.00675969
12485.7 0 0.00685121
12495.1 0 0.00694273
12504.3 0 0.00703424
12513.2 0 0.00712574
12521.8 0 0.00721723
12530.3 0 0.00730872
12538.4 0 0.00740021
12546.4 0 0.00749169
12554.2 0 0.00758317
12561.7 0 0.00767464
12569 0 0.00776611
12576.2 0 0.00785757
12583.1 0 0.00794902
12589.9 0 0.00804046
12596.5 0 0.00813188
12603 0 0.00822328
12609.3 0 0.00831467
12615.5 0 0.00840603
12621.6 0 0.00849738
12627.5 0 0.0085887
12633.3 0 0.00868019
12638.9 0 0.00877215
12644.3 0 0.00886481
12649.5 0 0.00895778
12654.6 0 0.00905067
12659.6 0 0.00914332
12664.4 0 0.00923596
12669.2 0 0.00932859
12673.9 0 0.0094212
12678.6 0 0.0095138
12683.1 0 0.00960639
12687.6 0 0.00969898
12692 0 0.00979155
12696.3 0 0.00988413
12700.6 0 0.0099767
12704.8 0 0.0100693
12708.9 0 0.0101619
12713 0 0.0102544
12717 0 0.010347
12720.9 0 0.0104396
12724.7 0 0.0105323
12728.5 0 0.0106249
12732.1 0 0.0107174
12735.7 0 0.0108096
12739.2 0 0.0109019
12742.7 0 0.0109942
12746 0 0.0110865
12749.3 0 0.0111789
12752.5 0 0.0112711
12755.5 0 0.0113632
12758.3 0 0.0114553
12761.2 0 0.0115474
12763.9 0 0.0116395
12766.6 0 0.0117316
12769.2 0 0.0118236
12771.7 0 0.011916
12774.1 0 0.0120088
12776.4 0 0.0121016
12778.6 0 0.0121944
12780.8 0 0.0122872
12783 0 0.01238
12785.1 0 0.0124727
12787.2 0 0.0125655
12789.2 0 0.0126582
12791.2 0 0.0127509
12793.2 0 0.0128436
12795.1 0 0.0129363
12797 0 0.0130289
12798.8 0 0.0131216
12800.6 0 0.0132142
12802.4 0 0.0133068
12804.2 0 0.0133994
12805.9 0 0.013492
12807.7 0 0.0135845
12809.4 0 0.0136771
12811 0 0.0137696
12812.7 0 0.0138621
12814.3 0 0.0139546
12815.9 0 0.014047
12817.5 0 0.0141395
12819.1 0 0.0142319
12820.7 0 0.0143243
12822.2 0 0.0144167
12823.7 0 0.014509
12825.2 0 0.0146014
12826.7 0 0.0146937
12828.2 0 0.014786
12829.7 0 0.0148783
12831.1 0 0.0149706
12832.6 0 0.0150629
12834 0 0.0151552
12835.4 0 0.0152474
12836.8 0 0.0153396
12838.2 0 0.0154318
12839.5 0 0.015524
12840.9 0 0.0156162
12842.2 0 0.0157084
12843.6 0 0.0158005
12844.9 0 0.0158927
12846.2 0 0.0159848
12847.5 0 0.0160769
12848.7 0 0.016169
12850 0 0.0162611
12851.3 0 0.0163532
12852.5 0 0.0164452
12853.7 0 0.0165373
12855 0 0.0166294
12856.2 0 0.0167214
12857.4 0 0.0168135
12858.5 0 0.0169055
12859.7 0 0.0169975
12860.9 0 0.0170895
12862 0 0.0171815
12863.1 0 0.0172734
12864.3 0 0.0173654
12865.4 0 0.0174573
12866.4 0 0.0175493
12867.5 0 0.0176412
12868.6 0 0.0177332
12869.6 0 0.0178251
12870.7 0 0.0179171
12871.7 0 0.018009
12872.7 0 0.018101
12873.7 0 0.0181929
12874.7 0 0.0182848
12875.7 0 0.0183768
12876.6 0 0.0184687
12877.5 0 0.0185607
12878.5 0 0.0186526
12879.4 0 0.0187446
12880.3 0 0.0188365
12881.2 0 0.0189285
12882 0 0.0190204
12882.9 0 0.0191124
12883.7 0 0.0192043
12884.6 0 0.0192963
12885.4 0 0.0193883
12886.2 0 0.0194802
12886.9 0 0.0195722
12887.7 0 0.0196642
12888.5 0 0.0197562
12889.2 0 0.0198481
12889.9 0 0.0199401
12890.6 0 0.0200321
12891.3 0 0.0201241
12892 0 0.0202161
12892.7 0 0.0203081
12893.3 0 0.0204001
12894 0 0.020492
12894.6 0 0.020584
12895.2 0 0.020676
12895.8 0 0.020768
12896.4 0 0.02086
12897 0 0.020952
12897.6 0 0.021044
12898.1 0 0.021136
12898.7 0 0.0212279
12899.2 0 0.0213199
12899.8 0 0.0214119
12900.3 0 0.0215039
12900.7 0 0.0215967
12901.2 0 0.0216895
12901.6 0 0.0217823
12902 0 0.0218751
12902.5 0 0.0219679
12902.9 0 0.0220607
12903.3 0 0.0221535
12903.7 0 0.0222463
12904.1 0 0.0223391
12904.5 0 0.0224318
12904.8 0 0.0225246
12905.2 0 0.0226174
12905.5 0 0.0227102
12905.9 0 0.022803
12906.2 0 0.0228958
12906.6 0 0.0229886
12906.9 0 0.0230813
12907.2 0 0.0231741
12907.5 0 0.0232669
12907.9 0 0.0233596
12908.2 0 0.0234524
12908.5 0 0.0235452
12908.8 0 0.0236379
12909 0 0.0237307
12909.3 0 0.0238234
12909.6 0 0.0239162
12909.9 0 0.0240089
12910.2 0 0.0241016
12910.4 0 0.0241944
12910.7 0 0.0242871
12910.9 0 0.0243798
12911.2 0 0.0244725
12911.4 0 0.0245652
12911.7 0 0.0246579
12911.9 0 0.0247506
12912.2 0 0.0248433
12912.4 0 0.024936
12912.6 0 0.0250287
12912.9 0 0.0251214
12913.1 0 0.025214
12913.3 0 0.0253067
12913.5 0 0.0253993
12913.7 0 0.025492
12913.9 0 0.0255846
12914.1 0 0.0256773
12914.3 0 0.0257699
12914.5 0 0.0258625
12914.7 0 0.0259552
12914.9 0 0.0260478
12915.1 0 0.0261404
12915.3 0 0.026233
12915.5 0 0.0263256
12915.7 0 0.0264182
12915.9 0 0.0265107
12916 0 0.0266033
12916.2 0 0.0266959
12916.4 0 0.0267885
12916.6 0 0.026881
12916.7 0 0.0269736
12916.9 0 0.0270661
12917 0 0.0271586
12917.2 0 0.0272512
12917.4 0 0.0273437
12917.5 0 0.0274362
12917.7 0 0.0275287
12917.8 0 0.0276212
12918 0 0.0277137
12918.1 0 0.0278062
12918.2 0 0.0278987
12918.4 0 0.0279912
12918.5 0 0.0280837
12918.7 0 0.0281761
12918.8 0 0.0282686
12918.9 0 0.0283611
12919.1 0 0.0284535
12919.3 0 0.0285459
12919.6 0 0.0286383
12920.2 0 0.0287306
12921.1 0 0.0288229
12922.2 0 0.028915
12923.4 0 0.0290072
12924.8 0 0.0290993
12926.3 0 0.0291913
12927.9 0 0.0292833
12929.8 0 0.0293753
12931.8 0 0.0294672
12933.7 0 0.0295591
12935.7 0 0.029651
12937.6 0 0.0297429
12939.6 0 0.0298348
12941.8 0 0.0299266
12944.1 0 0.0300184
12946.6 0 0.0301101
12949.3 0 0.0302017
12951.9 0 0.0302934
12954.5 0 0.0303851
12957.1 0 0.0304767
12959.7 0 0.0305684
12962.3 0 0.03066
12964.9 0 0.0307517
12967.5 0 0.0308433
12970.2 0 0.0309349
12973 0 0.0310264
12976 0 0.0311179
12979.1 0 0.0312093
12982.4 0 0.0313007
12985.6 0 0.0313921
12988.8 0 0.0314833
12992 0 0.0315745
12995.2 0 0.0316657
12998.4 0 0.0317568
13001.6 0 0.031848
13004.8 0 0.0319391
13008 0 0.0320303
13011.2 0 0.0321214
13014.4 0 0.0322125
13017.6 0 0.0323036
13020.9 0 0.0323946
13024.2 0 0.0324856
13027.7 0 0.0325766
13031.3 0 0.0326675
13035 0 0.0327583
13038.8 0 0.0328491
13042.5 0 0.0329399
13046.3 0 0.0330307
13050 0 0.0331215
13053.7 0 0.0332123
13057.5 0 0.033303
13061.2 0 0.0333938
13064.9 0 0.0334845
13068.7 0 0.0335752
13072.4 0 0.0336659
13076.1 0 0.0337566
13079.8 0 0.0338473
13083.5 0 0.0339379
13087.2 0 0.0340286
13090.9 0 0.0341192
13094.6 0 0.0342098
13098.4 0 0.0343004
13102.2 0 0.0343909
13106.1 0 0.0344814
13110 0 0.0345719
13114.2 0 0.0346622
13118.4 0 0.0347525
13122.6 0 0.0348428
13126.8 0 0.0349331
13130.9 0 0.0350234
13135.1 0 0.0351137
13139.3 0 0.0352039
13143.5 0 0.0352942
13147.6 0 0.0353844
13151.8 0 0.0354746
13155.9 0 0.0355648
13160.1 0 0.0356549
13164.3 0 0.0357451
13168.4 0 0.0358352
13172.5 0 0.0359253
13176.7 0 0.0360154
13180.8 0 0.0361055
13185 0 0.0361956
13189.1 0 0.0362856
13193.2 0 0.0363756
13197.4 0 0.0364657
13201.5 0 0.0365557
13205.6 0 0.0366456
13209.7 0 0.0367356
13213.9 0 0.0368255
13218.1 0 0.0369153
13222.4 0 0.0370051
13226.7 0 0.0370949
13231.2 0 0.0371845
13235.7 0 0.0372742
13240.2 0 0.0373638
13244.8 0 0.0374534
13249.3 0 0.037543
13253.8 0 0.0376325
13258.3 0 0.037722
13262.8 0 0.0378116
13267.3 0 0.037901
13271.8 0 0.0379905
13276.3 0 0.03808
13280.8 0 0.0381694
13285.3 0 0.0382588
13289.8 0 0.0383482
13294.3 0 0.0384375
13298.7 0 0.0385269
13303.2 0 0.0386162
13307.7 0 0.0387055
13312.2 0 0.0387948
13316.6 0 0.038884
13321.1 0 0.0389733
13325.5 0 0.0390625
13330 0 0.0391517
13334.4 0 0.0392408
13338.9 0 0.03933
13343.3 0 0.0394191
13347.7 0 0.0395082
13352.2 0 0.0395973
13356.6 0 0.0396863
13361 0 0.0397753
13365.5 0 0.0398643
13369.9 0 0.0399533
13374.3 0 0.0400422
13378.8 0 0.0401311
13383.3 0 0.0402199
13387.9 0 0.0403086
13392.5 0 0.0403973
13397.2 0 0.0404858
13402 0 0.0405744
13406.7 0 0.040663
13411.5 0 0.0407515
13416.2 0 0.04084
13420.9 0 0.0409285
13425.7 0 0.0410169
13430.4 0 0.0411054
13435.1 0 0.0411938
13439.8 0 0.0412821
13444.5 0 0.0413705
13449.3 0 0.0414588
13454 0 0.0415471
13458.7 0 0.0416354
13463.4 0 0.0417236
13468.1 0 0.0418118
13472.8 0 0.0419
13477.4 0 0.0419882
13482.1 0 0.0420763
13486.8 0 0.0421644
13491.5 0 0.0422525
13496.2 0 0.0423405
13500.8 0 0.0424286
13505.5 0 0.0425165
13510.1 0 0.0426045
13514.8 0 0.0426925
13519.5 0 0.0427804
13524.1 0 0.0428683
13528.8 0 0.0429561
13533.4 0 0.0430439
13538 0 0.0431318
13542.7 0 0.0432195
13547.3 0 0.0433073
13551.9 0 0.043395
13556.6 0 0.0434827
13561.2 0 0.0435704
13565.8 0 0.043658
13570.4 0 0.0437456
13575 0 0.0438332
13579.6 0 0.0439207
13584.2 0 0.0440083
13588.8 0 0.0440958
13593.4 0 0.0441832
13598 0 0.0442706
13602.7 0 0.0443579
13607.4 0 0.0444451
13612.1 0 0.0445323
13616.8 0 0.0446194
13621.6 0 0.0447063
13410.3 0 0.0446599
13470.1 0 0.0447059
13494.5 0 0.0447667
