0 -58.4752 -2.26119e-06
634.56 -950.432 -3.68271e-05
1173.57 -1719.45 -6.6823e-05
1709.92 -2482.88 -9.68532e-05
2243.81 -3242.74 -0.000127049
2775.24 -3998.99 -0.000157456
3304.22 -4750.7 -0.000188078
3830.74 -5497.28 -0.000218933
4354.77 -6238.05 -0.000250028
4876.15 -6972.15 -0.000281362
5394.56 -7698.62 -0.000312926
5909.16 -8416.21 -0.000344695
6418.2 -9123.1 -0.000376614
6918.36 -9816.41 -0.000408571
7403.99 -10491.7 -0.000440364
7866.83 -11143.2 -0.000471714
8297.18 -11764 -0.000502251
8686.59 -12348.5 -0.000531633
9030.8 -12894 -0.00055965
9330.49 -13400.4 -0.000586204
9590.04 -13871.3 -0.000611393
9815.21 -14310.5 -0.000635348
10011.7 -14722.2 -0.000658224
10184.8 -15110.8 -0.000680216
10338.5 -15478.9 -0.000701417
10475.8 -15822.9 -0.000721576
10599.4 -16148.4 -0.000740965
10711.4 -16456.2 -0.000759603
10812.7 -16744.8 -0.00077735
10905.5 -17022 -0.000794649
10991.1 -17288.7 -0.000811549
11070.4 -17546 -0.000828092
11143.9 -17793.6 -0.000844241
11212.1 -18029.9 -0.000859869
11276 -18258.9 -0.000875223
11335.9 -18481 -0.000890328
11392.3 -18696.9 -0.000905208
11445.5 -18907.1 -0.000919883
11495.9 -19111.8 -0.000934371
11543.8 -19311.4 -0.00094869
11589.3 -19506.3 -0.000962851
11632.4 -19695.2 -0.000976756
11673.3 -19877.7 -0.000990368
11712.4 -20056.3 -0.00100385
11749.8 -20231.1 -0.00101722
11785.6 -20402.3 -0.00103048
11820.1 -20570.2 -0.00104365
11853.2 -20734.9 -0.00105673
11885.1 -20896.6 -0.00106972
11915.6 -21055.2 -0.00108263
11945 -21210.9 -0.00109546
11972.9 -21359.2 -0.00110783
11999.8 -21504.6 -0.00112011
12025.7 -21647.7 -0.00113234
12050.7 -21788.4 -0.0011445
12074.7 -21925.8 -0.00115652
12097.7 -22059.6 -0.00116837
12119.8 -22187.8 -0.00117985
12141.1 -22314.3 -0.0011913
12161.8 -22439.1 -0.00120273
12181.9 -22562.4 -0.00121415
12201.4 -22684.1 -0.00122556
12220.3 -22804.3 -0.00123695
12238.6 -22923.1 -0.00124834
12256.3 -23040.5 -0.00125973
12273.3 -23154.3 -0.00127089
12289.7 -23265.6 -0.00128193
12305.5 -23375.7 -0.00129297
12320.9 -23484.6 -0.00130401
12335.7 -23590.6 -0.00131489
12349.8 -23690.9 -0.00132529
12363.5 -23790.2 -0.0013357
12376.5 -23887.6 -0.00134603
12388.8 -23982.2 -0.00135615
12400.7 -24075.9 -0.00136629
12412.4 -24168.8 -0.00137645
12423.7 -24261 -0.00138663
12434.7 -24352.4 -0.00139684
12445.5 -24443 -0.00140707
12455.9 -24532.9 -0.00141733
12466.1 -24622.1 -0.00142761
12476 -24710.4 -0.00143791
12485.7 -24798 -0.00144824
12495.1 -24884.9 -0.00145858
12504.3 -24970.9 -0.00146895
12513.2 -25056.1 -0.00147933
12521.8 -25140.5 -0.00148972
12530.3 -25224.1 -0.00150013
12538.4 -25306.9 -0.00151055
12546.4 -25388.8 -0.00152099
12554.2 -25470 -0.00153144
12561.7 -25550.3 -0.0015419
12569 -25629.8 -0.00155237
12576.2 -25708.6 -0.00156286
12583.1 -25786.6 -0.00157337
12589.9 -25863.8 -0.00158389
12596.5 -25940.2 -0.00159444
12603 -26016 -0.001605
12609.3 -26091 -0.00161558
12615.5 -26165.3 -0.00162619
12621.6 -26238.9 -0.00163682
12627.5 -26311.8 -0.00164747
12633.3 -26383.8 -0.00165811
12638.9 -26454.4 -0.00166867
12644.3 -26523.7 -0.00167917
12649.5 -26592.2 -0.00168966
12654.6 -26659.4 -0.00170007
12659.6 -26723.7 -0.00171015
12664.4 -26787.4 -0.00172026
12669.2 -26850.6 -0.00173039
12673.9 -26913.3 -0.00174055
12678.6 -26975.3 -0.00175073
12683.1 -27036.8 -0.00176093
12687.6 -27097.7 -0.00177116
12692 -27158.1 -0.00178142
12696.3 -27217.8 -0.00179169
12700.6 -27277 -0.00180198
12704.8 -27335.6 -0.0018123
12708.9 -27393.7 -0.00182263
12713 -27451.1 -0.00183298
12717 -27507.9 -0.00184335
12720.9 -27564.2 -0.00185374
12724.7 -27619.8 -0.00186414
12728.5 -27674.8 -0.00187455
12732.1 -27728.3 -0.00188478
12735.7 -27780.1 -0.00189483
12739.2 -27831.4 -0.00190488
12742.7 -27882.1 -0.00191495
12746 -27932.3 -0.00192502
12749.3 -27981.9 -0.00193509
12752.5 -28030.1 -0.001945
12755.5 -28073.4 -0.00195402
12758.3 -28115.7 -0.00196291
12761.2 -28157.5 -0.00197178
12763.9 -28198.8 -0.00198065
12766.6 -28239.6 -0.0019895
12769.2 -28279.8 -0.00199834
12771.7 -28318.7 -0.00200695
12774.1 -28355.8 -0.00201526
12776.4 -28392.4 -0.00202356
12778.6 -28428.7 -0.00203184
12780.8 -28464.5 -0.00204011
12783 -28499.9 -0.00204836
12785.1 -28534.9 -0.00205661
12787.2 -28569.5 -0.00206485
12789.2 -28603.7 -0.00207308
12791.2 -28637.6 -0.00208131
12793.2 -28671.1 -0.00208954
12795.1 -28704.2 -0.00209776
12797 -28737.1 -0.00210599
12798.8 -28769.6 -0.00211421
12800.6 -28801.8 -0.00212245
12802.4 -28833.6 -0.00213068
12804.2 -28865.2 -0.00213893
12805.9 -28896.5 -0.00214718
12807.7 -28927.5 -0.00215545
12809.4 -28958.2 -0.00216372
12811 -28988.6 -0.002172
12812.7 -29018.7 -0.0021803
12814.3 -29048.6 -0.00218861
12815.9 -29078.2 -0.00219694
12817.5 -29107.6 -0.00220528
12819.1 -29136.6 -0.00221364
12820.7 -29165.4 -0.00222201
12822.2 -29194 -0.0022304
12823.7 -29222.3 -0.0022388
12825.2 -29250.4 -0.00224722
12826.7 -29278.2 -0.00225566
12828.2 -29305.7 -0.00226412
12829.7 -29333 -0.00227259
12831.1 -29360.1 -0.00228108
12832.6 -29386.9 -0.00228959
12834 -29413.4 -0.00229812
12835.4 -29439.7 -0.00230667
12836.8 -29465.8 -0.00231523
12838.2 -29491.6 -0.00232381
12839.5 -29517.1 -0.00233241
12840.9 -29542.4 -0.00234103
12842.2 -29567.5 -0.00234966
12843.6 -29592.3 -0.00235831
12844.9 -29616.9 -0.00236698
12846.2 -29641.2 -0.00237566
12847.5 -29665.3 -0.00238436
12848.7 -29689.1 -0.00239307
12850 -29712.7 -0.0024018
12851.3 -29736 -0.00241054
12852.5 -29759.1 -0.0024193
12853.7 -29782 -0.00242808
12855 -29804.5 -0.00243686
12856.2 -29826.9 -0.00244566
12857.4 -29849 -0.00245447
12858.5 -29870.8 -0.00246329
12859.7 -29892.4 -0.00247213
12860.9 -29913.7 -0.00248097
12862 -29934.8 -0.00248982
12863.1 -29955.7 -0.00249869
12864.3 -29976.2 -0.00250756
12865.4 -29996.6 -0.00251644
12866.4 -30016.7 -0.00252533
12867.5 -30036.5 -0.00253422
12868.6 -30056.1 -0.00254312
12869.6 -30075.4 -0.00255202
12870.7 -30094.5 -0.00256093
12871.7 -30113.3 -0.00256984
12872.7 -30131.9 -0.00257876
12873.7 -30150.2 -0.00258767
12874.7 -30168.3 -0.00259659
12875.7 -30186.2 -0.0026055
12876.6 -30203.7 -0.00261442
12877.5 -30221.1 -0.00262333
12878.5 -30238.2 -0.00263224
12879.4 -30255 -0.00264115
12880.3 -30271.6 -0.00265005
12881.2 -30288 -0.00265895
12882 -30304.1 -0.00266785
12882.9 -30319.9 -0.00267674
12883.7 -30335.6 -0.00268562
12884.6 -30350.9 -0.0026945
12885.4 -30366.1 -0.00270336
12886.2 -30381 -0.00271222
12886.9 -30395.7 -0.00272108
12887.7 -30410.1 -0.00272992
12888.5 -30424.3 -0.00273875
12889.2 -30438.3 -0.00274758
12889.9 -30452.1 -0.00275639
12890.6 -30465.6 -0.00276519
12891.3 -30478.9 -0.00277399
12892 -30492 -0.00278277
12892.7 -30504.9 -0.00279154
12893.3 -30517.6 -0.00280031
12894 -30530 -0.00280906
12894.6 -30542.2 -0.0028178
12895.2 -30554.3 -0.00282653
12895.8 -30566.1 -0.00283526
12896.4 -30577.7 -0.00284397
12897 -30589.1 -0.00285267
12897.6 -30600.4 -0.00286137
12898.1 -30611.4 -0.00287005
12898.7 -30622.2 -0.00287873
12899.2 -30632.9 -0.0028874
12899.8 -30643.3 -0.00289606
12900.3 -30653.6 -0.00290469
12900.7 -30663.2 -0.00291298
12901.2 -30672.8 -0.00292127
12901.6 -30682.1 -0.00292955
12902 -30691.3 -0.00293782
12902.5 -30700.3 -0.00294608
12902.9 -30709.2 -0.00295434
12903.3 -30717.9 -0.00296259
12903.7 -30726.4 -0.00297084
12904.1 -30734.8 -0.00297908
12904.5 -30743 -0.00298732
12904.8 -30751.1 -0.00299555
12905.2 -30759.1 -0.00300379
12905.5 -30766.9 -0.00301202
12905.9 -30774.5 -0.00302024
12906.2 -30782 -0.00302847
12906.6 -30789.4 -0.0030367
12906.9 -30796.6 -0.00304492
12907.2 -30803.7 -0.00305314
12907.5 -30810.7 -0.00306137
12907.9 -30817.5 -0.0030696
12908.2 -30824.1 -0.00307782
12908.5 -30830.7 -0.00308605
12908.8 -30837.1 -0.00309428
12909 -30843.4 -0.00310252
12909.3 -30849.6 -0.00311075
12909.6 -30855.6 -0.00311899
12909.9 -30861.5 -0.00312723
12910.2 -30867.3 -0.00313548
12910.4 -30872.9 -0.00314373
12910.7 -30878.5 -0.00315198
12910.9 -30883.9 -0.00316024
12911.2 -30889.1 -0.00316851
12911.4 -30894.3 -0.00317677
12911.7 -30899.4 -0.00318505
12911.9 -30904.3 -0.00319333
12912.2 -30909.1 -0.00320161
12912.4 -30913.8 -0.0032099
12912.6 -30918.3 -0.0032182
12912.9 -30922.8 -0.0032265
12913.1 -30927.1 -0.00323481
12913.3 -30931.4 -0.00324312
12913.5 -30935.5 -0.00325144
12913.7 -30939.5 -0.00325977
12913.9 -30943.4 -0.0032681
12914.1 -30947.1 -0.00327644
12914.3 -30950.8 -0.00328479
12914.5 -30954.4 -0.00329315
12914.7 -30957.8 -0.00330151
12914.9 -30961.2 -0.00330988
12915.1 -30964.4 -0.00331825
12915.3 -30967.5 -0.00332664
12915.5 -30970.5 -0.00333503
12915.7 -30973.4 -0.00334343
12915.9 -30976.2 -0.00335183
12916 -30978.9 -0.00336025
12916.2 -30981.5 -0.00336867
12916.4 -30984 -0.0033771
12916.6 -30986.4 -0.00338553
12916.7 -30988.7 -0.00339398
12916.9 -30990.9 -0.00340243
12917 -30992.9 -0.00341089
12917.2 -30994.9 -0.00341936
12917.4 -30996.8 -0.00342783
12917.5 -30998.6 -0.00343632
12917.7 -31000.3 -0.00344481
12917.8 -31001.8 -0.00345331
12918 -31003.3 -0.00346182
12918.1 -31004.7 -0.00347033
12918.2 -31006 -0.00347885
12918.4 -31007.2 -0.00348739
12918.5 -31008.3 -0.00349593
12918.7 -31009.3 -0.00350447
12918.8 -31010.2 -0.00351303
12918.9 -31011 -0.00352159
12919.1 -31011.7 -0.00353017
12919.3 -31012.3 -0.00353877
12919.6 -31012.9 -0.00354743
12920.2 -31013.3 -0.00355618
12921.1 -31013.7 -0.00356503
12922.2 -31013.9 -0.00357397
12923.4 -31014.1 -0.00358296
12924.8 -31014.1 -0.003592
12926.3 -31014.1 -0.00360109
12927.9 -31014 -0.00361024
12929.8 -31013.7 -0.0036195
12931.8 -31013.4 -0.00362878
12933.7 -31012.9 -0.00363807
12935.7 -31012.4 -0.00364738
12937.6 -31011.7 -0.00365669
12939.6 -31011 -0.00366605
12941.8 -31010.2 -0.00367547
12944.1 -31009.2 -0.00368494
12946.6 -31008.1 -0.0036945
12949.3 -31007 -0.00370411
12951.9 -31005.7 -0.00371373
12954.5 -31004.3 -0.00372336
12957.1 -31002.9 -0.00373301
12959.7 -31001.3 -0.00374267
12962.3 -30999.6 -0.00375233
12964.9 -30997.9 -0.00376201
12967.5 -30996 -0.00377171
12970.2 -30994 -0.00378145
12973 -30991.9 -0.00379125
12976 -30989.8 -0.0038011
12979.1 -30987.4 -0.00381105
12982.4 -30985 -0.00382104
12985.6 -30982.5 -0.00383105
12988.8 -30979.9 -0.00384108
12992 -30977.2 -0.00385112
12995.2 -30974.4 -0.00386117
12998.4 -30971.5 -0.00387124
13001.6 -30968.5 -0.00388132
13004.8 -30965.4 -0.00389142
13008 -30962.2 -0.00390153
13011.2 -30958.9 -0.00391165
13014.4 -30955.5 -0.00392179
13017.6 -30952 -0.00393194
13020.9 -30948.5 -0.00394213
13024.2 -30944.8 -0.00395238
13027.7 -30941 -0.00396269
13031.3 -30937 -0.00397306
13035 -30933 -0.00398354
13038.8 -30928.9 -0.00399402
13042.5 -30924.6 -0.00400451
13046.3 -30920.3 -0.00401502
13050 -30915.9 -0.00402555
13053.7 -30911.4 -0.00403609
13057.5 -30906.8 -0.00404665
13061.2 -30902 -0.00405723
13064.9 -30897.3 -0.00406782
13068.7 -30892.4 -0.00407843
13072.4 -30887.4 -0.00408905
13076.1 -30882.3 -0.0040997
13079.8 -30877.1 -0.00411036
13083.5 -30871.9 -0.00412103
13087.2 -30866.5 -0.00413173
13090.9 -30861.1 -0.00414244
13094.6 -30855.6 -0.00415317
13098.4 -30850 -0.00416393
13102.2 -30844.2 -0.00417475
13106.1 -30838.4 -0.00418563
13110 -30832.4 -0.00419656
13114.2 -30826.4 -0.0042076
13118.4 -30820.2 -0.00421868
13122.6 -30813.9 -0.00422978
13126.8 -30807.5 -0.0042409
13130.9 -30801.1 -0.00425204
13135.1 -30794.5 -0.0042632
13139.3 -30787.9 -0.00427438
13143.5 -30781.1 -0.00428559
13147.6 -30774.3 -0.00429681
13151.8 -30767.4 -0.00430806
13155.9 -30760.4 -0.00431932
13160.1 -30753.3 -0.00433061
13164.3 -30746.2 -0.00434192
13168.4 -30738.9 -0.00435326
13172.5 -30731.5 -0.00436461
13176.7 -30724.1 -0.00437599
13180.8 -30716.6 -0.00438739
13185 -30709 -0.00439881
13189.1 -30701.3 -0.00441025
13193.2 -30693.5 -0.00442172
13197.4 -30685.7 -0.00443321
13201.5 -30677.7 -0.00444472
13205.6 -30669.7 -0.00445626
13209.7 -30661.6 -0.00446782
13213.9 -30653.4 -0.00447942
13218.1 -30645.1 -0.00449108
13222.4 -30636.6 -0.00450281
13226.7 -30628.1 -0.00451459
13231.2 -30619.4 -0.00452647
13235.7 -30610.6 -0.00453842
13240.2 -30601.7 -0.0045504
13244.8 -30592.8 -0.00456241
13249.3 -30583.7 -0.00457445
13253.8 -30574.6 -0.00458651
13258.3 -30565.3 -0.0045986
13262.8 -30556 -0.00461071
13267.3 -30546.6 -0.00462286
13271.8 -30537.2 -0.00463503
13276.3 -30527.6 -0.00464723
13280.8 -30517.9 -0.00465945
13285.3 -30508.2 -0.00467171
13289.8 -30498.4 -0.00468399
13294.3 -30488.5 -0.0046963
13298.7 -30478.5 -0.00470864
13303.2 -30468.5 -0.00472101
13307.7 -30458.3 -0.00473341
13312.2 -30448.1 -0.00474583
13316.6 -30437.8 -0.00475829
13321.1 -30427.4 -0.00477077
13325.5 -30416.9 -0.00478328
13330 -30406.4 -0.00479582
13334.4 -30395.8 -0.00480839
13338.9 -30385.1 -0.00482099
13343.3 -30374.3 -0.00483362
13347.7 -30363.4 -0.00484628
13352.2 -30352.5 -0.00485897
13356.6 -30341.4 -0.00487169
13361 -30330.3 -0.00488443
13365.5 -30319.1 -0.00489721
13369.9 -30307.9 -0.00491002
13374.3 -30296.6 -0.00492285
13378.8 -30285.1 -0.00493576
13383.3 -30273.6 -0.00494872
13387.9 -30261.9 -0.00496175
13392.5 -30250.1 -0.00497485
13397.2 -30238.2 -0.00498805
13402 -30226.2 -0.00500133
13406.7 -30214.1 -0.00501465
13411.5 -30201.9 -0.005028
13416.2 -30189.6 -0.00504137
13420.9 -30177.3 -0.00505479
13425.7 -30164.9 -0.00506823
13430.4 -30152.4 -0.0050817
13435.1 -30139.8 -0.00509521
13439.8 -30127.1 -0.00510875
13444.5 -30114.4 -0.00512233
13449.3 -30101.6 -0.00513593
13454 -30088.7 -0.00514957
13458.7 -30075.8 -0.00516324
13463.4 -30062.7 -0.00517694
13468.1 -30049.6 -0.00519067
13472.8 -30036.5 -0.00520444
13477.4 -30023.2 -0.00521824
13482.1 -30009.9 -0.00523207
13486.8 -29996.5 -0.00524593
13491.5 -29983.1 -0.00525983
13496.2 -29969.6 -0.00527375
13500.8 -29956 -0.00528771
13505.5 -29942.3 -0.0053017
13510.1 -29928.6 -0.00531573
13514.8 -29914.7 -0.00532978
13519.5 -29900.9 -0.00534387
13524.1 -29886.9 -0.00535799
13528.8 -29872.9 -0.00537214
13533.4 -29858.8 -0.00538632
13538 -29844.7 -0.00540054
13542.7 -29830.5 -0.00541479
13547.3 -29816.2 -0.00542907
13551.9 -29801.9 -0.00544338
13556.6 -29787.5 -0.00545772
13561.2 -29773 -0.00547209
13565.8 -29758.5 -0.0054865
13570.4 -29743.9 -0.00550093
13575 -29729.2 -0.0055154
13579.6 -29714.5 -0.0055299
13584.2 -29699.7 -0.00554444
13588.8 -29684.9 -0.005559
13593.4 -29670 -0.00557359
13598 -29655 -0.00558822
13602.7 -29640 -0.00560289
13607.4 -29624.8 -0.00561763
13612.1 -29609.6 -0.00563244
13616.8 -29594.3 -0.00564731
13621.6 -29578.9 -0.00566225
13410.3 -29422.1 -0.00581279
13470.1 -29362.3 -0.00586969
13494.5 -29317.8 -0.00591185
