0 -58.4752 -2.26119e-06
634.56 -569.677 -2.20493e-05
1173.57 -961.775 -3.7268e-05
1709.92 -1353.5 -5.2521e-05
2243.81 -1747.96 -6.79396e-05
2775.24 -2146.06 -8.35691e-05
3304.22 -2547.65 -9.94144e-05
3830.74 -2952.9 -0.000115492
4354.77 -3361.74 -0.000131809
4876.15 -3773.9 -0.000148366
5394.56 -4188.88 -0.000165152
5909.16 -4605.84 -0.000182144
6418.2 -5023.17 -0.000199286
6918.36 -5437.99 -0.000216465
7403.99 -5845.35 -0.000233481
7866.83 -6238.66 -0.000250054
8297.18 -6609.47 -0.000265814
8686.59 -6950.22 -0.000280417
9030.8 -7256.73 -0.000293658
9330.49 -7527.42 -0.000305435
9590.04 -7765.16 -0.000315846
9815.21 -7973.55 -0.000325025
10011.7 -8156.49 -0.000333126
10184.8 -8318.7 -0.000340342
10338.5 -8462.54 -0.000346767
10475.8 -8582.55 -0.000352149
10599.4 -8685.06 -0.000356759
10711.4 -8770.61 -0.000360617
10812.7 -8836.28 -0.000363585
10905.5 -8891.96 -0.000366106
10991.1 -8938.76 -0.000368228
11070.4 -8977.63 -0.000369993
11143.9 -9007.79 -0.000371363
11212.1 -9026.47 -0.000372212
11276 -9039.11 -0.000372788
11335.9 -9046.27 -0.000373114
11392.3 -9048.48 -0.000373214
11445.5 -9045.79 -0.00037311
11495.9 -9038.28 -0.00037282
11543.8 -9026.36 -0.000372359
11589.3 -9010.39 -0.000371741
11632.4 -8987.78 -0.000370867
11673.3 -8957.61 -0.0003697
11712.4 -8924.13 -0.000368406
11749.8 -8887.63 -0.000366995
11785.6 -8848.4 -0.000365477
11820.1 -8806.69 -0.000363865
11853.2 -8762.72 -0.000362165
11885.1 -8716.71 -0.000360385
11915.6 -8668.37 -0.000358516
11945 -8618.03 -0.00035657
11972.9 -8555.82 -0.000354164
11999.8 -8491.27 -0.000351668
12025.7 -8425.33 -0.000349118
12050.7 -8357.69 -0.000346503
12074.7 -8286.52 -0.000343751
12097.7 -8210.72 -0.00034082
12119.8 -8125.47 -0.000337523
12141.1 -8039.54 -0.0003342
12161.8 -7953.08 -0.000330857
12181.9 -7866.21 -0.000327498
12201.4 -7779.02 -0.000324127
12220.3 -7691.6 -0.000320746
12238.6 -7604.02 -0.00031736
12256.3 -7516.34 -0.000313969
12273.3 -7422.83 -0.000310353
12289.7 -7326.16 -0.000306616
12305.5 -7229.53 -0.000302879
12320.9 -7133.03 -0.000299147
12335.7 -7032.21 -0.000295249
12349.8 -6918.84 -0.000290865
12363.5 -6805.71 -0.000286491
12376.5 -6690.59 -0.000282039
12388.8 -6570.23 -0.000277385
12400.7 -6450.35 -0.00027275
12412.4 -6331.02 -0.000268136
12423.7 -6212.29 -0.000263544
12434.7 -6094.19 -0.000258978
12445.5 -5976.73 -0.000254436
12455.9 -5859.91 -0.000249919
12466.1 -5743.71 -0.000245425
12476 -5628.09 -0.000240955
12485.7 -5513.03 -0.000236505
12495.1 -5398.48 -0.000232076
12504.3 -5284.4 -0.000227665
12513.2 -5170.75 -0.00022327
12521.8 -5057.49 -0.000218891
12530.3 -4944.61 -0.000214525
12538.4 -4832.07 -0.000210174
12546.4 -4719.86 -0.000205835
12554.2 -4608 -0.00020151
12561.7 -4496.48 -0.000197197
12569 -4385.32 -0.000192899
12576.2 -4274.55 -0.000188616
12583.1 -4164.18 -0.000184348
12589.9 -4054.27 -0.000180098
12596.5 -3944.83 -0.000175866
12603 -3835.91 -0.000171655
12609.3 -3727.54 -0.000167464
12615.5 -3619.76 -0.000163296
12621.6 -3512.58 -0.000159152
12627.5 -3406.05 -0.000155033
12633.3 -3299.12 -0.000150898
12638.9 -3190.29 -0.00014669
12644.3 -3079.9 -0.000142421
12649.5 -2969.17 -0.000138139
12654.6 -2856.36 -0.000133777
12659.6 -2735.12 -0.000129089
12664.4 -2614.53 -0.000124426
12669.2 -2494.59 -0.000119788
12673.9 -2375.29 -0.000115175
12678.6 -2256.63 -0.000110587
12683.1 -2138.59 -0.000106022
12687.6 -2021.16 -0.000101482
12692 -1904.32 -9.69635e-05
12696.3 -1788.04 -9.24673e-05
12700.6 -1672.31 -8.79922e-05
12704.8 -1557.09 -8.35371e-05
12708.9 -1442.37 -7.91011e-05
12713 -1328.12 -7.46831e-05
12717 -1214.3 -7.0282e-05
12720.9 -1100.89 -6.58968e-05
12724.7 -987.868 -6.15263e-05
12728.5 -875.196 -5.71695e-05
12732.1 -757.906 -5.26341e-05
12735.7 -635.695 -4.79085e-05
12739.2 -513.7 -4.31911e-05
12742.7 -391.902 -3.84815e-05
12746 -270.271 -3.37782e-05
12749.3 -148.785 -2.90806e-05
12752.5 -22.9854 -2.42162e-05
12755.5 0 -1.84543e-05
12758.3 0 -1.25673e-05
12761.2 0 -6.66731e-06
12763.9 0 -7.5416e-07
12766.6 0 5.17213e-06
12769.2 0 1.11113e-05
12771.7 0 1.72782e-05
12774.1 0 2.37446e-05
12776.4 0 3.02269e-05
12778.6 0 3.6724e-05
12780.8 0 4.32342e-05
12783 0 4.9756e-05
12785.1 0 5.62876e-05
12787.2 0 6.28274e-05
12789.2 0 6.93733e-05
12791.2 0 7.59237e-05
12793.2 0 8.24767e-05
12795.1 0 8.90306e-05
12797 0 9.55836e-05
12798.8 0 0.000102134
12800.6 0 0.00010868
12802.4 0 0.000115221
12804.2 0 0.000121755
12805.9 0 0.00012828
12807.7 0 0.000134796
12809.4 0 0.000141302
12811 0 0.000147796
12812.7 0 0.000154277
12814.3 0 0.000160744
12815.9 0 0.000167198
12817.5 0 0.000173637
12819.1 0 0.00018006
12820.7 0 0.000186468
12822.2 0 0.000192859
12823.7 0 0.000199233
12825.2 0 0.000205591
12826.7 0 0.00021193
12828.2 0 0.000218253
12829.7 0 0.000224558
12831.1 0 0.000230845
12832.6 0 0.000237114
12834 0 0.000243365
12835.4 0 0.000249598
12836.8 0 0.000255814
12838.2 0 0.000262012
12839.5 0 0.000268193
12840.9 0 0.000274356
12842.2 0 0.000280502
12843.6 0 0.000286631
12844.9 0 0.000292744
12846.2 0 0.00029884
12847.5 0 0.000304921
12848.7 0 0.000310985
12850 0 0.000317035
12851.3 0 0.00032307
12852.5 0 0.000329091
12853.7 0 0.000335097
12855 0 0.000341091
12856.2 0 0.000347071
12857.4 0 0.000353039
12858.5 0 0.000358996
12859.7 0 0.000364941
12860.9 0 0.000370875
12862 0 0.0003768
12863.1 0 0.000382715
12864.3 0 0.000388621
12865.4 0 0.00039452
12866.4 0 0.000400412
12867.5 0 0.000406297
12868.6 0 0.000412177
12869.6 0 0.000418052
12870.7 0 0.000423923
12871.7 0 0.000429791
12872.7 0 0.000435657
12873.7 0 0.000441521
12874.7 0 0.000447384
12875.7 0 0.000453247
12876.6 0 0.000459111
12877.5 0 0.000464976
12878.5 0 0.000470844
12879.4 0 0.000476714
12880.3 0 0.000482589
12881.2 0 0.000488467
12882 0 0.000494351
12882.9 0 0.000500241
12883.7 0 0.000506137
12884.6 0 0.000512041
12885.4 0 0.000517951
12886.2 0 0.00052387
12886.9 0 0.000529798
12887.7 0 0.000535734
12888.5 0 0.000541679
12889.2 0 0.000547635
12889.9 0 0.0005536
12890.6 0 0.000559575
12891.3 0 0.00056556
12892 0 0.000571556
12892.7 0 0.000577562
12893.3 0 0.000583578
12894 0 0.000589605
12894.6 0 0.000595642
12895.2 0 0.000601689
12895.8 0 0.000607747
12896.4 0 0.000613814
12897 0 0.00061989
12897.6 0 0.000625976
12898.1 0 0.00063207
12898.7 0 0.000638174
12899.2 0 0.000644285
12899.8 0 0.000650404
12900.3 0 0.000656554
12900.7 0 0.000663037
12901.2 0 0.000669528
12901.6 0 0.000676028
12902 0 0.000682534
12902.5 0 0.000689048
12902.9 0 0.000695568
12903.3 0 0.000702094
12903.7 0 0.000708625
12904.1 0 0.00071516
12904.5 0 0.0007217
12904.8 0 0.000728243
12905.2 0 0.000734789
12905.5 0 0.000741338
12905.9 0 0.000747888
12906.2 0 0.00075444
12906.6 0 0.000760993
12906.9 0 0.000767546
12907.2 0 0.0007741
12907.5 0 0.000780653
12907.9 0 0.000787205
12908.2 0 0.000793756
12908.5 0 0.000800305
12908.8 0 0.000806852
12909 0 0.000813397
12909.3 0 0.000819939
12909.6 0 0.000826479
12909.9 0 0.000833014
12910.2 0 0.000839547
12910.4 0 0.000846075
12910.7 0 0.000852599
12910.9 0 0.000859118
12911.2 0 0.000865633
12911.4 0 0.000872143
12911.7 0 0.000878648
12911.9 0 0.000885148
12912.2 0 0.000891642
12912.4 0 0.00089813
12912.6 0 0.000904612
12912.9 0 0.000911089
12913.1 0 0.000917559
12913.3 0 0.000924023
12913.5 0 0.000930481
12913.7 0 0.000936931
12913.9 0 0.000943376
12914.1 0 0.000949813
12914.3 0 0.000956243
12914.5 0 0.000962667
12914.7 0 0.000969083
12914.9 0 0.000975492
12915.1 0 0.000981894
12915.3 0 0.000988289
12915.5 0 0.000994676
12915.7 0 0.00100106
12915.9 0 0.00100743
12916 0 0.00101379
12916.2 0 0.00102015
12916.4 0 0.0010265
12916.6 0 0.00103284
12916.7 0 0.00103917
12916.9 0 0.0010455
12917 0 0.00105182
12917.2 0 0.00105813
12917.4 0 0.00106443
12917.5 0 0.00107073
12917.7 0 0.00107701
12917.8 0 0.00108329
12918 0 0.00108956
12918.1 0 0.00109582
12918.2 0 0.00110208
12918.4 0 0.00110833
12918.5 0 0.00111456
12918.7 0 0.00112079
12918.8 0 0.00112702
12918.9 0 0.00113323
12919.1 0 0.00113943
12919.3 0 0.00114561
12919.6 0 0.00115172
12920.2 0 0.00115776
12921.1 0 0.00116369
12922.2 0 0.00116953
12923.4 0 0.00117531
12924.8 0 0.00118105
12926.3 0 0.00118673
12927.9 0 0.00119236
12929.8 0 0.00119788
12931.8 0 0.00120338
12933.7 0 0.00120886
12935.7 0 0.00121433
12937.6 0 0.00121979
12939.6 0 0.00122521
12941.8 0 0.00123058
12944.1 0 0.00123588
12946.6 0 0.0012411
12949.3 0 0.00124626
12951.9 0 0.00125142
12954.5 0 0.00125656
12957.1 0 0.00126169
12959.7 0 0.00126682
12962.3 0 0.00127192
12964.9 0 0.00127702
12967.5 0 0.0012821
12970.2 0 0.00128714
12973 0 0.00129212
12976 0 0.00129704
12979.1 0 0.00130187
12982.4 0 0.00130665
12985.6 0 0.00131142
12988.8 0 0.00131617
12992 0 0.00132091
12995.2 0 0.00132563
12998.4 0 0.00133034
13001.6 0 0.00133504
13004.8 0 0.00133972
13008 0 0.00134439
13011.2 0 0.00134904
13014.4 0 0.00135368
13017.6 0 0.0013583
13020.9 0 0.00136289
13024.2 0 0.00136741
13027.7 0 0.00137188
13031.3 0 0.00137629
13035 0 0.00138059
13038.8 0 0.00138489
13042.5 0 0.00138917
13046.3 0 0.00139344
13050 0 0.00139769
13053.7 0 0.00140192
13057.5 0 0.00140614
13061.2 0 0.00141034
13064.9 0 0.00141452
13068.7 0 0.00141869
13072.4 0 0.00142284
13076.1 0 0.00142697
13079.8 0 0.00143109
13083.5 0 0.00143519
13087.2 0 0.00143927
13090.9 0 0.00144334
13094.6 0 0.00144738
13098.4 0 0.0014514
13102.2 0 0.00145536
13106.1 0 0.00145926
13110 0 0.0014631
13114.2 0 0.00146684
13118.4 0 0.00147054
13122.6 0 0.00147421
13126.8 0 0.00147787
13130.9 0 0.0014815
13135.1 0 0.00148512
13139.3 0 0.00148871
13143.5 0 0.00149229
13147.6 0 0.00149584
13151.8 0 0.00149937
13155.9 0 0.00150288
13160.1 0 0.00150636
13164.3 0 0.00150983
13168.4 0 0.00151327
13172.5 0 0.00151669
13176.7 0 0.00152009
13180.8 0 0.00152347
13185 0 0.00152683
13189.1 0 0.00153016
13193.2 0 0.00153347
13197.4 0 0.00153675
13201.5 0 0.00154001
13205.6 0 0.00154325
13209.7 0 0.00154647
13213.9 0 0.00154964
13218.1 0 0.00155276
13222.4 0 0.00155581
13226.7 0 0.0015588
13231.2 0 0.0015617
13235.7 0 0.00156452
13240.2 0 0.00156731
13244.8 0 0.00157008
13249.3 0 0.00157282
13253.8 0 0.00157554
13258.3 0 0.00157822
13262.8 0 0.00158088
13267.3 0 0.00158352
13271.8 0 0.00158612
13276.3 0 0.0015887
13280.8 0 0.00159124
13285.3 0 0.00159377
13289.8 0 0.00159626
13294.3 0 0.00159872
13298.7 0 0.00160116
13303.2 0 0.00160356
13307.7 0 0.00160594
13312.2 0 0.00160829
13316.6 0 0.00161061
13321.1 0 0.00161291
13325.5 0 0.00161517
13330 0 0.0016174
13334.4 0 0.00161961
13338.9 0 0.00162178
13343.3 0 0.00162393
13347.7 0 0.00162604
13352.2 0 0.00162813
13356.6 0 0.00163019
13361 0 0.00163222
13365.5 0 0.00163421
13369.9 0 0.00163618
13374.3 0 0.00163812
13378.8 0 0.00163999
13383.3 0 0.0016418
13387.9 0 0.00164354
13392.5 0 0.00164522
13397.2 0 0.00164679
13402 0 0.00164829
13406.7 0 0.00164975
13411.5 0 0.00165117
13416.2 0 0.00165257
13420.9 0 0.00165393
13425.7 0 0.00165526
13430.4 0 0.00165656
13435.1 0 0.00165783
13439.8 0 0.00165906
13444.5 0 0.00166026
13449.3 0 0.00166143
13454 0 0.00166257
13458.7 0 0.00166367
13463.4 0 0.00166475
13468.1 0 0.00166579
13472.8 0 0.00166679
13477.4 0 0.00166777
13482.1 0 0.00166871
13486.8 0 0.00166962
13491.5 0 0.0016705
13496.2 0 0.00167135
13500.8 0 0.00167216
13505.5 0 0.00167295
13510.1 0 0.0016737
13514.8 0 0.00167441
13519.5 0 0.0016751
13524.1 0 0.00167576
13528.8 0 0.00167638
13533.4 0 0.00167697
13538 0 0.00167753
13542.7 0 0.00167805
13547.3 0 0.00167855
13551.9 0 0.00167901
13556.6 0 0.00167944
13561.2 0 0.00167984
13565.8 0 0.00168021
13570.4 0 0.00168055
13575 0 0.00168085
13579.6 0 0.00168113
13584.2 0 0.00168137
13588.8 0 0.00168158
13593.4 0 0.00168176
13598 0 0.00168191
13602.7 0 0.00168201
13607.4 0 0.00168204
13612.1 0 0.00168201
13616.8 0 0.00168191
13621.6 0 0.00168175
13410.3 0 0.00154597
13470.1 0 0.00150384
13494.5 0 0.00147645
