0 -58.4752 -2.26119e-06
634.56 0 2.31208e-05
1173.57 0 5.30288e-05
1709.92 0 8.29092e-05
2243.81 0 0.000112621
2775.24 0 0.000142126
3304.22 0 0.000171419
3830.74 0 0.000200481
4354.77 0 0.000229303
4876.15 0 0.000257885
5394.56 0 0.000286237
5909.16 0 0.000314382
6418.2 0 0.000342378
6918.36 0 0.000370336
7403.99 0 0.00039846
7866.83 0 0.000427025
8297.18 0 0.000456403
8686.59 0 0.00048694
9030.8 0 0.000518842
9330.49 0 0.000552194
9590.04 0 0.000586899
9815.21 0 0.000622792
10011.7 0 0.000659702
10184.8 0 0.000697478
10338.5 0 0.000736052
10475.8 0 0.000775847
10599.4 0 0.000816486
10711.4 0 0.000857941
10812.7 0 0.000900173
10905.5 0 0.000942859
10991.1 0 0.000985951
11070.4 0 0.00102941
11143.9 0 0.00107326
11212.1 0 0.00111765
11276 0 0.00116231
11335.9 0 0.00120724
11392.3 0 0.00125239
11445.5 0 0.00129774
11495.9 0 0.00134329
11543.8 0 0.00138901
11589.3 0 0.00143489
11632.4 0 0.00148102
11673.3 0 0.00152741
11712.4 0 0.00157394
11749.8 0 0.00162058
11785.6 0 0.00166733
11820.1 0 0.00171418
11853.2 0 0.00176111
11885.1 0 0.00180813
11915.6 0 0.00185509
11945 0 0.00190204
11972.9 0 0.00194952
11999.8 0 0.0019971
12025.7 0 0.00204473
12050.7 0 0.00209239
12074.7 0 0.00214005
12097.7 0 0.00218794
12119.8 0 0.00223633
12141.1 0 0.00228475
12161.8 0 0.00233318
12181.9 0 0.00238163
12201.4 0 0.00243009
12220.3 0 0.00247856
12238.6 0 0.00252703
12256.3 0 0.00257551
12273.3 0 0.00262423
12289.7 0 0.00267308
12305.5 0 0.00272193
12320.9 0 0.00277078
12335.7 0 0.00281988
12349.8 0 0.00286972
12363.5 0 0.00291956
12376.5 0 0.00296916
12388.8 0 0.00301877
12400.7 0 0.00306835
12412.4 0 0.00311792
12423.7 0 0.00316746
12434.7 0 0.00321697
12445.5 0 0.00326645
12455.9 0 0.00331591
12466.1 0 0.00336534
12476 0 0.00341475
12485.7 0 0.00346413
12495.1 0 0.00351349
12504.3 0 0.00356283
12513.2 0 0.00361215
12521.8 0 0.00366145
12530.3 0 0.00371074
12538.4 0 0.00376001
12546.4 0 0.00380926
12554.2 0 0.00385849
12561.7 0 0.00390771
12569 0 0.00395692
12576.2 0 0.0040061
12583.1 0 0.00405527
12589.9 0 0.00410442
12596.5 0 0.00415355
12603 0 0.00420266
12609.3 0 0.00425175
12615.5 0 0.00430081
12621.6 0 0.00434985
12627.5 0 0.00439887
12633.3 0 0.00444785
12638.9 0 0.00449679
12644.3 0 0.00454559
12649.5 0 0.00459431
12654.6 0 0.00464316
12659.6 0 0.00469251
12664.4 0 0.00474183
12669.2 0 0.00479112
12673.9 0 0.00484039
12678.6 0 0.00488962
12683.1 0 0.00493883
12687.6 0 0.00498801
12692 0 0.00503716
12696.3 0 0.00508628
12700.6 0 0.00513538
12704.8 0 0.00518445
12708.9 0 0.00523349
12713 0 0.00528251
12717 0 0.0053315
12720.9 0 0.00538047
12724.7 0 0.00542942
12728.5 0 0.00547834
12732.1 0 0.00552755
12735.7 0 0.00557706
12739.2 0 0.00562656
12742.7 0 0.00567604
12746 0 0.00572552
12749.3 0 0.00577499
12752.5 0 0.00582468
12755.5 0 0.0058756
12758.3 0 0.00592669
12761.2 0 0.0059778
12763.9 0 0.00602892
12766.6 0 0.00608007
12769.2 0 0.00613123
12771.7 0 0.00618259
12774.1 0 0.00623422
12776.4 0 0.00628587
12778.6 0 0.00633754
12780.8 0 0.00638923
12783 0 0.00644094
12785.1 0 0.00649266
12787.2 0 0.00654441
12789.2 0 0.00659616
12791.2 0 0.00664792
12793.2 0 0.0066997
12795.1 0 0.00675147
12797 0 0.00680326
12798.8 0 0.00685504
12800.6 0 0.00690683
12802.4 0 0.00695861
12804.2 0 0.00701039
12805.9 0 0.00706216
12807.7 0 0.00711393
12809.4 0 0.00716569
12811 0 0.00721744
12812.7 0 0.00726918
12814.3 0 0.00732091
12815.9 0 0.00737262
12817.5 0 0.00742432
12819.1 0 0.00747601
12820.7 0 0.00752768
12822.2 0 0.00757934
12823.7 0 0.00763097
12825.2 0 0.0076826
12826.7 0 0.0077342
12828.2 0 0.00778579
12829.7 0 0.00783736
12831.1 0 0.00788891
12832.6 0 0.00794044
12834 0 0.00799195
12835.4 0 0.00804345
12836.8 0 0.00809493
12838.2 0 0.00814638
12839.5 0 0.00819782
12840.9 0 0.00824924
12842.2 0 0.00830065
12843.6 0 0.00835203
12844.9 0 0.0084034
12846.2 0 0.00845475
12847.5 0 0.00850608
12848.7 0 0.0085574
12850 0 0.0086087
12851.3 0 0.00865998
12852.5 0 0.00871125
12853.7 0 0.0087625
12855 0 0.00881374
12856.2 0 0.00886496
12857.4 0 0.00891617
12858.5 0 0.00896737
12859.7 0 0.00901855
12860.9 0 0.00906974
12862 0 0.00912091
12863.1 0 0.00917207
12864.3 0 0.00922322
12865.4 0 0.00927437
12866.4 0 0.0093255
12867.5 0 0.00937663
12868.6 0 0.00942776
12869.6 0 0.00947887
12870.7 0 0.00952999
12871.7 0 0.00958109
12872.7 0 0.0096322
12873.7 0 0.0096833
12874.7 0 0.00973441
12875.7 0 0.00978551
12876.6 0 0.00983661
12877.5 0 0.00988771
12878.5 0 0.00993882
12879.4 0 0.00998993
12880.3 0 0.010041
12881.2 0 0.0100922
12882 0 0.0101433
12882.9 0 0.0101944
12883.7 0 0.0102456
12884.6 0 0.0102967
12885.4 0 0.0103479
12886.2 0 0.010399
12886.9 0 0.0104502
12887.7 0 0.0105014
12888.5 0 0.0105526
12889.2 0 0.0106038
12889.9 0 0.010655
12890.6 0 0.0107063
12891.3 0 0.0107575
12892 0 0.0108088
12892.7 0 0.01086
12893.3 0 0.0109113
12894 0 0.0109626
12894.6 0 0.011014
12895.2 0 0.0110653
12895.8 0 0.0111166
12896.4 0 0.011168
12897 0 0.0112193
12897.6 0 0.0112707
12898.1 0 0.0113221
12898.7 0 0.0113735
12899.2 0 0.0114249
12899.8 0 0.0114764
12900.3 0 0.0115278
12900.7 0 0.0115795
12901.2 0 0.0116311
12901.6 0 0.0116828
12902 0 0.0117345
12902.5 0 0.0117862
12902.9 0 0.0118379
12903.3 0 0.0118896
12903.7 0 0.0119413
12904.1 0 0.011993
12904.5 0 0.0120447
12904.8 0 0.0120965
12905.2 0 0.0121482
12905.5 0 0.0121999
12905.9 0 0.0122517
12906.2 0 0.0123034
12906.6 0 0.0123552
12906.9 0 0.0124069
12907.2 0 0.0124587
12907.5 0 0.0125104
12907.9 0 0.0125622
12908.2 0 0.0126139
12908.5 0 0.0126657
12908.8 0 0.0127174
12909 0 0.0127692
12909.3 0 0.0128209
12909.6 0 0.0128726
12909.9 0 0.0129244
12910.2 0 0.0129761
12910.4 0 0.0130278
12910.7 0 0.0130796
12910.9 0 0.0131313
12911.2 0 0.013183
12911.4 0 0.0132347
12911.7 0 0.0132864
12911.9 0 0.0133381
12912.2 0 0.0133898
12912.4 0 0.0134415
12912.6 0 0.0134932
12912.9 0 0.0135449
12913.1 0 0.0135966
12913.3 0 0.0136482
12913.5 0 0.0136999
12913.7 0 0.0137515
12913.9 0 0.0138032
12914.1 0 0.0138548
12914.3 0 0.0139064
12914.5 0 0.0139581
12914.7 0 0.0140097
12914.9 0 0.0140613
12915.1 0 0.0141129
12915.3 0 0.0141645
12915.5 0 0.0142161
12915.7 0 0.0142677
12915.9 0 0.0143192
12916 0 0.0143708
12916.2 0 0.0144223
12916.4 0 0.0144739
12916.6 0 0.0145254
12916.7 0 0.014577
12916.9 0 0.0146285
12917 0 0.01468
12917.2 0 0.0147315
12917.4 0 0.014783
12917.5 0 0.0148345
12917.7 0 0.014886
12917.8 0 0.0149374
12918 0 0.0149889
12918.1 0 0.0150404
12918.2 0 0.0150918
12918.4 0 0.0151432
12918.5 0 0.0151947
12918.7 0 0.0152461
12918.8 0 0.0152975
12918.9 0 0.0153489
12919.1 0 0.0154003
12919.3 0 0.0154517
12919.6 0 0.015503
12920.2 0 0.0155542
12921.1 0 0.0156053
12922.2 0 0.0156563
12923.4 0 0.0157072
12924.8 0 0.0157581
12926.3 0 0.0158089
12927.9 0 0.0158597
12929.8 0 0.0159104
12931.8 0 0.015961
12933.7 0 0.0160116
12935.7 0 0.0160622
12937.6 0 0.0161128
12939.6 0 0.0161634
12941.8 0 0.0162138
12944.1 0 0.0162643
12946.6 0 0.0163146
12949.3 0 0.0163649
12951.9 0 0.0164151
12954.5 0 0.0164654
12957.1 0 0.0165156
12959.7 0 0.0165658
12962.3 0 0.016616
12964.9 0 0.0166662
12967.5 0 0.0167164
12970.2 0 0.0167665
12973 0 0.0168166
12976 0 0.0168666
12979.1 0 0.0169165
12982.4 0 0.0169664
12985.6 0 0.0170162
12988.8 0 0.0170661
12992 0 0.017116
12995.2 0 0.0171658
12998.4 0 0.0172157
13001.6 0 0.0172655
13004.8 0 0.0173153
13008 0 0.0173651
13011.2 0 0.0174148
13014.4 0 0.0174646
13017.6 0 0.0175143
13020.9 0 0.017564
13024.2 0 0.0176137
13027.7 0 0.0176633
13031.3 0 0.0177128
13035 0 0.0177622
13038.8 0 0.0178116
13042.5 0 0.017861
13046.3 0 0.0179104
13050 0 0.0179597
13053.7 0 0.018009
13057.5 0 0.0180584
13061.2 0 0.0181077
13064.9 0 0.0181569
13068.7 0 0.0182062
13072.4 0 0.0182554
13076.1 0 0.0183047
13079.8 0 0.0183539
13083.5 0 0.0184031
13087.2 0 0.0184522
13090.9 0 0.0185014
13094.6 0 0.0185505
13098.4 0 0.0185996
13102.2 0 0.0186487
13106.1 0 0.0186977
13110 0 0.0187466
13114.2 0 0.0187954
13118.4 0 0.0188442
13122.6 0 0.0188929
13126.8 0 0.0189416
13130.9 0 0.0189904
13135.1 0 0.019039
13139.3 0 0.0190877
13143.5 0 0.0191363
13147.6 0 0.0191849
13151.8 0 0.0192335
13155.9 0 0.0192821
13160.1 0 0.0193306
13164.3 0 0.0193791
13168.4 0 0.0194276
13172.5 0 0.0194761
13176.7 0 0.0195246
13180.8 0 0.019573
13185 0 0.0196214
13189.1 0 0.0196698
13193.2 0 0.0197181
13197.4 0 0.0197664
13201.5 0 0.0198147
13205.6 0 0.019863
13209.7 0 0.0199113
13213.9 0 0.0199595
13218.1 0 0.0200076
13222.4 0 0.0200557
13226.7 0 0.0201037
13231.2 0 0.0201517
13235.7 0 0.0201995
13240.2 0 0.0202473
13244.8 0 0.0202951
13249.3 0 0.0203428
13253.8 0 0.0203906
13258.3 0 0.0204383
13262.8 0 0.0204859
13267.3 0 0.0205335
13271.8 0 0.0205812
13276.3 0 0.0206287
13280.8 0 0.0206763
13285.3 0 0.0207238
13289.8 0 0.0207713
13294.3 0 0.0208187
13298.7 0 0.0208661
13303.2 0 0.0209135
13307.7 0 0.0209609
13312.2 0 0.0210082
13316.6 0 0.0210555
13321.1 0 0.0211028
13325.5 0 0.02115
13330 0 0.0211972
13334.4 0 0.0212444
13338.9 0 0.0212915
13343.3 0 0.0213387
13347.7 0 0.0213857
13352.2 0 0.0214328
13356.6 0 0.0214798
13361 0 0.0215268
13365.5 0 0.0215737
13369.9 0 0.0216207
13374.3 0 0.0216676
13378.8 0 0.0217144
13383.3 0 0.0217612
13387.9 0 0.0218079
13392.5 0 0.0218545
13397.2 0 0.021901
13402 0 0.0219475
13406.7 0 0.0219938
13411.5 0 0.0220402
13416.2 0 0.0220865
13420.9 0 0.0221328
13425.7 0 0.0221791
13430.4 0 0.0222253
13435.1 0 0.0222715
13439.8 0 0.0223176
13444.5 0 0.0223637
13449.3 0 0.0224098
13454 0 0.0224558
13458.7 0 0.0225019
13463.4 0 0.0225478
13468.1 0 0.0225938
13472.8 0 0.0226397
13477.4 0 0.0226856
13482.1 0 0.0227314
13486.8 0 0.0227772
13491.5 0 0.022823
13496.2 0 0.0228687
13500.8 0 0.0229144
13505.5 0 0.0229601
13510.1 0 0.0230058
13514.8 0 0.0230514
13519.5 0 0.0230969
13524.1 0 0.0231425
13528.8 0 0.023188
13533.4 0 0.0232335
13538 0 0.0232789
13542.7 0 0.0233243
13547.3 0 0.0233697
13551.9 0 0.023415
13556.6 0 0.0234603
13561.2 0 0.0235056
13565.8 0 0.0235508
13570.4 0 0.0235961
13575 0 0.0236412
13579.6 0 0.0236864
13584.2 0 0.0237315
13588.8 0 0.0237766
13593.4 0 0.0238216
13598 0 0.0238667
13602.7 0 0.0239117
13607.4 0 0.0239566
13612.1 0 0.0240014
13616.8 0 0.0240462
13621.6 0 0.024091
13410.3 0 0.0239995
13470.1 0 0.024002
13494.5 0 0.0240192
