0 -58.4752 -2.26119e-06
634.56 -543.874 -2.10492e-05
1173.57 -907.422 -3.51557e-05
1709.92 -1271.25 -4.93136e-05
2243.81 -1637.85 -6.36292e-05
2775.24 -2008.65 -7.81659e-05
3304.22 -2383.54 -9.29293e-05
3830.74 -2762.52 -0.000107928
4354.77 -3145.48 -0.000123165
4876.15 -3532.13 -0.00013864
5394.56 -3922.05 -0.000154344
5909.16 -4314.39 -0.000170253
6418.2 -4707.59 -0.000186311
6918.36 -5098.77 -0.000202406
7403.99 -5483.07 -0.000218341
7866.83 -5853.66 -0.00023383
8297.18 -6202.13 -0.000248508
8686.59 -6520.89 -0.000262037
9030.8 -6805.57 -0.000274204
9330.49 -7053.62 -0.000284873
9590.04 -7268.03 -0.000294148
9815.21 -7450.3 -0.000302071
10011.7 -7603.49 -0.000308759
10184.8 -7734.87 -0.000314516
10338.5 -7848.25 -0.0003195
10475.8 -7947.96 -0.000323895
10599.4 -8034.35 -0.000327713
10711.4 -8107.25 -0.000330942
10812.7 -8153.36 -0.000332987
10905.5 -8189.76 -0.000334603
10991.1 -8217.53 -0.000335838
11070.4 -8237.62 -0.000336731
11143.9 -8249.26 -0.000337249
11212.1 -8249.66 -0.000337267
11276 -8243.44 -0.000337026
11335.9 -8231.13 -0.00033655
11392.3 -8213.26 -0.000335859
11445.5 -8190.34 -0.000334973
11495.9 -8162.83 -0.000333909
11543.8 -8131.12 -0.000332683
11589.3 -8095.57 -0.000331308
11632.4 -8052.44 -0.00032964
11673.3 -8000.32 -0.000327625
11712.4 -7945 -0.000325486
11749.8 -7886.74 -0.000323233
11785.6 -7825.82 -0.000320878
11820.1 -7762.51 -0.000318429
11853.2 -7697.02 -0.000315897
11885.1 -7629.58 -0.000313289
11915.6 -7550.42 -0.000310228
11945 -7462.85 -0.000306842
11972.9 -7368.57 -0.000303197
11999.8 -7272.18 -0.000299469
12025.7 -7174.2 -0.000295681
12050.7 -7072.55 -0.00029175
12074.7 -6957.87 -0.000287315
12097.7 -6842.17 -0.000282842
12119.8 -6725.98 -0.000278349
12141.1 -6609.01 -0.000273826
12161.8 -6491.42 -0.000269279
12181.9 -6373.34 -0.000264713
12201.4 -6254.87 -0.000260132
12220.3 -6136.08 -0.000255539
12238.6 -6017.05 -0.000250936
12256.3 -5897.86 -0.000246327
12273.3 -5774.11 -0.000241542
12289.7 -5647.88 -0.000236661
12305.5 -5521.64 -0.00023178
12320.9 -5395.5 -0.000226902
12335.7 -5271.03 -0.000222089
12349.8 -5151 -0.000217447
12363.5 -5031.48 -0.000212826
12376.5 -4889.19 -0.000207324
12388.8 -4728.56 -0.000201113
12400.7 -4568.23 -0.000194913
12412.4 -4408.3 -0.000188729
12423.7 -4248.81 -0.000182562
12434.7 -4089.81 -0.000176413
12445.5 -3931.3 -0.000170284
12455.9 -3773.29 -0.000164174
12466.1 -3615.73 -0.000158082
12476 -3458.6 -0.000152006
12485.7 -3301.85 -0.000145945
12495.1 -3145.42 -0.000139896
12504.3 -2989.26 -0.000133858
12513.2 -2833.34 -0.000127828
12521.8 -2677.6 -0.000121806
12530.3 -2522.02 -0.00011579
12538.4 -2366.59 -0.00010978
12546.4 -2211.3 -0.000103775
12554.2 -2056.17 -9.77767e-05
12561.7 -1901.22 -9.17849e-05
12569 -1746.47 -8.58013e-05
12576.2 -1591.98 -7.98274e-05
12583.1 -1437.79 -7.38651e-05
12589.9 -1283.95 -6.79163e-05
12596.5 -1130.5 -6.19829e-05
12603 -977.509 -5.6067e-05
12609.3 -825.012 -5.01702e-05
12615.5 -673.055 -4.42943e-05
12621.6 -521.677 -3.84408e-05
12627.5 -370.909 -3.26109e-05
12633.3 -216.479 -2.66395e-05
12638.9 -52.2347 -2.02884e-05
12644.3 0 -1.3364e-05
12649.5 0 -6.19279e-06
12654.6 0 9.30615e-07
12659.6 0 7.93509e-06
12664.4 0 1.49225e-05
12669.2 0 2.18935e-05
12673.9 0 2.88492e-05
12678.6 0 3.57909e-05
12683.1 0 4.272e-05
12687.6 0 4.96382e-05
12692 0 5.65475e-05
12696.3 0 6.34497e-05
12700.6 0 7.03469e-05
12704.8 0 7.72413e-05
12708.9 0 8.4135e-05
12713 0 9.103e-05
12717 0 9.79284e-05
12720.9 0 0.000104832
12724.7 0 0.000111743
12728.5 0 0.000118662
12732.1 0 0.000125484
12735.7 0 0.000132203
12739.2 0 0.00013893
12742.7 0 0.000145655
12746 0 0.000152385
12749.3 0 0.000159125
12752.5 0 0.000165861
12755.5 0 0.000172652
12758.3 0 0.00017946
12761.2 0 0.000186268
12763.9 0 0.000193076
12766.6 0 0.000199881
12769.2 0 0.000206681
12771.7 0 0.000213788
12774.1 0 0.000221279
12776.4 0 0.000228768
12778.6 0 0.000236254
12780.8 0 0.000243735
12783 0 0.00025121
12785.1 0 0.000258678
12787.2 0 0.000266137
12789.2 0 0.000273585
12791.2 0 0.000281023
12793.2 0 0.000288448
12795.1 0 0.000295861
12797 0 0.00030326
12798.8 0 0.000310644
12800.6 0 0.000318013
12802.4 0 0.000325367
12804.2 0 0.000332705
12805.9 0 0.000340027
12807.7 0 0.000347331
12809.4 0 0.000354619
12811 0 0.00036189
12812.7 0 0.000369143
12814.3 0 0.000376378
12815.9 0 0.000383596
12817.5 0 0.000390797
12819.1 0 0.00039798
12820.7 0 0.000405145
12822.2 0 0.000412293
12823.7 0 0.000419423
12825.2 0 0.000426535
12826.7 0 0.000433631
12828.2 0 0.000440709
12829.7 0 0.000447771
12831.1 0 0.000454816
12832.6 0 0.000461844
12834 0 0.000468856
12835.4 0 0.000475852
12836.8 0 0.000482832
12838.2 0 0.000489797
12839.5 0 0.000496747
12840.9 0 0.000503683
12842.2 0 0.000510604
12843.6 0 0.000517511
12844.9 0 0.000524404
12846.2 0 0.000531285
12847.5 0 0.000538152
12848.7 0 0.000545008
12850 0 0.000551852
12851.3 0 0.000558684
12852.5 0 0.000565506
12853.7 0 0.000572317
12855 0 0.000579118
12856.2 0 0.000585911
12857.4 0 0.000592694
12858.5 0 0.00059947
12859.7 0 0.000606233
12860.9 0 0.000612962
12862 0 0.000619684
12863.1 0 0.000626399
12864.3 0 0.000633109
12865.4 0 0.000639813
12866.4 0 0.000646513
12867.5 0 0.000653208
12868.6 0 0.0006599
12869.6 0 0.00066659
12870.7 0 0.000673277
12871.7 0 0.000679962
12872.7 0 0.000686647
12873.7 0 0.000693331
12874.7 0 0.000700014
12875.7 0 0.000706699
12876.6 0 0.000713384
12877.5 0 0.000720071
12878.5 0 0.000726759
12879.4 0 0.00073345
12880.3 0 0.000740144
12881.2 0 0.00074684
12882 0 0.000753539
12882.9 0 0.000760242
12883.7 0 0.000766949
12884.6 0 0.000773659
12885.4 0 0.000780373
12886.2 0 0.000787091
12886.9 0 0.000793813
12887.7 0 0.000800539
12888.5 0 0.000807269
12889.2 0 0.000814004
12889.9 0 0.000820741
12890.6 0 0.000827483
12891.3 0 0.000834228
12892 0 0.000840977
12892.7 0 0.000847728
12893.3 0 0.000854483
12894 0 0.00086124
12894.6 0 0.000868
12895.2 0 0.000874761
12895.8 0 0.000881525
12896.4 0 0.00088829
12897 0 0.000895056
12897.6 0 0.000901823
12898.1 0 0.000908591
12898.7 0 0.000915358
12899.2 0 0.000922126
12899.8 0 0.000928894
12900.3 0 0.000935713
12900.7 0 0.000943193
12901.2 0 0.000950677
12901.6 0 0.000958165
12902 0 0.000965655
12902.5 0 0.000973147
12902.9 0 0.000980642
12903.3 0 0.000988138
12903.7 0 0.000995635
12904.1 0 0.00100313
12904.5 0 0.00101063
12904.8 0 0.00101813
12905.2 0 0.00102563
12905.5 0 0.00103312
12905.9 0 0.00104062
12906.2 0 0.00104811
12906.6 0 0.00105561
12906.9 0 0.0010631
12907.2 0 0.00107058
12907.5 0 0.00107807
12907.9 0 0.00108555
12908.2 0 0.00109303
12908.5 0 0.0011005
12908.8 0 0.00110798
12909 0 0.00111544
12909.3 0 0.00112291
12909.6 0 0.00113037
12909.9 0 0.00113782
12910.2 0 0.00114528
12910.4 0 0.00115272
12910.7 0 0.00116016
12910.9 0 0.0011676
12911.2 0 0.00117503
12911.4 0 0.00118246
12911.7 0 0.00118988
12911.9 0 0.00119729
12912.2 0 0.0012047
12912.4 0 0.0012121
12912.6 0 0.0012195
12912.9 0 0.0012269
12913.1 0 0.00123428
12913.3 0 0.00124166
12913.5 0 0.00124904
12913.7 0 0.0012564
12913.9 0 0.00126377
12914.1 0 0.00127112
12914.3 0 0.00127847
12914.5 0 0.00128581
12914.7 0 0.00129315
12914.9 0 0.00130048
12915.1 0 0.00130781
12915.3 0 0.00131512
12915.5 0 0.00132243
12915.7 0 0.00132974
12915.9 0 0.00133704
12916 0 0.00134433
12916.2 0 0.00135161
12916.4 0 0.00135889
12916.6 0 0.00136616
12916.7 0 0.00137343
12916.9 0 0.00138069
12917 0 0.00138794
12917.2 0 0.00139518
12917.4 0 0.00140242
12917.5 0 0.00140965
12917.7 0 0.00141688
12917.8 0 0.0014241
12918 0 0.00143131
12918.1 0 0.00143851
12918.2 0 0.00144571
12918.4 0 0.0014529
12918.5 0 0.00146009
12918.7 0 0.00146727
12918.8 0 0.00147444
12918.9 0 0.0014816
12919.1 0 0.00148876
12919.3 0 0.00149589
12919.6 0 0.00150298
12920.2 0 0.00151
12921.1 0 0.00151693
12922.2 0 0.00152379
12923.4 0 0.00153061
12924.8 0 0.0015374
12926.3 0 0.00154413
12927.9 0 0.00155083
12929.8 0 0.00155744
12931.8 0 0.00156402
12933.7 0 0.0015706
12935.7 0 0.00157718
12937.6 0 0.00158374
12939.6 0 0.00159027
12941.8 0 0.00159675
12944.1 0 0.00160319
12946.6 0 0.00160956
12949.3 0 0.00161589
12951.9 0 0.00162221
12954.5 0 0.00162852
12957.1 0 0.00163483
12959.7 0 0.00164113
12962.3 0 0.00164742
12964.9 0 0.0016537
12967.5 0 0.00165996
12970.2 0 0.00166619
12973 0 0.00167238
12976 0 0.00167852
12979.1 0 0.00168458
12982.4 0 0.00169062
12985.6 0 0.00169663
12988.8 0 0.0017025
12992 0 0.00170835
12995.2 0 0.00171419
12998.4 0 0.00172002
13001.6 0 0.00172583
13004.8 0 0.00173164
13008 0 0.00173743
13011.2 0 0.00174321
13014.4 0 0.00174898
13017.6 0 0.00175474
13020.9 0 0.00176045
13024.2 0 0.00176611
13027.7 0 0.00177172
13031.3 0 0.00177725
13035 0 0.00178274
13038.8 0 0.00178821
13042.5 0 0.00179367
13046.3 0 0.00179911
13050 0 0.00180454
13053.7 0 0.00180995
13057.5 0 0.00181536
13061.2 0 0.00182074
13064.9 0 0.00182612
13068.7 0 0.00183148
13072.4 0 0.00183682
13076.1 0 0.00184216
13079.8 0 0.00184747
13083.5 0 0.00185278
13087.2 0 0.00185807
13090.9 0 0.00186334
13094.6 0 0.0018686
13098.4 0 0.00187382
13102.2 0 0.001879
13106.1 0 0.00188412
13110 0 0.00188919
13114.2 0 0.00189416
13118.4 0 0.00189912
13122.6 0 0.00190406
13126.8 0 0.00190898
13130.9 0 0.00191388
13135.1 0 0.00191877
13139.3 0 0.00192364
13143.5 0 0.0019285
13147.6 0 0.00193334
13151.8 0 0.00193816
13155.9 0 0.00194296
13160.1 0 0.00194774
13164.3 0 0.00195251
13168.4 0 0.00195726
13172.5 0 0.00196199
13176.7 0 0.0019667
13180.8 0 0.0019714
13185 0 0.00197607
13189.1 0 0.00198073
13193.2 0 0.00198537
13197.4 0 0.00198999
13201.5 0 0.0019946
13205.6 0 0.00199918
13209.7 0 0.00200374
13213.9 0 0.00200825
13218.1 0 0.00201271
13222.4 0 0.00201712
13226.7 0 0.00202147
13231.2 0 0.00202572
13235.7 0 0.00202994
13240.2 0 0.00203415
13244.8 0 0.00203833
13249.3 0 0.00204249
13253.8 0 0.00204663
13258.3 0 0.00205074
13262.8 0 0.00205484
13267.3 0 0.00205891
13271.8 0 0.00206296
13276.3 0 0.00206699
13280.8 0 0.00207099
13285.3 0 0.00207497
13289.8 0 0.00207893
13294.3 0 0.00208287
13298.7 0 0.00208678
13303.2 0 0.00209067
13307.7 0 0.00209453
13312.2 0 0.00209838
13316.6 0 0.0021022
13321.1 0 0.00210599
13325.5 0 0.00210976
13330 0 0.00211351
13334.4 0 0.00211723
13338.9 0 0.00212093
13343.3 0 0.00212461
13347.7 0 0.00212826
13352.2 0 0.00213188
13356.6 0 0.00213549
13361 0 0.00213906
13365.5 0 0.00214262
13369.9 0 0.00214614
13374.3 0 0.00214961
13378.8 0 0.00215302
13383.3 0 0.00215638
13387.9 0 0.00215967
13392.5 0 0.00216291
13397.2 0 0.002166
13402 0 0.00216911
13406.7 0 0.0021722
13411.5 0 0.00217526
13416.2 0 0.0021783
13420.9 0 0.0021813
13425.7 0 0.00218428
13430.4 0 0.00218723
13435.1 0 0.00219015
13439.8 0 0.00219305
13444.5 0 0.00219592
13449.3 0 0.00219876
13454 0 0.00220157
13458.7 0 0.00220435
13463.4 0 0.00220711
13468.1 0 0.00220984
13472.8 0 0.00221254
13477.4 0 0.00221521
13482.1 0 0.00221785
13486.8 0 0.00222047
13491.5 0 0.00222306
13496.2 0 0.00222562
13500.8 0 0.00222815
13505.5 0 0.00223065
13510.1 0 0.00223313
13514.8 0 0.00223557
13519.5 0 0.00223799
13524.1 0 0.00224038
13528.8 0 0.00224274
13533.4 0 0.00224508
13538 0 0.00224738
13542.7 0 0.00224966
13547.3 0 0.00225191
13551.9 0 0.00225413
13556.6 0 0.00225632
13561.2 0 0.00225848
13565.8 0 0.00226061
13570.4 0 0.00226272
13575 0 0.00226479
13579.6 0 0.00226684
13584.2 0 0.00226886
13588.8 0 0.00227085
13593.4 0 0.0022728
13598 0 0.00227467
13602.7 0 0.00227648
13607.4 0 0.00227822
13612.1 0 0.00227991
13616.8 0 0.00228153
13621.6 0 0.00228298
13410.3 0 0.00215062
13470.1 0 0.00211093
13494.5 0 0.00208604
