0 -58.4752 -2.26119e-06
634.56 0 0.000106388
1173.57 0 0.000219691
1709.92 0 0.000332948
2243.81 0 0.000446044
2775.24 0 0.000558922
3304.22 0 0.000671576
3830.74 0 0.000783996
4354.77 0 0.000896176
4876.15 0 0.00100812
5394.56 0 0.00111983
5909.16 0 0.00123134
6418.2 0 0.0013427
6918.36 0 0.00145402
7403.99 0 0.0015655
7866.83 0 0.00167743
8297.18 0 0.00179017
8686.59 0 0.00190406
9030.8 0 0.00201931
9330.49 0 0.00213606
9590.04 0 0.00225418
9815.21 0 0.00237364
10011.7 0 0.00249429
10184.8 0 0.00261586
10338.5 0 0.00273821
10475.8 0 0.00286125
10599.4 0 0.00298492
10711.4 0 0.00310922
10812.7 0 0.00323463
10905.5 0 0.00336047
10991.1 0 0.0034867
11070.4 0 0.00361327
11143.9 0 0.00374023
11212.1 0 0.00386769
11276 0 0.00399541
11335.9 0 0.00412337
11392.3 0 0.00425154
11445.5 0 0.00437992
11495.9 0 0.00450847
11543.8 0 0.00463719
11589.3 0 0.00476606
11632.4 0 0.00489522
11673.3 0 0.0050247
11712.4 0 0.00515432
11749.8 0 0.00528404
11785.6 0 0.00541387
11820.1 0 0.0055438
11853.2 0 0.00567381
11885.1 0 0.00580389
11915.6 0 0.00593435
11945 0 0.00606506
11972.9 0 0.00619609
11999.8 0 0.0063272
12025.7 0 0.00645837
12050.7 0 0.00658966
12074.7 0 0.00672137
12097.7 0 0.00685315
12119.8 0 0.00698503
12141.1 0 0.00711695
12161.8 0 0.00724888
12181.9 0 0.00738083
12201.4 0 0.0075128
12220.3 0 0.00764478
12238.6 0 0.00777677
12256.3 0 0.00790876
12273.3 0 0.00804094
12289.7 0 0.00817323
12305.5 0 0.00830551
12320.9 0 0.00843779
12335.7 0 0.00857006
12349.8 0 0.00870232
12363.5 0 0.00883455
12376.5 0 0.00896748
12388.8 0 0.009101
12400.7 0 0.0092345
12412.4 0 0.00936798
12423.7 0 0.00950145
12434.7 0 0.0096349
12445.5 0 0.00976832
12455.9 0 0.00990173
12466.1 0 0.0100351
12476 0 0.0101685
12485.7 0 0.0103018
12495.1 0 0.0104352
12504.3 0 0.0105685
12513.2 0 0.0107018
12521.8 0 0.0108351
12530.3 0 0.0109684
12538.4 0 0.0111017
12546.4 0 0.011235
12554.2 0 0.0113683
12561.7 0 0.0115015
12569 0 0.0116348
12576.2 0 0.011768
12583.1 0 0.0119013
12589.9 0 0.0120345
12596.5 0 0.0121677
12603 0 0.0123009
12609.3 0 0.012434
12615.5 0 0.0125672
12621.6 0 0.0127003
12627.5 0 0.0128334
12633.3 0 0.0129666
12638.9 0 0.0131001
12644.3 0 0.0132341
12649.5 0 0.0133683
12654.6 0 0.0135024
12659.6 0 0.0136365
12664.4 0 0.0137706
12669.2 0 0.0139047
12673.9 0 0.0140388
12678.6 0 0.0141729
12683.1 0 0.0143069
12687.6 0 0.0144409
12692 0 0.0145749
12696.3 0 0.014709
12700.6 0 0.0148429
12704.8 0 0.0149769
12708.9 0 0.0151109
12713 0 0.0152449
12717 0 0.0153789
12720.9 0 0.0155129
12724.7 0 0.0156468
12728.5 0 0.0157808
12732.1 0 0.0159148
12735.7 0 0.0160487
12739.2 0 0.0161826
12742.7 0 0.0163165
12746 0 0.0164505
12749.3 0 0.0165844
12752.5 0 0.0167184
12755.5 0 0.0168526
12758.3 0 0.0169868
12761.2 0 0.0171211
12763.9 0 0.0172554
12766.6 0 0.0173896
12769.2 0 0.0175239
12771.7 0 0.0176585
12774.1 0 0.0177934
12776.4 0 0.0179283
12778.6 0 0.0180632
12780.8 0 0.0181982
12783 0 0.0183331
12785.1 0 0.018468
12787.2 0 0.0186029
12789.2 0 0.0187378
12791.2 0 0.0188727
12793.2 0 0.0190076
12795.1 0 0.0191425
12797 0 0.0192774
12798.8 0 0.0194122
12800.6 0 0.0195471
12802.4 0 0.0196819
12804.2 0 0.0198168
12805.9 0 0.0199516
12807.7 0 0.0200864
12809.4 0 0.0202211
12811 0 0.0203559
12812.7 0 0.0204906
12814.3 0 0.0206254
12815.9 0 0.0207601
12817.5 0 0.0208948
12819.1 0 0.0210294
12820.7 0 0.0211641
12822.2 0 0.0212987
12823.7 0 0.0214334
12825.2 0 0.021568
12826.7 0 0.0217026
12828.2 0 0.0218371
12829.7 0 0.0219717
12831.1 0 0.0221062
12832.6 0 0.0222408
12834 0 0.0223753
12835.4 0 0.0225098
12836.8 0 0.0226442
12838.2 0 0.0227787
12839.5 0 0.0229131
12840.9 0 0.0230476
12842.2 0 0.023182
12843.6 0 0.0233164
12844.9 0 0.0234507
12846.2 0 0.0235851
12847.5 0 0.0237195
12848.7 0 0.0238538
12850 0 0.0239881
12851.3 0 0.0241225
12852.5 0 0.0242568
12853.7 0 0.0243911
12855 0 0.0245253
12856.2 0 0.0246596
12857.4 0 0.0247939
12858.5 0 0.0249281
12859.7 0 0.0250624
12860.9 0 0.0251966
12862 0 0.0253308
12863.1 0 0.025465
12864.3 0 0.0255992
12865.4 0 0.0257334
12866.4 0 0.0258676
12867.5 0 0.0260017
12868.6 0 0.0261359
12869.6 0 0.0262701
12870.7 0 0.0264043
12871.7 0 0.0265384
12872.7 0 0.0266726
12873.7 0 0.0268067
12874.7 0 0.0269409
12875.7 0 0.0270751
12876.6 0 0.0272092
12877.5 0 0.0273434
12878.5 0 0.0274776
12879.4 0 0.0276117
12880.3 0 0.0277459
12881.2 0 0.0278801
12882 0 0.0280143
12882.9 0 0.0281485
12883.7 0 0.0282826
12884.6 0 0.0284168
12885.4 0 0.028551
12886.2 0 0.0286852
12886.9 0 0.0288194
12887.7 0 0.0289537
12888.5 0 0.0290879
12889.2 0 0.0292221
12889.9 0 0.0293563
12890.6 0 0.0294906
12891.3 0 0.0296248
12892 0 0.029759
12892.7 0 0.0298933
12893.3 0 0.0300275
12894 0 0.0301618
12894.6 0 0.0302961
12895.2 0 0.0304303
12895.8 0 0.0305646
12896.4 0 0.0306989
12897 0 0.0308332
12897.6 0 0.0309674
12898.1 0 0.0311017
12898.7 0 0.031236
12899.2 0 0.0313703
12899.8 0 0.0315046
12900.3 0 0.0316389
12900.7 0 0.0317738
12901.2 0 0.0319088
12901.6 0 0.0320437
12902 0 0.0321786
12902.5 0 0.0323135
12902.9 0 0.0324485
12903.3 0 0.0325834
12903.7 0 0.0327184
12904.1 0 0.0328533
12904.5 0 0.0329883
12904.8 0 0.0331232
12905.2 0 0.0332581
12905.5 0 0.0333931
12905.9 0 0.033528
12906.2 0 0.033663
12906.6 0 0.0337979
12906.9 0 0.0339329
12907.2 0 0.0340678
12907.5 0 0.0342027
12907.9 0 0.0343377
12908.2 0 0.0344726
12908.5 0 0.0346075
12908.8 0 0.0347425
12909 0 0.0348774
12909.3 0 0.0350123
12909.6 0 0.0351472
12909.9 0 0.0352821
12910.2 0 0.035417
12910.4 0 0.0355519
12910.7 0 0.0356868
12910.9 0 0.0358217
12911.2 0 0.0359566
12911.4 0 0.0360915
12911.7 0 0.0362264
12911.9 0 0.0363613
12912.2 0 0.0364961
12912.4 0 0.036631
12912.6 0 0.0367658
12912.9 0 0.0369007
12913.1 0 0.0370355
12913.3 0 0.0371704
12913.5 0 0.0373052
12913.7 0 0.03744
12913.9 0 0.0375748
12914.1 0 0.0377097
12914.3 0 0.0378445
12914.5 0 0.0379793
12914.7 0 0.0381141
12914.9 0 0.0382488
12915.1 0 0.0383836
12915.3 0 0.0385184
12915.5 0 0.0386532
12915.7 0 0.0387879
12915.9 0 0.0389227
12916 0 0.0390574
12916.2 0 0.0391922
12916.4 0 0.0393269
12916.6 0 0.0394616
12916.7 0 0.0395963
12916.9 0 0.039731
12917 0 0.0398657
12917.2 0 0.0400004
12917.4 0 0.0401351
12917.5 0 0.0402698
12917.7 0 0.0404045
12917.8 0 0.0405392
12918 0 0.0406738
12918.1 0 0.0408085
12918.2 0 0.0409431
12918.4 0 0.0410778
12918.5 0 0.0412124
12918.7 0 0.041347
12918.8 0 0.0414816
12918.9 0 0.0416163
12919.1 0 0.0417509
12919.3 0 0.0418854
12919.6 0 0.04202
12920.2 0 0.0421544
12921.1 0 0.0422888
12922.2 0 0.0424231
12923.4 0 0.0425573
12924.8 0 0.0426916
12926.3 0 0.0428257
12927.9 0 0.0429598
12929.8 0 0.0430939
12931.8 0 0.0432279
12933.7 0 0.0433619
12935.7 0 0.0434958
12937.6 0 0.0436298
12939.6 0 0.0437638
12941.8 0 0.0438976
12944.1 0 0.0440315
12946.6 0 0.0441653
12949.3 0 0.044299
12951.9 0 0.0444327
12954.5 0 0.0445664
12957.1 0 0.0447001
12959.7 0 0.0448338
12962.3 0 0.0449675
12964.9 0 0.0451012
12967.5 0 0.0452348
12970.2 0 0.0453684
12973 0 0.045502
12976 0 0.0456355
12979.1 0 0.045769
12982.4 0 0.0459024
12985.6 0 0.0460358
12988.8 0 0.0461691
12992 0 0.0463023
12995.2 0 0.0464356
12998.4 0 0.0465688
13001.6 0 0.046702
13004.8 0 0.0468353
13008 0 0.0469685
13011.2 0 0.0471016
13014.4 0 0.0472348
13017.6 0 0.047368
13020.9 0 0.0475011
13024.2 0 0.0476342
13027.7 0 0.0477672
13031.3 0 0.0479001
13035 0 0.048033
13038.8 0 0.0481659
13042.5 0 0.0482987
13046.3 0 0.0484315
13050 0 0.0485644
13053.7 0 0.0486972
13057.5 0 0.04883
13061.2 0 0.0489628
13064.9 0 0.0490955
13068.7 0 0.0492283
13072.4 0 0.049361
13076.1 0 0.0494937
13079.8 0 0.0496264
13083.5 0 0.0497591
13087.2 0 0.0498918
13090.9 0 0.0500245
13094.6 0 0.0501571
13098.4 0 0.0502897
13102.2 0 0.0504223
13106.1 0 0.0505548
13110 0 0.0506872
13114.2 0 0.0508196
13118.4 0 0.0509519
13122.6 0 0.0510842
13126.8 0 0.0512165
13130.9 0 0.0513488
13135.1 0 0.0514811
13139.3 0 0.0516133
13143.5 0 0.0517455
13147.6 0 0.0518777
13151.8 0 0.0520099
13155.9 0 0.0521421
13160.1 0 0.0522743
13164.3 0 0.0524064
13168.4 0 0.0525385
13172.5 0 0.0526706
13176.7 0 0.0528027
13180.8 0 0.0529347
13185 0 0.0530668
13189.1 0 0.0531988
13193.2 0 0.0533308
13197.4 0 0.0534628
13201.5 0 0.0535947
13205.6 0 0.0537267
13209.7 0 0.0538586
13213.9 0 0.0539904
13218.1 0 0.0541223
13222.4 0 0.054254
13226.7 0 0.0543857
13231.2 0 0.0545173
13235.7 0 0.0546489
13240.2 0 0.0547804
13244.8 0 0.0549119
13249.3 0 0.0550434
13253.8 0 0.0551749
13258.3 0 0.0553064
13262.8 0 0.0554378
13267.3 0 0.0555692
13271.8 0 0.0557006
13276.3 0 0.0558319
13280.8 0 0.0559633
13285.3 0 0.0560946
13289.8 0 0.0562259
13294.3 0 0.0563571
13298.7 0 0.0564884
13303.2 0 0.0566196
13307.7 0 0.0567508
13312.2 0 0.0568819
13316.6 0 0.0570131
13321.1 0 0.0571442
13325.5 0 0.0572753
13330 0 0.0574063
13334.4 0 0.0575374
13338.9 0 0.0576684
13343.3 0 0.0577994
13347.7 0 0.0579303
13352.2 0 0.0580612
13356.6 0 0.0581922
13361 0 0.058323
13365.5 0 0.0584539
13369.9 0 0.0585847
13374.3 0 0.0587155
13378.8 0 0.0588462
13383.3 0 0.0589769
13387.9 0 0.0591075
13392.5 0 0.059238
13397.2 0 0.0593684
13402 0 0.0594988
13406.7 0 0.0596292
13411.5 0 0.0597596
13416.2 0 0.0598899
13420.9 0 0.0600202
13425.7 0 0.0601504
13430.4 0 0.0602807
13435.1 0 0.0604109
13439.8 0 0.060541
13444.5 0 0.0606712
13449.3 0 0.0608013
13454 0 0.0609314
13458.7 0 0.0610614
13463.4 0 0.0611915
13468.1 0 0.0613215
13472.8 0 0.0614515
13477.4 0 0.0615814
13482.1 0 0.0617113
13486.8 0 0.0618412
13491.5 0 0.0619711
13496.2 0 0.0621009
13500.8 0 0.0622307
13505.5 0 0.0623604
13510.1 0 0.0624902
13514.8 0 0.0626199
13519.5 0 0.0627496
13524.1 0 0.0628792
13528.8 0 0.0630089
13533.4 0 0.0631384
13538 0 0.063268
13542.7 0 0.0633975
13547.3 0 0.063527
13551.9 0 0.0636565
13556.6 0 0.063786
13561.2 0 0.0639154
13565.8 0 0.0640448
13570.4 0 0.0641741
13575 0 0.0643035
13579.6 0 0.0644328
13584.2 0 0.064562
13588.8 0 0.0646913
13593.4 0 0.0648205
13598 0 0.0649496
13602.7 0 0.0650787
13607.4 0 0.0652077
13612.1 0 0.0653367
13616.8 0 0.0654655
13621.6 0 0.0655943
13410.3 0 0.0655888
13470.1 0 0.0656762
13494.5 0 0.0657784
