0 -58.4752 -2.26119e-06
634.56 0 3.74889e-05
1173.57 0 8.17727e-05
1709.92 0 0.000126028
2243.81 0 0.000170115
2775.24 0 0.000213994
3304.22 0 0.000257661
3830.74 0 0.000301097
4354.77 0 0.000344292
4876.15 0 0.000387248
5394.56 0 0.000429973
5909.16 0 0.000472493
6418.2 0 0.000514863
6918.36 0 0.000557195
7403.99 0 0.000599692
7866.83 0 0.000642631
8297.18 0 0.000686383
8686.59 0 0.000731293
9030.8 0 0.000777568
9330.49 0 0.000825295
9590.04 0 0.000874379
9815.21 0 0.000924657
10011.7 0 0.000975964
10184.8 0 0.00102814
10338.5 0 0.00108111
10475.8 0 0.00113527
10599.4 0 0.00119027
10711.4 0 0.00124606
10812.7 0 0.00130266
10905.5 0 0.00135971
10991.1 0 0.00141716
11070.4 0 0.00147497
11143.9 0 0.00153319
11212.1 0 0.00159193
11276 0 0.00165095
11335.9 0 0.00171023
11392.3 0 0.00176973
11445.5 0 0.00182944
11495.9 0 0.00188934
11543.8 0 0.00194942
11589.3 0 0.00200965
11632.4 0 0.00207013
11673.3 0 0.00213088
11712.4 0 0.00219176
11749.8 0 0.00225276
11785.6 0 0.00231387
11820.1 0 0.00237507
11853.2 0 0.00243636
11885.1 0 0.00249773
11915.6 0 0.00255908
11945 0 0.00262043
11972.9 0 0.00268229
11999.8 0 0.00274425
12025.7 0 0.00280627
12050.7 0 0.00286832
12074.7 0 0.00293039
12097.7 0 0.00299269
12119.8 0 0.00305546
12141.1 0 0.00311826
12161.8 0 0.00318108
12181.9 0 0.00324391
12201.4 0 0.00330675
12220.3 0 0.0033696
12238.6 0 0.00343246
12256.3 0 0.00349532
12273.3 0 0.00355842
12289.7 0 0.00362165
12305.5 0 0.00368488
12320.9 0 0.0037481
12335.7 0 0.00381157
12349.8 0 0.00387572
12363.5 0 0.00393987
12376.5 0 0.00400385
12388.8 0 0.00406786
12400.7 0 0.00413186
12412.4 0 0.00419583
12423.7 0 0.00425978
12434.7 0 0.0043237
12445.5 0 0.00438759
12455.9 0 0.00445146
12466.1 0 0.0045153
12476 0 0.00457912
12485.7 0 0.00464291
12495.1 0 0.00470668
12504.3 0 0.00477043
12513.2 0 0.00483416
12521.8 0 0.00489788
12530.3 0 0.00496157
12538.4 0 0.00502525
12546.4 0 0.00508892
12554.2 0 0.00515257
12561.7 0 0.0052162
12569 0 0.00527982
12576.2 0 0.00534343
12583.1 0 0.00540701
12589.9 0 0.00547058
12596.5 0 0.00553412
12603 0 0.00559765
12609.3 0 0.00566116
12615.5 0 0.00572464
12621.6 0 0.00578809
12627.5 0 0.00585153
12633.3 0 0.00591493
12638.9 0 0.00597832
12644.3 0 0.0060416
12649.5 0 0.00610482
12654.6 0 0.00616816
12659.6 0 0.00623197
12664.4 0 0.00629575
12669.2 0 0.0063595
12673.9 0 0.00642323
12678.6 0 0.00648692
12683.1 0 0.00655059
12687.6 0 0.00661424
12692 0 0.00667785
12696.3 0 0.00674144
12700.6 0 0.006805
12704.8 0 0.00686854
12708.9 0 0.00693205
12713 0 0.00699554
12717 0 0.007059
12720.9 0 0.00712244
12724.7 0 0.00718586
12728.5 0 0.00724926
12732.1 0 0.00731293
12735.7 0 0.00737688
12739.2 0 0.00744081
12742.7 0 0.00750474
12746 0 0.00756865
12749.3 0 0.00763256
12752.5 0 0.00769668
12755.5 0 0.00776197
12758.3 0 0.00782742
12761.2 0 0.00789289
12763.9 0 0.00795838
12766.6 0 0.00802388
12769.2 0 0.0080894
12771.7 0 0.00815512
12774.1 0 0.00822112
12776.4 0 0.00828714
12778.6 0 0.00835318
12780.8 0 0.00841924
12783 0 0.00848531
12785.1 0 0.0085514
12787.2 0 0.0086175
12789.2 0 0.00868362
12791.2 0 0.00874974
12793.2 0 0.00881588
12795.1 0 0.00888201
12797 0 0.00894815
12798.8 0 0.00901429
12800.6 0 0.00908043
12802.4 0 0.00914657
12804.2 0 0.00921271
12805.9 0 0.00927884
12807.7 0 0.00934496
12809.4 0 0.00941107
12811 0 0.00947717
12812.7 0 0.00954326
12814.3 0 0.00960934
12815.9 0 0.00967541
12817.5 0 0.00974146
12819.1 0 0.0098075
12820.7 0 0.00987352
12822.2 0 0.00993953
12823.7 0 0.0100055
12825.2 0 0.0100715
12826.7 0 0.0101374
12828.2 0 0.0102034
12829.7 0 0.0102693
12831.1 0 0.0103352
12832.6 0 0.0104011
12834 0 0.010467
12835.4 0 0.0105328
12836.8 0 0.0105986
12838.2 0 0.0106644
12839.5 0 0.0107302
12840.9 0 0.010796
12842.2 0 0.0108618
12843.6 0 0.0109275
12844.9 0 0.0109932
12846.2 0 0.0110589
12847.5 0 0.0111246
12848.7 0 0.0111903
12850 0 0.0112559
12851.3 0 0.0113216
12852.5 0 0.0113872
12853.7 0 0.0114528
12855 0 0.0115184
12856.2 0 0.011584
12857.4 0 0.0116495
12858.5 0 0.0117151
12859.7 0 0.0117806
12860.9 0 0.0118462
12862 0 0.0119117
12863.1 0 0.0119772
12864.3 0 0.0120427
12865.4 0 0.0121082
12866.4 0 0.0121737
12867.5 0 0.0122392
12868.6 0 0.0123047
12869.6 0 0.0123701
12870.7 0 0.0124356
12871.7 0 0.0125011
12872.7 0 0.0125665
12873.7 0 0.012632
12874.7 0 0.0126975
12875.7 0 0.0127629
12876.6 0 0.0128284
12877.5 0 0.0128938
12878.5 0 0.0129593
12879.4 0 0.0130248
12880.3 0 0.0130902
12881.2 0 0.0131557
12882 0 0.0132212
12882.9 0 0.0132867
12883.7 0 0.0133522
12884.6 0 0.0134177
12885.4 0 0.0134832
12886.2 0 0.0135487
12886.9 0 0.0136142
12887.7 0 0.0136798
12888.5 0 0.0137453
12889.2 0 0.0138109
12889.9 0 0.0138765
12890.6 0 0.013942
12891.3 0 0.0140076
12892 0 0.0140733
12892.7 0 0.0141389
12893.3 0 0.0142045
12894 0 0.0142702
12894.6 0 0.0143358
12895.2 0 0.0144015
12895.8 0 0.0144672
12896.4 0 0.0145329
12897 0 0.0145986
12897.6 0 0.0146643
12898.1 0 0.0147301
12898.7 0 0.0147958
12899.2 0 0.0148616
12899.8 0 0.0149274
12900.3 0 0.0149931
12900.7 0 0.0150592
12901.2 0 0.0151252
12901.6 0 0.0151912
12902 0 0.0152573
12902.5 0 0.0153234
12902.9 0 0.0153894
12903.3 0 0.0154555
12903.7 0 0.0155216
12904.1 0 0.0155877
12904.5 0 0.0156537
12904.8 0 0.0157198
12905.2 0 0.0157859
12905.5 0 0.015852
12905.9 0 0.0159182
12906.2 0 0.0159843
12906.6 0 0.0160504
12906.9 0 0.0161165
12907.2 0 0.0161826
12907.5 0 0.0162487
12907.9 0 0.0163148
12908.2 0 0.0163809
12908.5 0 0.016447
12908.8 0 0.0165132
12909 0 0.0165793
12909.3 0 0.0166454
12909.6 0 0.0167115
12909.9 0 0.0167776
12910.2 0 0.0168437
12910.4 0 0.0169098
12910.7 0 0.0169758
12910.9 0 0.0170419
12911.2 0 0.017108
12911.4 0 0.0171741
12911.7 0 0.0172402
12911.9 0 0.0173062
12912.2 0 0.0173723
12912.4 0 0.0174383
12912.6 0 0.0175044
12912.9 0 0.0175704
12913.1 0 0.0176365
12913.3 0 0.0177025
12913.5 0 0.0177685
12913.7 0 0.0178345
12913.9 0 0.0179005
12914.1 0 0.0179665
12914.3 0 0.0180325
12914.5 0 0.0180985
12914.7 0 0.0181645
12914.9 0 0.0182305
12915.1 0 0.0182964
12915.3 0 0.0183624
12915.5 0 0.0184283
12915.7 0 0.0184943
12915.9 0 0.0185602
12916 0 0.0186261
12916.2 0 0.0186921
12916.4 0 0.018758
12916.6 0 0.0188239
12916.7 0 0.0188898
12916.9 0 0.0189556
12917 0 0.0190215
12917.2 0 0.0190874
12917.4 0 0.0191533
12917.5 0 0.0192191
12917.7 0 0.0192849
12917.8 0 0.0193508
12918 0 0.0194166
12918.1 0 0.0194824
12918.2 0 0.0195482
12918.4 0 0.019614
12918.5 0 0.0196798
12918.7 0 0.0197456
12918.8 0 0.0198114
12918.9 0 0.0198772
12919.1 0 0.0199429
12919.3 0 0.0200086
12919.6 0 0.0200743
12920.2 0 0.0201399
12921.1 0 0.0202054
12922.2 0 0.0202707
12923.4 0 0.020336
12924.8 0 0.0204013
12926.3 0 0.0204665
12927.9 0 0.0205316
12929.8 0 0.0205967
12931.8 0 0.0206617
12933.7 0 0.0207267
12935.7 0 0.0207917
12937.6 0 0.0208566
12939.6 0 0.0209215
12941.8 0 0.0209864
12944.1 0 0.0210512
12946.6 0 0.0211159
12949.3 0 0.0211806
12951.9 0 0.0212452
12954.5 0 0.0213098
12957.1 0 0.0213745
12959.7 0 0.0214391
12962.3 0 0.0215036
12964.9 0 0.0215682
12967.5 0 0.0216328
12970.2 0 0.0216973
12973 0 0.0217617
12976 0 0.0218261
12979.1 0 0.0218904
12982.4 0 0.0219547
12985.6 0 0.0220189
12988.8 0 0.0220832
12992 0 0.0221474
12995.2 0 0.0222116
12998.4 0 0.0222758
13001.6 0 0.02234
13004.8 0 0.0224042
13008 0 0.0224684
13011.2 0 0.0225325
13014.4 0 0.0225967
13017.6 0 0.0226608
13020.9 0 0.0227249
13024.2 0 0.0227889
13027.7 0 0.0228528
13031.3 0 0.0229167
13035 0 0.0229805
13038.8 0 0.0230443
13042.5 0 0.0231081
13046.3 0 0.0231718
13050 0 0.0232356
13053.7 0 0.0232993
13057.5 0 0.023363
13061.2 0 0.0234266
13064.9 0 0.0234903
13068.7 0 0.023554
13072.4 0 0.0236176
13076.1 0 0.0236812
13079.8 0 0.0237448
13083.5 0 0.0238083
13087.2 0 0.0238719
13090.9 0 0.0239354
13094.6 0 0.023999
13098.4 0 0.0240624
13102.2 0 0.0241259
13106.1 0 0.0241892
13110 0 0.0242525
13114.2 0 0.0243158
13118.4 0 0.0243789
13122.6 0 0.024442
13126.8 0 0.0245051
13130.9 0 0.0245682
13135.1 0 0.0246313
13139.3 0 0.0246943
13143.5 0 0.0247574
13147.6 0 0.0248204
13151.8 0 0.0248833
13155.9 0 0.0249463
13160.1 0 0.0250092
13164.3 0 0.0250721
13168.4 0 0.025135
13172.5 0 0.0251979
13176.7 0 0.0252607
13180.8 0 0.0253235
13185 0 0.0253863
13189.1 0 0.0254491
13193.2 0 0.0255118
13197.4 0 0.0255745
13201.5 0 0.0256372
13205.6 0 0.0256999
13209.7 0 0.0257626
13213.9 0 0.0258252
13218.1 0 0.0258877
13222.4 0 0.0259502
13226.7 0 0.0260126
13231.2 0 0.0260749
13235.7 0 0.0261372
13240.2 0 0.0261994
13244.8 0 0.0262615
13249.3 0 0.0263237
13253.8 0 0.0263858
13258.3 0 0.0264479
13262.8 0 0.0265099
13267.3 0 0.026572
13271.8 0 0.026634
13276.3 0 0.0266959
13280.8 0 0.0267579
13285.3 0 0.0268198
13289.8 0 0.0268817
13294.3 0 0.0269435
13298.7 0 0.0270054
13303.2 0 0.0270671
13307.7 0 0.0271289
13312.2 0 0.0271906
13316.6 0 0.0272523
13321.1 0 0.027314
13325.5 0 0.0273757
13330 0 0.0274373
13334.4 0 0.0274988
13338.9 0 0.0275604
13343.3 0 0.0276219
13347.7 0 0.0276834
13352.2 0 0.0277448
13356.6 0 0.0278063
13361 0 0.0278677
13365.5 0 0.027929
13369.9 0 0.0279903
13374.3 0 0.0280517
13378.8 0 0.0281129
13383.3 0 0.0281741
13387.9 0 0.0282352
13392.5 0 0.0282962
13397.2 0 0.0283572
13402 0 0.028418
13406.7 0 0.0284788
13411.5 0 0.0285396
13416.2 0 0.0286003
13420.9 0 0.028661
13425.7 0 0.0287216
13430.4 0 0.0287823
13435.1 0 0.0288429
13439.8 0 0.0289034
13444.5 0 0.028964
13449.3 0 0.0290245
13454 0 0.0290849
13458.7 0 0.0291453
13463.4 0 0.0292057
13468.1 0 0.0292661
13472.8 0 0.0293264
13477.4 0 0.0293867
13482.1 0 0.029447
13486.8 0 0.0295072
13491.5 0 0.0295674
13496.2 0 0.0296276
13500.8 0 0.0296877
13505.5 0 0.0297478
13510.1 0 0.0298078
13514.8 0 0.0298679
13519.5 0 0.0299278
13524.1 0 0.0299878
13528.8 0 0.0300477
13533.4 0 0.0301076
13538 0 0.0301675
13542.7 0 0.0302273
13547.3 0 0.0302871
13551.9 0 0.0303469
13556.6 0 0.0304066
13561.2 0 0.0304663
13565.8 0 0.030526
13570.4 0 0.0305856
13575 0 0.0306452
13579.6 0 0.0307048
13584.2 0 0.0307643
13588.8 0 0.0308238
13593.4 0 0.0308833
13598 0 0.0309427
13602.7 0 0.0310021
13607.4 0 0.0310615
13612.1 0 0.0311208
13616.8 0 0.03118
13621.6 0 0.0312391
13410.3 0 0.0311621
13470.1 0 0.0311791
13494.5 0 0.0312108
