0 -58.4752 -2.26119e-06
634.56 0 2.57522e-05
1173.57 0 5.84928e-05
1709.92 0 9.11749e-05
2243.81 0 0.000123703
2775.24 0 0.000156005
3304.22 0 0.000188076
3830.74 0 0.000219912
4354.77 0 0.000251508
4876.15 0 0.000282867
5394.56 0 0.000313998
5909.16 0 0.000344924
6418.2 0 0.000375702
6918.36 0 0.000406443
7403.99 0 0.000437342
7866.83 0 0.000468689
8297.18 0 0.000500845
8686.59 0 0.000534149
9030.8 0 0.000568812
9330.49 0 0.000604989
9590.04 0 0.000642571
9815.21 0 0.000681552
10011.7 0 0.000721834
10184.8 0 0.000763065
10338.5 0 0.000805062
10475.8 0 0.000847462
10599.4 0 0.000890362
10711.4 0 0.000933784
10812.7 0 0.000978508
10905.5 0 0.00102366
10991.1 0 0.00106918
11070.4 0 0.00111503
11143.9 0 0.00116126
11212.1 0 0.00120797
11276 0 0.00125494
11335.9 0 0.00130213
11392.3 0 0.00134954
11445.5 0 0.00139714
11495.9 0 0.00144491
11543.8 0 0.00149285
11589.3 0 0.00154092
11632.4 0 0.00158931
11673.3 0 0.00163806
11712.4 0 0.00168694
11749.8 0 0.00173593
11785.6 0 0.00178502
11820.1 0 0.00183421
11853.2 0 0.00188347
11885.1 0 0.00193281
11915.6 0 0.00198275
11945 0 0.00203312
11972.9 0 0.00208366
11999.8 0 0.00213428
12025.7 0 0.00218497
12050.7 0 0.00223583
12074.7 0 0.00228735
12097.7 0 0.00233884
12119.8 0 0.00239022
12141.1 0 0.00244162
12161.8 0 0.00249305
12181.9 0 0.0025445
12201.4 0 0.00259597
12220.3 0 0.00264745
12238.6 0 0.00269894
12256.3 0 0.00275044
12273.3 0 0.0028021
12289.7 0 0.00285384
12305.5 0 0.00290558
12320.9 0 0.00295732
12335.7 0 0.0030089
12349.8 0 0.00306004
12363.5 0 0.00311116
12376.5 0 0.00316348
12388.8 0 0.00321672
12400.7 0 0.00326995
12412.4 0 0.00332317
12423.7 0 0.00337637
12434.7 0 0.00342956
12445.5 0 0.00348273
12455.9 0 0.00353588
12466.1 0 0.00358902
12476 0 0.00364214
12485.7 0 0.00369525
12495.1 0 0.00374835
12504.3 0 0.00380145
12513.2 0 0.00385454
12521.8 0 0.00390762
12530.3 0 0.0039607
12538.4 0 0.00401378
12546.4 0 0.00406686
12554.2 0 0.00411993
12561.7 0 0.004173
12569 0 0.00422606
12576.2 0 0.00427912
12583.1 0 0.00433217
12589.9 0 0.0043852
12596.5 0 0.00443822
12603 0 0.00449122
12609.3 0 0.00454421
12615.5 0 0.00459717
12621.6 0 0.00465012
12627.5 0 0.00470304
12633.3 0 0.00475615
12638.9 0 0.00480977
12644.3 0 0.00486417
12649.5 0 0.00491891
12654.6 0 0.00497355
12659.6 0 0.00502789
12664.4 0 0.00508221
12669.2 0 0.00513653
12673.9 0 0.00519083
12678.6 0 0.00524512
12683.1 0 0.00529941
12687.6 0 0.00535369
12692 0 0.00540796
12696.3 0 0.00546224
12700.6 0 0.00551652
12704.8 0 0.0055708
12708.9 0 0.00562508
12713 0 0.00567938
12717 0 0.00573369
12720.9 0 0.00578801
12724.7 0 0.00584235
12728.5 0 0.0058967
12732.1 0 0.00595085
12735.7 0 0.00600477
12739.2 0 0.00605871
12742.7 0 0.00611265
12746 0 0.0061666
12749.3 0 0.00622057
12752.5 0 0.00627446
12755.5 0 0.00632806
12758.3 0 0.00638164
12761.2 0 0.00643521
12763.9 0 0.00648878
12766.6 0 0.00654233
12769.2 0 0.00659588
12771.7 0 0.00664976
12774.1 0 0.00670407
12776.4 0 0.00675836
12778.6 0 0.00681264
12780.8 0 0.00686691
12783 0 0.00692117
12785.1 0 0.00697541
12787.2 0 0.00702964
12789.2 0 0.00708385
12791.2 0 0.00713804
12793.2 0 0.00719222
12795.1 0 0.00724638
12797 0 0.00730051
12798.8 0 0.00735463
12800.6 0 0.00740873
12802.4 0 0.00746281
12804.2 0 0.00751687
12805.9 0 0.00757091
12807.7 0 0.00762493
12809.4 0 0.00767893
12811 0 0.00773291
12812.7 0 0.00778687
12814.3 0 0.00784082
12815.9 0 0.00789474
12817.5 0 0.00794865
12819.1 0 0.00800253
12820.7 0 0.0080564
12822.2 0 0.00811025
12823.7 0 0.00816408
12825.2 0 0.0082179
12826.7 0 0.0082717
12828.2 0 0.00832548
12829.7 0 0.00837924
12831.1 0 0.00843299
12832.6 0 0.00848672
12834 0 0.00854044
12835.4 0 0.00859414
12836.8 0 0.00864782
12838.2 0 0.00870149
12839.5 0 0.00875515
12840.9 0 0.0088088
12842.2 0 0.00886243
12843.6 0 0.00891605
12844.9 0 0.00896965
12846.2 0 0.00902325
12847.5 0 0.00907683
12848.7 0 0.0091304
12850 0 0.00918396
12851.3 0 0.00923751
12852.5 0 0.00929106
12853.7 0 0.00934459
12855 0 0.00939811
12856.2 0 0.00945163
12857.4 0 0.00950514
12858.5 0 0.00955864
12859.7 0 0.00961213
12860.9 0 0.00966558
12862 0 0.00971902
12863.1 0 0.00977246
12864.3 0 0.00982589
12865.4 0 0.00987932
12866.4 0 0.00993274
12867.5 0 0.00998616
12868.6 0 0.0100396
12869.6 0 0.010093
12870.7 0 0.0101464
12871.7 0 0.0101998
12872.7 0 0.0102532
12873.7 0 0.0103066
12874.7 0 0.0103601
12875.7 0 0.0104135
12876.6 0 0.0104669
12877.5 0 0.0105203
12878.5 0 0.0105737
12879.4 0 0.0106271
12880.3 0 0.0106806
12881.2 0 0.010734
12882 0 0.0107874
12882.9 0 0.0108408
12883.7 0 0.0108943
12884.6 0 0.0109477
12885.4 0 0.0110011
12886.2 0 0.0110546
12886.9 0 0.011108
12887.7 0 0.0111615
12888.5 0 0.0112149
12889.2 0 0.0112683
12889.9 0 0.0113218
12890.6 0 0.0113752
12891.3 0 0.0114287
12892 0 0.0114821
12892.7 0 0.0115356
12893.3 0 0.011589
12894 0 0.0116425
12894.6 0 0.0116959
12895.2 0 0.0117494
12895.8 0 0.0118028
12896.4 0 0.0118563
12897 0 0.0119097
12897.6 0 0.0119631
12898.1 0 0.0120166
12898.7 0 0.01207
12899.2 0 0.0121234
12899.8 0 0.0121769
12900.3 0 0.0122304
12900.7 0 0.0122846
12901.2 0 0.0123389
12901.6 0 0.0123932
12902 0 0.0124475
12902.5 0 0.0125018
12902.9 0 0.0125561
12903.3 0 0.0126103
12903.7 0 0.0126646
12904.1 0 0.0127189
12904.5 0 0.0127732
12904.8 0 0.0128275
12905.2 0 0.0128818
12905.5 0 0.012936
12905.9 0 0.0129903
12906.2 0 0.0130446
12906.6 0 0.0130989
12906.9 0 0.0131531
12907.2 0 0.0132074
12907.5 0 0.0132616
12907.9 0 0.0133159
12908.2 0 0.0133701
12908.5 0 0.0134244
12908.8 0 0.0134786
12909 0 0.0135329
12909.3 0 0.0135871
12909.6 0 0.0136413
12909.9 0 0.0136956
12910.2 0 0.0137498
12910.4 0 0.013804
12910.7 0 0.0138582
12910.9 0 0.0139124
12911.2 0 0.0139666
12911.4 0 0.0140208
12911.7 0 0.014075
12911.9 0 0.0141292
12912.2 0 0.0141833
12912.4 0 0.0142375
12912.6 0 0.0142917
12912.9 0 0.0143458
12913.1 0 0.0144
12913.3 0 0.0144541
12913.5 0 0.0145083
12913.7 0 0.0145624
12913.9 0 0.0146165
12914.1 0 0.0146707
12914.3 0 0.0147248
12914.5 0 0.0147789
12914.7 0 0.014833
12914.9 0 0.0148871
12915.1 0 0.0149412
12915.3 0 0.0149953
12915.5 0 0.0150494
12915.7 0 0.0151034
12915.9 0 0.0151575
12916 0 0.0152116
12916.2 0 0.0152656
12916.4 0 0.0153197
12916.6 0 0.0153737
12916.7 0 0.0154278
12916.9 0 0.0154818
12917 0 0.0155358
12917.2 0 0.0155898
12917.4 0 0.0156439
12917.5 0 0.0156979
12917.7 0 0.0157519
12917.8 0 0.0158059
12918 0 0.0158599
12918.1 0 0.0159138
12918.2 0 0.0159678
12918.4 0 0.0160218
12918.5 0 0.0160758
12918.7 0 0.0161297
12918.8 0 0.0161837
12918.9 0 0.0162376
12919.1 0 0.0162915
12919.3 0 0.0163455
12919.6 0 0.0163993
12920.2 0 0.0164532
12921.1 0 0.0165069
12922.2 0 0.0165606
12923.4 0 0.0166142
12924.8 0 0.0166678
12926.3 0 0.0167214
12927.9 0 0.0167749
12929.8 0 0.0168283
12931.8 0 0.0168818
12933.7 0 0.0169352
12935.7 0 0.0169886
12937.6 0 0.017042
12939.6 0 0.0170954
12941.8 0 0.0171487
12944.1 0 0.017202
12946.6 0 0.0172552
12949.3 0 0.0173084
12951.9 0 0.0173616
12954.5 0 0.0174148
12957.1 0 0.017468
12959.7 0 0.0175212
12962.3 0 0.0175743
12964.9 0 0.0176275
12967.5 0 0.0176806
12970.2 0 0.0177337
12973 0 0.0177868
12976 0 0.0178398
12979.1 0 0.0178928
12982.4 0 0.0179457
12985.6 0 0.0179986
12988.8 0 0.0180514
12992 0 0.0181041
12995.2 0 0.0181567
12998.4 0 0.0182094
13001.6 0 0.0182621
13004.8 0 0.0183147
13008 0 0.0183674
13011.2 0 0.01842
13014.4 0 0.0184726
13017.6 0 0.0185253
13020.9 0 0.0185778
13024.2 0 0.0186303
13027.7 0 0.0186828
13031.3 0 0.0187352
13035 0 0.0187876
13038.8 0 0.0188399
13042.5 0 0.0188922
13046.3 0 0.0189445
13050 0 0.0189969
13053.7 0 0.0190491
13057.5 0 0.0191014
13061.2 0 0.0191537
13064.9 0 0.0192059
13068.7 0 0.0192582
13072.4 0 0.0193104
13076.1 0 0.0193626
13079.8 0 0.0194148
13083.5 0 0.019467
13087.2 0 0.0195192
13090.9 0 0.0195713
13094.6 0 0.0196235
13098.4 0 0.0196756
13102.2 0 0.0197277
13106.1 0 0.0197797
13110 0 0.0198316
13114.2 0 0.0198835
13118.4 0 0.0199354
13122.6 0 0.0199872
13126.8 0 0.0200391
13130.9 0 0.0200909
13135.1 0 0.0201427
13139.3 0 0.0201945
13143.5 0 0.0202462
13147.6 0 0.020298
13151.8 0 0.0203497
13155.9 0 0.0204014
13160.1 0 0.0204531
13164.3 0 0.0205048
13168.4 0 0.0205565
13172.5 0 0.0206082
13176.7 0 0.0206598
13180.8 0 0.0207114
13185 0 0.020763
13189.1 0 0.0208146
13193.2 0 0.0208662
13197.4 0 0.0209178
13201.5 0 0.0209693
13205.6 0 0.0210208
13209.7 0 0.0210723
13213.9 0 0.0211238
13218.1 0 0.0211752
13222.4 0 0.0212265
13226.7 0 0.0212778
13231.2 0 0.021329
13235.7 0 0.0213802
13240.2 0 0.0214314
13244.8 0 0.0214826
13249.3 0 0.0215337
13253.8 0 0.0215848
13258.3 0 0.0216359
13262.8 0 0.021687
13267.3 0 0.021738
13271.8 0 0.021789
13276.3 0 0.0218401
13280.8 0 0.021891
13285.3 0 0.021942
13289.8 0 0.021993
13294.3 0 0.0220439
13298.7 0 0.0220948
13303.2 0 0.0221457
13307.7 0 0.0221966
13312.2 0 0.0222474
13316.6 0 0.0222982
13321.1 0 0.022349
13325.5 0 0.0223998
13330 0 0.0224506
13334.4 0 0.0225013
13338.9 0 0.022552
13343.3 0 0.0226027
13347.7 0 0.0226534
13352.2 0 0.022704
13356.6 0 0.0227546
13361 0 0.0228052
13365.5 0 0.0228558
13369.9 0 0.0229064
13374.3 0 0.0229569
13378.8 0 0.0230073
13383.3 0 0.0230577
13387.9 0 0.023108
13392.5 0 0.0231583
13397.2 0 0.0232084
13402 0 0.0232585
13406.7 0 0.0233087
13411.5 0 0.0233588
13416.2 0 0.0234089
13420.9 0 0.023459
13425.7 0 0.023509
13430.4 0 0.023559
13435.1 0 0.023609
13439.8 0 0.023659
13444.5 0 0.0237089
13449.3 0 0.0237588
13454 0 0.0238087
13458.7 0 0.0238586
13463.4 0 0.0239084
13468.1 0 0.0239582
13472.8 0 0.024008
13477.4 0 0.0240578
13482.1 0 0.0241075
13486.8 0 0.0241572
13491.5 0 0.0242069
13496.2 0 0.0242565
13500.8 0 0.0243062
13505.5 0 0.0243557
13510.1 0 0.0244053
13514.8 0 0.0244549
13519.5 0 0.0245044
13524.1 0 0.0245539
13528.8 0 0.0246033
13533.4 0 0.0246528
13538 0 0.0247022
13542.7 0 0.0247516
13547.3 0 0.0248009
13551.9 0 0.0248502
13556.6 0 0.0248995
13561.2 0 0.0249488
13565.8 0 0.0249981
13570.4 0 0.0250473
13575 0 0.0250965
13579.6 0 0.0251456
13584.2 0 0.0251948
13588.8 0 0.0252439
13593.4 0 0.0252929
13598 0 0.0253419
13602.7 0 0.0253908
13607.4 0 0.0254396
13612.1 0 0.0254884
13616.8 0 0.0255371
13621.6 0 0.0255856
13410.3 0 0.0255011
13470.1 0 0.0255088
13494.5 0 0.0255313
