0 -58.4752 -2.26119e-06
634.56 0 8.40145e-05
1173.57 0 0.000174943
1709.92 0 0.000265824
2243.81 0 0.000356546
2775.24 0 0.000447049
3304.22 0 0.000537329
3830.74 0 0.000627374
4354.77 0 0.00071718
4876.15 0 0.000806747
5394.56 0 0.000896086
5909.16 0 0.000985219
6418.2 0 0.0010742
6918.36 0 0.00116315
7403.99 0 0.00125226
7866.83 0 0.00134181
8297.18 0 0.00143218
8686.59 0 0.00152369
9030.8 0 0.00161657
9330.49 0 0.00171094
9590.04 0 0.00180669
9815.21 0 0.00190377
10011.7 0 0.00200204
10184.8 0 0.00210122
10338.5 0 0.00220119
10475.8 0 0.00230186
10599.4 0 0.00240316
10711.4 0 0.00250509
10812.7 0 0.00260813
10905.5 0 0.0027116
10991.1 0 0.00281546
11070.4 0 0.00291966
11143.9 0 0.00302425
11212.1 0 0.00312934
11276 0 0.00323469
11335.9 0 0.00334028
11392.3 0 0.00344609
11445.5 0 0.00355209
11495.9 0 0.00365828
11543.8 0 0.00376463
11589.3 0 0.00387113
11632.4 0 0.00397791
11673.3 0 0.00408503
11712.4 0 0.00419228
11749.8 0 0.00429963
11785.6 0 0.00440709
11820.1 0 0.00451465
11853.2 0 0.00462229
11885.1 0 0.00473
11915.6 0 0.00483808
11945 0 0.00494641
11972.9 0 0.00505506
11999.8 0 0.00516379
12025.7 0 0.00527259
12050.7 0 0.0053815
12074.7 0 0.00549082
12097.7 0 0.00560022
12119.8 0 0.00570973
12141.1 0 0.00581926
12161.8 0 0.00592882
12181.9 0 0.0060384
12201.4 0 0.00614799
12220.3 0 0.00625759
12238.6 0 0.0063672
12256.3 0 0.00647682
12273.3 0 0.00658662
12289.7 0 0.00669653
12305.5 0 0.00680644
12320.9 0 0.00691634
12335.7 0 0.00702624
12349.8 0 0.00713614
12363.5 0 0.00724602
12376.5 0 0.00735657
12388.8 0 0.0074677
12400.7 0 0.00757882
12412.4 0 0.00768992
12423.7 0 0.007801
12434.7 0 0.00791207
12445.5 0 0.00802311
12455.9 0 0.00813413
12466.1 0 0.00824513
12476 0 0.00835612
12485.7 0 0.00846709
12495.1 0 0.00857804
12504.3 0 0.00868898
12513.2 0 0.00879991
12521.8 0 0.00891083
12530.3 0 0.00902174
12538.4 0 0.00913265
12546.4 0 0.00924355
12554.2 0 0.00935444
12561.7 0 0.00946532
12569 0 0.00957619
12576.2 0 0.00968705
12583.1 0 0.0097979
12589.9 0 0.00990873
12596.5 0 0.0100195
12603 0 0.0101303
12609.3 0 0.0102411
12615.5 0 0.0103519
12621.6 0 0.0104626
12627.5 0 0.0105733
12633.3 0 0.0106842
12638.9 0 0.0107953
12644.3 0 0.0109068
12649.5 0 0.0110186
12654.6 0 0.0111303
12659.6 0 0.0112421
12664.4 0 0.0113538
12669.2 0 0.0114655
12673.9 0 0.0115771
12678.6 0 0.0116888
12683.1 0 0.0118004
12687.6 0 0.0119121
12692 0 0.0120237
12696.3 0 0.0121353
12700.6 0 0.0122469
12704.8 0 0.0123585
12708.9 0 0.01247
12713 0 0.0125816
12717 0 0.0126932
12720.9 0 0.0128048
12724.7 0 0.0129164
12728.5 0 0.0130279
12732.1 0 0.0131395
12735.7 0 0.013251
12739.2 0 0.0133626
12742.7 0 0.0134741
12746 0 0.0135856
12749.3 0 0.0136972
12752.5 0 0.0138087
12755.5 0 0.0139206
12758.3 0 0.0140325
12761.2 0 0.0141444
12763.9 0 0.0142563
12766.6 0 0.0143682
12769.2 0 0.0144801
12771.7 0 0.0145922
12774.1 0 0.0147048
12776.4 0 0.0148173
12778.6 0 0.0149299
12780.8 0 0.0150425
12783 0 0.015155
12785.1 0 0.0152676
12787.2 0 0.0153801
12789.2 0 0.0154926
12791.2 0 0.0156052
12793.2 0 0.0157177
12795.1 0 0.0158302
12797 0 0.0159427
12798.8 0 0.0160552
12800.6 0 0.0161677
12802.4 0 0.0162801
12804.2 0 0.0163926
12805.9 0 0.016505
12807.7 0 0.0166174
12809.4 0 0.0167299
12811 0 0.0168422
12812.7 0 0.0169546
12814.3 0 0.017067
12815.9 0 0.0171793
12817.5 0 0.0172916
12819.1 0 0.017404
12820.7 0 0.0175162
12822.2 0 0.0176285
12823.7 0 0.0177408
12825.2 0 0.017853
12826.7 0 0.0179652
12828.2 0 0.0180774
12829.7 0 0.0181896
12831.1 0 0.0183018
12832.6 0 0.018414
12834 0 0.0185261
12835.4 0 0.0186382
12836.8 0 0.0187503
12838.2 0 0.0188624
12839.5 0 0.0189745
12840.9 0 0.0190865
12842.2 0 0.0191986
12843.6 0 0.0193106
12844.9 0 0.0194226
12846.2 0 0.0195346
12847.5 0 0.0196466
12848.7 0 0.0197586
12850 0 0.0198705
12851.3 0 0.0199825
12852.5 0 0.0200944
12853.7 0 0.0202063
12855 0 0.0203183
12856.2 0 0.0204302
12857.4 0 0.0205421
12858.5 0 0.0206539
12859.7 0 0.0207658
12860.9 0 0.0208777
12862 0 0.0209895
12863.1 0 0.0211013
12864.3 0 0.0212132
12865.4 0 0.021325
12866.4 0 0.0214368
12867.5 0 0.0215486
12868.6 0 0.0216604
12869.6 0 0.0217722
12870.7 0 0.021884
12871.7 0 0.0219958
12872.7 0 0.0221076
12873.7 0 0.0222194
12874.7 0 0.0223312
12875.7 0 0.022443
12876.6 0 0.0225548
12877.5 0 0.0226666
12878.5 0 0.0227784
12879.4 0 0.0228902
12880.3 0 0.023002
12881.2 0 0.0231138
12882 0 0.0232256
12882.9 0 0.0233374
12883.7 0 0.0234492
12884.6 0 0.023561
12885.4 0 0.0236729
12886.2 0 0.0237847
12886.9 0 0.0238965
12887.7 0 0.0240084
12888.5 0 0.0241202
12889.2 0 0.0242321
12889.9 0 0.0243439
12890.6 0 0.0244558
12891.3 0 0.0245677
12892 0 0.0246796
12892.7 0 0.0247914
12893.3 0 0.0249033
12894 0 0.0250152
12894.6 0 0.0251271
12895.2 0 0.025239
12895.8 0 0.0253509
12896.4 0 0.0254628
12897 0 0.0255747
12897.6 0 0.0256866
12898.1 0 0.0257986
12898.7 0 0.0259105
12899.2 0 0.0260224
12899.8 0 0.0261343
12900.3 0 0.0262463
12900.7 0 0.0263588
12901.2 0 0.0264714
12901.6 0 0.0265839
12902 0 0.0266965
12902.5 0 0.0268091
12902.9 0 0.0269216
12903.3 0 0.0270342
12903.7 0 0.0271468
12904.1 0 0.0272593
12904.5 0 0.0273719
12904.8 0 0.0274845
12905.2 0 0.027597
12905.5 0 0.0277096
12905.9 0 0.0278222
12906.2 0 0.0279348
12906.6 0 0.0280473
12906.9 0 0.0281599
12907.2 0 0.0282725
12907.5 0 0.028385
12907.9 0 0.0284976
12908.2 0 0.0286102
12908.5 0 0.0287227
12908.8 0 0.0288353
12909 0 0.0289478
12909.3 0 0.0290604
12909.6 0 0.0291729
12909.9 0 0.0292855
12910.2 0 0.029398
12910.4 0 0.0295105
12910.7 0 0.0296231
12910.9 0 0.0297356
12911.2 0 0.0298481
12911.4 0 0.0299606
12911.7 0 0.0300731
12911.9 0 0.0301856
12912.2 0 0.0302981
12912.4 0 0.0304106
12912.6 0 0.0305231
12912.9 0 0.0306356
12913.1 0 0.030748
12913.3 0 0.0308605
12913.5 0 0.030973
12913.7 0 0.0310854
12913.9 0 0.0311979
12914.1 0 0.0313103
12914.3 0 0.0314227
12914.5 0 0.0315352
12914.7 0 0.0316476
12914.9 0 0.03176
12915.1 0 0.0318724
12915.3 0 0.0319848
12915.5 0 0.0320972
12915.7 0 0.0322096
12915.9 0 0.032322
12916 0 0.0324343
12916.2 0 0.0325467
12916.4 0 0.0326591
12916.6 0 0.0327714
12916.7 0 0.0328838
12916.9 0 0.0329961
12917 0 0.0331084
12917.2 0 0.0332208
12917.4 0 0.0333331
12917.5 0 0.0334454
12917.7 0 0.0335577
12917.8 0 0.03367
12918 0 0.0337823
12918.1 0 0.0338946
12918.2 0 0.0340068
12918.4 0 0.0341191
12918.5 0 0.0342314
12918.7 0 0.0343436
12918.8 0 0.0344559
12918.9 0 0.0345681
12919.1 0 0.0346803
12919.3 0 0.0347926
12919.6 0 0.0349047
12920.2 0 0.0350168
12921.1 0 0.0351288
12922.2 0 0.0352407
12923.4 0 0.0353526
12924.8 0 0.0354644
12926.3 0 0.0355762
12927.9 0 0.035688
12929.8 0 0.0357996
12931.8 0 0.0359112
12933.7 0 0.0360229
12935.7 0 0.0361345
12937.6 0 0.0362461
12939.6 0 0.0363576
12941.8 0 0.0364691
12944.1 0 0.0365806
12946.6 0 0.036692
12949.3 0 0.0368034
12951.9 0 0.0369147
12954.5 0 0.037026
12957.1 0 0.0371374
12959.7 0 0.0372487
12962.3 0 0.03736
12964.9 0 0.0374713
12967.5 0 0.0375826
12970.2 0 0.0376938
12973 0 0.037805
12976 0 0.0379161
12979.1 0 0.0380272
12982.4 0 0.0381383
12985.6 0 0.0382493
12988.8 0 0.0383602
12992 0 0.038471
12995.2 0 0.0385819
12998.4 0 0.0386928
13001.6 0 0.0388036
13004.8 0 0.0389145
13008 0 0.0390253
13011.2 0 0.0391361
13014.4 0 0.0392469
13017.6 0 0.0393577
13020.9 0 0.0394684
13024.2 0 0.0395791
13027.7 0 0.0396898
13031.3 0 0.0398003
13035 0 0.0399108
13038.8 0 0.0400213
13042.5 0 0.0401318
13046.3 0 0.0402423
13050 0 0.0403527
13053.7 0 0.0404631
13057.5 0 0.0405736
13061.2 0 0.040684
13064.9 0 0.0407943
13068.7 0 0.0409047
13072.4 0 0.0410151
13076.1 0 0.0411254
13079.8 0 0.0412358
13083.5 0 0.0413461
13087.2 0 0.0414564
13090.9 0 0.0415667
13094.6 0 0.0416769
13098.4 0 0.0417872
13102.2 0 0.0418973
13106.1 0 0.0420075
13110 0 0.0421175
13114.2 0 0.0422275
13118.4 0 0.0423375
13122.6 0 0.0424474
13126.8 0 0.0425573
13130.9 0 0.0426672
13135.1 0 0.0427771
13139.3 0 0.042887
13143.5 0 0.0429968
13147.6 0 0.0431066
13151.8 0 0.0432165
13155.9 0 0.0433262
13160.1 0 0.043436
13164.3 0 0.0435458
13168.4 0 0.0436555
13172.5 0 0.0437652
13176.7 0 0.0438749
13180.8 0 0.0439846
13185 0 0.0440943
13189.1 0 0.0442039
13193.2 0 0.0443135
13197.4 0 0.0444231
13201.5 0 0.0445327
13205.6 0 0.0446422
13209.7 0 0.0447518
13213.9 0 0.0448613
13218.1 0 0.0449707
13222.4 0 0.0450801
13226.7 0 0.0451894
13231.2 0 0.0452986
13235.7 0 0.0454078
13240.2 0 0.045517
13244.8 0 0.0456261
13249.3 0 0.0457352
13253.8 0 0.0458443
13258.3 0 0.0459534
13262.8 0 0.0460624
13267.3 0 0.0461715
13271.8 0 0.0462805
13276.3 0 0.0463894
13280.8 0 0.0464984
13285.3 0 0.0466073
13289.8 0 0.0467162
13294.3 0 0.0468251
13298.7 0 0.046934
13303.2 0 0.0470428
13307.7 0 0.0471516
13312.2 0 0.0472604
13316.6 0 0.0473691
13321.1 0 0.0474779
13325.5 0 0.0475866
13330 0 0.0476952
13334.4 0 0.0478039
13338.9 0 0.0479125
13343.3 0 0.0480211
13347.7 0 0.0481297
13352.2 0 0.0482382
13356.6 0 0.0483468
13361 0 0.0484553
13365.5 0 0.0485637
13369.9 0 0.0486722
13374.3 0 0.0487806
13378.8 0 0.0488889
13383.3 0 0.0489972
13387.9 0 0.0491054
13392.5 0 0.0492136
13397.2 0 0.0493216
13402 0 0.0494296
13406.7 0 0.0495376
13411.5 0 0.0496456
13416.2 0 0.0497535
13420.9 0 0.0498614
13425.7 0 0.0499693
13430.4 0 0.0500771
13435.1 0 0.050185
13439.8 0 0.0502927
13444.5 0 0.0504005
13449.3 0 0.0505082
13454 0 0.0506159
13458.7 0 0.0507236
13463.4 0 0.0508313
13468.1 0 0.0509389
13472.8 0 0.0510465
13477.4 0 0.051154
13482.1 0 0.0512615
13486.8 0 0.051369
13491.5 0 0.0514765
13496.2 0 0.051584
13500.8 0 0.0516914
13505.5 0 0.0517987
13510.1 0 0.0519061
13514.8 0 0.0520134
13519.5 0 0.0521207
13524.1 0 0.052228
13528.8 0 0.0523352
13533.4 0 0.0524424
13538 0 0.0525496
13542.7 0 0.0526567
13547.3 0 0.0527639
13551.9 0 0.052871
13556.6 0 0.052978
13561.2 0 0.053085
13565.8 0 0.053192
13570.4 0 0.053299
13575 0 0.053406
13579.6 0 0.0535129
13584.2 0 0.0536198
13588.8 0 0.0537266
13593.4 0 0.0538334
13598 0 0.0539402
13602.7 0 0.0540469
13607.4 0 0.0541535
13612.1 0 0.0542601
13616.8 0 0.0543666
13621.6 0 0.0544729
13410.3 0 0.054445
13470.1 0 0.05451
13494.5 0 0.0545898
