0 -58.4752 -2.26119e-06
634.56 0 5.86126e-05
1173.57 0 0.000124208
1709.92 0 0.000189746
2243.81 0 0.000255129
2775.24 0 0.000320287
3304.22 0 0.000385215
3830.74 0 0.000449907
4354.77 0 0.00051436
4876.15 0 0.000578576
5394.56 0 0.000642563
5909.16 0 0.000706345
6418.2 0 0.00076998
6918.36 0 0.000833577
7403.99 0 0.000897332
7866.83 0 0.000961535
8297.18 0 0.00102655
8686.59 0 0.00109271
9030.8 0 0.00116023
9330.49 0 0.00122926
9590.04 0 0.0012997
9815.21 0 0.00137153
10011.7 0 0.00144465
10184.8 0 0.00151872
10338.5 0 0.00159355
10475.8 0 0.00166881
10599.4 0 0.00174458
10711.4 0 0.00182088
10812.7 0 0.00189847
10905.5 0 0.00197649
10991.1 0 0.00205487
11070.4 0 0.00213359
11143.9 0 0.00221269
11212.1 0 0.00229227
11276 0 0.00237211
11335.9 0 0.00245217
11392.3 0 0.00253245
11445.5 0 0.00261292
11495.9 0 0.00269357
11543.8 0 0.00277437
11589.3 0 0.00285532
11632.4 0 0.00293658
11673.3 0 0.0030182
11712.4 0 0.00309994
11749.8 0 0.0031818
11785.6 0 0.00326376
11820.1 0 0.00334581
11853.2 0 0.00342795
11885.1 0 0.00351015
11915.6 0 0.00359295
11945 0 0.00367615
11972.9 0 0.00375954
11999.8 0 0.00384302
12025.7 0 0.00392655
12050.7 0 0.00401026
12074.7 0 0.0040946
12097.7 0 0.00417893
12119.8 0 0.00426315
12141.1 0 0.00434741
12161.8 0 0.00443169
12181.9 0 0.00451599
12201.4 0 0.00460031
12220.3 0 0.00468464
12238.6 0 0.00476898
12256.3 0 0.00485333
12273.3 0 0.00493784
12289.7 0 0.00502243
12305.5 0 0.00510703
12320.9 0 0.00519162
12335.7 0 0.00527607
12349.8 0 0.0053601
12363.5 0 0.00544412
12376.5 0 0.0055293
12388.8 0 0.00561537
12400.7 0 0.00570143
12412.4 0 0.00578748
12423.7 0 0.00587352
12434.7 0 0.00595954
12445.5 0 0.00604554
12455.9 0 0.00613152
12466.1 0 0.00621749
12476 0 0.00630344
12485.7 0 0.00638939
12495.1 0 0.00647532
12504.3 0 0.00656124
12513.2 0 0.00664716
12521.8 0 0.00673308
12530.3 0 0.00681899
12538.4 0 0.00690489
12546.4 0 0.0069908
12554.2 0 0.0070767
12561.7 0 0.0071626
12569 0 0.00724849
12576.2 0 0.00733437
12583.1 0 0.00742024
12589.9 0 0.0075061
12596.5 0 0.00759195
12603 0 0.00767778
12609.3 0 0.00776359
12615.5 0 0.00784938
12621.6 0 0.00793515
12627.5 0 0.0080209
12633.3 0 0.00810683
12638.9 0 0.00819325
12644.3 0 0.00828043
12649.5 0 0.00836794
12654.6 0 0.00845535
12659.6 0 0.00854249
12664.4 0 0.00862961
12669.2 0 0.00871672
12673.9 0 0.00880382
12678.6 0 0.00889091
12683.1 0 0.00897799
12687.6 0 0.00906506
12692 0 0.00915213
12696.3 0 0.00923919
12700.6 0 0.00932626
12704.8 0 0.00941333
12708.9 0 0.00950041
12713 0 0.0095875
12717 0 0.00967459
12720.9 0 0.0097617
12724.7 0 0.00984882
12728.5 0 0.00993596
12732.1 0 0.0100229
12735.7 0 0.0101096
12739.2 0 0.0101964
12742.7 0 0.0102831
12746 0 0.0103699
12749.3 0 0.0104567
12752.5 0 0.0105434
12755.5 0 0.0106298
12758.3 0 0.0107163
12761.2 0 0.0108027
12763.9 0 0.0108892
12766.6 0 0.0109756
12769.2 0 0.011062
12771.7 0 0.0111487
12774.1 0 0.0112359
12776.4 0 0.0113231
12778.6 0 0.0114102
12780.8 0 0.0114973
12783 0 0.0115845
12785.1 0 0.0116716
12787.2 0 0.0117587
12789.2 0 0.0118457
12791.2 0 0.0119328
12793.2 0 0.0120198
12795.1 0 0.0121069
12797 0 0.0121939
12798.8 0 0.0122808
12800.6 0 0.0123678
12802.4 0 0.0124548
12804.2 0 0.0125417
12805.9 0 0.0126286
12807.7 0 0.0127155
12809.4 0 0.0128024
12811 0 0.0128892
12812.7 0 0.0129761
12814.3 0 0.0130629
12815.9 0 0.0131497
12817.5 0 0.0132364
12819.1 0 0.0133232
12820.7 0 0.0134099
12822.2 0 0.0134967
12823.7 0 0.0135834
12825.2 0 0.0136701
12826.7 0 0.0137567
12828.2 0 0.0138434
12829.7 0 0.01393
12831.1 0 0.0140166
12832.6 0 0.0141032
12834 0 0.0141898
12835.4 0 0.0142764
12836.8 0 0.014363
12838.2 0 0.0144495
12839.5 0 0.014536
12840.9 0 0.0146225
12842.2 0 0.014709
12843.6 0 0.0147955
12844.9 0 0.014882
12846.2 0 0.0149685
12847.5 0 0.0150549
12848.7 0 0.0151414
12850 0 0.0152278
12851.3 0 0.0153142
12852.5 0 0.0154006
12853.7 0 0.015487
12855 0 0.0155734
12856.2 0 0.0156598
12857.4 0 0.0157462
12858.5 0 0.0158326
12859.7 0 0.0159189
12860.9 0 0.0160053
12862 0 0.0160916
12863.1 0 0.0161779
12864.3 0 0.0162642
12865.4 0 0.0163505
12866.4 0 0.0164368
12867.5 0 0.016523
12868.6 0 0.0166093
12869.6 0 0.0166956
12870.7 0 0.0167819
12871.7 0 0.0168682
12872.7 0 0.0169545
12873.7 0 0.0170407
12874.7 0 0.017127
12875.7 0 0.0172133
12876.6 0 0.0172996
12877.5 0 0.0173859
12878.5 0 0.0174722
12879.4 0 0.0175585
12880.3 0 0.0176447
12881.2 0 0.017731
12882 0 0.0178173
12882.9 0 0.0179036
12883.7 0 0.0179899
12884.6 0 0.0180762
12885.4 0 0.0181625
12886.2 0 0.0182488
12886.9 0 0.0183352
12887.7 0 0.0184215
12888.5 0 0.0185078
12889.2 0 0.0185941
12889.9 0 0.0186804
12890.6 0 0.0187667
12891.3 0 0.0188531
12892 0 0.0189394
12892.7 0 0.0190257
12893.3 0 0.019112
12894 0 0.0191984
12894.6 0 0.0192847
12895.2 0 0.019371
12895.8 0 0.0194573
12896.4 0 0.0195436
12897 0 0.01963
12897.6 0 0.0197163
12898.1 0 0.0198026
12898.7 0 0.0198889
12899.2 0 0.0199752
12899.8 0 0.0200615
12900.3 0 0.0201479
12900.7 0 0.020235
12901.2 0 0.0203221
12901.6 0 0.0204093
12902 0 0.0204964
12902.5 0 0.0205836
12902.9 0 0.0206707
12903.3 0 0.0207579
12903.7 0 0.020845
12904.1 0 0.0209322
12904.5 0 0.0210193
12904.8 0 0.0211065
12905.2 0 0.0211936
12905.5 0 0.0212807
12905.9 0 0.0213679
12906.2 0 0.021455
12906.6 0 0.0215421
12906.9 0 0.0216293
12907.2 0 0.0217164
12907.5 0 0.0218035
12907.9 0 0.0218906
12908.2 0 0.0219778
12908.5 0 0.0220649
12908.8 0 0.022152
12909 0 0.0222391
12909.3 0 0.0223262
12909.6 0 0.0224133
12909.9 0 0.0225004
12910.2 0 0.0225874
12910.4 0 0.0226745
12910.7 0 0.0227616
12910.9 0 0.0228487
12911.2 0 0.0229357
12911.4 0 0.0230228
12911.7 0 0.0231098
12911.9 0 0.0231969
12912.2 0 0.0232839
12912.4 0 0.023371
12912.6 0 0.023458
12912.9 0 0.023545
12913.1 0 0.023632
12913.3 0 0.023719
12913.5 0 0.023806
12913.7 0 0.023893
12913.9 0 0.02398
12914.1 0 0.024067
12914.3 0 0.024154
12914.5 0 0.024241
12914.7 0 0.024328
12914.9 0 0.0244149
12915.1 0 0.0245019
12915.3 0 0.0245888
12915.5 0 0.0246758
12915.7 0 0.0247627
12915.9 0 0.0248497
12916 0 0.0249366
12916.2 0 0.0250235
12916.4 0 0.0251104
12916.6 0 0.0251973
12916.7 0 0.0252842
12916.9 0 0.0253711
12917 0 0.025458
12917.2 0 0.0255449
12917.4 0 0.0256318
12917.5 0 0.0257186
12917.7 0 0.0258055
12917.8 0 0.0258924
12918 0 0.0259792
12918.1 0 0.0260661
12918.2 0 0.0261529
12918.4 0 0.0262397
12918.5 0 0.0263266
12918.7 0 0.0264134
12918.8 0 0.0265002
12918.9 0 0.026587
12919.1 0 0.0266738
12919.3 0 0.0267606
12919.6 0 0.0268473
12920.2 0 0.026934
12921.1 0 0.0270206
12922.2 0 0.0271071
12923.4 0 0.0271936
12924.8 0 0.0272801
12926.3 0 0.0273665
12927.9 0 0.0274529
12929.8 0 0.0275392
12931.8 0 0.0276255
12933.7 0 0.0277118
12935.7 0 0.027798
12937.6 0 0.0278843
12939.6 0 0.0279705
12941.8 0 0.0280567
12944.1 0 0.0281428
12946.6 0 0.0282289
12949.3 0 0.028315
12951.9 0 0.028401
12954.5 0 0.0284871
12957.1 0 0.0285731
12959.7 0 0.0286591
12962.3 0 0.0287451
12964.9 0 0.0288311
12967.5 0 0.0289171
12970.2 0 0.0290031
12973 0 0.029089
12976 0 0.0291749
12979.1 0 0.0292607
12982.4 0 0.0293465
12985.6 0 0.0294323
12988.8 0 0.0295178
12992 0 0.0296034
12995.2 0 0.0296889
12998.4 0 0.0297745
13001.6 0 0.02986
13004.8 0 0.0299455
13008 0 0.030031
13011.2 0 0.0301165
13014.4 0 0.030202
13017.6 0 0.0302874
13020.9 0 0.0303728
13024.2 0 0.0304582
13027.7 0 0.0305435
13031.3 0 0.0306288
13035 0 0.030714
13038.8 0 0.0307992
13042.5 0 0.0308844
13046.3 0 0.0309695
13050 0 0.0310547
13053.7 0 0.0311398
13057.5 0 0.031225
13061.2 0 0.0313101
13064.9 0 0.0313952
13068.7 0 0.0314803
13072.4 0 0.0315653
13076.1 0 0.0316504
13079.8 0 0.0317355
13083.5 0 0.0318205
13087.2 0 0.0319055
13090.9 0 0.0319905
13094.6 0 0.0320755
13098.4 0 0.0321605
13102.2 0 0.0322454
13106.1 0 0.0323303
13110 0 0.0324151
13114.2 0 0.0324998
13118.4 0 0.0325845
13122.6 0 0.0326692
13126.8 0 0.0327539
13130.9 0 0.0328385
13135.1 0 0.0329232
13139.3 0 0.0330078
13143.5 0 0.0330924
13147.6 0 0.033177
13151.8 0 0.0332616
13155.9 0 0.0333462
13160.1 0 0.0334308
13164.3 0 0.0335153
13168.4 0 0.0335998
13172.5 0 0.0336843
13176.7 0 0.0337688
13180.8 0 0.0338533
13185 0 0.0339377
13189.1 0 0.0340222
13193.2 0 0.0341066
13197.4 0 0.034191
13201.5 0 0.0342754
13205.6 0 0.0343597
13209.7 0 0.0344441
13213.9 0 0.0345284
13218.1 0 0.0346126
13222.4 0 0.0346968
13226.7 0 0.034781
13231.2 0 0.034865
13235.7 0 0.034949
13240.2 0 0.035033
13244.8 0 0.035117
13249.3 0 0.035201
13253.8 0 0.035285
13258.3 0 0.0353689
13262.8 0 0.0354528
13267.3 0 0.0355367
13271.8 0 0.0356206
13276.3 0 0.0357044
13280.8 0 0.0357882
13285.3 0 0.035872
13289.8 0 0.0359558
13294.3 0 0.0360396
13298.7 0 0.0361233
13303.2 0 0.0362071
13307.7 0 0.0362908
13312.2 0 0.0363745
13316.6 0 0.0364581
13321.1 0 0.0365417
13325.5 0 0.0366254
13330 0 0.036709
13334.4 0 0.0367925
13338.9 0 0.0368761
13343.3 0 0.0369596
13347.7 0 0.0370431
13352.2 0 0.0371266
13356.6 0 0.03721
13361 0 0.0372935
13365.5 0 0.0373769
13369.9 0 0.0374603
13374.3 0 0.0375436
13378.8 0 0.0376269
13383.3 0 0.0377101
13387.9 0 0.0377932
13392.5 0 0.0378763
13397.2 0 0.0379593
13402 0 0.0380423
13406.7 0 0.0381252
13411.5 0 0.0382082
13416.2 0 0.0382911
13420.9 0 0.038374
13425.7 0 0.0384569
13430.4 0 0.0385397
13435.1 0 0.0386225
13439.8 0 0.0387053
13444.5 0 0.0387881
13449.3 0 0.0388709
13454 0 0.0389536
13458.7 0 0.0390363
13463.4 0 0.0391189
13468.1 0 0.0392016
13472.8 0 0.0392842
13477.4 0 0.0393667
13482.1 0 0.0394493
13486.8 0 0.0395318
13491.5 0 0.0396143
13496.2 0 0.0396968
13500.8 0 0.0397793
13505.5 0 0.0398617
13510.1 0 0.0399441
13514.8 0 0.0400265
13519.5 0 0.0401088
13524.1 0 0.0401911
13528.8 0 0.0402734
13533.4 0 0.0403557
13538 0 0.0404379
13542.7 0 0.0405201
13547.3 0 0.0406023
13551.9 0 0.0406844
13556.6 0 0.0407666
13561.2 0 0.0408486
13565.8 0 0.0409307
13570.4 0 0.0410128
13575 0 0.0410948
13579.6 0 0.0411768
13584.2 0 0.0412587
13588.8 0 0.0413406
13593.4 0 0.0414225
13598 0 0.0415043
13602.7 0 0.0415861
13607.4 0 0.0416677
13612.1 0 0.0417493
13616.8 0 0.0418309
13621.6 0 0.0419122
13410.3 0 0.0418603
13470.1 0 0.0419008
13494.5 0 0.0419562
