0 -58.4752 -2.26119e-06
634.56 0 1.31579e-05
1173.57 0 3.32536e-05
1709.92 0 5.32986e-05
2243.81 0 7.31855e-05
2775.24 0 9.28518e-05
3304.22 0 0.000112292
3830.74 0 0.000131497
4354.77 0 0.000150463
4876.15 0 0.000169192
5394.56 0 0.000187691
5909.16 0 0.000205985
6418.2 0 0.000224131
6918.36 0 0.00024224
7403.99 0 0.000260508
7866.83 0 0.000279223
8297.18 0 0.000298748
8686.59 0 0.000319423
9030.8 0 0.00034146
9330.49 0 0.000364993
9590.04 0 0.000389919
9815.21 0 0.000416192
10011.7 0 0.000443692
10184.8 0 0.000472122
10338.5 0 0.000501325
10475.8 0 0.000531138
10599.4 0 0.000561536
10711.4 0 0.000592532
10812.7 0 0.000624697
10905.5 0 0.000657292
10991.1 0 0.00069027
11070.4 0 0.00072359
11143.9 0 0.000757286
11212.1 0 0.000791483
11276 0 0.000825939
11335.9 0 0.000860631
11392.3 0 0.000895538
11445.5 0 0.000930641
11495.9 0 0.000965923
11543.8 0 0.00100137
11589.3 0 0.00103696
11632.4 0 0.00107284
11673.3 0 0.00110907
11712.4 0 0.00114543
11749.8 0 0.00118189
11785.6 0 0.00121846
11820.1 0 0.00125513
11853.2 0 0.00129187
11885.1 0 0.0013287
11915.6 0 0.00136596
11945 0 0.00140353
11972.9 0 0.00144137
11999.8 0 0.0014793
12025.7 0 0.00151728
12050.7 0 0.0015554
12074.7 0 0.00159401
12097.7 0 0.00163267
12119.8 0 0.00167136
12141.1 0 0.00171008
12161.8 0 0.00174883
12181.9 0 0.00178759
12201.4 0 0.00182637
12220.3 0 0.00186516
12238.6 0 0.00190396
12256.3 0 0.00194277
12273.3 0 0.00198175
12289.7 0 0.00202083
12305.5 0 0.00205992
12320.9 0 0.00209899
12335.7 0 0.00213802
12349.8 0 0.0021769
12363.5 0 0.00221576
12376.5 0 0.00225547
12388.8 0 0.00229586
12400.7 0 0.00233625
12412.4 0 0.00237661
12423.7 0 0.00241696
12434.7 0 0.00245729
12445.5 0 0.0024976
12455.9 0 0.00253789
12466.1 0 0.00257816
12476 0 0.00261842
12485.7 0 0.00265866
12495.1 0 0.00269889
12504.3 0 0.0027391
12513.2 0 0.00277931
12521.8 0 0.00281951
12530.3 0 0.00285971
12538.4 0 0.00289989
12546.4 0 0.00294008
12554.2 0 0.00298025
12561.7 0 0.00302042
12569 0 0.00306058
12576.2 0 0.00310073
12583.1 0 0.00314087
12589.9 0 0.00318099
12596.5 0 0.0032211
12603 0 0.00326119
12609.3 0 0.00330126
12615.5 0 0.00334131
12621.6 0 0.00338134
12627.5 0 0.00342135
12633.3 0 0.00346149
12638.9 0 0.003502
12644.3 0 0.00354305
12649.5 0 0.00358435
12654.6 0 0.0036256
12659.6 0 0.00366675
12664.4 0 0.00370788
12669.2 0 0.003749
12673.9 0 0.0037901
12678.6 0 0.00383119
12683.1 0 0.00387227
12687.6 0 0.00391333
12692 0 0.00395438
12696.3 0 0.00399543
12700.6 0 0.00403647
12704.8 0 0.00407751
12708.9 0 0.00411854
12713 0 0.00415958
12717 0 0.00420062
12720.9 0 0.00424166
12724.7 0 0.00428271
12728.5 0 0.00432376
12732.1 0 0.00436473
12735.7 0 0.00440562
12739.2 0 0.0044465
12742.7 0 0.00448739
12746 0 0.00452828
12749.3 0 0.00456918
12752.5 0 0.00461009
12755.5 0 0.00465108
12758.3 0 0.0046921
12761.2 0 0.00473312
12763.9 0 0.00477414
12766.6 0 0.00481516
12769.2 0 0.00485617
12771.7 0 0.00489749
12774.1 0 0.00493918
12776.4 0 0.00498088
12778.6 0 0.00502257
12780.8 0 0.00506426
12783 0 0.00510595
12785.1 0 0.00514763
12787.2 0 0.0051893
12789.2 0 0.00523096
12791.2 0 0.00527261
12793.2 0 0.00531424
12795.1 0 0.00535587
12797 0 0.00539748
12798.8 0 0.00543908
12800.6 0 0.00548067
12802.4 0 0.00552224
12804.2 0 0.00556379
12805.9 0 0.00560533
12807.7 0 0.00564685
12809.4 0 0.00568835
12811 0 0.00572984
12812.7 0 0.00577131
12814.3 0 0.00581277
12815.9 0 0.0058542
12817.5 0 0.00589562
12819.1 0 0.00593702
12820.7 0 0.0059784
12822.2 0 0.00601977
12823.7 0 0.00606112
12825.2 0 0.00610245
12826.7 0 0.00614376
12828.2 0 0.00618506
12829.7 0 0.00622634
12831.1 0 0.0062676
12832.6 0 0.00630885
12834 0 0.00635008
12835.4 0 0.00639129
12836.8 0 0.00643249
12838.2 0 0.00647367
12839.5 0 0.00651484
12840.9 0 0.00655599
12842.2 0 0.00659713
12843.6 0 0.00663826
12844.9 0 0.00667937
12846.2 0 0.00672046
12847.5 0 0.00676155
12848.7 0 0.00680262
12850 0 0.00684368
12851.3 0 0.00688473
12852.5 0 0.00692577
12853.7 0 0.0069668
12855 0 0.00700781
12856.2 0 0.00704882
12857.4 0 0.00708982
12858.5 0 0.00713081
12859.7 0 0.00717179
12860.9 0 0.00721273
12862 0 0.00725367
12863.1 0 0.0072946
12864.3 0 0.00733553
12865.4 0 0.00737645
12866.4 0 0.00741737
12867.5 0 0.00745828
12868.6 0 0.00749918
12869.6 0 0.00754009
12870.7 0 0.00758099
12871.7 0 0.00762189
12872.7 0 0.00766279
12873.7 0 0.00770369
12874.7 0 0.00774459
12875.7 0 0.00778549
12876.6 0 0.00782639
12877.5 0 0.00786729
12878.5 0 0.0079082
12879.4 0 0.0079491
12880.3 0 0.00799001
12881.2 0 0.00803092
12882 0 0.00807184
12882.9 0 0.00811276
12883.7 0 0.00815368
12884.6 0 0.00819461
12885.4 0 0.00823554
12886.2 0 0.00827647
12886.9 0 0.00831741
12887.7 0 0.00835835
12888.5 0 0.0083993
12889.2 0 0.00844025
12889.9 0 0.0084812
12890.6 0 0.00852216
12891.3 0 0.00856313
12892 0 0.00860409
12892.7 0 0.00864506
12893.3 0 0.00868604
12894 0 0.00872701
12894.6 0 0.00876799
12895.2 0 0.00880898
12895.8 0 0.00884996
12896.4 0 0.00889095
12897 0 0.00893193
12897.6 0 0.00897292
12898.1 0 0.00901391
12898.7 0 0.0090549
12899.2 0 0.00909589
12899.8 0 0.00913688
12900.3 0 0.00917792
12900.7 0 0.00921961
12901.2 0 0.0092613
12901.6 0 0.009303
12902 0 0.0093447
12902.5 0 0.0093864
12902.9 0 0.0094281
12903.3 0 0.0094698
12903.7 0 0.00951151
12904.1 0 0.00955322
12904.5 0 0.00959492
12904.8 0 0.00963663
12905.2 0 0.00967834
12905.5 0 0.00972004
12905.9 0 0.00976175
12906.2 0 0.00980345
12906.6 0 0.00984515
12906.9 0 0.00988686
12907.2 0 0.00992855
12907.5 0 0.00997025
12907.9 0 0.0100119
12908.2 0 0.0100536
12908.5 0 0.0100953
12908.8 0 0.010137
12909 0 0.0101787
12909.3 0 0.0102204
12909.6 0 0.010262
12909.9 0 0.0103037
12910.2 0 0.0103454
12910.4 0 0.010387
12910.7 0 0.0104287
12910.9 0 0.0104703
12911.2 0 0.0105119
12911.4 0 0.0105536
12911.7 0 0.0105952
12911.9 0 0.0106368
12912.2 0 0.0106785
12912.4 0 0.0107201
12912.6 0 0.0107617
12912.9 0 0.0108033
12913.1 0 0.0108449
12913.3 0 0.0108865
12913.5 0 0.0109281
12913.7 0 0.0109696
12913.9 0 0.0110112
12914.1 0 0.0110528
12914.3 0 0.0110943
12914.5 0 0.0111359
12914.7 0 0.0111774
12914.9 0 0.011219
12915.1 0 0.0112605
12915.3 0 0.011302
12915.5 0 0.0113436
12915.7 0 0.0113851
12915.9 0 0.0114266
12916 0 0.0114681
12916.2 0 0.0115096
12916.4 0 0.0115511
12916.6 0 0.0115926
12916.7 0 0.011634
12916.9 0 0.0116755
12917 0 0.011717
12917.2 0 0.0117584
12917.4 0 0.0117999
12917.5 0 0.0118413
12917.7 0 0.0118827
12917.8 0 0.0119242
12918 0 0.0119656
12918.1 0 0.012007
12918.2 0 0.0120484
12918.4 0 0.0120898
12918.5 0 0.0121312
12918.7 0 0.0121726
12918.8 0 0.012214
12918.9 0 0.0122554
12919.1 0 0.0122967
12919.3 0 0.0123381
12919.6 0 0.0123794
12920.2 0 0.0124206
12921.1 0 0.0124617
12922.2 0 0.0125028
12923.4 0 0.0125438
12924.8 0 0.0125848
12926.3 0 0.0126258
12927.9 0 0.0126667
12929.8 0 0.0127075
12931.8 0 0.0127483
12933.7 0 0.012789
12935.7 0 0.0128298
12937.6 0 0.0128706
12939.6 0 0.0129113
12941.8 0 0.012952
12944.1 0 0.0129926
12946.6 0 0.0130332
12949.3 0 0.0130737
12951.9 0 0.0131143
12954.5 0 0.0131548
12957.1 0 0.0131953
12959.7 0 0.0132358
12962.3 0 0.0132763
12964.9 0 0.0133167
12967.5 0 0.0133572
12970.2 0 0.0133976
12973 0 0.013438
12976 0 0.0134784
12979.1 0 0.0135186
12982.4 0 0.0135588
12985.6 0 0.0135991
12988.8 0 0.0136391
12992 0 0.0136792
12995.2 0 0.0137192
12998.4 0 0.0137592
13001.6 0 0.0137993
13004.8 0 0.0138393
13008 0 0.0138793
13011.2 0 0.0139192
13014.4 0 0.0139592
13017.6 0 0.0139992
13020.9 0 0.0140391
13024.2 0 0.014079
13027.7 0 0.0141188
13031.3 0 0.0141585
13035 0 0.0141982
13038.8 0 0.0142379
13042.5 0 0.0142775
13046.3 0 0.0143171
13050 0 0.0143568
13053.7 0 0.0143964
13057.5 0 0.014436
13061.2 0 0.0144756
13064.9 0 0.0145152
13068.7 0 0.0145547
13072.4 0 0.0145943
13076.1 0 0.0146338
13079.8 0 0.0146733
13083.5 0 0.0147128
13087.2 0 0.0147523
13090.9 0 0.0147918
13094.6 0 0.0148312
13098.4 0 0.0148706
13102.2 0 0.01491
13106.1 0 0.0149493
13110 0 0.0149886
13114.2 0 0.0150278
13118.4 0 0.0150669
13122.6 0 0.0151061
13126.8 0 0.0151452
13130.9 0 0.0151843
13135.1 0 0.0152234
13139.3 0 0.0152624
13143.5 0 0.0153015
13147.6 0 0.0153405
13151.8 0 0.0153795
13155.9 0 0.0154185
13160.1 0 0.0154575
13164.3 0 0.0154964
13168.4 0 0.0155354
13172.5 0 0.0155743
13176.7 0 0.0156132
13180.8 0 0.0156521
13185 0 0.015691
13189.1 0 0.0157298
13193.2 0 0.0157687
13197.4 0 0.0158075
13201.5 0 0.0158463
13205.6 0 0.015885
13209.7 0 0.0159238
13213.9 0 0.0159625
13218.1 0 0.0160012
13222.4 0 0.0160397
13226.7 0 0.0160783
13231.2 0 0.0161167
13235.7 0 0.0161551
13240.2 0 0.0161935
13244.8 0 0.0162319
13249.3 0 0.0162703
13253.8 0 0.0163086
13258.3 0 0.0163469
13262.8 0 0.0163852
13267.3 0 0.0164234
13271.8 0 0.0164617
13276.3 0 0.0164999
13280.8 0 0.0165381
13285.3 0 0.0165762
13289.8 0 0.0166144
13294.3 0 0.0166525
13298.7 0 0.0166906
13303.2 0 0.0167287
13307.7 0 0.0167667
13312.2 0 0.0168048
13316.6 0 0.0168428
13321.1 0 0.0168807
13325.5 0 0.0169187
13330 0 0.0169566
13334.4 0 0.0169945
13338.9 0 0.0170324
13343.3 0 0.0170703
13347.7 0 0.0171081
13352.2 0 0.0171459
13356.6 0 0.0171837
13361 0 0.0172215
13365.5 0 0.0172592
13369.9 0 0.0172969
13374.3 0 0.0173346
13378.8 0 0.0173722
13383.3 0 0.0174097
13387.9 0 0.0174472
13392.5 0 0.0174846
13397.2 0 0.0175219
13402 0 0.0175592
13406.7 0 0.0175964
13411.5 0 0.0176337
13416.2 0 0.0176709
13420.9 0 0.0177081
13425.7 0 0.0177452
13430.4 0 0.0177823
13435.1 0 0.0178194
13439.8 0 0.0178565
13444.5 0 0.0178936
13449.3 0 0.0179306
13454 0 0.0179676
13458.7 0 0.0180045
13463.4 0 0.0180415
13468.1 0 0.0180784
13472.8 0 0.0181152
13477.4 0 0.0181521
13482.1 0 0.0181889
13486.8 0 0.0182257
13491.5 0 0.0182625
13496.2 0 0.0182992
13500.8 0 0.0183359
13505.5 0 0.0183726
13510.1 0 0.0184092
13514.8 0 0.0184458
13519.5 0 0.0184824
13524.1 0 0.018519
13528.8 0 0.0185555
13533.4 0 0.018592
13538 0 0.0186285
13542.7 0 0.018665
13547.3 0 0.0187014
13551.9 0 0.0187378
13556.6 0 0.0187742
13561.2 0 0.0188105
13565.8 0 0.0188468
13570.4 0 0.0188831
13575 0 0.0189193
13579.6 0 0.0189555
13584.2 0 0.0189917
13588.8 0 0.0190279
13593.4 0 0.019064
13598 0 0.0191001
13602.7 0 0.019136
13607.4 0 0.019172
13612.1 0 0.0192078
13616.8 0 0.0192436
13621.6 0 0.0192793
13410.3 0 0.019181
13470.1 0 0.0191754
13494.5 0 0.0191847
