0 -58.4752 -2.26119e-06
634.56 0 6.92167e-05
1173.57 0 0.000145351
1709.92 0 0.000221437
2243.81 0 0.000297365
2775.24 0 0.000373073
3304.22 0 0.000448557
3830.74 0 0.000523807
4354.77 0 0.000598817
4876.15 0 0.00067359
5394.56 0 0.000748133
5909.16 0 0.000822471
6418.2 0 0.00089666
6918.36 0 0.000970812
7403.99 0 0.00104512
7866.83 0 0.00111988
8297.18 0 0.00119545
8686.59 0 0.00127217
9030.8 0 0.00135026
9330.49 0 0.00142983
9590.04 0 0.00151079
9815.21 0 0.00159307
10011.7 0 0.00167656
10184.8 0 0.00176096
10338.5 0 0.00184615
10475.8 0 0.00193202
10599.4 0 0.00201851
10711.4 0 0.00210564
10812.7 0 0.00219387
10905.5 0 0.00228254
10991.1 0 0.0023716
11070.4 0 0.002461
11143.9 0 0.00255078
11212.1 0 0.00264107
11276 0 0.00273162
11335.9 0 0.0028224
11392.3 0 0.00291341
11445.5 0 0.00300461
11495.9 0 0.00309599
11543.8 0 0.00318754
11589.3 0 0.00327923
11632.4 0 0.00337121
11673.3 0 0.00346353
11712.4 0 0.00355597
11749.8 0 0.00364852
11785.6 0 0.00374118
11820.1 0 0.00383393
11853.2 0 0.00392677
11885.1 0 0.00401968
11915.6 0 0.00411296
11945 0 0.00420651
11972.9 0 0.00430037
11999.8 0 0.00439431
12025.7 0 0.00448831
12050.7 0 0.00458244
12074.7 0 0.00467699
12097.7 0 0.0047716
12119.8 0 0.00486632
12141.1 0 0.00496106
12161.8 0 0.00505583
12181.9 0 0.00515061
12201.4 0 0.00524541
12220.3 0 0.00534023
12238.6 0 0.00543505
12256.3 0 0.00552987
12273.3 0 0.00562488
12289.7 0 0.00572
12305.5 0 0.00581511
12320.9 0 0.00591022
12335.7 0 0.00600532
12349.8 0 0.0061004
12363.5 0 0.00619545
12376.5 0 0.00629121
12388.8 0 0.00638756
12400.7 0 0.0064839
12412.4 0 0.00658022
12423.7 0 0.00667653
12434.7 0 0.00677281
12445.5 0 0.00686907
12455.9 0 0.00696531
12466.1 0 0.00706154
12476 0 0.00715774
12485.7 0 0.00725393
12495.1 0 0.00735011
12504.3 0 0.00744627
12513.2 0 0.00754242
12521.8 0 0.00763857
12530.3 0 0.0077347
12538.4 0 0.00783083
12546.4 0 0.00792695
12554.2 0 0.00802306
12561.7 0 0.00811917
12569 0 0.00821526
12576.2 0 0.00831135
12583.1 0 0.00840742
12589.9 0 0.00850348
12596.5 0 0.00859952
12603 0 0.00869554
12609.3 0 0.00879155
12615.5 0 0.00888753
12621.6 0 0.00898349
12627.5 0 0.00907942
12633.3 0 0.00917547
12638.9 0 0.00927183
12644.3 0 0.00936865
12649.5 0 0.00946566
12654.6 0 0.00956265
12659.6 0 0.00965963
12664.4 0 0.00975658
12669.2 0 0.00985352
12673.9 0 0.00995044
12678.6 0 0.0100473
12683.1 0 0.0101442
12687.6 0 0.0102411
12692 0 0.010338
12696.3 0 0.0104348
12700.6 0 0.0105317
12704.8 0 0.0106285
12708.9 0 0.0107253
12713 0 0.0108222
12717 0 0.010919
12720.9 0 0.0110158
12724.7 0 0.0111126
12728.5 0 0.0112095
12732.1 0 0.0113063
12735.7 0 0.011403
12739.2 0 0.0114998
12742.7 0 0.0115966
12746 0 0.0116933
12749.3 0 0.0117901
12752.5 0 0.0118869
12755.5 0 0.011984
12758.3 0 0.012081
12761.2 0 0.0121781
12763.9 0 0.0122752
12766.6 0 0.0123723
12769.2 0 0.0124694
12771.7 0 0.0125668
12774.1 0 0.0126646
12776.4 0 0.0127623
12778.6 0 0.0128601
12780.8 0 0.0129578
12783 0 0.0130556
12785.1 0 0.0131533
12787.2 0 0.0132511
12789.2 0 0.0133488
12791.2 0 0.0134465
12793.2 0 0.0135443
12795.1 0 0.013642
12797 0 0.0137397
12798.8 0 0.0138374
12800.6 0 0.013935
12802.4 0 0.0140327
12804.2 0 0.0141303
12805.9 0 0.014228
12807.7 0 0.0143256
12809.4 0 0.0144232
12811 0 0.0145208
12812.7 0 0.0146184
12814.3 0 0.0147159
12815.9 0 0.0148134
12817.5 0 0.014911
12819.1 0 0.0150085
12820.7 0 0.015106
12822.2 0 0.0152034
12823.7 0 0.0153009
12825.2 0 0.0153983
12826.7 0 0.0154957
12828.2 0 0.0155931
12829.7 0 0.0156905
12831.1 0 0.0157879
12832.6 0 0.0158852
12834 0 0.0159825
12835.4 0 0.0160799
12836.8 0 0.0161772
12838.2 0 0.0162744
12839.5 0 0.0163717
12840.9 0 0.016469
12842.2 0 0.0165662
12843.6 0 0.0166634
12844.9 0 0.0167606
12846.2 0 0.0168578
12847.5 0 0.016955
12848.7 0 0.0170522
12850 0 0.0171493
12851.3 0 0.0172465
12852.5 0 0.0173436
12853.7 0 0.0174407
12855 0 0.0175378
12856.2 0 0.0176349
12857.4 0 0.017732
12858.5 0 0.0178291
12859.7 0 0.0179262
12860.9 0 0.0180232
12862 0 0.0181203
12863.1 0 0.0182173
12864.3 0 0.0183143
12865.4 0 0.0184113
12866.4 0 0.0185083
12867.5 0 0.0186053
12868.6 0 0.0187023
12869.6 0 0.0187993
12870.7 0 0.0188963
12871.7 0 0.0189933
12872.7 0 0.0190903
12873.7 0 0.0191873
12874.7 0 0.0192843
12875.7 0 0.0193813
12876.6 0 0.0194783
12877.5 0 0.0195753
12878.5 0 0.0196723
12879.4 0 0.0197693
12880.3 0 0.0198663
12881.2 0 0.0199633
12882 0 0.0200603
12882.9 0 0.0201573
12883.7 0 0.0202543
12884.6 0 0.0203513
12885.4 0 0.0204483
12886.2 0 0.0205454
12886.9 0 0.0206424
12887.7 0 0.0207394
12888.5 0 0.0208365
12889.2 0 0.0209335
12889.9 0 0.0210306
12890.6 0 0.0211277
12891.3 0 0.0212247
12892 0 0.0213218
12892.7 0 0.0214189
12893.3 0 0.0215159
12894 0 0.021613
12894.6 0 0.0217101
12895.2 0 0.0218072
12895.8 0 0.0219043
12896.4 0 0.0220014
12897 0 0.0220985
12897.6 0 0.0221956
12898.1 0 0.0222927
12898.7 0 0.0223898
12899.2 0 0.0224869
12899.8 0 0.022584
12900.3 0 0.0226812
12900.7 0 0.022779
12901.2 0 0.0228767
12901.6 0 0.0229745
12902 0 0.0230722
12902.5 0 0.02317
12902.9 0 0.0232677
12903.3 0 0.0233655
12903.7 0 0.0234633
12904.1 0 0.0235611
12904.5 0 0.0236588
12904.8 0 0.0237566
12905.2 0 0.0238544
12905.5 0 0.0239522
12905.9 0 0.0240499
12906.2 0 0.0241477
12906.6 0 0.0242455
12906.9 0 0.0243432
12907.2 0 0.024441
12907.5 0 0.0245388
12907.9 0 0.0246365
12908.2 0 0.0247343
12908.5 0 0.0248321
12908.8 0 0.0249298
12909 0 0.0250276
12909.3 0 0.0251253
12909.6 0 0.0252231
12909.9 0 0.0253208
12910.2 0 0.0254185
12910.4 0 0.0255163
12910.7 0 0.025614
12910.9 0 0.0257117
12911.2 0 0.0258094
12911.4 0 0.0259071
12911.7 0 0.0260048
12911.9 0 0.0261025
12912.2 0 0.0262002
12912.4 0 0.0262979
12912.6 0 0.0263956
12912.9 0 0.0264933
12913.1 0 0.026591
12913.3 0 0.0266886
12913.5 0 0.0267863
12913.7 0 0.0268839
12913.9 0 0.0269816
12914.1 0 0.0270792
12914.3 0 0.0271769
12914.5 0 0.0272745
12914.7 0 0.0273721
12914.9 0 0.0274697
12915.1 0 0.0275673
12915.3 0 0.0276649
12915.5 0 0.0277625
12915.7 0 0.0278601
12915.9 0 0.0279577
12916 0 0.0280553
12916.2 0 0.0281528
12916.4 0 0.0282504
12916.6 0 0.0283479
12916.7 0 0.0284455
12916.9 0 0.028543
12917 0 0.0286406
12917.2 0 0.0287381
12917.4 0 0.0288356
12917.5 0 0.0289331
12917.7 0 0.0290306
12917.8 0 0.0291281
12918 0 0.0292256
12918.1 0 0.0293231
12918.2 0 0.0294206
12918.4 0 0.029518
12918.5 0 0.0296155
12918.7 0 0.029713
12918.8 0 0.0298104
12918.9 0 0.0299078
12919.1 0 0.0300053
12919.3 0 0.0301027
12919.6 0 0.0302
12920.2 0 0.0302973
12921.1 0 0.0303945
12922.2 0 0.0304917
12923.4 0 0.0305887
12924.8 0 0.0306858
12926.3 0 0.0307828
12927.9 0 0.0308797
12929.8 0 0.0309766
12931.8 0 0.0310734
12933.7 0 0.0311702
12935.7 0 0.031267
12937.6 0 0.0313638
12939.6 0 0.0314606
12941.8 0 0.0315573
12944.1 0 0.031654
12946.6 0 0.0317506
12949.3 0 0.0318472
12951.9 0 0.0319437
12954.5 0 0.0320403
12957.1 0 0.0321368
12959.7 0 0.0322333
12962.3 0 0.0323298
12964.9 0 0.0324263
12967.5 0 0.0325228
12970.2 0 0.0326193
12973 0 0.0327157
12976 0 0.032812
12979.1 0 0.0329083
12982.4 0 0.0330046
12985.6 0 0.0331008
12988.8 0 0.0331969
12992 0 0.033293
12995.2 0 0.0333891
12998.4 0 0.0334851
13001.6 0 0.0335812
13004.8 0 0.0336772
13008 0 0.0337733
13011.2 0 0.0338693
13014.4 0 0.0339653
13017.6 0 0.0340613
13020.9 0 0.0341572
13024.2 0 0.0342531
13027.7 0 0.034349
13031.3 0 0.0344447
13035 0 0.0345405
13038.8 0 0.0346361
13042.5 0 0.0347318
13046.3 0 0.0348275
13050 0 0.0349232
13053.7 0 0.0350188
13057.5 0 0.0351144
13061.2 0 0.03521
13064.9 0 0.0353056
13068.7 0 0.0354012
13072.4 0 0.0354968
13076.1 0 0.0355923
13079.8 0 0.0356879
13083.5 0 0.0357834
13087.2 0 0.0358789
13090.9 0 0.0359744
13094.6 0 0.0360699
13098.4 0 0.0361653
13102.2 0 0.0362607
13106.1 0 0.036356
13110 0 0.0364513
13114.2 0 0.0365465
13118.4 0 0.0366417
13122.6 0 0.0367368
13126.8 0 0.036832
13130.9 0 0.0369271
13135.1 0 0.0370222
13139.3 0 0.0371172
13143.5 0 0.0372123
13147.6 0 0.0373073
13151.8 0 0.0374023
13155.9 0 0.0374974
13160.1 0 0.0375923
13164.3 0 0.0376873
13168.4 0 0.0377822
13172.5 0 0.0378772
13176.7 0 0.0379721
13180.8 0 0.038067
13185 0 0.0381618
13189.1 0 0.0382567
13193.2 0 0.0383515
13197.4 0 0.0384463
13201.5 0 0.0385411
13205.6 0 0.0386359
13209.7 0 0.0387306
13213.9 0 0.0388253
13218.1 0 0.03892
13222.4 0 0.0390146
13226.7 0 0.0391091
13231.2 0 0.0392036
13235.7 0 0.039298
13240.2 0 0.0393923
13244.8 0 0.0394867
13249.3 0 0.039581
13253.8 0 0.0396753
13258.3 0 0.0397696
13262.8 0 0.0398639
13267.3 0 0.0399581
13271.8 0 0.0400523
13276.3 0 0.0401465
13280.8 0 0.0402407
13285.3 0 0.0403348
13289.8 0 0.040429
13294.3 0 0.0405231
13298.7 0 0.0406171
13303.2 0 0.0407112
13307.7 0 0.0408052
13312.2 0 0.0408992
13316.6 0 0.0409932
13321.1 0 0.0410871
13325.5 0 0.041181
13330 0 0.0412749
13334.4 0 0.0413688
13338.9 0 0.0414627
13343.3 0 0.0415565
13347.7 0 0.0416503
13352.2 0 0.041744
13356.6 0 0.0418378
13361 0 0.0419315
13365.5 0 0.0420252
13369.9 0 0.0421189
13374.3 0 0.0422125
13378.8 0 0.042306
13383.3 0 0.0423995
13387.9 0 0.042493
13392.5 0 0.0425863
13397.2 0 0.0426796
13402 0 0.0427728
13406.7 0 0.042866
13411.5 0 0.0429592
13416.2 0 0.0430524
13420.9 0 0.0431455
13425.7 0 0.0432386
13430.4 0 0.0433317
13435.1 0 0.0434247
13439.8 0 0.0435177
13444.5 0 0.0436107
13449.3 0 0.0437037
13454 0 0.0437966
13458.7 0 0.0438895
13463.4 0 0.0439824
13468.1 0 0.0440752
13472.8 0 0.044168
13477.4 0 0.0442608
13482.1 0 0.0443535
13486.8 0 0.0444463
13491.5 0 0.044539
13496.2 0 0.0446316
13500.8 0 0.0447243
13505.5 0 0.0448169
13510.1 0 0.0449094
13514.8 0 0.045002
13519.5 0 0.0450945
13524.1 0 0.045187
13528.8 0 0.0452795
13533.4 0 0.0453719
13538 0 0.0454643
13542.7 0 0.0455567
13547.3 0 0.045649
13551.9 0 0.0457413
13556.6 0 0.0458336
13561.2 0 0.0459259
13565.8 0 0.0460181
13570.4 0 0.0461103
13575 0 0.0462025
13579.6 0 0.0462946
13584.2 0 0.0463867
13588.8 0 0.0464788
13593.4 0 0.0465708
13598 0 0.0466628
13602.7 0 0.0467547
13607.4 0 0.0468466
13612.1 0 0.0469384
13616.8 0 0.0470301
13621.6 0 0.0471217
13410.3 0 0.047079
13470.1 0 0.0471293
13494.5 0 0.0471943
