0 -58.4752 -2.26119e-06
634.56 -765.743 -2.96539e-05
1173.57 -1349.96 -5.23828e-05
1709.92 -1932.12 -7.51606e-05
2243.81 -2514.35 -9.80972e-05
2775.24 -3097.55 -0.000121253
3304.22 -3681.26 -0.000144634
3830.74 -4265.13 -0.00016825
4354.77 -4848.75 -0.000192105
4876.15 -5431.55 -0.000216198
5394.56 -6012.81 -0.00024052
5909.16 -6591.49 -0.000265046
6418.2 -7165.86 -0.000289722
6918.36 -7733.03 -0.000314435
7403.99 -8288.33 -0.000338988
7866.83 -8825.43 -0.000363095
8297.18 -9336.74 -0.000386391
8686.59 -9815.65 -0.000408536
9030.8 -10258.7 -0.000429319
9330.49 -10664.4 -0.00044861
9590.04 -11036 -0.000466511
9815.21 -11375.8 -0.00048308
10011.7 -11687.2 -0.000498439
10184.8 -11976.8 -0.000512874
10338.5 -12247.9 -0.000526533
10475.8 -12503.4 -0.000539531
10599.4 -12744.6 -0.00055192
10711.4 -12971.8 -0.000563694
10812.7 -13175.3 -0.000574331
10905.5 -13368.9 -0.000584537
10991.1 -13553.9 -0.000594358
11070.4 -13731 -0.000603835
11143.9 -13899.8 -0.000612934
11212.1 -14058.2 -0.00062153
11276 -14210.7 -0.000629864
11335.9 -14357.9 -0.000637961
11392.3 -14500.3 -0.000645841
11445.5 -14638.2 -0.000653525
11495.9 -14772.1 -0.00066103
11543.8 -14902.3 -0.000668371
11589.3 -15029.1 -0.000675562
11632.4 -15150.2 -0.000682465
11673.3 -15264.6 -0.00068903
11712.4 -15376.3 -0.000695471
11749.8 -15485.4 -0.000701797
11785.6 -15592.2 -0.000708021
11820.1 -15696.9 -0.000714151
11853.2 -15799.5 -0.000720196
11885.1 -15900.4 -0.000726165
11915.6 -15994.2 -0.00073174
11945 -16082.7 -0.000737029
11972.9 -16166 -0.000742026
11999.8 -16247.6 -0.00074694
12025.7 -16327.8 -0.000751794
12050.7 -16405.6 -0.000756519
12074.7 -16475.8 -0.000760798
12097.7 -16544.7 -0.000765016
12119.8 -16612.2 -0.000769159
12141.1 -16678.9 -0.000773272
12161.8 -16745 -0.000777363
12181.9 -16810.6 -0.000781435
12201.4 -16875.8 -0.000785491
12220.3 -16940.5 -0.000789537
12238.6 -17004.9 -0.000793574
12256.3 -17068.9 -0.000797604
12273.3 -17129.8 -0.000801451
12289.7 -17188.9 -0.000805197
12305.5 -17247.8 -0.000808943
12320.9 -17306.6 -0.000812694
12335.7 -17365.7 -0.000816472
12349.8 -17425.5 -0.000820316
12363.5 -17485.5 -0.000824179
12376.5 -17533.6 -0.000827289
12388.8 -17572 -0.000829772
12400.7 -17610.4 -0.000832267
12412.4 -17649 -0.000834778
12423.7 -17687.8 -0.000837308
12434.7 -17726.8 -0.000839858
12445.5 -17766 -0.000842427
12455.9 -17805.4 -0.000845016
12466.1 -17845.1 -0.000847624
12476 -17884.9 -0.00085025
12485.7 -17924.8 -0.000852891
12495.1 -17964.9 -0.000855546
12504.3 -18005 -0.000858212
12513.2 -18045.2 -0.000860889
12521.8 -18085.4 -0.000863574
12530.3 -18125.7 -0.000866267
12538.4 -18165.9 -0.000868967
12546.4 -18206.2 -0.000871673
12554.2 -18246.5 -0.000874387
12561.7 -18286.7 -0.000877109
12569 -18327.1 -0.000879839
12576.2 -18367.4 -0.00088258
12583.1 -18407.9 -0.000885334
12589.9 -18448.5 -0.000888101
12596.5 -18489.2 -0.000890885
12603 -18530 -0.000893686
12609.3 -18571 -0.000896507
12615.5 -18612.3 -0.000899349
12621.6 -18653.7 -0.000902213
12627.5 -18695.4 -0.000905102
12633.3 -18735.3 -0.000907869
12638.9 -18770.2 -0.000910305
12644.3 -18798.1 -0.00091225
12649.5 -18823 -0.000913985
12654.6 -18848.1 -0.000915748
12659.6 -18874 -0.000917559
12664.4 -18900 -0.000919388
12669.2 -18926.3 -0.000921235
12673.9 -18952.7 -0.000923099
12678.6 -18979.4 -0.000924978
12683.1 -19006.1 -0.000926872
12687.6 -19033.1 -0.000928778
12692 -19060.1 -0.000930696
12696.3 -19087.2 -0.000932623
12700.6 -19114.4 -0.000934558
12704.8 -19141.6 -0.000936499
12708.9 -19168.8 -0.000938443
12713 -19196 -0.000940389
12717 -19223.1 -0.000942334
12720.9 -19250.2 -0.000944278
12724.7 -19277.1 -0.000946218
12728.5 -19304 -0.000948154
12732.1 -19331.5 -0.000950142
12735.7 -19359.8 -0.000952187
12739.2 -19387.9 -0.000954225
12742.7 -19416 -0.000956268
12746 -19444 -0.000958306
12749.3 -19471.9 -0.000960338
12752.5 -19499.4 -0.000962345
12755.5 -19524.2 -0.000964164
12758.3 -19548.6 -0.000965948
12761.2 -19572.8 -0.000967729
12763.9 -19597 -0.00096951
12766.6 -19621.2 -0.00097129
12769.2 -19645.4 -0.000973072
12771.7 -19665.5 -0.00097456
12774.1 -19680.6 -0.000975678
12776.4 -19695.7 -0.000976794
12778.6 -19710.7 -0.000977911
12780.8 -19725.8 -0.00097903
12783 -19740.9 -0.000980152
12785.1 -19756.1 -0.000981279
12787.2 -19771.3 -0.000982412
12789.2 -19786.6 -0.000983552
12791.2 -19802 -0.000984701
12793.2 -19817.5 -0.00098586
12795.1 -19833.2 -0.000987029
12797 -19848.9 -0.00098821
12798.8 -19864.9 -0.000989404
12800.6 -19881 -0.000990611
12802.4 -19897.2 -0.000991832
12804.2 -19913.6 -0.000993067
12805.9 -19930.3 -0.000994318
12807.7 -19947 -0.000995584
12809.4 -19964 -0.000996866
12811 -19981.2 -0.000998164
12812.7 -19998.6 -0.000999479
12814.3 -20016.2 -0.00100081
12815.9 -20034 -0.00100216
12817.5 -20052 -0.00100353
12819.1 -20070.2 -0.00100491
12820.7 -20088.6 -0.00100631
12822.2 -20107.2 -0.00100773
12823.7 -20126 -0.00100916
12825.2 -20145 -0.00101062
12826.7 -20164.2 -0.00101209
12828.2 -20183.6 -0.00101357
12829.7 -20203.2 -0.00101508
12831.1 -20223 -0.0010166
12832.6 -20243 -0.00101814
12834 -20263.1 -0.00101969
12835.4 -20283.5 -0.00102126
12836.8 -20304 -0.00102285
12838.2 -20324.7 -0.00102445
12839.5 -20345.6 -0.00102607
12840.9 -20366.6 -0.0010277
12842.2 -20387.8 -0.00102935
12843.6 -20409.1 -0.00103101
12844.9 -20430.6 -0.00103269
12846.2 -20452.2 -0.00103438
12847.5 -20474 -0.00103608
12848.7 -20495.8 -0.00103779
12850 -20517.8 -0.00103952
12851.3 -20540 -0.00104126
12852.5 -20562.2 -0.00104301
12853.7 -20584.5 -0.00104478
12855 -20606.9 -0.00104655
12856.2 -20629.4 -0.00104833
12857.4 -20652 -0.00105012
12858.5 -20674.7 -0.00105192
12859.7 -20697.4 -0.00105373
12860.9 -20720.5 -0.00105558
12862 -20743.7 -0.00105743
12863.1 -20766.9 -0.00105928
12864.3 -20790.2 -0.00106115
12865.4 -20813.4 -0.00106302
12866.4 -20836.7 -0.00106489
12867.5 -20860.1 -0.00106677
12868.6 -20883.4 -0.00106865
12869.6 -20906.7 -0.00107054
12870.7 -20930 -0.00107243
12871.7 -20953.3 -0.00107432
12872.7 -20976.5 -0.00107621
12873.7 -20999.7 -0.0010781
12874.7 -21022.9 -0.00107999
12875.7 -21046.1 -0.00108188
12876.6 -21069.1 -0.00108377
12877.5 -21092.2 -0.00108566
12878.5 -21115.1 -0.00108755
12879.4 -21138 -0.00108944
12880.3 -21160.8 -0.00109132
12881.2 -21183.5 -0.0010932
12882 -21206.2 -0.00109507
12882.9 -21228.7 -0.00109694
12883.7 -21251.2 -0.00109881
12884.6 -21273.6 -0.00110068
12885.4 -21295.9 -0.00110253
12886.2 -21318.1 -0.00110439
12886.9 -21340.2 -0.00110624
12887.7 -21362.2 -0.00110808
12888.5 -21384.1 -0.00110992
12889.2 -21405.9 -0.00111176
12889.9 -21427.6 -0.00111359
12890.6 -21449.2 -0.00111541
12891.3 -21470.7 -0.00111724
12892 -21492.1 -0.00111905
12892.7 -21513.5 -0.00112086
12893.3 -21534.7 -0.00112267
12894 -21555.9 -0.00112448
12894.6 -21577 -0.00112628
12895.2 -21598 -0.00112807
12895.8 -21619 -0.00112987
12896.4 -21639.8 -0.00113166
12897 -21660.6 -0.00113345
12897.6 -21681.4 -0.00113524
12898.1 -21702.1 -0.00113702
12898.7 -21722.7 -0.0011388
12899.2 -21743.3 -0.00114059
12899.8 -21763.8 -0.00114237
12900.3 -21783.8 -0.0011441
12900.7 -21796.7 -0.00114522
12901.2 -21809.6 -0.00114634
12901.6 -21822.3 -0.00114746
12902 -21835.1 -0.00114857
12902.5 -21847.8 -0.00114968
12902.9 -21860.4 -0.00115078
12903.3 -21873 -0.00115189
12903.7 -21885.6 -0.00115299
12904.1 -21898.1 -0.00115409
12904.5 -21910.7 -0.00115519
12904.8 -21923.2 -0.00115629
12905.2 -21935.7 -0.00115739
12905.5 -21948.1 -0.00115849
12905.9 -21960.6 -0.00115959
12906.2 -21973.1 -0.00116069
12906.6 -21985.5 -0.00116179
12906.9 -21998 -0.0011629
12907.2 -22010.5 -0.001164
12907.5 -22023 -0.00116511
12907.9 -22035.5 -0.00116622
12908.2 -22048.1 -0.00116734
12908.5 -22060.6 -0.00116845
12908.8 -22073.2 -0.00116958
12909 -22085.8 -0.0011707
12909.3 -22098.4 -0.00117183
12909.6 -22111.1 -0.00117296
12909.9 -22123.8 -0.0011741
12910.2 -22136.5 -0.00117524
12910.4 -22149.3 -0.00117638
12910.7 -22162.1 -0.00117753
12910.9 -22174.9 -0.00117869
12911.2 -22187.8 -0.00117985
12911.4 -22200.8 -0.00118101
12911.7 -22213.7 -0.00118218
12911.9 -22226.8 -0.00118336
12912.2 -22239.8 -0.00118454
12912.4 -22252.9 -0.00118573
12912.6 -22266.1 -0.00118692
12912.9 -22279.3 -0.00118812
12913.1 -22292.6 -0.00118932
12913.3 -22305.9 -0.00119054
12913.5 -22319.3 -0.00119175
12913.7 -22332.7 -0.00119298
12913.9 -22346.1 -0.00119421
12914.1 -22359.7 -0.00119544
12914.3 -22373.2 -0.00119668
12914.5 -22386.9 -0.00119793
12914.7 -22400.5 -0.00119919
12914.9 -22414.3 -0.00120045
12915.1 -22428.1 -0.00120172
12915.3 -22441.9 -0.00120299
12915.5 -22455.8 -0.00120427
12915.7 -22469.8 -0.00120556
12915.9 -22483.8 -0.00120686
12916 -22497.8 -0.00120816
12916.2 -22512 -0.00120947
12916.4 -22526.1 -0.00121078
12916.6 -22540.4 -0.0012121
12916.7 -22554.6 -0.00121343
12916.9 -22569 -0.00121477
12917 -22583.4 -0.00121611
12917.2 -22597.8 -0.00121746
12917.4 -22612.3 -0.00121881
12917.5 -22626.8 -0.00122018
12917.7 -22641.4 -0.00122155
12917.8 -22656.1 -0.00122292
12918 -22670.8 -0.00122431
12918.1 -22685.6 -0.0012257
12918.2 -22700.4 -0.00122709
12918.4 -22715.2 -0.0012285
12918.5 -22730.2 -0.00122991
12918.7 -22745.1 -0.00123133
12918.8 -22760.2 -0.00123275
12918.9 -22775.2 -0.00123418
12919.1 -22790.4 -0.00123563
12919.3 -22805.8 -0.00123709
12919.6 -22821.6 -0.0012386
12920.2 -22838.2 -0.00124019
12921.1 -22855.6 -0.00124186
12922.2 -22873.9 -0.0012436
12923.4 -22892.5 -0.00124539
12924.8 -22911.5 -0.00124722
12926.3 -22931 -0.0012491
12927.9 -22950.9 -0.00125102
12929.8 -22971.6 -0.00125303
12931.8 -22992.6 -0.00125506
12933.7 -23013.6 -0.0012571
12935.7 -23034.6 -0.00125915
12937.6 -23055.7 -0.00126121
12939.6 -23077.1 -0.0012633
12941.8 -23098.9 -0.00126544
12944.1 -23121.2 -0.00126763
12946.6 -23144.2 -0.00126989
12949.3 -23167.5 -0.00127219
12951.9 -23190.9 -0.0012745
12954.5 -23214.2 -0.00127682
12957.1 -23237.7 -0.00127914
12959.7 -23261.1 -0.00128148
12962.3 -23284.6 -0.00128382
12964.9 -23308.1 -0.00128618
12967.5 -23331.7 -0.00128855
12970.2 -23355.7 -0.00129095
12973 -23380 -0.0012934
12976 -23404.7 -0.0012959
12979.1 -23430.2 -0.00129848
12982.4 -23455.8 -0.00130109
12985.6 -23481.7 -0.00130372
12988.8 -23508.7 -0.00130648
12992 -23535.7 -0.00130925
12995.2 -23562.8 -0.00131203
12998.4 -23590 -0.00131483
13001.6 -23617.2 -0.00131764
13004.8 -23644.4 -0.00132046
13008 -23671.6 -0.00132329
13011.2 -23698.9 -0.00132613
13014.4 -23726.2 -0.00132899
13017.6 -23753.6 -0.00133186
13020.9 -23781.3 -0.00133477
13024.2 -23809.5 -0.00133774
13027.7 -23838 -0.00134075
13031.3 -23867.1 -0.00134384
13035 -23896.7 -0.00134699
13038.8 -23926.3 -0.00135015
13042.5 -23955.9 -0.00135333
13046.3 -23985.6 -0.00135652
13050 -24015.3 -0.00135972
13053.7 -24045.1 -0.00136294
13057.5 -24074.8 -0.00136617
13061.2 -24104.6 -0.00136942
13064.9 -24134.5 -0.00137268
13068.7 -24164.3 -0.00137596
13072.4 -24194.2 -0.00137925
13076.1 -24224.2 -0.00138255
13079.8 -24254.1 -0.00138587
13083.5 -24284.1 -0.0013892
13087.2 -24314.1 -0.00139255
13090.9 -24344.1 -0.00139592
13094.6 -24374.2 -0.00139929
13098.4 -24404.5 -0.00140271
13102.2 -24435.1 -0.00140618
13106.1 -24466.1 -0.00140969
13110 -24497.4 -0.00141326
13114.2 -24529.5 -0.00141693
13118.4 -24561.6 -0.00142062
13122.6 -24593.7 -0.00142433
13126.8 -24625.9 -0.00142806
13130.9 -24658.1 -0.0014318
13135.1 -24690.3 -0.00143556
13139.3 -24722.6 -0.00143934
13143.5 -24754.8 -0.00144313
13147.6 -24787.1 -0.00144694
13151.8 -24819.4 -0.00145078
13155.9 -24851.8 -0.00145462
13160.1 -24884.1 -0.00145849
13164.3 -24916.5 -0.00146238
13168.4 -24948.9 -0.00146628
13172.5 -24981.3 -0.00147021
13176.7 -25013.7 -0.00147415
13180.8 -25046.2 -0.00147811
13185 -25078.6 -0.00148209
13189.1 -25111.1 -0.00148609
13193.2 -25143.6 -0.0014901
13197.4 -25176.1 -0.00149414
13201.5 -25208.7 -0.0014982
13205.6 -25241.2 -0.00150227
13209.7 -25273.8 -0.00150637
13213.9 -25306.6 -0.00151052
13218.1 -25339.7 -0.00151472
13222.4 -25373.1 -0.00151897
13226.7 -25406.7 -0.00152328
13231.2 -25441 -0.0015277
13235.7 -25475.4 -0.00153214
13240.2 -25509.8 -0.00153661
13244.8 -25544.2 -0.0015411
13249.3 -25578.6 -0.00154561
13253.8 -25613 -0.00155014
13258.3 -25647.4 -0.0015547
13262.8 -25681.8 -0.00155928
13267.3 -25716.2 -0.00156388
13271.8 -25750.6 -0.00156851
13276.3 -25785 -0.00157316
13280.8 -25819.4 -0.00157783
13285.3 -25853.8 -0.00158253
13289.8 -25888.2 -0.00158725
13294.3 -25922.6 -0.00159199
13298.7 -25957 -0.00159676
13303.2 -25991.4 -0.00160155
13307.7 -26025.7 -0.00160637
13312.2 -26060.1 -0.00161121
13316.6 -26094.5 -0.00161608
13321.1 -26128.8 -0.00162097
13325.5 -26163.1 -0.00162588
13330 -26197.5 -0.00163082
13334.4 -26231.8 -0.00163578
13338.9 -26266.1 -0.00164077
13343.3 -26300.3 -0.00164579
13347.7 -26334.6 -0.00165083
13352.2 -26368.8 -0.00165589
13356.6 -26403 -0.00166098
13361 -26437.2 -0.0016661
13365.5 -26471.4 -0.00167124
13369.9 -26505.5 -0.0016764
13374.3 -26539.8 -0.00168162
13378.8 -26574.3 -0.0016869
13383.3 -26608.9 -0.00169224
13387.9 -26643.8 -0.00169764
13392.5 -26678.8 -0.0017031
13397.2 -26714.5 -0.0017087
13402 -26749.9 -0.00171428
13406.7 -26785.2 -0.0017199
13411.5 -26820.5 -0.00172555
13416.2 -26855.8 -0.00173122
13420.9 -26891 -0.00173692
13425.7 -26926.1 -0.00174265
13430.4 -26961.2 -0.00174841
13435.1 -26996.3 -0.0017542
13439.8 -27031.3 -0.00176001
13444.5 -27066.2 -0.00176585
13449.3 -27101.1 -0.00177173
13454 -27135.9 -0.00177763
13458.7 -27170.6 -0.00178356
13463.4 -27205.2 -0.00178951
13468.1 -27239.8 -0.0017955
13472.8 -27274.3 -0.00180151
13477.4 -27308.8 -0.00180756
13482.1 -27343.2 -0.00181363
13486.8 -27377.4 -0.00181973
13491.5 -27411.6 -0.00182586
13496.2 -27445.8 -0.00183202
13500.8 -27479.8 -0.00183821
13505.5 -27513.8 -0.00184443
13510.1 -27547.6 -0.00185067
13514.8 -27581.4 -0.00185695
13519.5 -27615.1 -0.00186325
13524.1 -27648.7 -0.00186958
13528.8 -27682.2 -0.00187594
13533.4 -27715.6 -0.00188233
13538 -27748.9 -0.00188875
13542.7 -27782 -0.0018952
13547.3 -27815.1 -0.00190168
13551.9 -27848.1 -0.00190818
13556.6 -27881 -0.00191472
13561.2 -27913.8 -0.00192128
13565.8 -27946.4 -0.00192788
13570.4 -27979 -0.0019345
13575 -28011.4 -0.00194115
13579.6 -28043.7 -0.00194783
13584.2 -28075.9 -0.00195454
13588.8 -28108 -0.00196128
13593.4 -28140 -0.00196806
13598 -28172.1 -0.00197491
13602.7 -28204.2 -0.00198182
13607.4 -28236.3 -0.00198879
13612.1 -28268.4 -0.00199583
13616.8 -28300.6 -0.00200293
13621.6 -28333.1 -0.00201017
13410.3 -28912.8 -0.00215153
13470.1 -29089.2 -0.00220005
13494.5 -29205.5 -0.00223379
