0 -58.4752 -2.26119e-06
634.56 0 6.13809e-05
1173.57 0 0.000129549
1709.92 0 0.000197689
2243.81 0 0.000265661
2775.24 0 0.000333426
3304.22 0 0.000400979
3830.74 0 0.000468301
4354.77 0 0.000535383
4876.15 0 0.000602225
5394.56 0 0.000668837
5909.16 0 0.000735242
6418.2 0 0.000801498
6918.36 0 0.000867716
7403.99 0 0.0009341
7866.83 0 0.00100092
8297.18 0 0.00106856
8686.59 0 0.00113736
9030.8 0 0.00120752
9330.49 0 0.00127913
9590.04 0 0.0013521
9815.21 0 0.00142625
10011.7 0 0.00150142
10184.8 0 0.00157746
10338.5 0 0.00165429
10475.8 0 0.00173235
10599.4 0 0.00181125
10711.4 0 0.00189096
10812.7 0 0.00197145
10905.5 0 0.0020524
10991.1 0 0.00213375
11070.4 0 0.00221547
11143.9 0 0.00229758
11212.1 0 0.00238023
11276 0 0.00246316
11335.9 0 0.00254634
11392.3 0 0.00262975
11445.5 0 0.00271337
11495.9 0 0.00279717
11543.8 0 0.00288116
11589.3 0 0.0029653
11632.4 0 0.00304968
11673.3 0 0.00313434
11712.4 0 0.00321912
11749.8 0 0.00330403
11785.6 0 0.00338904
11820.1 0 0.00347414
11853.2 0 0.00355934
11885.1 0 0.00364461
11915.6 0 0.00372984
11945 0 0.00381505
11972.9 0 0.00390079
11999.8 0 0.00398662
12025.7 0 0.00407251
12050.7 0 0.00415844
12074.7 0 0.00424435
12097.7 0 0.0043305
12119.8 0 0.00441715
12141.1 0 0.00450383
12161.8 0 0.00459052
12181.9 0 0.00467723
12201.4 0 0.00476395
12220.3 0 0.00485068
12238.6 0 0.00493742
12256.3 0 0.00502415
12273.3 0 0.00511113
12289.7 0 0.00519824
12305.5 0 0.00528536
12320.9 0 0.00537246
12335.7 0 0.00545982
12349.8 0 0.00554792
12363.5 0 0.00563602
12376.5 0 0.00572388
12388.8 0 0.00581175
12400.7 0 0.0058996
12412.4 0 0.00598742
12423.7 0 0.00607522
12434.7 0 0.00616299
12445.5 0 0.00625073
12455.9 0 0.00633845
12466.1 0 0.00642614
12476 0 0.00651381
12485.7 0 0.00660145
12495.1 0 0.00668907
12504.3 0 0.00677667
12513.2 0 0.00686425
12521.8 0 0.00695181
12530.3 0 0.00703935
12538.4 0 0.00712688
12546.4 0 0.00721439
12554.2 0 0.00730189
12561.7 0 0.00738936
12569 0 0.00747683
12576.2 0 0.00756427
12583.1 0 0.0076517
12589.9 0 0.00773911
12596.5 0 0.0078265
12603 0 0.00791387
12609.3 0 0.00800122
12615.5 0 0.00808854
12621.6 0 0.00817584
12627.5 0 0.00826311
12633.3 0 0.00835036
12638.9 0 0.00843755
12644.3 0 0.00852461
12649.5 0 0.00861159
12654.6 0 0.0086987
12659.6 0 0.00878631
12664.4 0 0.00887389
12669.2 0 0.00896144
12673.9 0 0.00904896
12678.6 0 0.00913645
12683.1 0 0.00922392
12687.6 0 0.00931136
12692 0 0.00939877
12696.3 0 0.00948615
12700.6 0 0.0095735
12704.8 0 0.00966083
12708.9 0 0.00974813
12713 0 0.00983541
12717 0 0.00992266
12720.9 0 0.0100099
12724.7 0 0.0100971
12728.5 0 0.0101843
12732.1 0 0.0102717
12735.7 0 0.0103595
12739.2 0 0.0104473
12742.7 0 0.010535
12746 0 0.0106227
12749.3 0 0.0107105
12752.5 0 0.0107984
12755.5 0 0.0108876
12758.3 0 0.010977
12761.2 0 0.0110663
12763.9 0 0.0111557
12766.6 0 0.0112451
12769.2 0 0.0113345
12771.7 0 0.0114242
12774.1 0 0.011514
12776.4 0 0.0116039
12778.6 0 0.0116939
12780.8 0 0.0117838
12783 0 0.0118738
12785.1 0 0.0119638
12787.2 0 0.0120538
12789.2 0 0.0121438
12791.2 0 0.0122338
12793.2 0 0.0123239
12795.1 0 0.0124139
12797 0 0.0125039
12798.8 0 0.012594
12800.6 0 0.012684
12802.4 0 0.0127741
12804.2 0 0.0128641
12805.9 0 0.0129542
12807.7 0 0.0130442
12809.4 0 0.0131342
12811 0 0.0132242
12812.7 0 0.0133142
12814.3 0 0.0134042
12815.9 0 0.0134942
12817.5 0 0.0135841
12819.1 0 0.0136741
12820.7 0 0.013764
12822.2 0 0.0138539
12823.7 0 0.0139438
12825.2 0 0.0140337
12826.7 0 0.0141236
12828.2 0 0.0142134
12829.7 0 0.0143032
12831.1 0 0.0143931
12832.6 0 0.0144829
12834 0 0.0145726
12835.4 0 0.0146624
12836.8 0 0.0147521
12838.2 0 0.0148418
12839.5 0 0.0149315
12840.9 0 0.0150212
12842.2 0 0.0151109
12843.6 0 0.0152005
12844.9 0 0.0152902
12846.2 0 0.0153798
12847.5 0 0.0154694
12848.7 0 0.0155589
12850 0 0.0156485
12851.3 0 0.015738
12852.5 0 0.0158276
12853.7 0 0.0159171
12855 0 0.0160066
12856.2 0 0.0160961
12857.4 0 0.0161855
12858.5 0 0.016275
12859.7 0 0.0163644
12860.9 0 0.0164539
12862 0 0.0165433
12863.1 0 0.0166327
12864.3 0 0.0167221
12865.4 0 0.0168116
12866.4 0 0.0169009
12867.5 0 0.0169903
12868.6 0 0.0170797
12869.6 0 0.0171691
12870.7 0 0.0172585
12871.7 0 0.0173478
12872.7 0 0.0174372
12873.7 0 0.0175266
12874.7 0 0.0176159
12875.7 0 0.0177053
12876.6 0 0.0177947
12877.5 0 0.017884
12878.5 0 0.0179734
12879.4 0 0.0180628
12880.3 0 0.0181521
12881.2 0 0.0182415
12882 0 0.0183309
12882.9 0 0.0184203
12883.7 0 0.0185097
12884.6 0 0.0185991
12885.4 0 0.0186885
12886.2 0 0.0187779
12886.9 0 0.0188674
12887.7 0 0.0189568
12888.5 0 0.0190463
12889.2 0 0.0191358
12889.9 0 0.0192252
12890.6 0 0.0193147
12891.3 0 0.0194042
12892 0 0.0194938
12892.7 0 0.0195833
12893.3 0 0.0196729
12894 0 0.0197624
12894.6 0 0.019852
12895.2 0 0.0199416
12895.8 0 0.0200312
12896.4 0 0.0201208
12897 0 0.0202104
12897.6 0 0.0203001
12898.1 0 0.0203897
12898.7 0 0.0204794
12899.2 0 0.020569
12899.8 0 0.0206587
12900.3 0 0.0207484
12900.7 0 0.0208384
12901.2 0 0.0209283
12901.6 0 0.0210182
12902 0 0.0211082
12902.5 0 0.0211981
12902.9 0 0.0212881
12903.3 0 0.021378
12903.7 0 0.021468
12904.1 0 0.021558
12904.5 0 0.021648
12904.8 0 0.021738
12905.2 0 0.021828
12905.5 0 0.021918
12905.9 0 0.022008
12906.2 0 0.022098
12906.6 0 0.022188
12906.9 0 0.022278
12907.2 0 0.022368
12907.5 0 0.022458
12907.9 0 0.022548
12908.2 0 0.022638
12908.5 0 0.022728
12908.8 0 0.022818
12909 0 0.022908
12909.3 0 0.022998
12909.6 0 0.023088
12909.9 0 0.023178
12910.2 0 0.023268
12910.4 0 0.023358
12910.7 0 0.023448
12910.9 0 0.023538
12911.2 0 0.023628
12911.4 0 0.0237179
12911.7 0 0.0238079
12911.9 0 0.0238979
12912.2 0 0.0239878
12912.4 0 0.0240778
12912.6 0 0.0241677
12912.9 0 0.0242577
12913.1 0 0.0243476
12913.3 0 0.0244375
12913.5 0 0.0245274
12913.7 0 0.0246174
12913.9 0 0.0247073
12914.1 0 0.0247972
12914.3 0 0.0248871
12914.5 0 0.0249769
12914.7 0 0.0250668
12914.9 0 0.0251567
12915.1 0 0.0252465
12915.3 0 0.0253364
12915.5 0 0.0254263
12915.7 0 0.0255161
12915.9 0 0.0256059
12916 0 0.0256957
12916.2 0 0.0257856
12916.4 0 0.0258754
12916.6 0 0.0259652
12916.7 0 0.026055
12916.9 0 0.0261447
12917 0 0.0262345
12917.2 0 0.0263243
12917.4 0 0.026414
12917.5 0 0.0265038
12917.7 0 0.0265935
12917.8 0 0.0266833
12918 0 0.026773
12918.1 0 0.0268627
12918.2 0 0.0269524
12918.4 0 0.0270421
12918.5 0 0.0271318
12918.7 0 0.0272215
12918.8 0 0.0273111
12918.9 0 0.0274008
12919.1 0 0.0274905
12919.3 0 0.0275801
12919.6 0 0.0276696
12920.2 0 0.0277591
12921.1 0 0.0278485
12922.2 0 0.0279377
12923.4 0 0.0280269
12924.8 0 0.0281161
12926.3 0 0.0282052
12927.9 0 0.0282942
12929.8 0 0.0283831
12931.8 0 0.028472
12933.7 0 0.0285609
12935.7 0 0.0286497
12937.6 0 0.0287386
12939.6 0 0.0288274
12941.8 0 0.0289162
12944.1 0 0.0290048
12946.6 0 0.0290934
12949.3 0 0.029182
12951.9 0 0.0292705
12954.5 0 0.029359
12957.1 0 0.0294475
12959.7 0 0.029536
12962.3 0 0.0296244
12964.9 0 0.0297129
12967.5 0 0.0298013
12970.2 0 0.0298897
12973 0 0.029978
12976 0 0.0300663
12979.1 0 0.0301545
12982.4 0 0.0302426
12985.6 0 0.0303307
12988.8 0 0.0304188
12992 0 0.030507
12995.2 0 0.0305951
12998.4 0 0.0306832
13001.6 0 0.0307712
13004.8 0 0.0308593
13008 0 0.0309474
13011.2 0 0.0310354
13014.4 0 0.0311234
13017.6 0 0.0312114
13020.9 0 0.0312994
13024.2 0 0.0313873
13027.7 0 0.0314751
13031.3 0 0.0315629
13035 0 0.0316506
13038.8 0 0.0317382
13042.5 0 0.0318259
13046.3 0 0.0319135
13050 0 0.0320011
13053.7 0 0.0320887
13057.5 0 0.0321763
13061.2 0 0.0322638
13064.9 0 0.0323514
13068.7 0 0.0324389
13072.4 0 0.0325264
13076.1 0 0.0326139
13079.8 0 0.0327014
13083.5 0 0.0327888
13087.2 0 0.0328763
13090.9 0 0.0329637
13094.6 0 0.0330511
13098.4 0 0.0331384
13102.2 0 0.0332257
13106.1 0 0.033313
13110 0 0.0334002
13114.2 0 0.0334872
13118.4 0 0.0335743
13122.6 0 0.0336613
13126.8 0 0.0337483
13130.9 0 0.0338352
13135.1 0 0.0339222
13139.3 0 0.0340091
13143.5 0 0.034096
13147.6 0 0.0341828
13151.8 0 0.0342697
13155.9 0 0.0343565
13160.1 0 0.0344433
13164.3 0 0.0345301
13168.4 0 0.0346168
13172.5 0 0.0347036
13176.7 0 0.0347903
13180.8 0 0.034877
13185 0 0.0349636
13189.1 0 0.0350503
13193.2 0 0.0351369
13197.4 0 0.0352235
13201.5 0 0.03531
13205.6 0 0.0353966
13209.7 0 0.0354831
13213.9 0 0.0355695
13218.1 0 0.035656
13222.4 0 0.0357423
13226.7 0 0.0358286
13231.2 0 0.0359148
13235.7 0 0.0360009
13240.2 0 0.0360869
13244.8 0 0.036173
13249.3 0 0.036259
13253.8 0 0.036345
13258.3 0 0.0364309
13262.8 0 0.0365168
13267.3 0 0.0366027
13271.8 0 0.0366886
13276.3 0 0.0367744
13280.8 0 0.0368602
13285.3 0 0.036946
13289.8 0 0.0370317
13294.3 0 0.0371174
13298.7 0 0.0372031
13303.2 0 0.0372888
13307.7 0 0.0373744
13312.2 0 0.03746
13316.6 0 0.0375455
13321.1 0 0.0376311
13325.5 0 0.0377166
13330 0 0.037802
13334.4 0 0.0378875
13338.9 0 0.0379729
13343.3 0 0.0380582
13347.7 0 0.0381436
13352.2 0 0.0382289
13356.6 0 0.0383142
13361 0 0.0383994
13365.5 0 0.0384846
13369.9 0 0.0385698
13374.3 0 0.038655
13378.8 0 0.0387401
13383.3 0 0.0388251
13387.9 0 0.03891
13392.5 0 0.0389949
13397.2 0 0.0390797
13402 0 0.0391644
13406.7 0 0.0392491
13411.5 0 0.0393337
13416.2 0 0.0394183
13420.9 0 0.0395028
13425.7 0 0.0395873
13430.4 0 0.0396718
13435.1 0 0.0397562
13439.8 0 0.0398406
13444.5 0 0.039925
13449.3 0 0.0400094
13454 0 0.0400937
13458.7 0 0.0401779
13463.4 0 0.0402622
13468.1 0 0.0403464
13472.8 0 0.0404305
13477.4 0 0.0405147
13482.1 0 0.0405988
13486.8 0 0.0406828
13491.5 0 0.0407669
13496.2 0 0.0408509
13500.8 0 0.0409348
13505.5 0 0.0410188
13510.1 0 0.0411027
13514.8 0 0.0411865
13519.5 0 0.0412704
13524.1 0 0.0413542
13528.8 0 0.0414379
13533.4 0 0.0415217
13538 0 0.0416054
13542.7 0 0.041689
13547.3 0 0.0417727
13551.9 0 0.0418563
13556.6 0 0.0419398
13561.2 0 0.0420234
13565.8 0 0.0421069
13570.4 0 0.0421904
13575 0 0.0422738
13579.6 0 0.0423572
13584.2 0 0.0424406
13588.8 0 0.0425239
13593.4 0 0.0426072
13598 0 0.0426905
13602.7 0 0.0427738
13607.4 0 0.042857
13612.1 0 0.0429401
13616.8 0 0.0430231
13621.6 0 0.0431062
13410.3 0 0.0430529
13470.1 0 0.0430936
13494.5 0 0.0431491
