0 -58.4752 -2.26119e-06
634.56 0 9.19189e-05
1173.57 0 0.000190751
1709.92 0 0.000289536
2243.81 0 0.000388162
2775.24 0 0.000486569
3304.22 0 0.000584752
3830.74 0 0.000682701
4354.77 0 0.00078041
4876.15 0 0.000877882
5394.56 0 0.000975124
5909.16 0 0.00107216
6418.2 0 0.00116905
6918.36 0 0.0012659
7403.99 0 0.00136291
7866.83 0 0.00146037
8297.18 0 0.00155864
8686.59 0 0.00165806
9030.8 0 0.00175884
9330.49 0 0.00186111
9590.04 0 0.00196477
9815.21 0 0.00206974
10011.7 0 0.00217592
10184.8 0 0.00228301
10338.5 0 0.00239087
10475.8 0 0.00249945
10599.4 0 0.00260866
10711.4 0 0.00271849
10812.7 0 0.00282944
10905.5 0 0.00294081
10991.1 0 0.00305258
11070.4 0 0.00316469
11143.9 0 0.00327717
11212.1 0 0.00339017
11276 0 0.00350343
11335.9 0 0.00361692
11392.3 0 0.00373064
11445.5 0 0.00384455
11495.9 0 0.00395864
11543.8 0 0.0040729
11589.3 0 0.0041873
11632.4 0 0.004302
11673.3 0 0.00441702
11712.4 0 0.00453217
11749.8 0 0.00464743
11785.6 0 0.0047628
11820.1 0 0.00487826
11853.2 0 0.0049938
11885.1 0 0.00510942
11915.6 0 0.0052254
11945 0 0.00534164
11972.9 0 0.00545819
11999.8 0 0.00557482
12025.7 0 0.00569152
12050.7 0 0.00580833
12074.7 0 0.00592556
12097.7 0 0.00604285
12119.8 0 0.00616026
12141.1 0 0.0062777
12161.8 0 0.00639516
12181.9 0 0.00651264
12201.4 0 0.00663014
12220.3 0 0.00674764
12238.6 0 0.00686516
12256.3 0 0.00698267
12273.3 0 0.00710038
12289.7 0 0.00721819
12305.5 0 0.00733601
12320.9 0 0.00745381
12335.7 0 0.00757162
12349.8 0 0.00768942
12363.5 0 0.00780721
12376.5 0 0.00792567
12388.8 0 0.0080447
12400.7 0 0.00816372
12412.4 0 0.00828272
12423.7 0 0.0084017
12434.7 0 0.00852067
12445.5 0 0.00863961
12455.9 0 0.00875853
12466.1 0 0.00887743
12476 0 0.00899632
12485.7 0 0.00911519
12495.1 0 0.00923404
12504.3 0 0.00935288
12513.2 0 0.00947171
12521.8 0 0.00959053
12530.3 0 0.00970934
12538.4 0 0.00982815
12546.4 0 0.00994694
12554.2 0 0.0100657
12561.7 0 0.0101845
12569 0 0.0103033
12576.2 0 0.010422
12583.1 0 0.0105408
12589.9 0 0.0106595
12596.5 0 0.0107782
12603 0 0.0108969
12609.3 0 0.0110156
12615.5 0 0.0111343
12621.6 0 0.0112529
12627.5 0 0.0113715
12633.3 0 0.0114902
12638.9 0 0.0116093
12644.3 0 0.0117287
12649.5 0 0.0118484
12654.6 0 0.011968
12659.6 0 0.0120876
12664.4 0 0.0122072
12669.2 0 0.0123268
12673.9 0 0.0124464
12678.6 0 0.0125659
12683.1 0 0.0126855
12687.6 0 0.012805
12692 0 0.0129245
12696.3 0 0.013044
12700.6 0 0.0131635
12704.8 0 0.013283
12708.9 0 0.0134024
12713 0 0.0135219
12717 0 0.0136414
12720.9 0 0.0137609
12724.7 0 0.0138803
12728.5 0 0.0139998
12732.1 0 0.0141192
12735.7 0 0.0142387
12739.2 0 0.0143581
12742.7 0 0.0144775
12746 0 0.014597
12749.3 0 0.0147164
12752.5 0 0.0148359
12755.5 0 0.0149556
12758.3 0 0.0150754
12761.2 0 0.0151952
12763.9 0 0.015315
12766.6 0 0.0154348
12769.2 0 0.0155546
12771.7 0 0.0156747
12774.1 0 0.0157952
12776.4 0 0.0159156
12778.6 0 0.0160361
12780.8 0 0.0161565
12783 0 0.016277
12785.1 0 0.0163974
12787.2 0 0.0165179
12789.2 0 0.0166383
12791.2 0 0.0167588
12793.2 0 0.0168792
12795.1 0 0.0169996
12797 0 0.01712
12798.8 0 0.0172404
12800.6 0 0.0173608
12802.4 0 0.0174812
12804.2 0 0.0176015
12805.9 0 0.0177219
12807.7 0 0.0178422
12809.4 0 0.0179625
12811 0 0.0180828
12812.7 0 0.0182031
12814.3 0 0.0183234
12815.9 0 0.0184436
12817.5 0 0.0185638
12819.1 0 0.0186841
12820.7 0 0.0188043
12822.2 0 0.0189244
12823.7 0 0.0190446
12825.2 0 0.0191647
12826.7 0 0.0192849
12828.2 0 0.019405
12829.7 0 0.0195251
12831.1 0 0.0196452
12832.6 0 0.0197652
12834 0 0.0198853
12835.4 0 0.0200053
12836.8 0 0.0201253
12838.2 0 0.0202453
12839.5 0 0.0203653
12840.9 0 0.0204852
12842.2 0 0.0206052
12843.6 0 0.0207251
12844.9 0 0.020845
12846.2 0 0.0209649
12847.5 0 0.0210848
12848.7 0 0.0212047
12850 0 0.0213246
12851.3 0 0.0214444
12852.5 0 0.0215643
12853.7 0 0.0216841
12855 0 0.0218039
12856.2 0 0.0219237
12857.4 0 0.0220435
12858.5 0 0.0221633
12859.7 0 0.0222831
12860.9 0 0.0224029
12862 0 0.0225226
12863.1 0 0.0226423
12864.3 0 0.0227621
12865.4 0 0.0228818
12866.4 0 0.0230015
12867.5 0 0.0231212
12868.6 0 0.0232409
12869.6 0 0.0233606
12870.7 0 0.0234803
12871.7 0 0.0236
12872.7 0 0.0237197
12873.7 0 0.0238394
12874.7 0 0.0239591
12875.7 0 0.0240788
12876.6 0 0.0241985
12877.5 0 0.0243183
12878.5 0 0.024438
12879.4 0 0.0245577
12880.3 0 0.0246774
12881.2 0 0.0247971
12882 0 0.0249168
12882.9 0 0.0250365
12883.7 0 0.0251562
12884.6 0 0.025276
12885.4 0 0.0253957
12886.2 0 0.0255154
12886.9 0 0.0256352
12887.7 0 0.0257549
12888.5 0 0.0258747
12889.2 0 0.0259945
12889.9 0 0.0261142
12890.6 0 0.026234
12891.3 0 0.0263538
12892 0 0.0264736
12892.7 0 0.0265933
12893.3 0 0.0267131
12894 0 0.0268329
12894.6 0 0.0269527
12895.2 0 0.0270725
12895.8 0 0.0271923
12896.4 0 0.0273122
12897 0 0.027432
12897.6 0 0.0275518
12898.1 0 0.0276716
12898.7 0 0.0277914
12899.2 0 0.0279113
12899.8 0 0.0280311
12900.3 0 0.028151
12900.7 0 0.0282714
12901.2 0 0.0283919
12901.6 0 0.0285123
12902 0 0.0286328
12902.5 0 0.0287533
12902.9 0 0.0288737
12903.3 0 0.0289942
12903.7 0 0.0291147
12904.1 0 0.0292352
12904.5 0 0.0293556
12904.8 0 0.0294761
12905.2 0 0.0295966
12905.5 0 0.0297171
12905.9 0 0.0298375
12906.2 0 0.029958
12906.6 0 0.0300785
12906.9 0 0.030199
12907.2 0 0.0303194
12907.5 0 0.0304399
12907.9 0 0.0305604
12908.2 0 0.0306809
12908.5 0 0.0308013
12908.8 0 0.0309218
12909 0 0.0310422
12909.3 0 0.0311627
12909.6 0 0.0312831
12909.9 0 0.0314036
12910.2 0 0.031524
12910.4 0 0.0316445
12910.7 0 0.0317649
12910.9 0 0.0318853
12911.2 0 0.0320057
12911.4 0 0.0321261
12911.7 0 0.0322466
12911.9 0 0.032367
12912.2 0 0.0324874
12912.4 0 0.0326078
12912.6 0 0.0327281
12912.9 0 0.0328485
12913.1 0 0.0329689
12913.3 0 0.0330893
12913.5 0 0.0332096
12913.7 0 0.03333
12913.9 0 0.0334504
12914.1 0 0.0335707
12914.3 0 0.033691
12914.5 0 0.0338114
12914.7 0 0.0339317
12914.9 0 0.034052
12915.1 0 0.0341723
12915.3 0 0.0342926
12915.5 0 0.0344129
12915.7 0 0.0345332
12915.9 0 0.0346535
12916 0 0.0347738
12916.2 0 0.0348941
12916.4 0 0.0350143
12916.6 0 0.0351346
12916.7 0 0.0352548
12916.9 0 0.0353751
12917 0 0.0354953
12917.2 0 0.0356155
12917.4 0 0.0357358
12917.5 0 0.035856
12917.7 0 0.0359762
12917.8 0 0.0360964
12918 0 0.0362166
12918.1 0 0.0363368
12918.2 0 0.036457
12918.4 0 0.0365771
12918.5 0 0.0366973
12918.7 0 0.0368175
12918.8 0 0.0369376
12918.9 0 0.0370578
12919.1 0 0.0371779
12919.3 0 0.037298
12919.6 0 0.0374181
12920.2 0 0.0375381
12921.1 0 0.037658
12922.2 0 0.0377778
12923.4 0 0.0378976
12924.8 0 0.0380173
12926.3 0 0.038137
12927.9 0 0.0382566
12929.8 0 0.0383762
12931.8 0 0.0384957
12933.7 0 0.0386153
12935.7 0 0.0387348
12937.6 0 0.0388543
12939.6 0 0.0389737
12941.8 0 0.0390932
12944.1 0 0.0392125
12946.6 0 0.0393318
12949.3 0 0.0394511
12951.9 0 0.0395703
12954.5 0 0.0396896
12957.1 0 0.0398088
12959.7 0 0.039928
12962.3 0 0.0400472
12964.9 0 0.0401664
12967.5 0 0.0402856
12970.2 0 0.0404048
12973 0 0.0405239
12976 0 0.0406429
12979.1 0 0.0407619
12982.4 0 0.0408808
12985.6 0 0.0409997
12988.8 0 0.0411185
12992 0 0.0412373
12995.2 0 0.0413561
12998.4 0 0.0414749
13001.6 0 0.0415936
13004.8 0 0.0417124
13008 0 0.0418311
13011.2 0 0.0419498
13014.4 0 0.0420685
13017.6 0 0.0421872
13020.9 0 0.0423058
13024.2 0 0.0424244
13027.7 0 0.042543
13031.3 0 0.0426614
13035 0 0.0427799
13038.8 0 0.0428982
13042.5 0 0.0430166
13046.3 0 0.043135
13050 0 0.0432533
13053.7 0 0.0433717
13057.5 0 0.04349
13061.2 0 0.0436083
13064.9 0 0.0437266
13068.7 0 0.0438449
13072.4 0 0.0439631
13076.1 0 0.0440814
13079.8 0 0.0441996
13083.5 0 0.0443178
13087.2 0 0.044436
13090.9 0 0.0445542
13094.6 0 0.0446724
13098.4 0 0.0447905
13102.2 0 0.0449086
13106.1 0 0.0450266
13110 0 0.0451446
13114.2 0 0.0452625
13118.4 0 0.0453804
13122.6 0 0.0454982
13126.8 0 0.045616
13130.9 0 0.0457338
13135.1 0 0.0458516
13139.3 0 0.0459694
13143.5 0 0.0460871
13147.6 0 0.0462048
13151.8 0 0.0463226
13155.9 0 0.0464403
13160.1 0 0.0465579
13164.3 0 0.0466756
13168.4 0 0.0467932
13172.5 0 0.0469108
13176.7 0 0.0470284
13180.8 0 0.047146
13185 0 0.0472636
13189.1 0 0.0473811
13193.2 0 0.0474986
13197.4 0 0.0476161
13201.5 0 0.0477336
13205.6 0 0.0478511
13209.7 0 0.0479685
13213.9 0 0.0480859
13218.1 0 0.0482032
13222.4 0 0.0483205
13226.7 0 0.0484377
13231.2 0 0.0485549
13235.7 0 0.048672
13240.2 0 0.048789
13244.8 0 0.0489061
13249.3 0 0.0490231
13253.8 0 0.0491401
13258.3 0 0.049257
13262.8 0 0.049374
13267.3 0 0.0494909
13271.8 0 0.0496078
13276.3 0 0.0497247
13280.8 0 0.0498415
13285.3 0 0.0499584
13289.8 0 0.0500752
13294.3 0 0.050192
13298.7 0 0.0503087
13303.2 0 0.0504254
13307.7 0 0.0505422
13312.2 0 0.0506588
13316.6 0 0.0507755
13321.1 0 0.0508921
13325.5 0 0.0510087
13330 0 0.0511253
13334.4 0 0.0512419
13338.9 0 0.0513584
13343.3 0 0.0514749
13347.7 0 0.0515914
13352.2 0 0.0517078
13356.6 0 0.0518242
13361 0 0.0519406
13365.5 0 0.052057
13369.9 0 0.0521734
13374.3 0 0.0522897
13378.8 0 0.0524059
13383.3 0 0.0525221
13387.9 0 0.0526382
13392.5 0 0.0527543
13397.2 0 0.0528702
13402 0 0.0529861
13406.7 0 0.053102
13411.5 0 0.0532178
13416.2 0 0.0533337
13420.9 0 0.0534495
13425.7 0 0.0535653
13430.4 0 0.053681
13435.1 0 0.0537967
13439.8 0 0.0539124
13444.5 0 0.0540281
13449.3 0 0.0541437
13454 0 0.0542593
13458.7 0 0.0543749
13463.4 0 0.0544904
13468.1 0 0.0546059
13472.8 0 0.0547214
13477.4 0 0.0548369
13482.1 0 0.0549523
13486.8 0 0.0550677
13491.5 0 0.0551831
13496.2 0 0.0552984
13500.8 0 0.0554137
13505.5 0 0.055529
13510.1 0 0.0556443
13514.8 0 0.0557595
13519.5 0 0.0558747
13524.1 0 0.0559898
13528.8 0 0.056105
13533.4 0 0.0562201
13538 0 0.0563352
13542.7 0 0.0564502
13547.3 0 0.0565652
13551.9 0 0.0566802
13556.6 0 0.0567952
13561.2 0 0.0569101
13565.8 0 0.057025
13570.4 0 0.0571399
13575 0 0.0572547
13579.6 0 0.0573695
13584.2 0 0.0574843
13588.8 0 0.057599
13593.4 0 0.0577138
13598 0 0.0578284
13602.7 0 0.057943
13607.4 0 0.0580575
13612.1 0 0.058172
13616.8 0 0.0582864
13621.6 0 0.0584006
13410.3 0 0.0583806
13470.1 0 0.0584535
13494.5 0 0.0585412
