0 -58.4752 -2.26119e-06
634.56 0 9.65762e-05
1173.57 0 0.000200053
1709.92 0 0.000303485
2243.81 0 0.000406756
2775.24 0 0.000509809
3304.22 0 0.000612641
3830.74 0 0.000715238
4354.77 0 0.000817596
4876.15 0 0.000919716
5394.56 0 0.00102161
5909.16 0 0.00112329
6418.2 0 0.00122483
6918.36 0 0.00132633
7403.99 0 0.00142799
7866.83 0 0.00153009
8297.18 0 0.00163301
8686.59 0 0.00173708
9030.8 0 0.00184251
9330.49 0 0.00194942
9590.04 0 0.00205772
9815.21 0 0.00216733
10011.7 0 0.00227811
10184.8 0 0.0023898
10338.5 0 0.00250228
10475.8 0 0.00261551
10599.4 0 0.0027294
10711.4 0 0.00284394
10812.7 0 0.00295955
10905.5 0 0.00307559
10991.1 0 0.00319203
11070.4 0 0.00330881
11143.9 0 0.00342597
11212.1 0 0.00354364
11276 0 0.00366158
11335.9 0 0.00377975
11392.3 0 0.00389815
11445.5 0 0.00401674
11495.9 0 0.00413552
11543.8 0 0.00425446
11589.3 0 0.00437355
11632.4 0 0.00449292
11673.3 0 0.00461262
11712.4 0 0.00473244
11749.8 0 0.00485238
11785.6 0 0.00497242
11820.1 0 0.00509256
11853.2 0 0.00521278
11885.1 0 0.00533308
11915.6 0 0.00545369
11945 0 0.00557454
11972.9 0 0.00569572
11999.8 0 0.00581698
12025.7 0 0.00593831
12050.7 0 0.00605974
12074.7 0 0.00618155
12097.7 0 0.00630344
12119.8 0 0.00642548
12141.1 0 0.00654756
12161.8 0 0.00666965
12181.9 0 0.00679177
12201.4 0 0.00691389
12220.3 0 0.00703603
12238.6 0 0.00715818
12256.3 0 0.00728033
12273.3 0 0.00740268
12289.7 0 0.00752513
12305.5 0 0.00764758
12320.9 0 0.00777003
12335.7 0 0.0078925
12349.8 0 0.00801505
12363.5 0 0.00813758
12376.5 0 0.00826069
12388.8 0 0.00838431
12400.7 0 0.00850793
12412.4 0 0.00863152
12423.7 0 0.0087551
12434.7 0 0.00887865
12445.5 0 0.00900218
12455.9 0 0.0091257
12466.1 0 0.00924919
12476 0 0.00937266
12485.7 0 0.00949612
12495.1 0 0.00961956
12504.3 0 0.00974298
12513.2 0 0.0098664
12521.8 0 0.00998981
12530.3 0 0.0101132
12538.4 0 0.0102366
12546.4 0 0.01036
12554.2 0 0.0104833
12561.7 0 0.0106067
12569 0 0.01073
12576.2 0 0.0108534
12583.1 0 0.0109767
12589.9 0 0.0111
12596.5 0 0.0112233
12603 0 0.0113466
12609.3 0 0.0114699
12615.5 0 0.0115931
12621.6 0 0.0117163
12627.5 0 0.0118395
12633.3 0 0.0119628
12638.9 0 0.0120863
12644.3 0 0.0122102
12649.5 0 0.0123343
12654.6 0 0.0124584
12659.6 0 0.0125825
12664.4 0 0.0127067
12669.2 0 0.0128307
12673.9 0 0.0129548
12678.6 0 0.0130789
12683.1 0 0.0132029
12687.6 0 0.0133269
12692 0 0.013451
12696.3 0 0.0135749
12700.6 0 0.0136989
12704.8 0 0.0138229
12708.9 0 0.0139469
12713 0 0.0140708
12717 0 0.0141948
12720.9 0 0.0143188
12724.7 0 0.0144427
12728.5 0 0.0145667
12732.1 0 0.0146906
12735.7 0 0.0148146
12739.2 0 0.0149386
12742.7 0 0.0150625
12746 0 0.0151865
12749.3 0 0.0153105
12752.5 0 0.0154345
12755.5 0 0.0155589
12758.3 0 0.0156834
12761.2 0 0.0158079
12763.9 0 0.0159323
12766.6 0 0.0160568
12769.2 0 0.0161813
12771.7 0 0.016306
12774.1 0 0.0164311
12776.4 0 0.0165563
12778.6 0 0.0166814
12780.8 0 0.0168065
12783 0 0.0169316
12785.1 0 0.0170567
12787.2 0 0.0171818
12789.2 0 0.0173069
12791.2 0 0.0174321
12793.2 0 0.0175572
12795.1 0 0.0176822
12797 0 0.0178073
12798.8 0 0.0179324
12800.6 0 0.0180575
12802.4 0 0.0181825
12804.2 0 0.0183075
12805.9 0 0.0184326
12807.7 0 0.0185576
12809.4 0 0.0186826
12811 0 0.0188076
12812.7 0 0.0189325
12814.3 0 0.0190575
12815.9 0 0.0191824
12817.5 0 0.0193073
12819.1 0 0.0194322
12820.7 0 0.0195571
12822.2 0 0.019682
12823.7 0 0.0198068
12825.2 0 0.0199316
12826.7 0 0.0200565
12828.2 0 0.0201813
12829.7 0 0.020306
12831.1 0 0.0204308
12832.6 0 0.0205555
12834 0 0.0206803
12835.4 0 0.020805
12836.8 0 0.0209297
12838.2 0 0.0210543
12839.5 0 0.021179
12840.9 0 0.0213037
12842.2 0 0.0214283
12843.6 0 0.0215529
12844.9 0 0.0216775
12846.2 0 0.0218021
12847.5 0 0.0219267
12848.7 0 0.0220512
12850 0 0.0221758
12851.3 0 0.0223003
12852.5 0 0.0224248
12853.7 0 0.0225493
12855 0 0.0226738
12856.2 0 0.0227983
12857.4 0 0.0229228
12858.5 0 0.0230473
12859.7 0 0.0231717
12860.9 0 0.0232962
12862 0 0.0234206
12863.1 0 0.023545
12864.3 0 0.0236694
12865.4 0 0.0237938
12866.4 0 0.0239182
12867.5 0 0.0240426
12868.6 0 0.024167
12869.6 0 0.0242914
12870.7 0 0.0244158
12871.7 0 0.0245401
12872.7 0 0.0246645
12873.7 0 0.0247889
12874.7 0 0.0249133
12875.7 0 0.0250377
12876.6 0 0.025162
12877.5 0 0.0252864
12878.5 0 0.0254108
12879.4 0 0.0255352
12880.3 0 0.0256596
12881.2 0 0.025784
12882 0 0.0259084
12882.9 0 0.0260327
12883.7 0 0.0261572
12884.6 0 0.0262816
12885.4 0 0.026406
12886.2 0 0.0265304
12886.9 0 0.0266548
12887.7 0 0.0267793
12888.5 0 0.0269037
12889.2 0 0.0270281
12889.9 0 0.0271526
12890.6 0 0.027277
12891.3 0 0.0274015
12892 0 0.027526
12892.7 0 0.0276504
12893.3 0 0.0277749
12894 0 0.0278994
12894.6 0 0.0280239
12895.2 0 0.0281484
12895.8 0 0.0282729
12896.4 0 0.0283974
12897 0 0.0285219
12897.6 0 0.0286464
12898.1 0 0.0287709
12898.7 0 0.0288954
12899.2 0 0.02902
12899.8 0 0.0291445
12900.3 0 0.0292691
12900.7 0 0.0293942
12901.2 0 0.0295193
12901.6 0 0.0296444
12902 0 0.0297695
12902.5 0 0.0298946
12902.9 0 0.0300198
12903.3 0 0.0301449
12903.7 0 0.03027
12904.1 0 0.0303952
12904.5 0 0.0305203
12904.8 0 0.0306455
12905.2 0 0.0307706
12905.5 0 0.0308957
12905.9 0 0.0310209
12906.2 0 0.031146
12906.6 0 0.0312712
12906.9 0 0.0313963
12907.2 0 0.0315214
12907.5 0 0.0316466
12907.9 0 0.0317717
12908.2 0 0.0318968
12908.5 0 0.032022
12908.8 0 0.0321471
12909 0 0.0322722
12909.3 0 0.0323973
12909.6 0 0.0325225
12909.9 0 0.0326476
12910.2 0 0.0327727
12910.4 0 0.0328978
12910.7 0 0.0330229
12910.9 0 0.033148
12911.2 0 0.0332731
12911.4 0 0.0333981
12911.7 0 0.0335232
12911.9 0 0.0336483
12912.2 0 0.0337734
12912.4 0 0.0338984
12912.6 0 0.0340235
12912.9 0 0.0341485
12913.1 0 0.0342736
12913.3 0 0.0343986
12913.5 0 0.0345236
12913.7 0 0.0346487
12913.9 0 0.0347737
12914.1 0 0.0348987
12914.3 0 0.0350237
12914.5 0 0.0351487
12914.7 0 0.0352737
12914.9 0 0.0353987
12915.1 0 0.0355237
12915.3 0 0.0356486
12915.5 0 0.0357736
12915.7 0 0.0358986
12915.9 0 0.0360235
12916 0 0.0361484
12916.2 0 0.0362734
12916.4 0 0.0363983
12916.6 0 0.0365232
12916.7 0 0.0366482
12916.9 0 0.0367731
12917 0 0.036898
12917.2 0 0.0370229
12917.4 0 0.0371477
12917.5 0 0.0372726
12917.7 0 0.0373975
12917.8 0 0.0375224
12918 0 0.0376472
12918.1 0 0.0377721
12918.2 0 0.0378969
12918.4 0 0.0380218
12918.5 0 0.0381466
12918.7 0 0.0382714
12918.8 0 0.0383962
12918.9 0 0.038521
12919.1 0 0.0386458
12919.3 0 0.0387706
12919.6 0 0.0388953
12920.2 0 0.03902
12921.1 0 0.0391445
12922.2 0 0.039269
12923.4 0 0.0393935
12924.8 0 0.0395179
12926.3 0 0.0396422
12927.9 0 0.0397665
12929.8 0 0.0398907
12931.8 0 0.0400149
12933.7 0 0.040139
12935.7 0 0.0402632
12937.6 0 0.0403873
12939.6 0 0.0405115
12941.8 0 0.0406355
12944.1 0 0.0407595
12946.6 0 0.0408835
12949.3 0 0.0410074
12951.9 0 0.0411313
12954.5 0 0.0412551
12957.1 0 0.041379
12959.7 0 0.0415028
12962.3 0 0.0416267
12964.9 0 0.0417505
12967.5 0 0.0418744
12970.2 0 0.0419981
12973 0 0.0421219
12976 0 0.0422456
12979.1 0 0.0423692
12982.4 0 0.0424927
12985.6 0 0.0426163
12988.8 0 0.0427397
12992 0 0.0428631
12995.2 0 0.0429866
12998.4 0 0.04311
13001.6 0 0.0432334
13004.8 0 0.0433568
13008 0 0.0434801
13011.2 0 0.0436035
13014.4 0 0.0437268
13017.6 0 0.0438502
13020.9 0 0.0439735
13024.2 0 0.0440967
13027.7 0 0.0442199
13031.3 0 0.044343
13035 0 0.044466
13038.8 0 0.0445891
13042.5 0 0.0447121
13046.3 0 0.0448351
13050 0 0.0449581
13053.7 0 0.045081
13057.5 0 0.045204
13061.2 0 0.0453269
13064.9 0 0.0454499
13068.7 0 0.0455728
13072.4 0 0.0456957
13076.1 0 0.0458186
13079.8 0 0.0459414
13083.5 0 0.0460643
13087.2 0 0.0461871
13090.9 0 0.0463099
13094.6 0 0.0464327
13098.4 0 0.0465555
13102.2 0 0.0466782
13106.1 0 0.0468009
13110 0 0.0469235
13114.2 0 0.047046
13118.4 0 0.0471685
13122.6 0 0.047291
13126.8 0 0.0474134
13130.9 0 0.0475358
13135.1 0 0.0476582
13139.3 0 0.0477806
13143.5 0 0.047903
13147.6 0 0.0480254
13151.8 0 0.0481477
13155.9 0 0.04827
13160.1 0 0.0483923
13164.3 0 0.0485146
13168.4 0 0.0486369
13172.5 0 0.0487591
13176.7 0 0.0488813
13180.8 0 0.0490035
13185 0 0.0491257
13189.1 0 0.0492479
13193.2 0 0.04937
13197.4 0 0.0494921
13201.5 0 0.0496142
13205.6 0 0.0497363
13209.7 0 0.0498584
13213.9 0 0.0499804
13218.1 0 0.0501023
13222.4 0 0.0502242
13226.7 0 0.0503461
13231.2 0 0.0504678
13235.7 0 0.0505895
13240.2 0 0.0507112
13244.8 0 0.0508328
13249.3 0 0.0509545
13253.8 0 0.0510761
13258.3 0 0.0511976
13262.8 0 0.0513192
13267.3 0 0.0514407
13271.8 0 0.0515622
13276.3 0 0.0516837
13280.8 0 0.0518052
13285.3 0 0.0519266
13289.8 0 0.052048
13294.3 0 0.0521694
13298.7 0 0.0522908
13303.2 0 0.0524121
13307.7 0 0.0525334
13312.2 0 0.0526547
13316.6 0 0.0527759
13321.1 0 0.0528972
13325.5 0 0.0530184
13330 0 0.0531395
13334.4 0 0.0532607
13338.9 0 0.0533818
13343.3 0 0.0535029
13347.7 0 0.053624
13352.2 0 0.0537451
13356.6 0 0.0538661
13361 0 0.0539871
13365.5 0 0.054108
13369.9 0 0.054229
13374.3 0 0.0543499
13378.8 0 0.0544707
13383.3 0 0.0545915
13387.9 0 0.0547122
13392.5 0 0.0548328
13397.2 0 0.0549534
13402 0 0.0550739
13406.7 0 0.0551943
13411.5 0 0.0553148
13416.2 0 0.0554352
13420.9 0 0.0555556
13425.7 0 0.055676
13430.4 0 0.0557963
13435.1 0 0.0559166
13439.8 0 0.0560369
13444.5 0 0.0561571
13449.3 0 0.0562773
13454 0 0.0563975
13458.7 0 0.0565177
13463.4 0 0.0566378
13468.1 0 0.0567579
13472.8 0 0.0568779
13477.4 0 0.056998
13482.1 0 0.057118
13486.8 0 0.057238
13491.5 0 0.0573579
13496.2 0 0.0574778
13500.8 0 0.0575977
13505.5 0 0.0577176
13510.1 0 0.0578374
13514.8 0 0.0579572
13519.5 0 0.058077
13524.1 0 0.0581967
13528.8 0 0.0583164
13533.4 0 0.0584361
13538 0 0.0585557
13542.7 0 0.0586753
13547.3 0 0.0587949
13551.9 0 0.0589145
13556.6 0 0.059034
13561.2 0 0.0591535
13565.8 0 0.059273
13570.4 0 0.0593924
13575 0 0.0595118
13579.6 0 0.0596312
13584.2 0 0.0597506
13588.8 0 0.0598699
13593.4 0 0.0599892
13598 0 0.0601084
13602.7 0 0.0602276
13607.4 0 0.0603467
13612.1 0 0.0604657
13616.8 0 0.0605847
13621.6 0 0.0607035
13410.3 0 0.0606879
13470.1 0 0.0607653
13494.5 0 0.0608575
