0 -58.4752 -2.26119e-06
634.56 -1118.31 -4.33568e-05
1173.57 -2052.08 -7.98728e-05
1709.92 -2976.34 -0.000116425
2243.81 -3892.27 -0.000153141
2775.24 -4799.22 -0.00019007
3304.22 -5695.75 -0.000227215
3830.74 -6580.86 -0.000264593
4354.77 -7453.5 -0.000302211
4876.15 -8312.54 -0.000340067
5394.56 -9156.83 -0.000378154
5909.16 -9985.02 -0.000416446
6418.2 -10795.3 -0.000454888
6918.36 -11584.8 -0.000493367
7403.99 -12349.4 -0.000531683
7866.83 -13084.1 -0.000569555
8297.18 -13782.7 -0.000606615
8686.59 -14440.4 -0.00064252
9030.8 -15055.5 -0.000677061
9330.49 -15628.4 -0.000710136
9590.04 -16163 -0.000741842
9815.21 -16663.2 -0.000772305
10011.7 -17133.3 -0.000801676
10184.8 -17577.9 -0.000830157
10338.5 -17999.6 -0.00085785
10475.8 -18396.3 -0.00088454
10599.4 -18772.7 -0.000910477
10711.4 -19130.1 -0.000935677
10812.7 -19466.7 -0.00095996
10905.5 -19789.9 -0.000983797
10991.1 -20100.7 -0.00100724
11070.4 -20400.3 -0.00103032
11143.9 -20688.4 -0.00105301
11212.1 -20963.9 -0.00107518
11276 -21230.4 -0.00109708
11335.9 -21488.4 -0.00111874
11392.3 -21738.4 -0.00114016
11445.5 -21980.9 -0.00116139
11495.9 -22216.4 -0.00118242
11543.8 -22445.2 -0.00120329
11589.3 -22667.6 -0.001224
11632.4 -22882.7 -0.00124446
11673.3 -23090.5 -0.00126461
11712.4 -23292.7 -0.00128464
11749.8 -23489.8 -0.00130455
11785.6 -23681.9 -0.00132435
11820.1 -23869.2 -0.00134406
11853.2 -24051.9 -0.00136369
11885.1 -24230.3 -0.00138323
11915.6 -24404 -0.00140265
11945 -24573.3 -0.00142197
11972.9 -24735.5 -0.00144085
11999.8 -24893.7 -0.00145964
12025.7 -25048.4 -0.00147838
12050.7 -25199.4 -0.00149704
12074.7 -25346.1 -0.00151553
12097.7 -25488.7 -0.00153386
12119.8 -25625.9 -0.00155185
12141.1 -25760.3 -0.00156982
12161.8 -25892 -0.00158777
12181.9 -26020.9 -0.0016057
12201.4 -26147.3 -0.00162361
12220.3 -26271.2 -0.00164152
12238.6 -26392.6 -0.00165942
12256.3 -26511.5 -0.00167732
12273.3 -26626.7 -0.001695
12289.7 -26738.9 -0.00171255
12305.5 -26848.9 -0.00173011
12320.9 -26956.8 -0.00174767
12335.7 -27061.6 -0.00176509
12349.8 -27162 -0.00178208
12363.5 -27260.4 -0.00179908
12376.5 -27356.1 -0.00181593
12388.8 -27448.6 -0.00183254
12400.7 -27539.4 -0.00184916
12412.4 -27628.6 -0.0018658
12423.7 -27716.2 -0.00188246
12434.7 -27802.3 -0.00189915
12445.5 -27886.7 -0.00191586
12455.9 -27969.7 -0.0019326
12466.1 -28051.1 -0.00194936
12476 -28131 -0.00196614
12485.7 -28209.4 -0.00198294
12495.1 -28286.3 -0.00199976
12504.3 -28361.7 -0.0020166
12513.2 -28435.7 -0.00203346
12521.8 -28508.2 -0.00205033
12530.3 -28579.3 -0.00206721
12538.4 -28649 -0.00208411
12546.4 -28717.3 -0.00210101
12554.2 -28784.2 -0.00211794
12561.7 -28849.7 -0.00213487
12569 -28913.9 -0.00215182
12576.2 -28976.8 -0.00216878
12583.1 -29038.4 -0.00218575
12589.9 -29098.7 -0.00220275
12596.5 -29157.7 -0.00221976
12603 -29215.6 -0.00223679
12609.3 -29272.2 -0.00225384
12615.5 -29327.6 -0.00227092
12621.6 -29381.9 -0.00228802
12627.5 -29435 -0.00230514
12633.3 -29486.8 -0.00232224
12638.9 -29537.2 -0.00233923
12644.3 -29586.1 -0.00235612
12649.5 -29633.7 -0.00237297
12654.6 -29680.1 -0.00238976
12659.6 -29724.6 -0.00240626
12664.4 -29768.2 -0.00242278
12669.2 -29810.8 -0.00243933
12673.9 -29852.5 -0.0024559
12678.6 -29893.3 -0.0024725
12683.1 -29933.1 -0.00248911
12687.6 -29972.1 -0.00250576
12692 -30010.1 -0.00252242
12696.3 -30047.3 -0.0025391
12700.6 -30083.5 -0.0025558
12704.8 -30119 -0.00257253
12708.9 -30153.5 -0.00258926
12713 -30187.2 -0.00260602
12717 -30220 -0.00262279
12720.9 -30252 -0.00263957
12724.7 -30283.2 -0.00265637
12728.5 -30313.6 -0.00267318
12732.1 -30342.9 -0.00268983
12735.7 -30371.1 -0.00270632
12739.2 -30398.6 -0.00272282
12742.7 -30425.3 -0.00273933
12746 -30451.2 -0.00275584
12749.3 -30476.5 -0.00277235
12752.5 -30500.8 -0.00278872
12755.5 -30523.2 -0.00280426
12758.3 -30544.9 -0.00281969
12761.2 -30565.9 -0.0028351
12763.9 -30586.3 -0.00285051
12766.6 -30606.1 -0.0028659
12769.2 -30625.4 -0.00288128
12771.7 -30643.8 -0.00289643
12774.1 -30661.3 -0.00291126
12776.4 -30678.2 -0.00292609
12778.6 -30694.7 -0.0029409
12780.8 -30710.6 -0.0029557
12783 -30726.1 -0.00297049
12785.1 -30741 -0.00298527
12787.2 -30755.5 -0.00300005
12789.2 -30769.5 -0.00301482
12791.2 -30783 -0.00302959
12793.2 -30796.1 -0.00304435
12795.1 -30808.8 -0.00305912
12797 -30821 -0.00307389
12798.8 -30832.7 -0.00308866
12800.6 -30844.1 -0.00310344
12802.4 -30855 -0.00311822
12804.2 -30865.6 -0.00313301
12805.9 -30875.7 -0.00314781
12807.7 -30885.4 -0.00316262
12809.4 -30894.7 -0.00317745
12811 -30903.7 -0.00319228
12812.7 -30912.2 -0.00320713
12814.3 -30920.4 -0.00322199
12815.9 -30928.2 -0.00323686
12817.5 -30935.6 -0.00325175
12819.1 -30942.7 -0.00326666
12820.7 -30949.4 -0.00328158
12822.2 -30955.8 -0.00329652
12823.7 -30961.8 -0.00331148
12825.2 -30967.4 -0.00332645
12826.7 -30972.8 -0.00334144
12828.2 -30977.7 -0.00335645
12829.7 -30982.4 -0.00337147
12831.1 -30986.7 -0.00338651
12832.6 -30990.7 -0.00340157
12834 -30994.3 -0.00341665
12835.4 -30997.6 -0.00343175
12836.8 -31000.7 -0.00344686
12838.2 -31003.4 -0.00346199
12839.5 -31005.7 -0.00347714
12840.9 -31007.8 -0.0034923
12842.2 -31009.6 -0.00350749
12843.6 -31011.1 -0.00352269
12844.9 -31012.3 -0.0035379
12846.2 -31013.2 -0.00355313
12847.5 -31013.8 -0.00356838
12848.7 -31014.1 -0.00358364
12850 -31014.1 -0.00359892
12851.3 -31013.9 -0.00361421
12852.5 -31013.3 -0.00362951
12853.7 -31012.5 -0.00364483
12855 -31011.5 -0.00366016
12856.2 -31010.1 -0.00367551
12857.4 -31008.6 -0.00369086
12858.5 -31006.7 -0.00370623
12859.7 -31004.6 -0.00372161
12860.9 -31002.2 -0.003737
12862 -30999.6 -0.0037524
12863.1 -30996.7 -0.00376781
12864.3 -30993.6 -0.00378323
12865.4 -30990.3 -0.00379866
12866.4 -30986.7 -0.00381409
12867.5 -30982.9 -0.00382953
12868.6 -30978.9 -0.00384498
12869.6 -30974.6 -0.00386043
12870.7 -30970.1 -0.00387588
12871.7 -30965.4 -0.00389134
12872.7 -30960.5 -0.00390679
12873.7 -30955.4 -0.00392225
12874.7 -30950 -0.00393772
12875.7 -30944.5 -0.00395318
12876.6 -30938.7 -0.00396864
12877.5 -30932.8 -0.00398409
12878.5 -30926.6 -0.00399955
12879.4 -30920.3 -0.004015
12880.3 -30913.8 -0.00403045
12881.2 -30907.1 -0.0040459
12882 -30900.2 -0.00406134
12882.9 -30893.1 -0.00407677
12883.7 -30885.9 -0.0040922
12884.6 -30878.5 -0.00410763
12885.4 -30870.9 -0.00412304
12886.2 -30863.1 -0.00413845
12886.9 -30855.2 -0.00415385
12887.7 -30847.2 -0.00416924
12888.5 -30838.9 -0.00418462
12889.2 -30830.6 -0.00419999
12889.9 -30822 -0.00421535
12890.6 -30813.4 -0.00423071
12891.3 -30804.5 -0.00424605
12892 -30795.6 -0.00426139
12892.7 -30786.5 -0.00427671
12893.3 -30777.2 -0.00429203
12894 -30767.9 -0.00430733
12894.6 -30758.3 -0.00432263
12895.2 -30748.7 -0.00433791
12895.8 -30738.9 -0.00435319
12896.4 -30729 -0.00436846
12897 -30719 -0.00438372
12897.6 -30708.9 -0.00439897
12898.1 -30698.6 -0.00441421
12898.7 -30688.3 -0.00442945
12899.2 -30677.8 -0.00444467
12899.8 -30667.2 -0.00445989
12900.3 -30656.5 -0.00447508
12900.7 -30645.9 -0.00448991
12901.2 -30635.2 -0.00450472
12901.6 -30624.5 -0.00451953
12902 -30613.6 -0.00453434
12902.5 -30602.7 -0.00454913
12902.9 -30591.6 -0.00456392
12903.3 -30580.5 -0.00457871
12903.7 -30569.3 -0.00459349
12904.1 -30557.9 -0.00460826
12904.5 -30546.5 -0.00462303
12904.8 -30535 -0.0046378
12905.2 -30523.4 -0.00465257
12905.5 -30511.7 -0.00466733
12905.9 -30499.9 -0.00468209
12906.2 -30488.1 -0.00469685
12906.6 -30476.1 -0.00471161
12906.9 -30464.1 -0.00472637
12907.2 -30452 -0.00474113
12907.5 -30439.8 -0.00475589
12907.9 -30427.5 -0.00477066
12908.2 -30415.1 -0.00478542
12908.5 -30402.7 -0.00480018
12908.8 -30390.2 -0.00481495
12909 -30377.6 -0.00482972
12909.3 -30364.9 -0.00484449
12909.6 -30352.2 -0.00485927
12909.9 -30339.4 -0.00487405
12910.2 -30326.5 -0.00488883
12910.4 -30313.5 -0.00490362
12910.7 -30300.5 -0.00491841
12910.9 -30287.4 -0.0049332
12911.2 -30274.2 -0.00494801
12911.4 -30261 -0.00496281
12911.7 -30247.6 -0.00497762
12911.9 -30234.3 -0.00499244
12912.2 -30220.8 -0.00500726
12912.4 -30207.3 -0.00502208
12912.6 -30193.7 -0.00503692
12912.9 -30180.1 -0.00505176
12913.1 -30166.4 -0.0050666
12913.3 -30152.6 -0.00508145
12913.5 -30138.8 -0.00509631
12913.7 -30124.9 -0.00511117
12913.9 -30110.9 -0.00512605
12914.1 -30096.9 -0.00514092
12914.3 -30082.8 -0.00515581
12914.5 -30068.7 -0.0051707
12914.7 -30054.5 -0.0051856
12914.9 -30040.3 -0.0052005
12915.1 -30026 -0.00521542
12915.3 -30011.6 -0.00523034
12915.5 -29997.2 -0.00524526
12915.7 -29982.7 -0.0052602
12915.9 -29968.2 -0.00527514
12916 -29953.6 -0.00529009
12916.2 -29939 -0.00530505
12916.4 -29924.4 -0.00532001
12916.6 -29909.6 -0.00533498
12916.7 -29894.9 -0.00534996
12916.9 -29880 -0.00536495
12917 -29865.2 -0.00537995
12917.2 -29850.3 -0.00539495
12917.4 -29835.3 -0.00540996
12917.5 -29820.3 -0.00542498
12917.7 -29805.3 -0.00544001
12917.8 -29790.2 -0.00545504
12918 -29775 -0.00547008
12918.1 -29759.9 -0.00548513
12918.2 -29744.6 -0.00550019
12918.4 -29729.4 -0.00551526
12918.5 -29714.1 -0.00553033
12918.7 -29698.7 -0.00554541
12918.8 -29683.3 -0.0055605
12918.9 -29667.9 -0.0055756
12919.1 -29652.5 -0.00559071
12919.3 -29636.9 -0.00560585
12919.6 -29621.3 -0.00562104
12920.2 -29605.6 -0.00563631
12921.1 -29589.7 -0.00565169
12922.2 -29573.8 -0.00566716
12923.4 -29557.7 -0.00568268
12924.8 -29541.6 -0.00569824
12926.3 -29525.4 -0.00571386
12927.9 -29509.1 -0.00572954
12929.8 -29492.6 -0.00574531
12931.8 -29476.1 -0.00576112
12933.7 -29459.6 -0.00577694
12935.7 -29443.1 -0.00579276
12937.6 -29426.5 -0.0058086
12939.6 -29409.8 -0.00582448
12941.8 -29393.1 -0.00584041
12944.1 -29376.3 -0.0058564
12946.6 -29359.3 -0.00587248
12949.3 -29342.3 -0.0058886
12951.9 -29325.3 -0.00590474
12954.5 -29308.2 -0.00592089
12957.1 -29291.1 -0.00593705
12959.7 -29274 -0.00595322
12962.3 -29256.8 -0.0059694
12964.9 -29239.6 -0.0059856
12967.5 -29222.4 -0.00600181
12970.2 -29205.1 -0.00601806
12973 -29187.7 -0.00603437
12976 -29170.3 -0.00605074
12979.1 -29152.7 -0.00606719
12982.4 -29135.1 -0.00608369
12985.6 -29117.4 -0.00610021
12988.8 -29099.8 -0.00611676
12992 -29082 -0.00613332
12995.2 -29064.3 -0.00614989
12998.4 -29046.5 -0.00616648
13001.6 -29028.7 -0.00618308
13004.8 -29010.9 -0.00619969
13008 -28993 -0.00621632
13011.2 -28975.1 -0.00623296
13014.4 -28957.2 -0.00624962
13017.6 -28939.3 -0.00626629
13020.9 -28921.3 -0.006283
13024.2 -28903.3 -0.00629977
13027.7 -28885.1 -0.0063166
13031.3 -28866.9 -0.00633349
13035 -28848.6 -0.00635048
13038.8 -28830.3 -0.00636747
13042.5 -28812 -0.00638448
13046.3 -28793.6 -0.00640151
13050 -28775.2 -0.00641855
13053.7 -28756.8 -0.0064356
13057.5 -28738.3 -0.00645268
13061.2 -28719.9 -0.00646977
13064.9 -28701.4 -0.00648687
13068.7 -28682.9 -0.00650399
13072.4 -28664.4 -0.00652113
13076.1 -28645.8 -0.00653829
13079.8 -28627.3 -0.00655546
13083.5 -28608.7 -0.00657265
13087.2 -28590.1 -0.00658986
13090.9 -28571.5 -0.00660708
13094.6 -28552.8 -0.00662432
13098.4 -28534.1 -0.0066416
13102.2 -28515.4 -0.00665893
13106.1 -28496.6 -0.00667631
13110 -28477.8 -0.00669376
13114.2 -28458.8 -0.0067113
13118.4 -28439.8 -0.00672889
13122.6 -28420.8 -0.0067465
13126.8 -28401.7 -0.00676413
13130.9 -28382.7 -0.00678177
13135.1 -28363.6 -0.00679944
13139.3 -28344.5 -0.00681713
13143.5 -28325.4 -0.00683484
13147.6 -28306.2 -0.00685257
13151.8 -28287.1 -0.00687032
13155.9 -28267.9 -0.00688809
13160.1 -28248.7 -0.00690588
13164.3 -28229.5 -0.0069237
13168.4 -28210.3 -0.00694153
13172.5 -28191 -0.00695939
13176.7 -28171.8 -0.00697727
13180.8 -28152.5 -0.00699517
13185 -28133.2 -0.0070131
13189.1 -28113.9 -0.00703104
13193.2 -28094.6 -0.00704901
13197.4 -28075.3 -0.007067
13201.5 -28055.9 -0.00708502
13205.6 -28036.6 -0.00710305
13209.7 -28017.2 -0.00712111
13213.9 -27997.8 -0.00713922
13218.1 -27978.3 -0.00715738
13222.4 -27958.8 -0.0071756
13226.7 -27939.2 -0.00719389
13231.2 -27919.6 -0.00721226
13235.7 -27899.8 -0.00723071
13240.2 -27880.1 -0.00724919
13244.8 -27860.3 -0.00726769
13249.3 -27840.6 -0.00728622
13253.8 -27820.8 -0.00730477
13258.3 -27801 -0.00732335
13262.8 -27781.1 -0.00734196
13267.3 -27761.3 -0.0073606
13271.8 -27741.5 -0.00737926
13276.3 -27721.6 -0.00739795
13280.8 -27701.7 -0.00741667
13285.3 -27681.8 -0.00743541
13289.8 -27661.9 -0.00745419
13294.3 -27642 -0.00747299
13298.7 -27622.1 -0.00749181
13303.2 -27602.1 -0.00751067
13307.7 -27582.2 -0.00752956
13312.2 -27562.2 -0.00754847
13316.6 -27542.2 -0.00756741
13321.1 -27522.2 -0.00758638
13325.5 -27502.2 -0.00760538
13330 -27482.2 -0.00762441
13334.4 -27462.2 -0.00764346
13338.9 -27442.1 -0.00766255
13343.3 -27422.1 -0.00768166
13347.7 -27402 -0.0077008
13352.2 -27381.9 -0.00771997
13356.6 -27361.8 -0.00773917
13361 -27341.7 -0.0077584
13365.5 -27321.6 -0.00777766
13369.9 -27301.5 -0.00779695
13374.3 -27281.4 -0.00781627
13378.8 -27261.2 -0.00783566
13383.3 -27241 -0.00785511
13387.9 -27220.7 -0.00787462
13392.5 -27200.4 -0.0078942
13397.2 -27180 -0.00791389
13402 -27159.5 -0.00793365
13406.7 -27139 -0.00795344
13411.5 -27118.5 -0.00797326
13416.2 -27098.1 -0.00799311
13420.9 -27077.6 -0.008013
13425.7 -27057.1 -0.00803292
13430.4 -27036.5 -0.00805286
13435.1 -27016 -0.00807285
13439.8 -26995.5 -0.00809286
13444.5 -26974.9 -0.00811291
13449.3 -26954.4 -0.00813298
13454 -26933.8 -0.00815309
13458.7 -26913.3 -0.00817323
13463.4 -26892.7 -0.00819341
13468.1 -26872.1 -0.00821361
13472.8 -26851.5 -0.00823385
13477.4 -26830.9 -0.00825412
13482.1 -26810.3 -0.00827442
13486.8 -26789.7 -0.00829475
13491.5 -26769.1 -0.00831511
13496.2 -26748.5 -0.00833551
13500.8 -26727.9 -0.00835593
13505.5 -26707.3 -0.00837639
13510.1 -26686.7 -0.00839689
13514.8 -26666 -0.00841741
13519.5 -26645.4 -0.00843796
13524.1 -26624.7 -0.00845855
13528.8 -26604.1 -0.00847917
13533.4 -26583.5 -0.00849982
13538 -26562.8 -0.0085205
13542.7 -26542.2 -0.00854121
13547.3 -26521.5 -0.00856195
13551.9 -26500.8 -0.00858273
13556.6 -26480.2 -0.00860353
13561.2 -26459.5 -0.00862437
13565.8 -26438.9 -0.00864524
13570.4 -26418.2 -0.00866614
13575 -26397.5 -0.00868708
13579.6 -26376.9 -0.00870804
13584.2 -26356.2 -0.00872903
13588.8 -26335.5 -0.00875006
13593.4 -26314.9 -0.00877112
13598 -26294.2 -0.00879221
13602.7 -26273.5 -0.00881335
13607.4 -26252.8 -0.00883456
13612.1 -26232 -0.00885584
13616.8 -26211.3 -0.00887718
13621.6 -26190.4 -0.00889859
13410.3 -26038.9 -0.00905545
13470.1 -25978.2 -0.00911876
13494.5 -25931.8 -0.00916732
