0 -58.4752 -2.26119e-06
634.56 -405.811 -1.57009e-05
1173.57 -632.116 -2.447e-05
1709.92 -859.366 -3.32889e-05
2243.81 -1090.29 -4.22662e-05
2775.24 -1326.39 -5.14636e-05
3304.22 -1567.72 -6.08866e-05
3830.74 -1814.43 -7.05443e-05
4354.77 -2066.54 -8.04411e-05
4876.15 -2323.9 -9.05759e-05
5394.56 -2586.2 -0.00010094
5909.16 -2852.72 -0.000111509
6418.2 -3121.94 -0.000122226
6918.36 -3391.01 -0.000132981
7403.99 -3654.95 -0.000143576
7866.83 -3906.7 -0.000153724
8297.18 -4137.39 -0.000163062
8686.59 -4338.87 -0.00017125
9030.8 -4506.3 -0.000178076
9330.49 -4636.7 -0.000183407
9590.04 -4732.86 -0.000187347
9815.21 -4796.23 -0.000189947
10011.7 -4829.82 -0.000191327
10184.8 -4840.86 -0.00019178
10338.5 -4832.56 -0.000191459
10475.8 -4807.87 -0.000190505
10599.4 -4767.76 -0.000188954
10711.4 -4712.01 -0.000186798
10812.7 -4626.39 -0.000183487
10905.5 -4529.63 -0.000179746
10991.1 -4422.96 -0.000175621
11070.4 -4307.42 -0.000171153
11143.9 -4182.12 -0.000166308
11212.1 -4043.84 -0.000160961
11276 -3898.84 -0.000155354
11335.9 -3747.71 -0.000149511
11392.3 -3591 -0.000143451
11445.5 -3429.22 -0.000137195
11495.9 -3262.82 -0.000130761
11543.8 -3092.2 -0.000124163
11589.3 -2917.71 -0.000117416
11632.4 -2735.75 -0.00011038
11673.3 -2544.93 -0.000103002
11712.4 -2350.9 -9.54985e-05
11749.8 -2153.92 -8.78818e-05
11785.6 -1954.28 -8.01621e-05
11820.1 -1752.23 -7.23494e-05
11853.2 -1548.01 -6.44526e-05
11885.1 -1341.82 -5.64794e-05
11915.6 -1124.83 -4.80889e-05
11945 -900.057 -3.93975e-05
11972.9 -668.075 -3.04272e-05
11999.8 -433.949 -2.1374e-05
12025.7 -198.259 -1.22603e-05
12050.7 0 -3.01223e-06
12074.7 0 6.70375e-06
12097.7 0 1.64726e-05
12119.8 0 2.62947e-05
12141.1 0 3.61464e-05
12161.8 0 4.60216e-05
12181.9 0 5.59157e-05
12201.4 0 6.58247e-05
12220.3 0 7.57454e-05
12238.6 0 8.56752e-05
12256.3 0 9.56112e-05
12273.3 0 0.000105728
12289.7 0 0.000115943
12305.5 0 0.000126159
12320.9 0 0.000136371
12335.7 0 0.000146541
12349.8 0 0.000156603
12363.5 0 0.000166646
12376.5 0 0.000177492
12388.8 0 0.000188997
12400.7 0 0.00020049
12412.4 0 0.000211967
12423.7 0 0.000223426
12434.7 0 0.000234865
12445.5 0 0.000246285
12455.9 0 0.000257686
12466.1 0 0.000269068
12476 0 0.000280433
12485.7 0 0.000291782
12495.1 0 0.000303119
12504.3 0 0.000314444
12513.2 0 0.00032576
12521.8 0 0.000337067
12530.3 0 0.000348368
12538.4 0 0.000359662
12546.4 0 0.000370949
12554.2 0 0.000382231
12561.7 0 0.000393504
12569 0 0.000404769
12576.2 0 0.000416023
12583.1 0 0.000427266
12589.9 0 0.000438495
12596.5 0 0.000449708
12603 0 0.000460903
12609.3 0 0.000472079
12615.5 0 0.000483234
12621.6 0 0.000494366
12627.5 0 0.000505475
12633.3 0 0.000516713
12638.9 0 0.0005283
12644.3 0 0.000540411
12649.5 0 0.000552745
12654.6 0 0.000565045
12659.6 0 0.000577269
12664.4 0 0.000589475
12669.2 0 0.000601663
12673.9 0 0.000613836
12678.6 0 0.000625993
12683.1 0 0.000638137
12687.6 0 0.000650269
12692 0 0.00066239
12696.3 0 0.000674503
12700.6 0 0.000686609
12704.8 0 0.000698711
12708.9 0 0.00071081
12713 0 0.000722909
12717 0 0.000735009
12720.9 0 0.000747112
12724.7 0 0.00075922
12728.5 0 0.000771335
12732.1 0 0.000783379
12735.7 0 0.000795349
12739.2 0 0.000807326
12742.7 0 0.000819299
12746 0 0.000831278
12749.3 0 0.000843264
12752.5 0 0.000855263
12755.5 0 0.000867399
12758.3 0 0.000879563
12761.2 0 0.000891729
12763.9 0 0.000903895
12766.6 0 0.00091606
12769.2 0 0.000928223
12771.7 0 0.000940684
12774.1 0 0.00095352
12776.4 0 0.000966357
12778.6 0 0.000979193
12780.8 0 0.000992025
12783 0 0.00100485
12785.1 0 0.00101768
12787.2 0 0.00103049
12789.2 0 0.0010433
12791.2 0 0.00105609
12793.2 0 0.00106888
12795.1 0 0.00108166
12797 0 0.00109442
12798.8 0 0.00110717
12800.6 0 0.0011199
12802.4 0 0.00113262
12804.2 0 0.00114533
12805.9 0 0.00115802
12807.7 0 0.00117069
12809.4 0 0.00118335
12811 0 0.00119599
12812.7 0 0.00120861
12814.3 0 0.00122122
12815.9 0 0.00123381
12817.5 0 0.00124638
12819.1 0 0.00125894
12820.7 0 0.00127147
12822.2 0 0.00128399
12823.7 0 0.0012965
12825.2 0 0.00130898
12826.7 0 0.00132145
12828.2 0 0.0013339
12829.7 0 0.00134633
12831.1 0 0.00135875
12832.6 0 0.00137115
12834 0 0.00138353
12835.4 0 0.0013959
12836.8 0 0.00140825
12838.2 0 0.00142059
12839.5 0 0.00143291
12840.9 0 0.00144522
12842.2 0 0.00145751
12843.6 0 0.00146979
12844.9 0 0.00148205
12846.2 0 0.0014943
12847.5 0 0.00150654
12848.7 0 0.00151876
12850 0 0.00153097
12851.3 0 0.00154317
12852.5 0 0.00155536
12853.7 0 0.00156754
12855 0 0.00157971
12856.2 0 0.00159187
12857.4 0 0.00160402
12858.5 0 0.00161616
12859.7 0 0.00162829
12860.9 0 0.00164039
12862 0 0.00165248
12863.1 0 0.00166456
12864.3 0 0.00167664
12865.4 0 0.00168871
12866.4 0 0.00170078
12867.5 0 0.00171284
12868.6 0 0.0017249
12869.6 0 0.00173695
12870.7 0 0.00174901
12871.7 0 0.00176106
12872.7 0 0.00177311
12873.7 0 0.00178516
12874.7 0 0.00179721
12875.7 0 0.00180926
12876.6 0 0.00182131
12877.5 0 0.00183336
12878.5 0 0.00184542
12879.4 0 0.00185747
12880.3 0 0.00186953
12881.2 0 0.0018816
12882 0 0.00189366
12882.9 0 0.00190573
12883.7 0 0.0019178
12884.6 0 0.00192988
12885.4 0 0.00194196
12886.2 0 0.00195405
12886.9 0 0.00196614
12887.7 0 0.00197824
12888.5 0 0.00199034
12889.2 0 0.00200244
12889.9 0 0.00201455
12890.6 0 0.00202666
12891.3 0 0.00203878
12892 0 0.0020509
12892.7 0 0.00206302
12893.3 0 0.00207515
12894 0 0.00208728
12894.6 0 0.00209942
12895.2 0 0.00211156
12895.8 0 0.0021237
12896.4 0 0.00213584
12897 0 0.00214799
12897.6 0 0.00216013
12898.1 0 0.00217228
12898.7 0 0.00218443
12899.2 0 0.00219658
12899.8 0 0.00220873
12900.3 0 0.00222093
12900.7 0 0.00223376
12901.2 0 0.00224659
12901.6 0 0.00225943
12902 0 0.00227227
12902.5 0 0.00228511
12902.9 0 0.00229796
12903.3 0 0.0023108
12903.7 0 0.00232365
12904.1 0 0.0023365
12904.5 0 0.00234935
12904.8 0 0.0023622
12905.2 0 0.00237506
12905.5 0 0.00238791
12905.9 0 0.00240075
12906.2 0 0.0024136
12906.6 0 0.00242645
12906.9 0 0.00243929
12907.2 0 0.00245214
12907.5 0 0.00246498
12907.9 0 0.00247781
12908.2 0 0.00249065
12908.5 0 0.00250348
12908.8 0 0.00251631
12909 0 0.00252913
12909.3 0 0.00254195
12909.6 0 0.00255477
12909.9 0 0.00256758
12910.2 0 0.00258039
12910.4 0 0.00259319
12910.7 0 0.00260599
12910.9 0 0.00261878
12911.2 0 0.00263157
12911.4 0 0.00264435
12911.7 0 0.00265713
12911.9 0 0.0026699
12912.2 0 0.00268266
12912.4 0 0.00269543
12912.6 0 0.00270818
12912.9 0 0.00272093
12913.1 0 0.00273367
12913.3 0 0.00274641
12913.5 0 0.00275914
12913.7 0 0.00277186
12913.9 0 0.00278458
12914.1 0 0.00279729
12914.3 0 0.00281
12914.5 0 0.0028227
12914.7 0 0.00283539
12914.9 0 0.00284808
12915.1 0 0.00286076
12915.3 0 0.00287343
12915.5 0 0.0028861
12915.7 0 0.00289876
12915.9 0 0.00291141
12916 0 0.00292406
12916.2 0 0.0029367
12916.4 0 0.00294933
12916.6 0 0.00296196
12916.7 0 0.00297458
12916.9 0 0.00298719
12917 0 0.0029998
12917.2 0 0.0030124
12917.4 0 0.00302499
12917.5 0 0.00303758
12917.7 0 0.00305016
12917.8 0 0.00306273
12918 0 0.0030753
12918.1 0 0.00308786
12918.2 0 0.00310041
12918.4 0 0.00311295
12918.5 0 0.00312549
12918.7 0 0.00313802
12918.8 0 0.00315055
12918.9 0 0.00316307
12919.1 0 0.00317558
12919.3 0 0.00318806
12919.6 0 0.0032005
12920.2 0 0.00321287
12921.1 0 0.00322515
12922.2 0 0.00323736
12923.4 0 0.00324952
12924.8 0 0.00326165
12926.3 0 0.00327373
12927.9 0 0.00328576
12929.8 0 0.00329771
12931.8 0 0.00330964
12933.7 0 0.00332156
12935.7 0 0.00333347
12937.6 0 0.00334537
12939.6 0 0.00335724
12941.8 0 0.00336906
12944.1 0 0.00338083
12946.6 0 0.00339253
12949.3 0 0.0034042
12951.9 0 0.00341585
12954.5 0 0.0034275
12957.1 0 0.00343913
12959.7 0 0.00345076
12962.3 0 0.00346238
12964.9 0 0.00347399
12967.5 0 0.00348559
12970.2 0 0.00349715
12973 0 0.00350866
12976 0 0.00352013
12979.1 0 0.00353152
12982.4 0 0.00354288
12985.6 0 0.00355422
12988.8 0 0.00356542
12992 0 0.00357661
12995.2 0 0.00358778
12998.4 0 0.00359895
13001.6 0 0.0036101
13004.8 0 0.00362124
13008 0 0.00363237
13011.2 0 0.00364349
13014.4 0 0.00365459
13017.6 0 0.00366568
13020.9 0 0.00367673
13024.2 0 0.00368773
13027.7 0 0.00369868
13031.3 0 0.00370954
13035 0 0.00372036
13038.8 0 0.00373116
13042.5 0 0.00374195
13046.3 0 0.00375272
13050 0 0.00376348
13053.7 0 0.00377423
13057.5 0 0.00378496
13061.2 0 0.00379568
13064.9 0 0.00380638
13068.7 0 0.00381707
13072.4 0 0.00382775
13076.1 0 0.00383841
13079.8 0 0.00384905
13083.5 0 0.00385969
13087.2 0 0.0038703
13090.9 0 0.00388091
13094.6 0 0.00389149
13098.4 0 0.00390204
13102.2 0 0.00391254
13106.1 0 0.00392299
13110 0 0.00393339
13114.2 0 0.00394369
13118.4 0 0.00395397
13122.6 0 0.00396423
13126.8 0 0.00397447
13130.9 0 0.0039847
13135.1 0 0.00399491
13139.3 0 0.0040051
13143.5 0 0.00401528
13147.6 0 0.00402544
13151.8 0 0.00403558
13155.9 0 0.0040457
13160.1 0 0.0040558
13164.3 0 0.00406589
13168.4 0 0.00407595
13172.5 0 0.004086
13176.7 0 0.00409604
13180.8 0 0.00410605
13185 0 0.00411604
13189.1 0 0.00412602
13193.2 0 0.00413597
13197.4 0 0.00414591
13201.5 0 0.00415583
13205.6 0 0.00416572
13209.7 0 0.0041756
13213.9 0 0.00418543
13218.1 0 0.0041952
13222.4 0 0.00420492
13226.7 0 0.00421458
13231.2 0 0.00422414
13235.7 0 0.00423368
13240.2 0 0.00424319
13244.8 0 0.00425268
13249.3 0 0.00426215
13253.8 0 0.0042716
13258.3 0 0.00428102
13262.8 0 0.00429042
13267.3 0 0.0042998
13271.8 0 0.00430915
13276.3 0 0.00431848
13280.8 0 0.00432779
13285.3 0 0.00433707
13289.8 0 0.00434634
13294.3 0 0.00435557
13298.7 0 0.00436479
13303.2 0 0.00437398
13307.7 0 0.00438314
13312.2 0 0.00439229
13316.6 0 0.0044014
13321.1 0 0.0044105
13325.5 0 0.00441957
13330 0 0.00442861
13334.4 0 0.00443763
13338.9 0 0.00444663
13343.3 0 0.0044556
13347.7 0 0.00446455
13352.2 0 0.00447347
13356.6 0 0.00448237
13361 0 0.00449124
13365.5 0 0.00450009
13369.9 0 0.00450891
13374.3 0 0.00451767
13378.8 0 0.00452638
13383.3 0 0.00453503
13387.9 0 0.00454361
13392.5 0 0.00455214
13397.2 0 0.00456053
13402 0 0.00456894
13406.7 0 0.00457731
13411.5 0 0.00458566
13416.2 0 0.00459398
13420.9 0 0.00460227
13425.7 0 0.00461053
13430.4 0 0.00461877
13435.1 0 0.00462698
13439.8 0 0.00463515
13444.5 0 0.00464331
13449.3 0 0.00465143
13454 0 0.00465952
13458.7 0 0.00466759
13463.4 0 0.00467563
13468.1 0 0.00468364
13472.8 0 0.00469162
13477.4 0 0.00469957
13482.1 0 0.00470749
13486.8 0 0.00471539
13491.5 0 0.00472325
13496.2 0 0.00473109
13500.8 0 0.0047389
13505.5 0 0.00474668
13510.1 0 0.00475444
13514.8 0 0.00476216
13519.5 0 0.00476985
13524.1 0 0.00477752
13528.8 0 0.00478516
13533.4 0 0.00479277
13538 0 0.00480035
13542.7 0 0.0048079
13547.3 0 0.00481542
13551.9 0 0.00482291
13556.6 0 0.00483038
13561.2 0 0.00483781
13565.8 0 0.00484522
13570.4 0 0.0048526
13575 0 0.00485995
13579.6 0 0.00486727
13584.2 0 0.00487456
13588.8 0 0.00488182
13593.4 0 0.00488904
13598 0 0.0048962
13602.7 0 0.00490328
13607.4 0 0.0049103
13612.1 0 0.00491727
13616.8 0 0.00492417
13621.6 0 0.00493091
13410.3 0 0.00480365
13470.1 0 0.00476917
13494.5 0 0.00474949
