0 -58.4752 -2.26119e-06
634.56 0 3.14773e-05
1173.57 0 6.99234e-05
1709.92 0 0.000108314
2243.81 0 0.000146549
2775.24 0 0.00018456
3304.22 0 0.000222342
3830.74 0 0.000259889
4354.77 0 0.000297196
4876.15 0 0.000334267
5394.56 0 0.000371108
5909.16 0 0.000407745
6418.2 0 0.000444233
6918.36 0 0.000480684
7403.99 0 0.000517294
7866.83 0 0.000554351
8297.18 0 0.000592218
8686.59 0 0.000631234
9030.8 0 0.00067161
9330.49 0 0.000713493
9590.04 0 0.000756776
9815.21 0 0.000801438
10011.7 0 0.000847373
10184.8 0 0.000894249
10338.5 0 0.000941894
10475.8 0 0.000990022
10599.4 0 0.00103868
10711.4 0 0.00108789
10812.7 0 0.00113836
10905.5 0 0.00118925
10991.1 0 0.00124051
11070.4 0 0.00129211
11143.9 0 0.00134409
11212.1 0 0.00139656
11276 0 0.00144928
11335.9 0 0.00150224
11392.3 0 0.00155541
11445.5 0 0.00160877
11495.9 0 0.00166231
11543.8 0 0.00171601
11589.3 0 0.00176985
11632.4 0 0.001824
11673.3 0 0.00187851
11712.4 0 0.00193314
11749.8 0 0.00198788
11785.6 0 0.00204272
11820.1 0 0.00209766
11853.2 0 0.00215268
11885.1 0 0.00220777
11915.6 0 0.0022634
11945 0 0.00231942
11972.9 0 0.00237565
11999.8 0 0.00243195
12025.7 0 0.00248833
12050.7 0 0.00254486
12074.7 0 0.00260197
12097.7 0 0.0026591
12119.8 0 0.00271617
12141.1 0 0.00277326
12161.8 0 0.00283038
12181.9 0 0.00288752
12201.4 0 0.00294468
12220.3 0 0.00300185
12238.6 0 0.00305903
12256.3 0 0.00311621
12273.3 0 0.00317356
12289.7 0 0.00323101
12305.5 0 0.00328845
12320.9 0 0.00334588
12335.7 0 0.0034032
12349.8 0 0.0034602
12363.5 0 0.00351717
12376.5 0 0.00357521
12388.8 0 0.00363408
12400.7 0 0.00369294
12412.4 0 0.00375178
12423.7 0 0.00381061
12434.7 0 0.00386942
12445.5 0 0.00392821
12455.9 0 0.00398698
12466.1 0 0.00404574
12476 0 0.00410448
12485.7 0 0.00416321
12495.1 0 0.00422193
12504.3 0 0.00428064
12513.2 0 0.00433935
12521.8 0 0.00439804
12530.3 0 0.00445674
12538.4 0 0.00451543
12546.4 0 0.00457411
12554.2 0 0.00463279
12561.7 0 0.00469147
12569 0 0.00475014
12576.2 0 0.0048088
12583.1 0 0.00486745
12589.9 0 0.00492609
12596.5 0 0.00498471
12603 0 0.00504331
12609.3 0 0.0051019
12615.5 0 0.00516047
12621.6 0 0.00521901
12627.5 0 0.00527753
12633.3 0 0.00533622
12638.9 0 0.00539537
12644.3 0 0.0054552
12649.5 0 0.00551534
12654.6 0 0.0055754
12659.6 0 0.00563523
12664.4 0 0.00569505
12669.2 0 0.00575486
12673.9 0 0.00581465
12678.6 0 0.00587444
12683.1 0 0.00593421
12687.6 0 0.00599397
12692 0 0.00605373
12696.3 0 0.00611348
12700.6 0 0.00617324
12704.8 0 0.00623299
12708.9 0 0.00629275
12713 0 0.00635252
12717 0 0.00641229
12720.9 0 0.00647207
12724.7 0 0.00653186
12728.5 0 0.00659167
12732.1 0 0.00665132
12735.7 0 0.00671079
12739.2 0 0.00677028
12742.7 0 0.00682977
12746 0 0.00688926
12749.3 0 0.00694877
12752.5 0 0.00700824
12755.5 0 0.00706756
12758.3 0 0.00712688
12761.2 0 0.00718619
12763.9 0 0.0072455
12766.6 0 0.0073048
12769.2 0 0.0073641
12771.7 0 0.00742372
12774.1 0 0.00748374
12776.4 0 0.00754376
12778.6 0 0.00760377
12780.8 0 0.00766377
12783 0 0.00772376
12785.1 0 0.00778374
12787.2 0 0.0078437
12789.2 0 0.00790366
12791.2 0 0.0079636
12793.2 0 0.00802352
12795.1 0 0.00808342
12797 0 0.00814331
12798.8 0 0.00820319
12800.6 0 0.00826304
12802.4 0 0.00832288
12804.2 0 0.0083827
12805.9 0 0.0084425
12807.7 0 0.00850228
12809.4 0 0.00856204
12811 0 0.00862179
12812.7 0 0.00868152
12814.3 0 0.00874122
12815.9 0 0.00880091
12817.5 0 0.00886059
12819.1 0 0.00892024
12820.7 0 0.00897987
12822.2 0 0.00903949
12823.7 0 0.00909909
12825.2 0 0.00915867
12826.7 0 0.00921824
12828.2 0 0.00927779
12829.7 0 0.00933732
12831.1 0 0.00939684
12832.6 0 0.00945633
12834 0 0.00951582
12835.4 0 0.00957528
12836.8 0 0.00963474
12838.2 0 0.00969417
12839.5 0 0.0097536
12840.9 0 0.00981301
12842.2 0 0.0098724
12843.6 0 0.00993178
12844.9 0 0.00999115
12846.2 0 0.0100505
12847.5 0 0.0101099
12848.7 0 0.0101692
12850 0 0.0102285
12851.3 0 0.0102878
12852.5 0 0.0103471
12853.7 0 0.0104064
12855 0 0.0104657
12856.2 0 0.010525
12857.4 0 0.0105842
12858.5 0 0.0106435
12859.7 0 0.0107028
12860.9 0 0.010762
12862 0 0.0108212
12863.1 0 0.0108804
12864.3 0 0.0109395
12865.4 0 0.0109987
12866.4 0 0.0110579
12867.5 0 0.0111171
12868.6 0 0.0111763
12869.6 0 0.0112354
12870.7 0 0.0112946
12871.7 0 0.0113538
12872.7 0 0.0114129
12873.7 0 0.0114721
12874.7 0 0.0115313
12875.7 0 0.0115905
12876.6 0 0.0116496
12877.5 0 0.0117088
12878.5 0 0.011768
12879.4 0 0.0118271
12880.3 0 0.0118863
12881.2 0 0.0119455
12882 0 0.0120047
12882.9 0 0.0120639
12883.7 0 0.0121231
12884.6 0 0.0121823
12885.4 0 0.0122415
12886.2 0 0.0123006
12886.9 0 0.0123598
12887.7 0 0.0124191
12888.5 0 0.0124783
12889.2 0 0.0125375
12889.9 0 0.0125967
12890.6 0 0.0126559
12891.3 0 0.0127151
12892 0 0.0127743
12892.7 0 0.0128335
12893.3 0 0.0128928
12894 0 0.012952
12894.6 0 0.0130112
12895.2 0 0.0130704
12895.8 0 0.0131297
12896.4 0 0.0131889
12897 0 0.0132481
12897.6 0 0.0133073
12898.1 0 0.0133665
12898.7 0 0.0134258
12899.2 0 0.013485
12899.8 0 0.0135442
12900.3 0 0.0136034
12900.7 0 0.0136635
12901.2 0 0.0137235
12901.6 0 0.0137835
12902 0 0.0138435
12902.5 0 0.0139035
12902.9 0 0.0139635
12903.3 0 0.0140235
12903.7 0 0.0140835
12904.1 0 0.0141436
12904.5 0 0.0142036
12904.8 0 0.0142636
12905.2 0 0.0143236
12905.5 0 0.0143836
12905.9 0 0.0144436
12906.2 0 0.0145036
12906.6 0 0.0145636
12906.9 0 0.0146236
12907.2 0 0.0146836
12907.5 0 0.0147436
12907.9 0 0.0148036
12908.2 0 0.0148636
12908.5 0 0.0149236
12908.8 0 0.0149836
12909 0 0.0150436
12909.3 0 0.0151035
12909.6 0 0.0151635
12909.9 0 0.0152235
12910.2 0 0.0152834
12910.4 0 0.0153434
12910.7 0 0.0154033
12910.9 0 0.0154633
12911.2 0 0.0155232
12911.4 0 0.0155831
12911.7 0 0.0156431
12911.9 0 0.015703
12912.2 0 0.0157629
12912.4 0 0.0158228
12912.6 0 0.0158827
12912.9 0 0.0159426
12913.1 0 0.0160025
12913.3 0 0.0160624
12913.5 0 0.0161223
12913.7 0 0.0161822
12913.9 0 0.016242
12914.1 0 0.0163019
12914.3 0 0.0163617
12914.5 0 0.0164216
12914.7 0 0.0164814
12914.9 0 0.0165413
12915.1 0 0.0166011
12915.3 0 0.0166609
12915.5 0 0.0167208
12915.7 0 0.0167806
12915.9 0 0.0168404
12916 0 0.0169002
12916.2 0 0.01696
12916.4 0 0.0170198
12916.6 0 0.0170795
12916.7 0 0.0171393
12916.9 0 0.0171991
12917 0 0.0172589
12917.2 0 0.0173186
12917.4 0 0.0173784
12917.5 0 0.0174381
12917.7 0 0.0174978
12917.8 0 0.0175576
12918 0 0.0176173
12918.1 0 0.017677
12918.2 0 0.0177367
12918.4 0 0.0177964
12918.5 0 0.0178561
12918.7 0 0.0179158
12918.8 0 0.0179755
12918.9 0 0.0180352
12919.1 0 0.0180949
12919.3 0 0.0181545
12919.6 0 0.0182141
12920.2 0 0.0182737
12921.1 0 0.0183331
12922.2 0 0.0183925
12923.4 0 0.0184519
12924.8 0 0.0185112
12926.3 0 0.0185705
12927.9 0 0.0186297
12929.8 0 0.0186889
12931.8 0 0.018748
12933.7 0 0.0188071
12935.7 0 0.0188662
12937.6 0 0.0189254
12939.6 0 0.0189844
12941.8 0 0.0190435
12944.1 0 0.0191025
12946.6 0 0.0191614
12949.3 0 0.0192203
12951.9 0 0.0192792
12954.5 0 0.0193381
12957.1 0 0.0193969
12959.7 0 0.0194558
12962.3 0 0.0195147
12964.9 0 0.0195735
12967.5 0 0.0196323
12970.2 0 0.0196911
12973 0 0.0197499
12976 0 0.0198086
12979.1 0 0.0198673
12982.4 0 0.0199259
12985.6 0 0.0199845
12988.8 0 0.0200429
12992 0 0.0201013
12995.2 0 0.0201597
12998.4 0 0.0202181
13001.6 0 0.0202765
13004.8 0 0.0203348
13008 0 0.0203932
13011.2 0 0.0204515
13014.4 0 0.0205098
13017.6 0 0.0205681
13020.9 0 0.0206264
13024.2 0 0.0206846
13027.7 0 0.0207428
13031.3 0 0.0208009
13035 0 0.0208589
13038.8 0 0.020917
13042.5 0 0.020975
13046.3 0 0.021033
13050 0 0.021091
13053.7 0 0.021149
13057.5 0 0.021207
13061.2 0 0.0212649
13064.9 0 0.0213229
13068.7 0 0.0213808
13072.4 0 0.0214387
13076.1 0 0.0214966
13079.8 0 0.0215545
13083.5 0 0.0216124
13087.2 0 0.0216702
13090.9 0 0.0217281
13094.6 0 0.0217859
13098.4 0 0.0218437
13102.2 0 0.0219015
13106.1 0 0.0219592
13110 0 0.0220168
13114.2 0 0.0220744
13118.4 0 0.0221319
13122.6 0 0.0221895
13126.8 0 0.022247
13130.9 0 0.0223045
13135.1 0 0.0223619
13139.3 0 0.0224194
13143.5 0 0.0224768
13147.6 0 0.0225343
13151.8 0 0.0225917
13155.9 0 0.0226491
13160.1 0 0.0227065
13164.3 0 0.0227638
13168.4 0 0.0228212
13172.5 0 0.0228785
13176.7 0 0.0229358
13180.8 0 0.0229931
13185 0 0.0230504
13189.1 0 0.0231077
13193.2 0 0.0231649
13197.4 0 0.0232221
13201.5 0 0.0232793
13205.6 0 0.0233365
13209.7 0 0.0233937
13213.9 0 0.0234508
13218.1 0 0.0235079
13222.4 0 0.0235649
13226.7 0 0.0236218
13231.2 0 0.0236787
13235.7 0 0.0237355
13240.2 0 0.0237924
13244.8 0 0.0238492
13249.3 0 0.023906
13253.8 0 0.0239627
13258.3 0 0.0240195
13262.8 0 0.0240762
13267.3 0 0.0241329
13271.8 0 0.0241896
13276.3 0 0.0242462
13280.8 0 0.0243029
13285.3 0 0.0243595
13289.8 0 0.0244161
13294.3 0 0.0244726
13298.7 0 0.0245292
13303.2 0 0.0245857
13307.7 0 0.0246422
13312.2 0 0.0246987
13316.6 0 0.0247552
13321.1 0 0.0248116
13325.5 0 0.024868
13330 0 0.0249244
13334.4 0 0.0249808
13338.9 0 0.0250371
13343.3 0 0.0250935
13347.7 0 0.0251498
13352.2 0 0.025206
13356.6 0 0.0252623
13361 0 0.0253185
13365.5 0 0.0253747
13369.9 0 0.0254309
13374.3 0 0.025487
13378.8 0 0.0255431
13383.3 0 0.0255991
13387.9 0 0.025655
13392.5 0 0.0257109
13397.2 0 0.0257667
13402 0 0.0258225
13406.7 0 0.0258782
13411.5 0 0.025934
13416.2 0 0.0259897
13420.9 0 0.0260453
13425.7 0 0.026101
13430.4 0 0.0261566
13435.1 0 0.0262122
13439.8 0 0.0262678
13444.5 0 0.0263234
13449.3 0 0.0263789
13454 0 0.0264344
13458.7 0 0.0264898
13463.4 0 0.0265453
13468.1 0 0.0266007
13472.8 0 0.0266561
13477.4 0 0.0267114
13482.1 0 0.0267668
13486.8 0 0.0268221
13491.5 0 0.0268774
13496.2 0 0.0269326
13500.8 0 0.0269878
13505.5 0 0.027043
13510.1 0 0.0270982
13514.8 0 0.0271533
13519.5 0 0.0272085
13524.1 0 0.0272635
13528.8 0 0.0273186
13533.4 0 0.0273736
13538 0 0.0274286
13542.7 0 0.0274836
13547.3 0 0.0275386
13551.9 0 0.0275935
13556.6 0 0.0276484
13561.2 0 0.0277032
13565.8 0 0.0277581
13570.4 0 0.0278129
13575 0 0.0278677
13579.6 0 0.0279224
13584.2 0 0.0279772
13588.8 0 0.0280319
13593.4 0 0.0280865
13598 0 0.0281411
13602.7 0 0.0281956
13607.4 0 0.02825
13612.1 0 0.0283044
13616.8 0 0.0283587
13621.6 0 0.0284128
13410.3 0 0.0283335
13470.1 0 0.0283467
13494.5 0 0.0283747
