0 -58.4752 -2.26119e-06
634.56 -770.386 -2.98341e-05
1173.57 -1361.44 -5.28306e-05
1709.92 -1950 -7.58625e-05
2243.81 -2538.68 -9.90596e-05
2775.24 -3128.01 -0.000122468
3304.22 -3717.5 -0.000146093
3830.74 -4306.94 -0.00016995
4354.77 -4896 -0.000194048
4876.15 -5484.09 -0.000218384
5394.56 -6070.5 -0.00024295
5909.16 -6654.15 -0.000267722
6418.2 -7233.33 -0.000292643
6918.36 -7805.12 -0.000317602
7403.99 -8364.79 -0.000342398
7866.83 -8906.17 -0.00036675
8297.18 -9421.57 -0.00039029
8686.59 -9904.36 -0.000412674
9030.8 -10351.2 -0.000433694
9330.49 -10761.2 -0.000453249
9590.04 -11137.5 -0.000471437
9815.21 -11483.8 -0.000488385
10011.7 -11804.1 -0.000504245
10184.8 -12103 -0.000519218
10338.5 -12383.2 -0.000533401
10475.8 -12640.7 -0.000546567
10599.4 -12881 -0.000558976
10711.4 -13104.9 -0.000570641
10812.7 -13309.6 -0.000581399
10905.5 -13504.2 -0.000591711
10991.1 -13689.8 -0.000601624
11070.4 -13867.4 -0.000611182
11143.9 -14036.4 -0.000620346
11212.1 -14194.8 -0.000628991
11276 -14347.1 -0.000637362
11335.9 -14493.9 -0.000645485
11392.3 -14635.7 -0.000653383
11445.5 -14773 -0.000661077
11495.9 -14906.1 -0.000668586
11543.8 -15035.5 -0.000675924
11589.3 -15161.4 -0.000683106
11632.4 -15282 -0.000690029
11673.3 -15396.8 -0.000696657
11712.4 -15508.8 -0.000703157
11749.8 -15618.2 -0.00070954
11785.6 -15725.2 -0.000715818
11820.1 -15830.1 -0.000722
11853.2 -15932.9 -0.000728095
11885.1 -16033.9 -0.000734111
11915.6 -16132.5 -0.000740015
11945 -16229.1 -0.000745826
11972.9 -16317.9 -0.000751191
11999.8 -16404.7 -0.000756465
12025.7 -16490.3 -0.000761685
12050.7 -16574.4 -0.000766835
12074.7 -16655.5 -0.000771826
12097.7 -16733.5 -0.000776646
12119.8 -16805.6 -0.000781122
12141.1 -16877.1 -0.000785572
12161.8 -16947.9 -0.000790001
12181.9 -17018.2 -0.000794414
12201.4 -17088.1 -0.000798814
12220.3 -17157.5 -0.000803205
12238.6 -17226.6 -0.00080759
12256.3 -17295.3 -0.000811971
12273.3 -17360.3 -0.00081613
12289.7 -17423.2 -0.000820168
12305.5 -17485.9 -0.000824207
12320.9 -17548.5 -0.000828251
12335.7 -17608.5 -0.000832143
12349.8 -17661.4 -0.00083559
12363.5 -17714.4 -0.000839047
12376.5 -17765.2 -0.000842377
12388.8 -17812.4 -0.000845473
12400.7 -17859.7 -0.000848588
12412.4 -17907.2 -0.000851723
12423.7 -17954.9 -0.000854881
12434.7 -18002.8 -0.000858063
12445.5 -18050.9 -0.00086127
12455.9 -18099.3 -0.000864501
12466.1 -18147.9 -0.000867755
12476 -18196.7 -0.000871032
12485.7 -18245.6 -0.00087433
12495.1 -18294.7 -0.000877647
12504.3 -18343.9 -0.000880981
12513.2 -18393.2 -0.000884332
12521.8 -18442.6 -0.000887698
12530.3 -18492 -0.000891078
12538.4 -18541.4 -0.00089447
12546.4 -18590.9 -0.000897875
12554.2 -18640.4 -0.000901293
12561.7 -18690 -0.000904723
12569 -18739.5 -0.000908167
12576.2 -18789.2 -0.000911626
12583.1 -18838.9 -0.0009151
12589.9 -18888.7 -0.000918592
12596.5 -18938.6 -0.000922102
12603 -18988.6 -0.000925631
12609.3 -19038.8 -0.000929182
12615.5 -19089.1 -0.000932755
12621.6 -19139.5 -0.000936352
12627.5 -19190.2 -0.000939973
12633.3 -19240.3 -0.000943572
12638.9 -19289.1 -0.000947078
12644.3 -19336.3 -0.000950491
12649.5 -19383.1 -0.000953878
12654.6 -19428.7 -0.000957191
12659.6 -19470.1 -0.000960207
12664.4 -19511.7 -0.000963247
12669.2 -19553.5 -0.000966311
12673.9 -19595.5 -0.0009694
12678.6 -19637.8 -0.000972513
12683.1 -19680.2 -0.000975649
12687.6 -19722.8 -0.000978808
12692 -19765.6 -0.000981989
12696.3 -19808.6 -0.00098519
12700.6 -19851.6 -0.000988412
12704.8 -19894.8 -0.000991653
12708.9 -19938.1 -0.000994912
12713 -19981.5 -0.000998187
12717 -20025 -0.00100148
12720.9 -20068.5 -0.00100478
12724.7 -20112.1 -0.0010081
12728.5 -20155.7 -0.00101143
12732.1 -20197 -0.0010146
12735.7 -20236 -0.0010176
12739.2 -20275 -0.00102061
12742.7 -20314 -0.00102362
12746 -20352.9 -0.00102664
12749.3 -20391.8 -0.00102966
12752.5 -20428.5 -0.00103253
12755.5 -20454.4 -0.00103455
12758.3 -20478.7 -0.00103645
12761.2 -20502.8 -0.00103834
12763.9 -20526.7 -0.00104022
12766.6 -20550.4 -0.00104209
12769.2 -20573.9 -0.00104394
12771.7 -20594.5 -0.00104556
12774.1 -20611.1 -0.00104688
12776.4 -20627.5 -0.00104818
12778.6 -20643.8 -0.00104947
12780.8 -20659.9 -0.00105075
12783 -20675.8 -0.00105201
12785.1 -20691.6 -0.00105327
12787.2 -20707.3 -0.00105452
12789.2 -20722.9 -0.00105576
12791.2 -20738.4 -0.001057
12793.2 -20753.9 -0.00105824
12795.1 -20769.4 -0.00105948
12797 -20784.9 -0.00106073
12798.8 -20800.4 -0.00106197
12800.6 -20816 -0.00106322
12802.4 -20831.6 -0.00106447
12804.2 -20847.3 -0.00106574
12805.9 -20863 -0.00106701
12807.7 -20878.9 -0.00106829
12809.4 -20894.9 -0.00106958
12811 -20911 -0.00107089
12812.7 -20927.3 -0.00107221
12814.3 -20943.7 -0.00107354
12815.9 -20960.3 -0.00107488
12817.5 -20977 -0.00107624
12819.1 -20993.9 -0.00107762
12820.7 -21010.9 -0.00107901
12822.2 -21028.2 -0.00108042
12823.7 -21045.6 -0.00108185
12825.2 -21063.2 -0.00108329
12826.7 -21081 -0.00108475
12828.2 -21099 -0.00108623
12829.7 -21117.2 -0.00108772
12831.1 -21135.6 -0.00108924
12832.6 -21154.1 -0.00109077
12834 -21172.9 -0.00109231
12835.4 -21191.8 -0.00109388
12836.8 -21210.9 -0.00109546
12838.2 -21230.2 -0.00109707
12839.5 -21249.7 -0.00109868
12840.9 -21269.3 -0.00110032
12842.2 -21289.1 -0.00110197
12843.6 -21309.1 -0.00110364
12844.9 -21329.3 -0.00110533
12846.2 -21349.6 -0.00110703
12847.5 -21370.1 -0.00110875
12848.7 -21390.7 -0.00111048
12850 -21411.4 -0.00111223
12851.3 -21432.3 -0.00111399
12852.5 -21453.3 -0.00111577
12853.7 -21474.5 -0.00111756
12855 -21495.8 -0.00111936
12856.2 -21517.1 -0.00112118
12857.4 -21538.6 -0.001123
12858.5 -21560.2 -0.00112484
12859.7 -21581.9 -0.00112669
12860.9 -21603.7 -0.00112856
12862 -21625.5 -0.00113043
12863.1 -21647.4 -0.00113231
12864.3 -21669.4 -0.0011342
12865.4 -21691.4 -0.0011361
12866.4 -21713.5 -0.00113801
12867.5 -21735.6 -0.00113992
12868.6 -21757.7 -0.00114183
12869.6 -21779.8 -0.00114375
12870.7 -21801.9 -0.00114568
12871.7 -21824.1 -0.00114761
12872.7 -21846.2 -0.00114954
12873.7 -21868.3 -0.00115147
12874.7 -21890.3 -0.0011534
12875.7 -21912.3 -0.00115534
12876.6 -21934.3 -0.00115727
12877.5 -21956.2 -0.0011592
12878.5 -21978 -0.00116113
12879.4 -21999.8 -0.00116305
12880.3 -22021.4 -0.00116497
12881.2 -22043 -0.00116689
12882 -22064.5 -0.0011688
12882.9 -22085.9 -0.00117071
12883.7 -22107.2 -0.00117261
12884.6 -22128.3 -0.0011745
12885.4 -22149.4 -0.00117639
12886.2 -22170.3 -0.00117827
12886.9 -22191.1 -0.00118014
12887.7 -22211.7 -0.001182
12888.5 -22232.2 -0.00118385
12889.2 -22252.6 -0.00118569
12889.9 -22272.8 -0.00118753
12890.6 -22292.9 -0.00118935
12891.3 -22312.8 -0.00119117
12892 -22332.6 -0.00119297
12892.7 -22352.3 -0.00119477
12893.3 -22371.8 -0.00119655
12894 -22391.2 -0.00119833
12894.6 -22410.4 -0.00120009
12895.2 -22429.5 -0.00120185
12895.8 -22448.4 -0.00120359
12896.4 -22467.2 -0.00120533
12897 -22485.9 -0.00120705
12897.6 -22504.5 -0.00120877
12898.1 -22522.9 -0.00121048
12898.7 -22541.3 -0.00121219
12899.2 -22559.5 -0.00121388
12899.8 -22577.6 -0.00121557
12900.3 -22595.3 -0.00121722
12900.7 -22609.2 -0.00121853
12901.2 -22623 -0.00121982
12901.6 -22636.7 -0.00122111
12902 -22650.4 -0.00122238
12902.5 -22663.9 -0.00122366
12902.9 -22677.4 -0.00122492
12903.3 -22690.7 -0.00122618
12903.7 -22704.1 -0.00122744
12904.1 -22717.3 -0.00122869
12904.5 -22730.5 -0.00122994
12904.8 -22743.6 -0.00123118
12905.2 -22756.7 -0.00123243
12905.5 -22769.8 -0.00123367
12905.9 -22782.8 -0.0012349
12906.2 -22795.8 -0.00123614
12906.6 -22808.7 -0.00123738
12906.9 -22821.7 -0.00123861
12907.2 -22834.6 -0.00123985
12907.5 -22847.5 -0.00124108
12907.9 -22860.5 -0.00124232
12908.2 -22873.4 -0.00124356
12908.5 -22886.3 -0.0012448
12908.8 -22899.2 -0.00124604
12909 -22912.1 -0.00124728
12909.3 -22925.1 -0.00124853
12909.6 -22938 -0.00124978
12909.9 -22951 -0.00125104
12910.2 -22964 -0.00125229
12910.4 -22977 -0.00125356
12910.7 -22990.1 -0.00125482
12910.9 -23003.2 -0.00125609
12911.2 -23016.3 -0.00125737
12911.4 -23029.4 -0.00125865
12911.7 -23042.6 -0.00125993
12911.9 -23055.8 -0.00126122
12912.2 -23069.1 -0.00126252
12912.4 -23082.4 -0.00126382
12912.6 -23095.7 -0.00126513
12912.9 -23109.1 -0.00126644
12913.1 -23122.6 -0.00126776
12913.3 -23136 -0.00126909
12913.5 -23149.6 -0.00127042
12913.7 -23163.1 -0.00127176
12913.9 -23176.7 -0.0012731
12914.1 -23190.4 -0.00127446
12914.3 -23204.1 -0.00127582
12914.5 -23217.9 -0.00127718
12914.7 -23231.7 -0.00127856
12914.9 -23245.6 -0.00127994
12915.1 -23259.5 -0.00128132
12915.3 -23273.5 -0.00128272
12915.5 -23287.6 -0.00128412
12915.7 -23301.7 -0.00128553
12915.9 -23315.8 -0.00128695
12916 -23330 -0.00128837
12916.2 -23344.3 -0.0012898
12916.4 -23358.6 -0.00129124
12916.6 -23372.9 -0.00129269
12916.7 -23387.3 -0.00129415
12916.9 -23401.8 -0.00129561
12917 -23416.4 -0.00129708
12917.2 -23430.9 -0.00129856
12917.4 -23445.6 -0.00130005
12917.5 -23460.3 -0.00130154
12917.7 -23475 -0.00130304
12917.8 -23489.8 -0.00130455
12918 -23504.7 -0.00130607
12918.1 -23519.6 -0.0013076
12918.2 -23534.6 -0.00130913
12918.4 -23549.6 -0.00131067
12918.5 -23564.7 -0.00131222
12918.7 -23579.8 -0.00131378
12918.8 -23595 -0.00131534
12918.9 -23610.2 -0.00131692
12919.1 -23625.5 -0.0013185
12919.3 -23641.1 -0.00132012
12919.6 -23657.2 -0.00132179
12920.2 -23674 -0.00132354
12921.1 -23691.8 -0.00132539
12922.2 -23710.5 -0.00132734
12923.4 -23729.6 -0.00132934
12924.8 -23749.1 -0.00133138
12926.3 -23769 -0.00133348
12927.9 -23789.5 -0.00133563
12929.8 -23810.9 -0.00133789
12931.8 -23832.5 -0.00134017
12933.7 -23854.2 -0.00134247
12935.7 -23875.9 -0.00134477
12937.6 -23897.6 -0.00134709
12939.6 -23919.7 -0.00134945
12941.8 -23942.3 -0.00135186
12944.1 -23965.3 -0.00135433
12946.6 -23989.1 -0.0013569
12949.3 -24013.3 -0.0013595
12951.9 -24037.5 -0.00136212
12954.5 -24061.8 -0.00136475
12957.1 -24086.1 -0.00136739
12959.7 -24110.4 -0.00137005
12962.3 -24134.8 -0.00137271
12964.9 -24159.2 -0.00137539
12967.5 -24183.7 -0.00137808
12970.2 -24208.5 -0.00138082
12973 -24233.8 -0.00138361
12976 -24259.4 -0.00138646
12979.1 -24285.9 -0.0013894
12982.4 -24312.6 -0.00139239
12985.6 -24339.4 -0.00139539
12988.8 -24366.4 -0.00139842
12992 -24393.4 -0.00140146
12995.2 -24420.4 -0.00140451
12998.4 -24447.5 -0.00140758
13001.6 -24474.6 -0.00141066
13004.8 -24501.7 -0.00141376
13008 -24528.9 -0.00141687
13011.2 -24556.1 -0.00141999
13014.4 -24583.3 -0.00142313
13017.6 -24610.6 -0.00142628
13020.9 -24638.1 -0.00142947
13024.2 -24666 -0.00143272
13027.7 -24694.4 -0.00143603
13031.3 -24723.1 -0.0014394
13035 -24752.6 -0.00144287
13038.8 -24782.1 -0.00144635
13042.5 -24811.6 -0.00144984
13046.3 -24841 -0.00145335
13050 -24870.6 -0.00145687
13053.7 -24900.1 -0.00146041
13057.5 -24929.7 -0.00146397
13061.2 -24959.3 -0.00146754
13064.9 -24988.9 -0.00147113
13068.7 -25018.5 -0.00147473
13072.4 -25048.2 -0.00147836
13076.1 -25077.9 -0.00148199
13079.8 -25107.6 -0.00148565
13083.5 -25137.3 -0.00148932
13087.2 -25167.1 -0.00149301
13090.9 -25196.8 -0.00149672
13094.6 -25226.6 -0.00150045
13098.4 -25256.6 -0.0015042
13102.2 -25286.8 -0.00150802
13106.1 -25317.4 -0.00151189
13110 -25348.3 -0.00151582
13114.2 -25379.9 -0.00151984
13118.4 -25411.7 -0.00152392
13122.6 -25443.4 -0.00152801
13126.8 -25475.3 -0.00153212
13130.9 -25507.1 -0.00153625
13135.1 -25538.9 -0.00154041
13139.3 -25570.8 -0.00154458
13143.5 -25602.6 -0.00154878
13147.6 -25634.5 -0.00155299
13151.8 -25666.4 -0.00155723
13155.9 -25698.3 -0.00156149
13160.1 -25730.2 -0.00156576
13164.3 -25762.1 -0.00157007
13168.4 -25794.1 -0.00157439
13172.5 -25826 -0.00157873
13176.7 -25858 -0.0015831
13180.8 -25889.9 -0.00158749
13185 -25921.9 -0.0015919
13189.1 -25953.9 -0.00159633
13193.2 -25985.9 -0.00160079
13197.4 -26017.9 -0.00160526
13201.5 -26049.9 -0.00160976
13205.6 -26081.9 -0.00161429
13209.7 -26113.9 -0.00161884
13213.9 -26146 -0.00162343
13218.1 -26178.4 -0.00162808
13222.4 -26211.1 -0.00163279
13226.7 -26244 -0.00163756
13231.2 -26277.4 -0.00164242
13235.7 -26311 -0.00164736
13240.2 -26344.7 -0.00165233
13244.8 -26378.4 -0.00165732
13249.3 -26412.1 -0.00166234
13253.8 -26445.8 -0.00166738
13258.3 -26479.4 -0.00167245
13262.8 -26513 -0.00167755
13267.3 -26546.7 -0.00168268
13271.8 -26580.3 -0.00168783
13276.3 -26613.9 -0.00169301
13280.8 -26647.5 -0.00169822
13285.3 -26681 -0.00170345
13289.8 -26714.6 -0.00170872
13294.3 -26748.1 -0.00171401
13298.7 -26781.6 -0.00171933
13303.2 -26815.1 -0.00172468
13307.7 -26848.5 -0.00173005
13312.2 -26882 -0.00173546
13316.6 -26915.4 -0.00174089
13321.1 -26948.7 -0.00174635
13325.5 -26982.1 -0.00175184
13330 -27015.4 -0.00175736
13334.4 -27048.6 -0.00176291
13338.9 -27081.9 -0.00176849
13343.3 -27115 -0.00177409
13347.7 -27148.2 -0.00177973
13352.2 -27181.3 -0.00178539
13356.6 -27214.4 -0.00179109
13361 -27247.4 -0.00179681
13365.5 -27280.3 -0.00180256
13369.9 -27313.2 -0.00180834
13374.3 -27346.1 -0.00181416
13378.8 -27379.2 -0.00182004
13383.3 -27412.3 -0.00182598
13387.9 -27445.6 -0.00183199
13392.5 -27479 -0.00183806
13397.2 -27512.8 -0.00184424
13402 -27546.7 -0.00185049
13406.7 -27580.5 -0.00185678
13411.5 -27614.3 -0.0018631
13416.2 -27648 -0.00186945
13420.9 -27681.6 -0.00187583
13425.7 -27715.1 -0.00188224
13430.4 -27748.5 -0.00188869
13435.1 -27781.9 -0.00189517
13439.8 -27815.1 -0.00190168
13444.5 -27848.3 -0.00190822
13449.3 -27881.4 -0.0019148
13454 -27914.4 -0.0019214
13458.7 -27947.2 -0.00192804
13463.4 -27980 -0.00193471
13468.1 -28012.7 -0.00194141
13472.8 -28045.2 -0.00194815
13477.4 -28077.7 -0.00195491
13482.1 -28110 -0.00196171
13486.8 -28142.3 -0.00196854
13491.5 -28174.4 -0.0019754
13496.2 -28206.4 -0.0019823
13500.8 -28238.3 -0.00198922
13505.5 -28270 -0.00199618
13510.1 -28301.7 -0.00200317
13514.8 -28333.2 -0.00201019
13519.5 -28364.6 -0.00201725
13524.1 -28395.8 -0.00202433
13528.8 -28427 -0.00203145
13533.4 -28458 -0.0020386
13538 -28488.8 -0.00204578
13542.7 -28519.5 -0.00205299
13547.3 -28550.1 -0.00206023
13551.9 -28580.6 -0.00206751
13556.6 -28610.9 -0.00207481
13561.2 -28641 -0.00208215
13565.8 -28671 -0.00208952
13570.4 -28700.9 -0.00209692
13575 -28730.6 -0.00210435
13579.6 -28760.1 -0.00211182
13584.2 -28789.5 -0.00211931
13588.8 -28818.8 -0.00212684
13593.4 -28847.9 -0.0021344
13598 -28876.8 -0.00214199
13602.7 -28905.7 -0.00214963
13607.4 -28934.5 -0.00215733
13612.1 -28963.3 -0.00216511
13616.8 -28992 -0.00217295
13621.6 -29020.7 -0.00218085
13410.3 -29492.9 -0.00232427
13470.1 -29636.8 -0.00237409
13494.5 -29732.4 -0.00240918
