0 -58.4752 -2.26119e-06
634.56 0 5.05752e-05
1173.57 0 0.000108115
1709.92 0 0.0001656
2243.81 0 0.00022293
2775.24 0 0.000280036
3304.22 0 0.000336913
3830.74 0 0.000393554
4354.77 0 0.000449957
4876.15 0 0.000506122
5394.56 0 0.000562059
5909.16 0 0.000617791
6418.2 0 0.000673374
6918.36 0 0.00072892
7403.99 0 0.000784625
7866.83 0 0.000840777
8297.18 0 0.000897739
8686.59 0 0.00095585
9030.8 0 0.00101532
9330.49 0 0.0010763
9590.04 0 0.00113867
9815.21 0 0.00120243
10011.7 0 0.00126744
10184.8 0 0.0013334
10338.5 0 0.00140013
10475.8 0 0.00146735
10599.4 0 0.00153512
10711.4 0 0.00160344
10812.7 0 0.00167301
10905.5 0 0.001743
10991.1 0 0.00181337
11070.4 0 0.00188407
11143.9 0 0.00195515
11212.1 0 0.00202672
11276 0 0.00209855
11335.9 0 0.00217061
11392.3 0 0.00224289
11445.5 0 0.00231536
11495.9 0 0.002388
11543.8 0 0.0024608
11589.3 0 0.00253376
11632.4 0 0.00260701
11673.3 0 0.00268062
11712.4 0 0.00275435
11749.8 0 0.0028282
11785.6 0 0.00290215
11820.1 0 0.00297619
11853.2 0 0.00305031
11885.1 0 0.00312451
11915.6 0 0.00319923
11945 0 0.00327433
11972.9 0 0.00334964
11999.8 0 0.00342504
12025.7 0 0.0035005
12050.7 0 0.00357612
12074.7 0 0.00365231
12097.7 0 0.00372852
12119.8 0 0.00380467
12141.1 0 0.00388086
12161.8 0 0.00395707
12181.9 0 0.0040333
12201.4 0 0.00410955
12220.3 0 0.00418581
12238.6 0 0.00426208
12256.3 0 0.00433835
12273.3 0 0.0044148
12289.7 0 0.00449133
12305.5 0 0.00456786
12320.9 0 0.00464439
12335.7 0 0.00472082
12349.8 0 0.00479694
12363.5 0 0.00487303
12376.5 0 0.00495017
12388.8 0 0.00502812
12400.7 0 0.00510605
12412.4 0 0.00518397
12423.7 0 0.00526188
12434.7 0 0.00533976
12445.5 0 0.00541763
12455.9 0 0.00549548
12466.1 0 0.00557332
12476 0 0.00565114
12485.7 0 0.00572894
12495.1 0 0.00580674
12504.3 0 0.00588452
12513.2 0 0.0059623
12521.8 0 0.00604007
12530.3 0 0.00611784
12538.4 0 0.0061956
12546.4 0 0.00627336
12554.2 0 0.00635112
12561.7 0 0.00642887
12569 0 0.00650661
12576.2 0 0.00658435
12583.1 0 0.00666207
12589.9 0 0.00673978
12596.5 0 0.00681747
12603 0 0.00689515
12609.3 0 0.00697281
12615.5 0 0.00705045
12621.6 0 0.00712807
12627.5 0 0.00720566
12633.3 0 0.00728342
12638.9 0 0.00736162
12644.3 0 0.0074405
12649.5 0 0.00751966
12654.6 0 0.00759876
12659.6 0 0.00767764
12664.4 0 0.00775652
12669.2 0 0.00783537
12673.9 0 0.00791422
12678.6 0 0.00799305
12683.1 0 0.00807187
12687.6 0 0.00815068
12692 0 0.00822949
12696.3 0 0.00830829
12700.6 0 0.00838709
12704.8 0 0.00846589
12708.9 0 0.0085447
12713 0 0.00862351
12717 0 0.00870232
12720.9 0 0.00878115
12724.7 0 0.00885999
12728.5 0 0.00893884
12732.1 0 0.00901753
12735.7 0 0.00909607
12739.2 0 0.00917462
12742.7 0 0.00925317
12746 0 0.00933173
12749.3 0 0.0094103
12752.5 0 0.00948883
12755.5 0 0.00956725
12758.3 0 0.00964567
12761.2 0 0.00972408
12763.9 0 0.00980249
12766.6 0 0.0098809
12769.2 0 0.0099593
12771.7 0 0.010038
12774.1 0 0.0101171
12776.4 0 0.0101962
12778.6 0 0.0102754
12780.8 0 0.0103545
12783 0 0.0104335
12785.1 0 0.0105126
12787.2 0 0.0105917
12789.2 0 0.0106707
12791.2 0 0.0107498
12793.2 0 0.0108288
12795.1 0 0.0109078
12797 0 0.0109868
12798.8 0 0.0110658
12800.6 0 0.0111448
12802.4 0 0.0112237
12804.2 0 0.0113026
12805.9 0 0.0113815
12807.7 0 0.0114604
12809.4 0 0.0115393
12811 0 0.0116181
12812.7 0 0.011697
12814.3 0 0.0117758
12815.9 0 0.0118546
12817.5 0 0.0119334
12819.1 0 0.0120121
12820.7 0 0.0120909
12822.2 0 0.0121696
12823.7 0 0.0122483
12825.2 0 0.012327
12826.7 0 0.0124056
12828.2 0 0.0124843
12829.7 0 0.0125629
12831.1 0 0.0126416
12832.6 0 0.0127202
12834 0 0.0127988
12835.4 0 0.0128773
12836.8 0 0.0129559
12838.2 0 0.0130344
12839.5 0 0.013113
12840.9 0 0.0131915
12842.2 0 0.01327
12843.6 0 0.0133485
12844.9 0 0.0134269
12846.2 0 0.0135054
12847.5 0 0.0135839
12848.7 0 0.0136623
12850 0 0.0137407
12851.3 0 0.0138191
12852.5 0 0.0138975
12853.7 0 0.0139759
12855 0 0.0140543
12856.2 0 0.0141327
12857.4 0 0.0142111
12858.5 0 0.0142894
12859.7 0 0.0143678
12860.9 0 0.0144461
12862 0 0.0145244
12863.1 0 0.0146027
12864.3 0 0.014681
12865.4 0 0.0147593
12866.4 0 0.0148376
12867.5 0 0.0149159
12868.6 0 0.0149942
12869.6 0 0.0150724
12870.7 0 0.0151507
12871.7 0 0.015229
12872.7 0 0.0153073
12873.7 0 0.0153855
12874.7 0 0.0154638
12875.7 0 0.0155421
12876.6 0 0.0156204
12877.5 0 0.0156986
12878.5 0 0.0157769
12879.4 0 0.0158552
12880.3 0 0.0159335
12881.2 0 0.0160118
12882 0 0.01609
12882.9 0 0.0161683
12883.7 0 0.0162466
12884.6 0 0.0163249
12885.4 0 0.0164032
12886.2 0 0.0164815
12886.9 0 0.0165598
12887.7 0 0.0166381
12888.5 0 0.0167165
12889.2 0 0.0167948
12889.9 0 0.0168731
12890.6 0 0.0169514
12891.3 0 0.0170297
12892 0 0.0171081
12892.7 0 0.0171864
12893.3 0 0.0172647
12894 0 0.017343
12894.6 0 0.0174214
12895.2 0 0.0174997
12895.8 0 0.017578
12896.4 0 0.0176564
12897 0 0.0177347
12897.6 0 0.017813
12898.1 0 0.0178913
12898.7 0 0.0179697
12899.2 0 0.018048
12899.8 0 0.0181263
12900.3 0 0.0182047
12900.7 0 0.0182838
12901.2 0 0.0183629
12901.6 0 0.018442
12902 0 0.0185211
12902.5 0 0.0186002
12902.9 0 0.0186794
12903.3 0 0.0187585
12903.7 0 0.0188376
12904.1 0 0.0189167
12904.5 0 0.0189958
12904.8 0 0.0190749
12905.2 0 0.019154
12905.5 0 0.0192332
12905.9 0 0.0193123
12906.2 0 0.0193914
12906.6 0 0.0194705
12906.9 0 0.0195496
12907.2 0 0.0196287
12907.5 0 0.0197078
12907.9 0 0.0197869
12908.2 0 0.019866
12908.5 0 0.019945
12908.8 0 0.0200241
12909 0 0.0201032
12909.3 0 0.0201823
12909.6 0 0.0202613
12909.9 0 0.0203404
12910.2 0 0.0204195
12910.4 0 0.0204985
12910.7 0 0.0205776
12910.9 0 0.0206566
12911.2 0 0.0207357
12911.4 0 0.0208147
12911.7 0 0.0208937
12911.9 0 0.0209727
12912.2 0 0.0210518
12912.4 0 0.0211308
12912.6 0 0.0212098
12912.9 0 0.0212888
12913.1 0 0.0213678
12913.3 0 0.0214468
12913.5 0 0.0215257
12913.7 0 0.0216047
12913.9 0 0.0216837
12914.1 0 0.0217626
12914.3 0 0.0218416
12914.5 0 0.0219206
12914.7 0 0.0219995
12914.9 0 0.0220784
12915.1 0 0.0221574
12915.3 0 0.0222363
12915.5 0 0.0223152
12915.7 0 0.0223941
12915.9 0 0.022473
12916 0 0.0225519
12916.2 0 0.0226308
12916.4 0 0.0227097
12916.6 0 0.0227886
12916.7 0 0.0228675
12916.9 0 0.0229464
12917 0 0.0230252
12917.2 0 0.0231041
12917.4 0 0.0231829
12917.5 0 0.0232618
12917.7 0 0.0233406
12917.8 0 0.0234194
12918 0 0.0234983
12918.1 0 0.0235771
12918.2 0 0.0236559
12918.4 0 0.0237347
12918.5 0 0.0238135
12918.7 0 0.0238923
12918.8 0 0.0239711
12918.9 0 0.0240499
12919.1 0 0.0241286
12919.3 0 0.0242074
12919.6 0 0.0242861
12920.2 0 0.0243647
12921.1 0 0.0244433
12922.2 0 0.0245218
12923.4 0 0.0246002
12924.8 0 0.0246786
12926.3 0 0.024757
12927.9 0 0.0248353
12929.8 0 0.0249136
12931.8 0 0.0249918
12933.7 0 0.0250701
12935.7 0 0.0251483
12937.6 0 0.0252265
12939.6 0 0.0253046
12941.8 0 0.0253828
12944.1 0 0.0254609
12946.6 0 0.0255389
12949.3 0 0.0256169
12951.9 0 0.0256949
12954.5 0 0.0257728
12957.1 0 0.0258508
12959.7 0 0.0259288
12962.3 0 0.0260067
12964.9 0 0.0260846
12967.5 0 0.0261626
12970.2 0 0.0262405
12973 0 0.0263183
12976 0 0.0263961
12979.1 0 0.0264739
12982.4 0 0.0265516
12985.6 0 0.0266292
12988.8 0 0.0267068
12992 0 0.0267843
12995.2 0 0.0268617
12998.4 0 0.0269392
13001.6 0 0.0270167
13004.8 0 0.0270941
13008 0 0.0271716
13011.2 0 0.027249
13014.4 0 0.0273264
13017.6 0 0.0274038
13020.9 0 0.0274812
13024.2 0 0.0275585
13027.7 0 0.0276358
13031.3 0 0.027713
13035 0 0.0277901
13038.8 0 0.0278672
13042.5 0 0.0279443
13046.3 0 0.0280214
13050 0 0.0280985
13053.7 0 0.0281756
13057.5 0 0.0282527
13061.2 0 0.0283297
13064.9 0 0.0284068
13068.7 0 0.0284838
13072.4 0 0.0285608
13076.1 0 0.0286378
13079.8 0 0.0287148
13083.5 0 0.0287917
13087.2 0 0.0288687
13090.9 0 0.0289456
13094.6 0 0.0290226
13098.4 0 0.0290994
13102.2 0 0.0291763
13106.1 0 0.0292531
13110 0 0.0293298
13114.2 0 0.0294065
13118.4 0 0.0294831
13122.6 0 0.0295597
13126.8 0 0.0296363
13130.9 0 0.0297129
13135.1 0 0.0297895
13139.3 0 0.029866
13143.5 0 0.0299425
13147.6 0 0.0300191
13151.8 0 0.0300956
13155.9 0 0.030172
13160.1 0 0.0302485
13164.3 0 0.030325
13168.4 0 0.0304014
13172.5 0 0.0304778
13176.7 0 0.0305542
13180.8 0 0.0306306
13185 0 0.030707
13189.1 0 0.0307833
13193.2 0 0.0308596
13197.4 0 0.0309359
13201.5 0 0.0310122
13205.6 0 0.0310885
13209.7 0 0.0311648
13213.9 0 0.031241
13218.1 0 0.0313171
13222.4 0 0.0313932
13226.7 0 0.0314693
13231.2 0 0.0315452
13235.7 0 0.0316211
13240.2 0 0.031697
13244.8 0 0.0317729
13249.3 0 0.0318488
13253.8 0 0.0319246
13258.3 0 0.0320005
13262.8 0 0.0320763
13267.3 0 0.0321521
13271.8 0 0.0322278
13276.3 0 0.0323036
13280.8 0 0.0323793
13285.3 0 0.032455
13289.8 0 0.0325306
13294.3 0 0.0326063
13298.7 0 0.0326819
13303.2 0 0.0327575
13307.7 0 0.0328331
13312.2 0 0.0329087
13316.6 0 0.0329842
13321.1 0 0.0330597
13325.5 0 0.0331352
13330 0 0.0332107
13334.4 0 0.0332862
13338.9 0 0.0333616
13343.3 0 0.033437
13347.7 0 0.0335124
13352.2 0 0.0335877
13356.6 0 0.0336631
13361 0 0.0337384
13365.5 0 0.0338137
13369.9 0 0.0338889
13374.3 0 0.0339641
13378.8 0 0.0340393
13383.3 0 0.0341143
13387.9 0 0.0341894
13392.5 0 0.0342643
13397.2 0 0.0343392
13402 0 0.034414
13406.7 0 0.0344889
13411.5 0 0.0345637
13416.2 0 0.0346384
13420.9 0 0.0347132
13425.7 0 0.0347879
13430.4 0 0.0348626
13435.1 0 0.0349373
13439.8 0 0.035012
13444.5 0 0.0350866
13449.3 0 0.0351612
13454 0 0.0352358
13458.7 0 0.0353103
13463.4 0 0.0353848
13468.1 0 0.0354593
13472.8 0 0.0355338
13477.4 0 0.0356082
13482.1 0 0.0356826
13486.8 0 0.035757
13491.5 0 0.0358313
13496.2 0 0.0359057
13500.8 0 0.0359799
13505.5 0 0.0360542
13510.1 0 0.0361285
13514.8 0 0.0362027
13519.5 0 0.0362769
13524.1 0 0.036351
13528.8 0 0.0364251
13533.4 0 0.0364993
13538 0 0.0365733
13542.7 0 0.0366474
13547.3 0 0.0367214
13551.9 0 0.0367954
13556.6 0 0.0368694
13561.2 0 0.0369433
13565.8 0 0.0370172
13570.4 0 0.0370911
13575 0 0.0371649
13579.6 0 0.0372388
13584.2 0 0.0373125
13588.8 0 0.0373863
13593.4 0 0.03746
13598 0 0.0375337
13602.7 0 0.0376072
13607.4 0 0.0376808
13612.1 0 0.0377542
13616.8 0 0.0378276
13621.6 0 0.0379008
13410.3 0 0.0378405
13470.1 0 0.0378727
13494.5 0 0.0379198
