0 -58.4752 -2.26119e-06
634.56 0 5.9627e-05
1173.57 0 0.000126215
1709.92 0 0.000192749
2243.81 0 0.000259127
2775.24 0 0.000325282
3304.22 0 0.000391208
3830.74 0 0.000456899
4354.77 0 0.000522351
4876.15 0 0.000587565
5394.56 0 0.000652551
5909.16 0 0.000717332
6418.2 0 0.000781964
6918.36 0 0.000846559
7403.99 0 0.000911313
7866.83 0 0.000976515
8297.18 0 0.00104253
8686.59 0 0.00110969
9030.8 0 0.00117821
9330.49 0 0.00124823
9590.04 0 0.00131966
9815.21 0 0.00139245
10011.7 0 0.00146651
10184.8 0 0.0015415
10338.5 0 0.00161727
10475.8 0 0.00169355
10599.4 0 0.00177037
10711.4 0 0.00184776
10812.7 0 0.00192637
10905.5 0 0.00200542
10991.1 0 0.00208484
11070.4 0 0.0021646
11143.9 0 0.00224474
11212.1 0 0.00232537
11276 0 0.00240626
11335.9 0 0.00248737
11392.3 0 0.00256871
11445.5 0 0.00265023
11495.9 0 0.00273194
11543.8 0 0.0028138
11589.3 0 0.00289581
11632.4 0 0.00297812
11673.3 0 0.00306079
11712.4 0 0.00314358
11749.8 0 0.00322648
11785.6 0 0.00330949
11820.1 0 0.00339258
11853.2 0 0.00347576
11885.1 0 0.00355902
11915.6 0 0.00364279
11945 0 0.00372692
11972.9 0 0.00381128
11999.8 0 0.00389573
12025.7 0 0.00398023
12050.7 0 0.00406489
12074.7 0 0.00415011
12097.7 0 0.00423535
12119.8 0 0.00432055
12141.1 0 0.00440579
12161.8 0 0.00449104
12181.9 0 0.00457632
12201.4 0 0.00466161
12220.3 0 0.00474691
12238.6 0 0.00483223
12256.3 0 0.00491755
12273.3 0 0.00500304
12289.7 0 0.00508862
12305.5 0 0.0051742
12320.9 0 0.00525978
12335.7 0 0.00534525
12349.8 0 0.00543045
12363.5 0 0.00551562
12376.5 0 0.00560181
12388.8 0 0.00568879
12400.7 0 0.00577576
12412.4 0 0.00586271
12423.7 0 0.00594965
12434.7 0 0.00603657
12445.5 0 0.00612347
12455.9 0 0.00621036
12466.1 0 0.00629722
12476 0 0.00638408
12485.7 0 0.00647091
12495.1 0 0.00655774
12504.3 0 0.00664456
12513.2 0 0.00673137
12521.8 0 0.00681817
12530.3 0 0.00690497
12538.4 0 0.00699177
12546.4 0 0.00707856
12554.2 0 0.00716535
12561.7 0 0.00725213
12569 0 0.0073389
12576.2 0 0.00742566
12583.1 0 0.00751241
12589.9 0 0.00759916
12596.5 0 0.00768588
12603 0 0.00777259
12609.3 0 0.00785928
12615.5 0 0.00794595
12621.6 0 0.00803259
12627.5 0 0.00811922
12633.3 0 0.008206
12638.9 0 0.00829322
12644.3 0 0.00838109
12649.5 0 0.00846925
12654.6 0 0.00855734
12659.6 0 0.00864524
12664.4 0 0.00873312
12669.2 0 0.00882099
12673.9 0 0.00890884
12678.6 0 0.00899668
12683.1 0 0.00908451
12687.6 0 0.00917233
12692 0 0.00926015
12696.3 0 0.00934796
12700.6 0 0.00943577
12704.8 0 0.00952357
12708.9 0 0.00961138
12713 0 0.0096992
12717 0 0.00978702
12720.9 0 0.00987485
12724.7 0 0.00996269
12728.5 0 0.0100505
12732.1 0 0.0101383
12735.7 0 0.0102258
12739.2 0 0.0103134
12742.7 0 0.010401
12746 0 0.0104885
12749.3 0 0.0105761
12752.5 0 0.0106637
12755.5 0 0.0107511
12758.3 0 0.0108386
12761.2 0 0.0109261
12763.9 0 0.0110135
12766.6 0 0.011101
12769.2 0 0.0111885
12771.7 0 0.0112762
12774.1 0 0.0113644
12776.4 0 0.0114526
12778.6 0 0.0115407
12780.8 0 0.0116289
12783 0 0.011717
12785.1 0 0.0118052
12787.2 0 0.0118933
12789.2 0 0.0119814
12791.2 0 0.0120695
12793.2 0 0.0121576
12795.1 0 0.0122456
12797 0 0.0123337
12798.8 0 0.0124217
12800.6 0 0.0125097
12802.4 0 0.0125977
12804.2 0 0.0126857
12805.9 0 0.0127737
12807.7 0 0.0128616
12809.4 0 0.0129496
12811 0 0.0130375
12812.7 0 0.0131254
12814.3 0 0.0132132
12815.9 0 0.0133011
12817.5 0 0.0133889
12819.1 0 0.0134767
12820.7 0 0.0135645
12822.2 0 0.0136523
12823.7 0 0.0137401
12825.2 0 0.0138278
12826.7 0 0.0139156
12828.2 0 0.0140033
12829.7 0 0.014091
12831.1 0 0.0141787
12832.6 0 0.0142663
12834 0 0.014354
12835.4 0 0.0144416
12836.8 0 0.0145292
12838.2 0 0.0146168
12839.5 0 0.0147044
12840.9 0 0.014792
12842.2 0 0.0148796
12843.6 0 0.0149671
12844.9 0 0.0150546
12846.2 0 0.0151422
12847.5 0 0.0152297
12848.7 0 0.0153172
12850 0 0.0154046
12851.3 0 0.0154921
12852.5 0 0.0155796
12853.7 0 0.015667
12855 0 0.0157545
12856.2 0 0.0158419
12857.4 0 0.0159294
12858.5 0 0.0160168
12859.7 0 0.0161042
12860.9 0 0.0161916
12862 0 0.0162789
12863.1 0 0.0163663
12864.3 0 0.0164536
12865.4 0 0.016541
12866.4 0 0.0166283
12867.5 0 0.0167157
12868.6 0 0.016803
12869.6 0 0.0168903
12870.7 0 0.0169777
12871.7 0 0.017065
12872.7 0 0.0171523
12873.7 0 0.0172397
12874.7 0 0.017327
12875.7 0 0.0174143
12876.6 0 0.0175017
12877.5 0 0.017589
12878.5 0 0.0176763
12879.4 0 0.0177637
12880.3 0 0.017851
12881.2 0 0.0179383
12882 0 0.0180257
12882.9 0 0.018113
12883.7 0 0.0182004
12884.6 0 0.0182877
12885.4 0 0.0183751
12886.2 0 0.0184625
12886.9 0 0.0185498
12887.7 0 0.0186372
12888.5 0 0.0187246
12889.2 0 0.0188119
12889.9 0 0.0188993
12890.6 0 0.0189867
12891.3 0 0.0190741
12892 0 0.0191615
12892.7 0 0.0192489
12893.3 0 0.0193362
12894 0 0.0194236
12894.6 0 0.019511
12895.2 0 0.0195984
12895.8 0 0.0196858
12896.4 0 0.0197732
12897 0 0.0198606
12897.6 0 0.019948
12898.1 0 0.0200354
12898.7 0 0.0201228
12899.2 0 0.0202101
12899.8 0 0.0202975
12900.3 0 0.020385
12900.7 0 0.0204731
12901.2 0 0.0205613
12901.6 0 0.0206494
12902 0 0.0207376
12902.5 0 0.0208258
12902.9 0 0.0209139
12903.3 0 0.0210021
12903.7 0 0.0210903
12904.1 0 0.0211784
12904.5 0 0.0212666
12904.8 0 0.0213548
12905.2 0 0.0214429
12905.5 0 0.0215311
12905.9 0 0.0216193
12906.2 0 0.0217074
12906.6 0 0.0217956
12906.9 0 0.0218837
12907.2 0 0.0219719
12907.5 0 0.02206
12907.9 0 0.0221482
12908.2 0 0.0222363
12908.5 0 0.0223245
12908.8 0 0.0224126
12909 0 0.0225007
12909.3 0 0.0225889
12909.6 0 0.022677
12909.9 0 0.0227651
12910.2 0 0.0228532
12910.4 0 0.0229413
12910.7 0 0.0230294
12910.9 0 0.0231175
12911.2 0 0.0232056
12911.4 0 0.0232937
12911.7 0 0.0233818
12911.9 0 0.0234699
12912.2 0 0.023558
12912.4 0 0.023646
12912.6 0 0.0237341
12912.9 0 0.0238221
12913.1 0 0.0239102
12913.3 0 0.0239982
12913.5 0 0.0240863
12913.7 0 0.0241743
12913.9 0 0.0242623
12914.1 0 0.0243503
12914.3 0 0.0244383
12914.5 0 0.0245264
12914.7 0 0.0246144
12914.9 0 0.0247023
12915.1 0 0.0247903
12915.3 0 0.0248783
12915.5 0 0.0249663
12915.7 0 0.0250543
12915.9 0 0.0251422
12916 0 0.0252302
12916.2 0 0.0253181
12916.4 0 0.0254061
12916.6 0 0.025494
12916.7 0 0.0255819
12916.9 0 0.0256699
12917 0 0.0257578
12917.2 0 0.0258457
12917.4 0 0.0259336
12917.5 0 0.0260215
12917.7 0 0.0261094
12917.8 0 0.0261973
12918 0 0.0262851
12918.1 0 0.026373
12918.2 0 0.0264609
12918.4 0 0.0265487
12918.5 0 0.0266366
12918.7 0 0.0267244
12918.8 0 0.0268123
12918.9 0 0.0269001
12919.1 0 0.0269879
12919.3 0 0.0270757
12919.6 0 0.0271635
12920.2 0 0.0272512
12921.1 0 0.0273388
12922.2 0 0.0274263
12923.4 0 0.0275138
12924.8 0 0.0276013
12926.3 0 0.0276887
12927.9 0 0.0277761
12929.8 0 0.0278634
12931.8 0 0.0279507
12933.7 0 0.028038
12935.7 0 0.0281252
12937.6 0 0.0282125
12939.6 0 0.0282997
12941.8 0 0.0283869
12944.1 0 0.028474
12946.6 0 0.0285611
12949.3 0 0.0286481
12951.9 0 0.0287351
12954.5 0 0.0288222
12957.1 0 0.0289092
12959.7 0 0.0289962
12962.3 0 0.0290832
12964.9 0 0.0291702
12967.5 0 0.0292571
12970.2 0 0.0293441
12973 0 0.029431
12976 0 0.0295178
12979.1 0 0.0296046
12982.4 0 0.0296914
12985.6 0 0.0297781
12988.8 0 0.0298646
12992 0 0.0299512
12995.2 0 0.0300377
12998.4 0 0.0301242
13001.6 0 0.0302108
13004.8 0 0.0302973
13008 0 0.0303838
13011.2 0 0.0304702
13014.4 0 0.0305567
13017.6 0 0.0306432
13020.9 0 0.0307296
13024.2 0 0.0308159
13027.7 0 0.0309022
13031.3 0 0.0309885
13035 0 0.0310747
13038.8 0 0.0311608
13042.5 0 0.031247
13046.3 0 0.0313331
13050 0 0.0314193
13053.7 0 0.0315054
13057.5 0 0.0315915
13061.2 0 0.0316776
13064.9 0 0.0317637
13068.7 0 0.0318497
13072.4 0 0.0319358
13076.1 0 0.0320218
13079.8 0 0.0321079
13083.5 0 0.0321939
13087.2 0 0.0322799
13090.9 0 0.0323659
13094.6 0 0.0324518
13098.4 0 0.0325378
13102.2 0 0.0326237
13106.1 0 0.0327095
13110 0 0.0327953
13114.2 0 0.032881
13118.4 0 0.0329666
13122.6 0 0.0330523
13126.8 0 0.0331379
13130.9 0 0.0332236
13135.1 0 0.0333092
13139.3 0 0.0333948
13143.5 0 0.0334803
13147.6 0 0.0335659
13151.8 0 0.0336514
13155.9 0 0.033737
13160.1 0 0.0338225
13164.3 0 0.033908
13168.4 0 0.0339935
13172.5 0 0.0340789
13176.7 0 0.0341644
13180.8 0 0.0342498
13185 0 0.0343352
13189.1 0 0.0344206
13193.2 0 0.0345059
13197.4 0 0.0345913
13201.5 0 0.0346766
13205.6 0 0.0347619
13209.7 0 0.0348472
13213.9 0 0.0349325
13218.1 0 0.0350177
13222.4 0 0.0351028
13226.7 0 0.0351879
13231.2 0 0.0352729
13235.7 0 0.0353579
13240.2 0 0.0354428
13244.8 0 0.0355277
13249.3 0 0.0356126
13253.8 0 0.0356975
13258.3 0 0.0357824
13262.8 0 0.0358672
13267.3 0 0.035952
13271.8 0 0.0360368
13276.3 0 0.0361216
13280.8 0 0.0362064
13285.3 0 0.0362911
13289.8 0 0.0363758
13294.3 0 0.0364605
13298.7 0 0.0365452
13303.2 0 0.0366298
13307.7 0 0.0367144
13312.2 0 0.036799
13316.6 0 0.0368836
13321.1 0 0.0369682
13325.5 0 0.0370527
13330 0 0.0371372
13334.4 0 0.0372217
13338.9 0 0.0373062
13343.3 0 0.0373906
13347.7 0 0.037475
13352.2 0 0.0375594
13356.6 0 0.0376438
13361 0 0.0377281
13365.5 0 0.0378124
13369.9 0 0.0378967
13374.3 0 0.037981
13378.8 0 0.0380651
13383.3 0 0.0381493
13387.9 0 0.0382333
13392.5 0 0.0383173
13397.2 0 0.0384012
13402 0 0.0384851
13406.7 0 0.0385689
13411.5 0 0.0386528
13416.2 0 0.0387366
13420.9 0 0.0388204
13425.7 0 0.0389042
13430.4 0 0.0389879
13435.1 0 0.0390716
13439.8 0 0.0391553
13444.5 0 0.0392389
13449.3 0 0.0393226
13454 0 0.0394062
13458.7 0 0.0394897
13463.4 0 0.0395733
13468.1 0 0.0396568
13472.8 0 0.0397403
13477.4 0 0.0398237
13482.1 0 0.0399072
13486.8 0 0.0399906
13491.5 0 0.040074
13496.2 0 0.0401573
13500.8 0 0.0402406
13505.5 0 0.0403239
13510.1 0 0.0404072
13514.8 0 0.0404905
13519.5 0 0.0405737
13524.1 0 0.0406569
13528.8 0 0.04074
13533.4 0 0.0408232
13538 0 0.0409063
13542.7 0 0.0409893
13547.3 0 0.0410724
13551.9 0 0.0411554
13556.6 0 0.0412384
13561.2 0 0.0413214
13565.8 0 0.0414043
13570.4 0 0.0414872
13575 0 0.0415701
13579.6 0 0.0416529
13584.2 0 0.0417358
13588.8 0 0.0418186
13593.4 0 0.0419013
13598 0 0.041984
13602.7 0 0.0420666
13607.4 0 0.0421491
13612.1 0 0.0422316
13616.8 0 0.042314
13621.6 0 0.0423962
13410.3 0 0.0423449
13470.1 0 0.0423862
13494.5 0 0.0424422
