0 -58.4752 -2.26119e-06
634.56 0 2.2282e-05
1173.57 0 5.15327e-05
1709.92 0 8.07278e-05
2243.81 0 0.000109767
2775.24 0 0.000138583
3304.22 0 0.00016717
3830.74 0 0.000195521
4354.77 0 0.000223633
4876.15 0 0.000251508
5394.56 0 0.000279154
5909.16 0 0.000306595
6418.2 0 0.000333888
6918.36 0 0.000361144
7403.99 0 0.000388558
7866.83 0 0.00041642
8297.18 0 0.000445092
8686.59 0 0.000474912
9030.8 0 0.000506093
9330.49 0 0.00053878
9590.04 0 0.000572868
9815.21 0 0.000608334
10011.7 0 0.000645073
10184.8 0 0.000682753
10338.5 0 0.000721201
10475.8 0 0.000760134
10599.4 0 0.0007996
10711.4 0 0.000839618
10812.7 0 0.000880886
10905.5 0 0.000922579
10991.1 0 0.00096465
11070.4 0 0.00100706
11143.9 0 0.00104984
11212.1 0 0.00109311
11276 0 0.00113664
11335.9 0 0.0011804
11392.3 0 0.00122438
11445.5 0 0.00126855
11495.9 0 0.00131289
11543.8 0 0.00135739
11589.3 0 0.00140204
11632.4 0 0.00144699
11673.3 0 0.00149231
11712.4 0 0.00153774
11749.8 0 0.00158329
11785.6 0 0.00162894
11820.1 0 0.00167468
11853.2 0 0.0017205
11885.1 0 0.0017664
11915.6 0 0.00181284
11945 0 0.00185966
11972.9 0 0.00190669
11999.8 0 0.0019538
12025.7 0 0.00200098
12050.7 0 0.00204831
12074.7 0 0.00209623
12097.7 0 0.00214416
12119.8 0 0.00219203
12141.1 0 0.00223993
12161.8 0 0.00228786
12181.9 0 0.0023358
12201.4 0 0.00238376
12220.3 0 0.00243174
12238.6 0 0.00247972
12256.3 0 0.00252771
12273.3 0 0.00257587
12289.7 0 0.00262411
12305.5 0 0.00267236
12320.9 0 0.0027206
12335.7 0 0.00276872
12349.8 0 0.00281653
12363.5 0 0.00286431
12376.5 0 0.00291315
12388.8 0 0.00296282
12400.7 0 0.00301248
12412.4 0 0.00306213
12423.7 0 0.00311176
12434.7 0 0.00316137
12445.5 0 0.00321097
12455.9 0 0.00326055
12466.1 0 0.00331011
12476 0 0.00335965
12485.7 0 0.00340919
12495.1 0 0.00345871
12504.3 0 0.00350822
12513.2 0 0.00355773
12521.8 0 0.00360723
12530.3 0 0.00365673
12538.4 0 0.00370622
12546.4 0 0.00375571
12554.2 0 0.00380519
12561.7 0 0.00385467
12569 0 0.00390414
12576.2 0 0.00395361
12583.1 0 0.00400306
12589.9 0 0.0040525
12596.5 0 0.00410193
12603 0 0.00415134
12609.3 0 0.00420073
12615.5 0 0.0042501
12621.6 0 0.00429945
12627.5 0 0.00434877
12633.3 0 0.00439826
12638.9 0 0.00444821
12644.3 0 0.00449885
12649.5 0 0.00454978
12654.6 0 0.00460064
12659.6 0 0.00465128
12664.4 0 0.0047019
12669.2 0 0.00475251
12673.9 0 0.00480311
12678.6 0 0.00485369
12683.1 0 0.00490427
12687.6 0 0.00495483
12692 0 0.00500539
12696.3 0 0.00505595
12700.6 0 0.0051065
12704.8 0 0.00515706
12708.9 0 0.00520762
12713 0 0.00525819
12717 0 0.00530876
12720.9 0 0.00535934
12724.7 0 0.00540994
12728.5 0 0.00546055
12732.1 0 0.005511
12735.7 0 0.00556128
12739.2 0 0.00561157
12742.7 0 0.00566186
12746 0 0.00571215
12749.3 0 0.00576246
12752.5 0 0.00581273
12755.5 0 0.00586286
12758.3 0 0.00591298
12761.2 0 0.0059631
12763.9 0 0.00601321
12766.6 0 0.00606332
12769.2 0 0.00611342
12771.7 0 0.00616385
12774.1 0 0.00621467
12776.4 0 0.0062655
12778.6 0 0.00631631
12780.8 0 0.00636712
12783 0 0.00641791
12785.1 0 0.0064687
12787.2 0 0.00651947
12789.2 0 0.00657023
12791.2 0 0.00662097
12793.2 0 0.0066717
12795.1 0 0.00672241
12797 0 0.0067731
12798.8 0 0.00682378
12800.6 0 0.00687444
12802.4 0 0.00692508
12804.2 0 0.00697571
12805.9 0 0.00702631
12807.7 0 0.0070769
12809.4 0 0.00712747
12811 0 0.00717802
12812.7 0 0.00722855
12814.3 0 0.00727906
12815.9 0 0.00732956
12817.5 0 0.00738004
12819.1 0 0.0074305
12820.7 0 0.00748094
12822.2 0 0.00753136
12823.7 0 0.00758176
12825.2 0 0.00763215
12826.7 0 0.00768252
12828.2 0 0.00773288
12829.7 0 0.00778321
12831.1 0 0.00783353
12832.6 0 0.00788384
12834 0 0.00793413
12835.4 0 0.0079844
12836.8 0 0.00803466
12838.2 0 0.0080849
12839.5 0 0.00813513
12840.9 0 0.00818534
12842.2 0 0.00823554
12843.6 0 0.00828573
12844.9 0 0.0083359
12846.2 0 0.00838607
12847.5 0 0.00843622
12848.7 0 0.00848635
12850 0 0.00853648
12851.3 0 0.0085866
12852.5 0 0.00863671
12853.7 0 0.0086868
12855 0 0.00873689
12856.2 0 0.00878697
12857.4 0 0.00883705
12858.5 0 0.00888711
12859.7 0 0.00893716
12860.9 0 0.00898718
12862 0 0.00903718
12863.1 0 0.00908718
12864.3 0 0.00913718
12865.4 0 0.00918717
12866.4 0 0.00923716
12867.5 0 0.00928714
12868.6 0 0.00933712
12869.6 0 0.0093871
12870.7 0 0.00943707
12871.7 0 0.00948705
12872.7 0 0.00953702
12873.7 0 0.009587
12874.7 0 0.00963697
12875.7 0 0.00968695
12876.6 0 0.00973692
12877.5 0 0.0097869
12878.5 0 0.00983688
12879.4 0 0.00988686
12880.3 0 0.00993684
12881.2 0 0.00998683
12882 0 0.0100368
12882.9 0 0.0100868
12883.7 0 0.0101368
12884.6 0 0.0101868
12885.4 0 0.0102368
12886.2 0 0.0102868
12886.9 0 0.0103368
12887.7 0 0.0103868
12888.5 0 0.0104368
12889.2 0 0.0104868
12889.9 0 0.0105369
12890.6 0 0.0105869
12891.3 0 0.0106369
12892 0 0.0106869
12892.7 0 0.0107369
12893.3 0 0.010787
12894 0 0.010837
12894.6 0 0.010887
12895.2 0 0.0109371
12895.8 0 0.0109871
12896.4 0 0.0110371
12897 0 0.0110871
12897.6 0 0.0111372
12898.1 0 0.0111872
12898.7 0 0.0112372
12899.2 0 0.0112872
12899.8 0 0.0113372
12900.3 0 0.0113873
12900.7 0 0.0114381
12901.2 0 0.0114889
12901.6 0 0.0115398
12902 0 0.0115906
12902.5 0 0.0116414
12902.9 0 0.0116922
12903.3 0 0.011743
12903.7 0 0.0117939
12904.1 0 0.0118447
12904.5 0 0.0118955
12904.8 0 0.0119463
12905.2 0 0.0119971
12905.5 0 0.0120479
12905.9 0 0.0120988
12906.2 0 0.0121496
12906.6 0 0.0122004
12906.9 0 0.0122512
12907.2 0 0.012302
12907.5 0 0.0123528
12907.9 0 0.0124036
12908.2 0 0.0124544
12908.5 0 0.0125052
12908.8 0 0.012556
12909 0 0.0126067
12909.3 0 0.0126575
12909.6 0 0.0127083
12909.9 0 0.0127591
12910.2 0 0.0128098
12910.4 0 0.0128606
12910.7 0 0.0129113
12910.9 0 0.0129621
12911.2 0 0.0130128
12911.4 0 0.0130636
12911.7 0 0.0131143
12911.9 0 0.013165
12912.2 0 0.0132157
12912.4 0 0.0132665
12912.6 0 0.0133172
12912.9 0 0.0133679
12913.1 0 0.0134186
12913.3 0 0.0134693
12913.5 0 0.01352
12913.7 0 0.0135706
12913.9 0 0.0136213
12914.1 0 0.013672
12914.3 0 0.0137226
12914.5 0 0.0137733
12914.7 0 0.0138239
12914.9 0 0.0138746
12915.1 0 0.0139252
12915.3 0 0.0139759
12915.5 0 0.0140265
12915.7 0 0.0140771
12915.9 0 0.0141277
12916 0 0.0141783
12916.2 0 0.0142289
12916.4 0 0.0142795
12916.6 0 0.0143301
12916.7 0 0.0143807
12916.9 0 0.0144313
12917 0 0.0144818
12917.2 0 0.0145324
12917.4 0 0.0145829
12917.5 0 0.0146335
12917.7 0 0.014684
12917.8 0 0.0147346
12918 0 0.0147851
12918.1 0 0.0148356
12918.2 0 0.0148861
12918.4 0 0.0149366
12918.5 0 0.0149871
12918.7 0 0.0150376
12918.8 0 0.0150881
12918.9 0 0.0151386
12919.1 0 0.0151891
12919.3 0 0.0152396
12919.6 0 0.01529
12920.2 0 0.0153403
12921.1 0 0.0153906
12922.2 0 0.0154408
12923.4 0 0.0154909
12924.8 0 0.0155411
12926.3 0 0.0155911
12927.9 0 0.0156412
12929.8 0 0.0156911
12931.8 0 0.0157411
12933.7 0 0.015791
12935.7 0 0.0158409
12937.6 0 0.0158909
12939.6 0 0.0159407
12941.8 0 0.0159906
12944.1 0 0.0160404
12946.6 0 0.0160901
12949.3 0 0.0161398
12951.9 0 0.0161895
12954.5 0 0.0162392
12957.1 0 0.0162889
12959.7 0 0.0163385
12962.3 0 0.0163882
12964.9 0 0.0164379
12967.5 0 0.0164875
12970.2 0 0.0165371
12973 0 0.0165867
12976 0 0.0166362
12979.1 0 0.0166856
12982.4 0 0.0167351
12985.6 0 0.0167845
12988.8 0 0.0168337
12992 0 0.0168829
12995.2 0 0.0169321
12998.4 0 0.0169813
13001.6 0 0.0170305
13004.8 0 0.0170796
13008 0 0.0171288
13011.2 0 0.0171779
13014.4 0 0.017227
13017.6 0 0.0172762
13020.9 0 0.0173252
13024.2 0 0.0173743
13027.7 0 0.0174232
13031.3 0 0.0174721
13035 0 0.017521
13038.8 0 0.0175698
13042.5 0 0.0176187
13046.3 0 0.0176675
13050 0 0.0177163
13053.7 0 0.0177651
13057.5 0 0.0178138
13061.2 0 0.0178626
13064.9 0 0.0179113
13068.7 0 0.0179601
13072.4 0 0.0180088
13076.1 0 0.0180575
13079.8 0 0.0181062
13083.5 0 0.0181549
13087.2 0 0.0182036
13090.9 0 0.0182522
13094.6 0 0.0183009
13098.4 0 0.0183495
13102.2 0 0.018398
13106.1 0 0.0184465
13110 0 0.018495
13114.2 0 0.0185433
13118.4 0 0.0185917
13122.6 0 0.01864
13126.8 0 0.0186883
13130.9 0 0.0187366
13135.1 0 0.0187849
13139.3 0 0.0188332
13143.5 0 0.0188814
13147.6 0 0.0189296
13151.8 0 0.0189779
13155.9 0 0.0190261
13160.1 0 0.0190743
13164.3 0 0.0191224
13168.4 0 0.0191706
13172.5 0 0.0192187
13176.7 0 0.0192668
13180.8 0 0.0193149
13185 0 0.019363
13189.1 0 0.0194111
13193.2 0 0.0194591
13197.4 0 0.0195071
13201.5 0 0.0195552
13205.6 0 0.0196031
13209.7 0 0.0196511
13213.9 0 0.019699
13218.1 0 0.0197469
13222.4 0 0.0197947
13226.7 0 0.0198425
13231.2 0 0.0198902
13235.7 0 0.0199378
13240.2 0 0.0199854
13244.8 0 0.020033
13249.3 0 0.0200806
13253.8 0 0.0201282
13258.3 0 0.0201757
13262.8 0 0.0202233
13267.3 0 0.0202708
13271.8 0 0.0203183
13276.3 0 0.0203657
13280.8 0 0.0204132
13285.3 0 0.0204606
13289.8 0 0.020508
13294.3 0 0.0205553
13298.7 0 0.0206027
13303.2 0 0.02065
13307.7 0 0.0206973
13312.2 0 0.0207446
13316.6 0 0.0207919
13321.1 0 0.0208391
13325.5 0 0.0208864
13330 0 0.0209336
13334.4 0 0.0209807
13338.9 0 0.0210279
13343.3 0 0.021075
13347.7 0 0.0211221
13352.2 0 0.0211692
13356.6 0 0.0212162
13361 0 0.0212633
13365.5 0 0.0213103
13369.9 0 0.0213573
13374.3 0 0.0214042
13378.8 0 0.0214511
13383.3 0 0.0214979
13387.9 0 0.0215446
13392.5 0 0.0215913
13397.2 0 0.0216379
13402 0 0.0216845
13406.7 0 0.021731
13411.5 0 0.0217776
13416.2 0 0.0218241
13420.9 0 0.0218706
13425.7 0 0.021917
13430.4 0 0.0219634
13435.1 0 0.0220099
13439.8 0 0.0220562
13444.5 0 0.0221026
13449.3 0 0.0221489
13454 0 0.0221952
13458.7 0 0.0222415
13463.4 0 0.0222877
13468.1 0 0.0223339
13472.8 0 0.0223801
13477.4 0 0.0224263
13482.1 0 0.0224724
13486.8 0 0.0225185
13491.5 0 0.0225646
13496.2 0 0.0226107
13500.8 0 0.0226567
13505.5 0 0.0227027
13510.1 0 0.0227487
13514.8 0 0.0227946
13519.5 0 0.0228405
13524.1 0 0.0228864
13528.8 0 0.0229323
13533.4 0 0.0229781
13538 0 0.0230239
13542.7 0 0.0230697
13547.3 0 0.0231155
13551.9 0 0.0231612
13556.6 0 0.0232069
13561.2 0 0.0232526
13565.8 0 0.0232982
13570.4 0 0.0233438
13575 0 0.0233894
13579.6 0 0.023435
13584.2 0 0.0234805
13588.8 0 0.023526
13593.4 0 0.0235714
13598 0 0.0236168
13602.7 0 0.0236621
13607.4 0 0.0237074
13612.1 0 0.0237525
13616.8 0 0.0237976
13621.6 0 0.0238426
13410.3 0 0.0237541
13470.1 0 0.0237581
13494.5 0 0.0237769
