0 -58.4752 -2.26119e-06
634.56 0 8.85982e-06
1173.57 0 2.46783e-05
1709.92 0 4.04428e-05
2243.81 0 5.60508e-05
2775.24 0 7.14363e-05
3304.22 0 8.65935e-05
3830.74 0 0.000101516
4354.77 0 0.000116198
4876.15 0 0.000130644
5394.56 0 0.00014486
5909.16 0 0.000158872
6418.2 0 0.000172735
6918.36 0 0.000186561
7403.99 0 0.000200546
7866.83 0 0.000214979
8297.18 0 0.000230221
8686.59 0 0.000246612
9030.8 0 0.000264365
9330.49 0 0.00028362
9590.04 0 0.000304273
9815.21 0 0.000326295
10011.7 0 0.000349574
10184.8 0 0.000373791
10338.5 0 0.000398779
10475.8 0 0.000424291
10599.4 0 0.000450353
10711.4 0 0.000476981
10812.7 0 0.000504834
10905.5 0 0.000533113
10991.1 0 0.000561772
11070.4 0 0.000590769
11143.9 0 0.00062014
11212.1 0 0.000650007
11276 0 0.000680131
11335.9 0 0.000710488
11392.3 0 0.000741058
11445.5 0 0.000771823
11495.9 0 0.000802763
11543.8 0 0.000833865
11589.3 0 0.000865115
11632.4 0 0.000896663
11673.3 0 0.000928566
11712.4 0 0.000960592
11749.8 0 0.000992732
11785.6 0 0.00102497
11820.1 0 0.00105731
11853.2 0 0.00108972
11885.1 0 0.00112222
11915.6 0 0.00115521
11945 0 0.00118857
11972.9 0 0.00122216
11999.8 0 0.00125583
12025.7 0 0.00128956
12050.7 0 0.00132345
12074.7 0 0.00135789
12097.7 0 0.00139234
12119.8 0 0.00142677
12141.1 0 0.00146123
12161.8 0 0.00149572
12181.9 0 0.00153022
12201.4 0 0.00156474
12220.3 0 0.00159928
12238.6 0 0.00163382
12256.3 0 0.00166837
12273.3 0 0.00170308
12289.7 0 0.0017379
12305.5 0 0.00177271
12320.9 0 0.00180751
12335.7 0 0.00184222
12349.8 0 0.00187667
12363.5 0 0.00191109
12376.5 0 0.00194651
12388.8 0 0.00198271
12400.7 0 0.0020189
12412.4 0 0.00205507
12423.7 0 0.00209123
12434.7 0 0.00212737
12445.5 0 0.00216349
12455.9 0 0.00219959
12466.1 0 0.00223568
12476 0 0.00227175
12485.7 0 0.00230781
12495.1 0 0.00234385
12504.3 0 0.00237989
12513.2 0 0.00241592
12521.8 0 0.00245194
12530.3 0 0.00248795
12538.4 0 0.00252397
12546.4 0 0.00255997
12554.2 0 0.00259598
12561.7 0 0.00263197
12569 0 0.00266796
12576.2 0 0.00270394
12583.1 0 0.00273991
12589.9 0 0.00277587
12596.5 0 0.00281181
12603 0 0.00284774
12609.3 0 0.00288364
12615.5 0 0.00291953
12621.6 0 0.00295539
12627.5 0 0.00299123
12633.3 0 0.00302723
12638.9 0 0.00306365
12644.3 0 0.00310072
12649.5 0 0.00313806
12654.6 0 0.00317534
12659.6 0 0.00321244
12664.4 0 0.00324953
12669.2 0 0.0032866
12673.9 0 0.00332365
12678.6 0 0.00336069
12683.1 0 0.00339772
12687.6 0 0.00343475
12692 0 0.00347176
12696.3 0 0.00350877
12700.6 0 0.00354578
12704.8 0 0.00358278
12708.9 0 0.00361979
12713 0 0.0036568
12717 0 0.00369382
12720.9 0 0.00373085
12724.7 0 0.00376789
12728.5 0 0.00380494
12732.1 0 0.00384185
12735.7 0 0.00387862
12739.2 0 0.0039154
12742.7 0 0.00395217
12746 0 0.00398896
12749.3 0 0.00402575
12752.5 0 0.00406252
12755.5 0 0.00409923
12758.3 0 0.00413593
12761.2 0 0.00417264
12763.9 0 0.00420934
12766.6 0 0.00424604
12769.2 0 0.00428273
12771.7 0 0.00431973
12774.1 0 0.00435714
12776.4 0 0.00439454
12778.6 0 0.00443193
12780.8 0 0.00446932
12783 0 0.00450669
12785.1 0 0.00454406
12787.2 0 0.00458142
12789.2 0 0.00461876
12791.2 0 0.00465609
12793.2 0 0.00469341
12795.1 0 0.00473071
12797 0 0.004768
12798.8 0 0.00480527
12800.6 0 0.00484252
12802.4 0 0.00487976
12804.2 0 0.00491697
12805.9 0 0.00495418
12807.7 0 0.00499136
12809.4 0 0.00502853
12811 0 0.00506567
12812.7 0 0.0051028
12814.3 0 0.00513992
12815.9 0 0.00517701
12817.5 0 0.00521409
12819.1 0 0.00525114
12820.7 0 0.00528818
12822.2 0 0.00532521
12823.7 0 0.00536221
12825.2 0 0.0053992
12826.7 0 0.00543617
12828.2 0 0.00547312
12829.7 0 0.00551006
12831.1 0 0.00554698
12832.6 0 0.00558388
12834 0 0.00562077
12835.4 0 0.00565764
12836.8 0 0.0056945
12838.2 0 0.00573134
12839.5 0 0.00576816
12840.9 0 0.00580498
12842.2 0 0.00584177
12843.6 0 0.00587856
12844.9 0 0.00591533
12846.2 0 0.00595209
12847.5 0 0.00598884
12848.7 0 0.00602557
12850 0 0.00606229
12851.3 0 0.00609901
12852.5 0 0.00613571
12853.7 0 0.0061724
12855 0 0.00620909
12856.2 0 0.00624576
12857.4 0 0.00628243
12858.5 0 0.00631909
12859.7 0 0.00635573
12860.9 0 0.00639234
12862 0 0.00642894
12863.1 0 0.00646554
12864.3 0 0.00650213
12865.4 0 0.00653872
12866.4 0 0.0065753
12867.5 0 0.00661188
12868.6 0 0.00664845
12869.6 0 0.00668502
12870.7 0 0.00672159
12871.7 0 0.00675816
12872.7 0 0.00679473
12873.7 0 0.0068313
12874.7 0 0.00686787
12875.7 0 0.00690443
12876.6 0 0.006941
12877.5 0 0.00697757
12878.5 0 0.00701415
12879.4 0 0.00705072
12880.3 0 0.0070873
12881.2 0 0.00712388
12882 0 0.00716046
12882.9 0 0.00719704
12883.7 0 0.00723363
12884.6 0 0.00727023
12885.4 0 0.00730682
12886.2 0 0.00734342
12886.9 0 0.00738002
12887.7 0 0.00741663
12888.5 0 0.00745324
12889.2 0 0.00748985
12889.9 0 0.00752646
12890.6 0 0.00756308
12891.3 0 0.0075997
12892 0 0.00763632
12892.7 0 0.00767295
12893.3 0 0.00770957
12894 0 0.0077462
12894.6 0 0.00778283
12895.2 0 0.00781946
12895.8 0 0.00785609
12896.4 0 0.00789272
12897 0 0.00792936
12897.6 0 0.00796599
12898.1 0 0.00800262
12898.7 0 0.00803925
12899.2 0 0.00807588
12899.8 0 0.0081125
12900.3 0 0.00814918
12900.7 0 0.00818657
12901.2 0 0.00822397
12901.6 0 0.00826136
12902 0 0.00829876
12902.5 0 0.00833616
12902.9 0 0.00837356
12903.3 0 0.00841096
12903.7 0 0.00844836
12904.1 0 0.00848576
12904.5 0 0.00852316
12904.8 0 0.00856056
12905.2 0 0.00859796
12905.5 0 0.00863536
12905.9 0 0.00867276
12906.2 0 0.00871015
12906.6 0 0.00874754
12906.9 0 0.00878493
12907.2 0 0.00882232
12907.5 0 0.00885971
12907.9 0 0.00889709
12908.2 0 0.00893447
12908.5 0 0.00897184
12908.8 0 0.00900921
12909 0 0.00904658
12909.3 0 0.00908394
12909.6 0 0.0091213
12909.9 0 0.00915865
12910.2 0 0.009196
12910.4 0 0.00923334
12910.7 0 0.00927068
12910.9 0 0.00930801
12911.2 0 0.00934534
12911.4 0 0.00938267
12911.7 0 0.00941998
12911.9 0 0.0094573
12912.2 0 0.0094946
12912.4 0 0.0095319
12912.6 0 0.0095692
12912.9 0 0.00960649
12913.1 0 0.00964377
12913.3 0 0.00968105
12913.5 0 0.00971832
12913.7 0 0.00975559
12913.9 0 0.00979284
12914.1 0 0.0098301
12914.3 0 0.00986734
12914.5 0 0.00990459
12914.7 0 0.00994182
12914.9 0 0.00997905
12915.1 0 0.0100163
12915.3 0 0.0100535
12915.5 0 0.0100907
12915.7 0 0.0101279
12915.9 0 0.0101651
12916 0 0.0102023
12916.2 0 0.0102395
12916.4 0 0.0102766
12916.6 0 0.0103138
12916.7 0 0.010351
12916.9 0 0.0103881
12917 0 0.0104253
12917.2 0 0.0104624
12917.4 0 0.0104996
12917.5 0 0.0105367
12917.7 0 0.0105738
12917.8 0 0.0106109
12918 0 0.0106481
12918.1 0 0.0106852
12918.2 0 0.0107223
12918.4 0 0.0107594
12918.5 0 0.0107964
12918.7 0 0.0108335
12918.8 0 0.0108706
12918.9 0 0.0109077
12919.1 0 0.0109447
12919.3 0 0.0109818
12919.6 0 0.0110188
12920.2 0 0.0110557
12921.1 0 0.0110925
12922.2 0 0.0111293
12923.4 0 0.011166
12924.8 0 0.0112027
12926.3 0 0.0112394
12927.9 0 0.011276
12929.8 0 0.0113125
12931.8 0 0.011349
12933.7 0 0.0113855
12935.7 0 0.011422
12937.6 0 0.0114585
12939.6 0 0.011495
12941.8 0 0.0115314
12944.1 0 0.0115678
12946.6 0 0.011604
12949.3 0 0.0116403
12951.9 0 0.0116766
12954.5 0 0.0117128
12957.1 0 0.0117491
12959.7 0 0.0117853
12962.3 0 0.0118215
12964.9 0 0.0118577
12967.5 0 0.0118939
12970.2 0 0.0119301
12973 0 0.0119662
12976 0 0.0120023
12979.1 0 0.0120383
12982.4 0 0.0120743
12985.6 0 0.0121102
12988.8 0 0.012146
12992 0 0.0121818
12995.2 0 0.0122176
12998.4 0 0.0122533
13001.6 0 0.0122891
13004.8 0 0.0123248
13008 0 0.0123605
13011.2 0 0.0123962
13014.4 0 0.0124319
13017.6 0 0.0124676
13020.9 0 0.0125032
13024.2 0 0.0125388
13027.7 0 0.0125744
13031.3 0 0.0126098
13035 0 0.0126453
13038.8 0 0.0126807
13042.5 0 0.012716
13046.3 0 0.0127514
13050 0 0.0127868
13053.7 0 0.0128221
13057.5 0 0.0128575
13061.2 0 0.0128928
13064.9 0 0.0129281
13068.7 0 0.0129634
13072.4 0 0.0129987
13076.1 0 0.013034
13079.8 0 0.0130692
13083.5 0 0.0131045
13087.2 0 0.0131397
13090.9 0 0.0131749
13094.6 0 0.0132101
13098.4 0 0.0132453
13102.2 0 0.0132804
13106.1 0 0.0133154
13110 0 0.0133504
13114.2 0 0.0133854
13118.4 0 0.0134203
13122.6 0 0.0134551
13126.8 0 0.01349
13130.9 0 0.0135249
13135.1 0 0.0135597
13139.3 0 0.0135945
13143.5 0 0.0136293
13147.6 0 0.0136641
13151.8 0 0.0136989
13155.9 0 0.0137336
13160.1 0 0.0137684
13164.3 0 0.0138031
13168.4 0 0.0138378
13172.5 0 0.0138725
13176.7 0 0.0139071
13180.8 0 0.0139418
13185 0 0.0139764
13189.1 0 0.014011
13193.2 0 0.0140456
13197.4 0 0.0140802
13201.5 0 0.0141148
13205.6 0 0.0141493
13209.7 0 0.0141838
13213.9 0 0.0142183
13218.1 0 0.0142527
13222.4 0 0.0142871
13226.7 0 0.0143214
13231.2 0 0.0143556
13235.7 0 0.0143898
13240.2 0 0.014424
13244.8 0 0.0144581
13249.3 0 0.0144922
13253.8 0 0.0145263
13258.3 0 0.0145604
13262.8 0 0.0145945
13267.3 0 0.0146285
13271.8 0 0.0146626
13276.3 0 0.0146966
13280.8 0 0.0147305
13285.3 0 0.0147645
13289.8 0 0.0147984
13294.3 0 0.0148323
13298.7 0 0.0148662
13303.2 0 0.0149001
13307.7 0 0.0149339
13312.2 0 0.0149678
13316.6 0 0.0150016
13321.1 0 0.0150353
13325.5 0 0.0150691
13330 0 0.0151028
13334.4 0 0.0151365
13338.9 0 0.0151702
13343.3 0 0.0152039
13347.7 0 0.0152375
13352.2 0 0.0152711
13356.6 0 0.0153047
13361 0 0.0153383
13365.5 0 0.0153718
13369.9 0 0.0154053
13374.3 0 0.0154388
13378.8 0 0.0154722
13383.3 0 0.0155055
13387.9 0 0.0155388
13392.5 0 0.015572
13397.2 0 0.0156051
13402 0 0.0156382
13406.7 0 0.0156713
13411.5 0 0.0157043
13416.2 0 0.0157374
13420.9 0 0.0157704
13425.7 0 0.0158034
13430.4 0 0.0158363
13435.1 0 0.0158692
13439.8 0 0.0159021
13444.5 0 0.015935
13449.3 0 0.0159678
13454 0 0.0160007
13458.7 0 0.0160334
13463.4 0 0.0160662
13468.1 0 0.0160989
13472.8 0 0.0161317
13477.4 0 0.0161643
13482.1 0 0.016197
13486.8 0 0.0162296
13491.5 0 0.0162622
13496.2 0 0.0162948
13500.8 0 0.0163273
13505.5 0 0.0163598
13510.1 0 0.0163923
13514.8 0 0.0164248
13519.5 0 0.0164572
13524.1 0 0.0164896
13528.8 0 0.016522
13533.4 0 0.0165543
13538 0 0.0165867
13542.7 0 0.0166189
13547.3 0 0.0166512
13551.9 0 0.0166834
13556.6 0 0.0167156
13561.2 0 0.0167478
13565.8 0 0.01678
13570.4 0 0.0168121
13575 0 0.0168442
13579.6 0 0.0168763
13584.2 0 0.0169083
13588.8 0 0.0169403
13593.4 0 0.0169723
13598 0 0.0170042
13602.7 0 0.017036
13607.4 0 0.0170677
13612.1 0 0.0170994
13616.8 0 0.0171311
13621.6 0 0.0171625
13410.3 0 0.0170604
13470.1 0 0.0170508
13494.5 0 0.017056
