0 -58.4752 -2.26119e-06
634.56 0 7.90883e-05
1173.57 0 0.000165113
1709.92 0 0.000251087
2243.81 0 0.000336903
2775.24 0 0.000422499
3304.22 0 0.000507869
3830.74 0 0.000593003
4354.77 0 0.000677899
4876.15 0 0.000762557
5394.56 0 0.000846985
5909.16 0 0.000931209
6418.2 0 0.00101528
6918.36 0 0.00109932
7403.99 0 0.00118352
7866.83 0 0.00126816
8297.18 0 0.00135362
8686.59 0 0.00144022
9030.8 0 0.00152819
9330.49 0 0.00161765
9590.04 0 0.00170851
9815.21 0 0.00180071
10011.7 0 0.00189413
10184.8 0 0.00198849
10338.5 0 0.00208362
10475.8 0 0.00217936
10599.4 0 0.00227569
10711.4 0 0.00237262
10812.7 0 0.00247072
10905.5 0 0.00256924
10991.1 0 0.00266815
11070.4 0 0.0027674
11143.9 0 0.00286703
11212.1 0 0.00296716
11276 0 0.00306755
11335.9 0 0.00316818
11392.3 0 0.00326902
11445.5 0 0.00337005
11495.9 0 0.00347127
11543.8 0 0.00357264
11589.3 0 0.00367417
11632.4 0 0.00377599
11673.3 0 0.00387815
11712.4 0 0.00398043
11749.8 0 0.00408283
11785.6 0 0.00418533
11820.1 0 0.00428793
11853.2 0 0.00439061
11885.1 0 0.00449336
11915.6 0 0.00459655
11945 0 0.00470005
11972.9 0 0.00480382
11999.8 0 0.00490767
12025.7 0 0.00501158
12050.7 0 0.00511563
12074.7 0 0.00522017
12097.7 0 0.00532475
12119.8 0 0.00542937
12141.1 0 0.00553402
12161.8 0 0.00563869
12181.9 0 0.00574338
12201.4 0 0.00584809
12220.3 0 0.00595281
12238.6 0 0.00605754
12256.3 0 0.00616227
12273.3 0 0.00626718
12289.7 0 0.00637219
12305.5 0 0.0064772
12320.9 0 0.00658221
12335.7 0 0.00668717
12349.8 0 0.00679199
12363.5 0 0.00689679
12376.5 0 0.00700243
12388.8 0 0.00710874
12400.7 0 0.00721505
12412.4 0 0.00732134
12423.7 0 0.00742761
12434.7 0 0.00753386
12445.5 0 0.0076401
12455.9 0 0.00774631
12466.1 0 0.00785251
12476 0 0.00795869
12485.7 0 0.00806485
12495.1 0 0.008171
12504.3 0 0.00827714
12513.2 0 0.00838327
12521.8 0 0.0084894
12530.3 0 0.00859551
12538.4 0 0.00870162
12546.4 0 0.00880773
12554.2 0 0.00891383
12561.7 0 0.00901992
12569 0 0.009126
12576.2 0 0.00923207
12583.1 0 0.00933813
12589.9 0 0.00944418
12596.5 0 0.00955021
12603 0 0.00965622
12609.3 0 0.00976222
12615.5 0 0.00986819
12621.6 0 0.00997414
12627.5 0 0.0100801
12633.3 0 0.0101861
12638.9 0 0.0102926
12644.3 0 0.0103995
12649.5 0 0.0105067
12654.6 0 0.0106139
12659.6 0 0.010721
12664.4 0 0.010828
12669.2 0 0.010935
12673.9 0 0.0110421
12678.6 0 0.0111491
12683.1 0 0.011256
12687.6 0 0.011363
12692 0 0.01147
12696.3 0 0.011577
12700.6 0 0.0116839
12704.8 0 0.0117909
12708.9 0 0.0118978
12713 0 0.0120048
12717 0 0.0121117
12720.9 0 0.0122187
12724.7 0 0.0123256
12728.5 0 0.0124326
12732.1 0 0.0125395
12735.7 0 0.0126463
12739.2 0 0.0127531
12742.7 0 0.0128599
12746 0 0.0129667
12749.3 0 0.0130735
12752.5 0 0.0131803
12755.5 0 0.0132873
12758.3 0 0.0133942
12761.2 0 0.0135012
12763.9 0 0.0136081
12766.6 0 0.0137151
12769.2 0 0.013822
12771.7 0 0.0139293
12774.1 0 0.0140369
12776.4 0 0.0141445
12778.6 0 0.0142521
12780.8 0 0.0143598
12783 0 0.0144674
12785.1 0 0.014575
12787.2 0 0.0146826
12789.2 0 0.0147902
12791.2 0 0.0148978
12793.2 0 0.0150053
12795.1 0 0.0151129
12797 0 0.0152204
12798.8 0 0.015328
12800.6 0 0.0154355
12802.4 0 0.015543
12804.2 0 0.0156505
12805.9 0 0.0157579
12807.7 0 0.0158654
12809.4 0 0.0159728
12811 0 0.0160803
12812.7 0 0.0161877
12814.3 0 0.016295
12815.9 0 0.0164024
12817.5 0 0.0165098
12819.1 0 0.0166171
12820.7 0 0.0167244
12822.2 0 0.0168317
12823.7 0 0.016939
12825.2 0 0.0170463
12826.7 0 0.0171535
12828.2 0 0.0172607
12829.7 0 0.017368
12831.1 0 0.0174751
12832.6 0 0.0175823
12834 0 0.0176895
12835.4 0 0.0177966
12836.8 0 0.0179038
12838.2 0 0.0180109
12839.5 0 0.018118
12840.9 0 0.0182251
12842.2 0 0.0183321
12843.6 0 0.0184392
12844.9 0 0.0185462
12846.2 0 0.0186533
12847.5 0 0.0187603
12848.7 0 0.0188673
12850 0 0.0189743
12851.3 0 0.0190813
12852.5 0 0.0191882
12853.7 0 0.0192952
12855 0 0.0194021
12856.2 0 0.0195091
12857.4 0 0.019616
12858.5 0 0.0197229
12859.7 0 0.0198299
12860.9 0 0.0199367
12862 0 0.0200436
12863.1 0 0.0201505
12864.3 0 0.0202573
12865.4 0 0.0203642
12866.4 0 0.020471
12867.5 0 0.0205779
12868.6 0 0.0206847
12869.6 0 0.0207915
12870.7 0 0.0208984
12871.7 0 0.0210052
12872.7 0 0.0211121
12873.7 0 0.0212189
12874.7 0 0.0213257
12875.7 0 0.0214325
12876.6 0 0.0215394
12877.5 0 0.0216462
12878.5 0 0.021753
12879.4 0 0.0218599
12880.3 0 0.0219667
12881.2 0 0.0220736
12882 0 0.0221804
12882.9 0 0.0222873
12883.7 0 0.0223941
12884.6 0 0.022501
12885.4 0 0.0226078
12886.2 0 0.0227147
12886.9 0 0.0228216
12887.7 0 0.0229285
12888.5 0 0.0230353
12889.2 0 0.0231422
12889.9 0 0.0232491
12890.6 0 0.023356
12891.3 0 0.0234629
12892 0 0.0235698
12892.7 0 0.0236767
12893.3 0 0.0237836
12894 0 0.0238905
12894.6 0 0.0239974
12895.2 0 0.0241044
12895.8 0 0.0242113
12896.4 0 0.0243182
12897 0 0.0244251
12897.6 0 0.024532
12898.1 0 0.024639
12898.7 0 0.0247459
12899.2 0 0.0248528
12899.8 0 0.0249597
12900.3 0 0.0250667
12900.7 0 0.0251743
12901.2 0 0.0252819
12901.6 0 0.0253896
12902 0 0.0254972
12902.5 0 0.0256048
12902.9 0 0.0257125
12903.3 0 0.0258201
12903.7 0 0.0259277
12904.1 0 0.0260354
12904.5 0 0.026143
12904.8 0 0.0262506
12905.2 0 0.0263583
12905.5 0 0.0264659
12905.9 0 0.0265736
12906.2 0 0.0266812
12906.6 0 0.0267888
12906.9 0 0.0268965
12907.2 0 0.0270041
12907.5 0 0.0271117
12907.9 0 0.0272193
12908.2 0 0.027327
12908.5 0 0.0274346
12908.8 0 0.0275422
12909 0 0.0276498
12909.3 0 0.0277574
12909.6 0 0.027865
12909.9 0 0.0279726
12910.2 0 0.0280802
12910.4 0 0.0281878
12910.7 0 0.0282954
12910.9 0 0.0284029
12911.2 0 0.0285105
12911.4 0 0.0286181
12911.7 0 0.0287257
12911.9 0 0.0288332
12912.2 0 0.0289408
12912.4 0 0.0290483
12912.6 0 0.0291558
12912.9 0 0.0292634
12913.1 0 0.0293709
12913.3 0 0.0294784
12913.5 0 0.029586
12913.7 0 0.0296935
12913.9 0 0.029801
12914.1 0 0.0299085
12914.3 0 0.030016
12914.5 0 0.0301234
12914.7 0 0.0302309
12914.9 0 0.0303384
12915.1 0 0.0304459
12915.3 0 0.0305533
12915.5 0 0.0306608
12915.7 0 0.0307682
12915.9 0 0.0308757
12916 0 0.0309831
12916.2 0 0.0310905
12916.4 0 0.0311979
12916.6 0 0.0313053
12916.7 0 0.0314128
12916.9 0 0.0315202
12917 0 0.0316275
12917.2 0 0.0317349
12917.4 0 0.0318423
12917.5 0 0.0319497
12917.7 0 0.0320571
12917.8 0 0.0321644
12918 0 0.0322718
12918.1 0 0.0323791
12918.2 0 0.0324864
12918.4 0 0.0325938
12918.5 0 0.0327011
12918.7 0 0.0328084
12918.8 0 0.0329157
12918.9 0 0.033023
12919.1 0 0.0331303
12919.3 0 0.0332376
12919.6 0 0.0333448
12920.2 0 0.033452
12921.1 0 0.0335591
12922.2 0 0.0336661
12923.4 0 0.033773
12924.8 0 0.0338799
12926.3 0 0.0339868
12927.9 0 0.0340936
12929.8 0 0.0342004
12931.8 0 0.0343071
12933.7 0 0.0344138
12935.7 0 0.0345205
12937.6 0 0.0346272
12939.6 0 0.0347339
12941.8 0 0.0348405
12944.1 0 0.0349471
12946.6 0 0.0350535
12949.3 0 0.03516
12951.9 0 0.0352665
12954.5 0 0.0353729
12957.1 0 0.0354793
12959.7 0 0.0355858
12962.3 0 0.0356922
12964.9 0 0.0357986
12967.5 0 0.035905
12970.2 0 0.0360113
12973 0 0.0361176
12976 0 0.0362239
12979.1 0 0.0363301
12982.4 0 0.0364363
12985.6 0 0.0365424
12988.8 0 0.0366484
12992 0 0.0367544
12995.2 0 0.0368603
12998.4 0 0.0369663
13001.6 0 0.0370722
13004.8 0 0.0371782
13008 0 0.0372841
13011.2 0 0.03739
13014.4 0 0.0374959
13017.6 0 0.0376018
13020.9 0 0.0377076
13024.2 0 0.0378134
13027.7 0 0.0379192
13031.3 0 0.0380248
13035 0 0.0381305
13038.8 0 0.0382361
13042.5 0 0.0383416
13046.3 0 0.0384472
13050 0 0.0385528
13053.7 0 0.0386583
13057.5 0 0.0387638
13061.2 0 0.0388694
13064.9 0 0.0389749
13068.7 0 0.0390803
13072.4 0 0.0391858
13076.1 0 0.0392913
13079.8 0 0.0393967
13083.5 0 0.0395021
13087.2 0 0.0396076
13090.9 0 0.039713
13094.6 0 0.0398183
13098.4 0 0.0399237
13102.2 0 0.040029
13106.1 0 0.0401342
13110 0 0.0402394
13114.2 0 0.0403445
13118.4 0 0.0404496
13122.6 0 0.0405547
13126.8 0 0.0406597
13130.9 0 0.0407647
13135.1 0 0.0408698
13139.3 0 0.0409747
13143.5 0 0.0410797
13147.6 0 0.0411847
13151.8 0 0.0412896
13155.9 0 0.0413945
13160.1 0 0.0414995
13164.3 0 0.0416043
13168.4 0 0.0417092
13172.5 0 0.0418141
13176.7 0 0.0419189
13180.8 0 0.0420237
13185 0 0.0421285
13189.1 0 0.0422333
13193.2 0 0.042338
13197.4 0 0.0424428
13201.5 0 0.0425475
13205.6 0 0.0426522
13209.7 0 0.0427569
13213.9 0 0.0428615
13218.1 0 0.0429661
13222.4 0 0.0430706
13226.7 0 0.0431751
13231.2 0 0.0432794
13235.7 0 0.0433838
13240.2 0 0.0434881
13244.8 0 0.0435924
13249.3 0 0.0436967
13253.8 0 0.0438009
13258.3 0 0.0439052
13262.8 0 0.0440094
13267.3 0 0.0441135
13271.8 0 0.0442177
13276.3 0 0.0443218
13280.8 0 0.044426
13285.3 0 0.0445301
13289.8 0 0.0446341
13294.3 0 0.0447382
13298.7 0 0.0448422
13303.2 0 0.0449462
13307.7 0 0.0450502
13312.2 0 0.0451541
13316.6 0 0.0452581
13321.1 0 0.045362
13325.5 0 0.0454658
13330 0 0.0455697
13334.4 0 0.0456735
13338.9 0 0.0457773
13343.3 0 0.0458811
13347.7 0 0.0459849
13352.2 0 0.0460886
13356.6 0 0.0461923
13361 0 0.046296
13365.5 0 0.0463997
13369.9 0 0.0465033
13374.3 0 0.0466069
13378.8 0 0.0467104
13383.3 0 0.0468138
13387.9 0 0.0469172
13392.5 0 0.0470206
13397.2 0 0.0471238
13402 0 0.047227
13406.7 0 0.0473302
13411.5 0 0.0474334
13416.2 0 0.0475365
13420.9 0 0.0476396
13425.7 0 0.0477427
13430.4 0 0.0478457
13435.1 0 0.0479488
13439.8 0 0.0480517
13444.5 0 0.0481547
13449.3 0 0.0482577
13454 0 0.0483606
13458.7 0 0.0484635
13463.4 0 0.0485663
13468.1 0 0.0486691
13472.8 0 0.0487719
13477.4 0 0.0488747
13482.1 0 0.0489774
13486.8 0 0.0490802
13491.5 0 0.0491828
13496.2 0 0.0492855
13500.8 0 0.0493881
13505.5 0 0.0494907
13510.1 0 0.0495933
13514.8 0 0.0496958
13519.5 0 0.0497984
13524.1 0 0.0499008
13528.8 0 0.0500033
13533.4 0 0.0501057
13538 0 0.0502081
13542.7 0 0.0503105
13547.3 0 0.0504128
13551.9 0 0.0505152
13556.6 0 0.0506174
13561.2 0 0.0507197
13565.8 0 0.0508219
13570.4 0 0.0509241
13575 0 0.0510263
13579.6 0 0.0511284
13584.2 0 0.0512306
13588.8 0 0.0513326
13593.4 0 0.0514347
13598 0 0.0515367
13602.7 0 0.0516386
13607.4 0 0.0517404
13612.1 0 0.0518422
13616.8 0 0.0519439
13621.6 0 0.0520455
13410.3 0 0.0520131
13470.1 0 0.0520735
13494.5 0 0.0521486
