0 -58.4752 -2.26119e-06
634.56 -827.553 -3.20534e-05
1173.57 -1474.81 -5.72561e-05
1709.92 -2118.79 -8.24961e-05
2243.81 -2761.84 -0.0001079
2775.24 -3404.4 -0.000133517
3304.22 -4045.84 -0.000159352
3830.74 -4685.83 -0.000185419
4354.77 -5323.91 -0.000211727
4876.15 -5959.41 -0.000238272
5394.56 -6591.54 -0.000265048
5909.16 -7219.17 -0.00029203
6418.2 -7840.54 -0.00031916
6918.36 -8452.74 -0.000346329
7403.99 -9051.12 -0.000373334
7866.83 -9629.64 -0.000399896
8297.18 -10180.9 -0.000425645
8686.59 -10698.4 -0.00045024
9030.8 -11179.2 -0.000473471
9330.49 -11622.5 -0.000495233
9590.04 -12031.6 -0.000515624
9815.21 -12409.9 -0.000534761
10011.7 -12761.5 -0.000552792
10184.8 -13091.3 -0.00056993
10338.5 -13401.9 -0.00058628
10475.8 -13690.6 -0.000601668
10599.4 -13962.3 -0.00061632
10711.4 -14217.7 -0.000630249
10812.7 -14453.3 -0.000643235
10905.5 -14678.5 -0.000655777
10991.1 -14894.4 -0.000667923
11070.4 -15102 -0.000679715
11143.9 -15300.8 -0.000691115
11212.1 -15488.9 -0.000701999
11276 -15670.6 -0.000712611
11335.9 -15846.6 -0.000722977
11392.3 -16017.3 -0.000733119
11445.5 -16183.2 -0.000743058
11495.9 -16344.6 -0.000752812
11543.8 -16502 -0.000762398
11589.3 -16655.5 -0.000771828
11632.4 -16803.6 -0.000780994
11673.3 -16945.6 -0.000789859
11712.4 -17084.6 -0.000798596
11749.8 -17220.7 -0.000807218
11785.6 -17354.2 -0.000815734
11820.1 -17485.1 -0.000824154
11853.2 -17613.8 -0.000832488
11885.1 -17740.3 -0.000840744
11915.6 -17863.6 -0.000848844
11945 -17984.1 -0.000856823
11972.9 -18097.5 -0.000864379
11999.8 -18208.8 -0.000871846
12025.7 -18318.5 -0.000879257
12050.7 -18426.3 -0.000886589
12074.7 -18530.5 -0.000893719
12097.7 -18631.8 -0.000900695
12119.8 -18728 -0.000907367
12141.1 -18823.4 -0.000914013
12161.8 -18917.8 -0.000920637
12181.9 -19011.4 -0.000927245
12201.4 -19104.3 -0.00093384
12220.3 -19196.5 -0.000940426
12238.6 -19288 -0.000947005
12256.3 -19379 -0.000953579
12273.3 -19466.4 -0.000959937
12289.7 -19551.7 -0.000966178
12305.5 -19636.5 -0.000972419
12320.9 -19720.9 -0.000978666
12335.7 -19803.1 -0.000984787
12349.8 -19880 -0.00099054
12363.5 -19956.6 -0.000996304
12376.5 -20029.9 -0.00100185
12388.8 -20098.9 -0.0010071
12400.7 -20167.9 -0.00101237
12412.4 -20236.7 -0.00101765
12423.7 -20305.5 -0.00102296
12434.7 -20374.3 -0.0010283
12445.5 -20443 -0.00103365
12455.9 -20511.6 -0.00103903
12466.1 -20580.2 -0.00104444
12476 -20648.8 -0.00104986
12485.7 -20717.2 -0.00105531
12495.1 -20785.5 -0.00106077
12504.3 -20853.6 -0.00106625
12513.2 -20921.6 -0.00107175
12521.8 -20989.4 -0.00107726
12530.3 -21057 -0.00108278
12538.4 -21124.4 -0.00108831
12546.4 -21191.6 -0.00109386
12554.2 -21258.5 -0.00109942
12561.7 -21325.2 -0.00110499
12569 -21391.8 -0.00111057
12576.2 -21458.1 -0.00111617
12583.1 -21524.3 -0.00112178
12589.9 -21590.2 -0.00112741
12596.5 -21656.1 -0.00113306
12603 -21721.8 -0.00113872
12609.3 -21787.4 -0.00114441
12615.5 -21852.8 -0.00115012
12621.6 -21918.2 -0.00115585
12627.5 -21983.5 -0.00116161
12633.3 -22048 -0.00116733
12638.9 -22110.6 -0.00117292
12644.3 -22171.3 -0.00117836
12649.5 -22231 -0.00118374
12654.6 -22289.8 -0.00118907
12659.6 -22345.5 -0.00119415
12664.4 -22401.3 -0.00119925
12669.2 -22457 -0.00120438
12673.9 -22512.7 -0.00120953
12678.6 -22568.3 -0.0012147
12683.1 -22623.9 -0.0012199
12687.6 -22679.4 -0.00122512
12692 -22734.8 -0.00123035
12696.3 -22790.2 -0.00123561
12700.6 -22845.5 -0.00124088
12704.8 -22900.6 -0.00124617
12708.9 -22955.6 -0.00125148
12713 -23010.5 -0.0012568
12717 -23065.2 -0.00126214
12720.9 -23119.7 -0.00126748
12724.7 -23174.1 -0.00127284
12728.5 -23228.3 -0.00127821
12732.1 -23280.8 -0.00128345
12735.7 -23331.7 -0.00128855
12739.2 -23382.5 -0.00129365
12742.7 -23433 -0.00129877
12746 -23483.3 -0.00130388
12749.3 -23533.3 -0.001309
12752.5 -23581.8 -0.00131399
12755.5 -23622.8 -0.00131822
12758.3 -23662.7 -0.00132235
12761.2 -23702.2 -0.00132648
12763.9 -23741.5 -0.00133059
12766.6 -23780.5 -0.00133468
12769.2 -23819.3 -0.00133877
12771.7 -23855.6 -0.00134262
12774.1 -23888.8 -0.00134616
12776.4 -23921.8 -0.00134968
12778.6 -23954.6 -0.00135319
12780.8 -23987.1 -0.00135668
12783 -24019.5 -0.00136018
12785.1 -24051.7 -0.00136366
12787.2 -24083.7 -0.00136714
12789.2 -24115.6 -0.00137061
12791.2 -24147.3 -0.00137409
12793.2 -24178.9 -0.00137756
12795.1 -24210.5 -0.00138104
12797 -24241.9 -0.00138452
12798.8 -24273.3 -0.001388
12800.6 -24304.6 -0.00139149
12802.4 -24335.8 -0.00139499
12804.2 -24367.1 -0.00139849
12805.9 -24398.3 -0.00140201
12807.7 -24429.4 -0.00140553
12809.4 -24460.6 -0.00140907
12811 -24491.8 -0.00141262
12812.7 -24522.9 -0.00141618
12814.3 -24554.1 -0.00141976
12815.9 -24585.3 -0.00142335
12817.5 -24616.5 -0.00142696
12819.1 -24647.7 -0.00143059
12820.7 -24678.9 -0.00143423
12822.2 -24710.2 -0.00143788
12823.7 -24741.5 -0.00144156
12825.2 -24772.8 -0.00144525
12826.7 -24804.1 -0.00144895
12828.2 -24835.4 -0.00145268
12829.7 -24866.8 -0.00145642
12831.1 -24898.2 -0.00146018
12832.6 -24929.6 -0.00146396
12834 -24961.1 -0.00146776
12835.4 -24992.5 -0.00147157
12836.8 -25024 -0.0014754
12838.2 -25055.5 -0.00147925
12839.5 -25087 -0.00148311
12840.9 -25118.5 -0.001487
12842.2 -25150 -0.00149089
12843.6 -25181.5 -0.00149481
12844.9 -25213 -0.00149874
12846.2 -25244.5 -0.00150269
12847.5 -25276 -0.00150665
12848.7 -25307.4 -0.00151062
12850 -25338.9 -0.00151462
12851.3 -25370.3 -0.00151862
12852.5 -25401.7 -0.00152264
12853.7 -25433.1 -0.00152667
12855 -25464.4 -0.00153072
12856.2 -25495.7 -0.00153477
12857.4 -25526.9 -0.00153884
12858.5 -25558.1 -0.00154292
12859.7 -25589.3 -0.00154702
12860.9 -25620.4 -0.00155112
12862 -25651.4 -0.00155524
12863.1 -25682.4 -0.00155936
12864.3 -25713.3 -0.0015635
12865.4 -25744.1 -0.00156764
12866.4 -25774.8 -0.00157178
12867.5 -25805.5 -0.00157594
12868.6 -25836 -0.00158009
12869.6 -25866.4 -0.00158426
12870.7 -25896.7 -0.00158842
12871.7 -25926.9 -0.00159259
12872.7 -25957 -0.00159676
12873.7 -25986.9 -0.00160093
12874.7 -26016.7 -0.00160511
12875.7 -26046.4 -0.00160928
12876.6 -26076 -0.00161345
12877.5 -26105.3 -0.00161762
12878.5 -26134.6 -0.00162179
12879.4 -26163.7 -0.00162596
12880.3 -26192.6 -0.00163012
12881.2 -26221.4 -0.00163428
12882 -26250 -0.00163843
12882.9 -26278.4 -0.00164258
12883.7 -26306.7 -0.00164672
12884.6 -26334.8 -0.00165086
12885.4 -26362.7 -0.00165498
12886.2 -26390.4 -0.00165911
12886.9 -26418 -0.00166322
12887.7 -26445.4 -0.00166732
12888.5 -26472.6 -0.00167142
12889.2 -26499.6 -0.00167551
12889.9 -26526.5 -0.00167959
12890.6 -26553.1 -0.00168366
12891.3 -26579.6 -0.00168772
12892 -26605.9 -0.00169178
12892.7 -26632 -0.00169582
12893.3 -26658 -0.00169985
12894 -26683.8 -0.00170388
12894.6 -26709.4 -0.0017079
12895.2 -26734.8 -0.0017119
12895.8 -26760.1 -0.0017159
12896.4 -26785.2 -0.00171989
12897 -26810.1 -0.00172388
12897.6 -26834.9 -0.00172785
12898.1 -26859.5 -0.00173182
12898.7 -26884 -0.00173578
12899.2 -26908.3 -0.00173974
12899.8 -26932.5 -0.00174368
12900.3 -26956.3 -0.0017476
12900.7 -26977.7 -0.00175112
12901.2 -26998.9 -0.00175463
12901.6 -27020 -0.00175814
12902 -27041 -0.00176164
12902.5 -27061.9 -0.00176513
12902.9 -27082.7 -0.00176862
12903.3 -27103.3 -0.00177211
12903.7 -27123.8 -0.00177559
12904.1 -27144.3 -0.00177906
12904.5 -27164.6 -0.00178253
12904.8 -27184.8 -0.001786
12905.2 -27205 -0.00178947
12905.5 -27225 -0.00179293
12905.9 -27245 -0.0017964
12906.2 -27264.9 -0.00179986
12906.6 -27284.7 -0.00180332
12906.9 -27304.4 -0.00180678
12907.2 -27324 -0.00181025
12907.5 -27343.6 -0.00181371
12907.9 -27363.1 -0.00181717
12908.2 -27382.5 -0.00182064
12908.5 -27401.9 -0.00182411
12908.8 -27421.2 -0.00182758
12909 -27440.4 -0.00183105
12909.3 -27459.6 -0.00183453
12909.6 -27478.7 -0.00183801
12909.9 -27497.8 -0.00184149
12910.2 -27516.8 -0.00184498
12910.4 -27535.7 -0.00184847
12910.7 -27554.6 -0.00185196
12910.9 -27573.4 -0.00185546
12911.2 -27592.2 -0.00185897
12911.4 -27611 -0.00186247
12911.7 -27629.6 -0.00186599
12911.9 -27648.3 -0.00186951
12912.2 -27666.9 -0.00187303
12912.4 -27685.4 -0.00187656
12912.6 -27703.9 -0.0018801
12912.9 -27722.4 -0.00188364
12913.1 -27740.8 -0.00188719
12913.3 -27759.2 -0.00189075
12913.5 -27777.5 -0.00189431
12913.7 -27795.8 -0.00189788
12913.9 -27814 -0.00190145
12914.1 -27832.2 -0.00190503
12914.3 -27850.3 -0.00190862
12914.5 -27868.4 -0.00191222
12914.7 -27886.5 -0.00191582
12914.9 -27904.5 -0.00191943
12915.1 -27922.5 -0.00192304
12915.3 -27940.5 -0.00192667
12915.5 -27958.4 -0.0019303
12915.7 -27976.2 -0.00193394
12915.9 -27994 -0.00193758
12916 -28011.8 -0.00194123
12916.2 -28029.5 -0.00194489
12916.4 -28047.2 -0.00194856
12916.6 -28064.9 -0.00195224
12916.7 -28082.5 -0.00195592
12916.9 -28100.1 -0.00195961
12917 -28117.6 -0.00196331
12917.2 -28135.1 -0.00196701
12917.4 -28152.5 -0.00197073
12917.5 -28169.9 -0.00197445
12917.7 -28187.3 -0.00197817
12917.8 -28204.6 -0.00198191
12918 -28221.9 -0.00198566
12918.1 -28239.1 -0.00198941
12918.2 -28256.3 -0.00199317
12918.4 -28273.5 -0.00199693
12918.5 -28290.6 -0.00200071
12918.7 -28307.6 -0.00200449
12918.8 -28324.6 -0.00200828
12918.9 -28341.6 -0.00201208
12919.1 -28358.6 -0.00201589
12919.3 -28375.6 -0.00201973
12919.6 -28392.7 -0.00202362
12920.2 -28410.1 -0.00202759
12921.1 -28427.9 -0.00203167
12922.2 -28446 -0.00203583
12923.4 -28464.2 -0.00204004
12924.8 -28482.5 -0.0020443
12926.3 -28500.9 -0.00204861
12927.9 -28519.5 -0.00205298
12929.8 -28538.4 -0.00205744
12931.8 -28557.3 -0.00206194
12933.7 -28576.1 -0.00206644
12935.7 -28594.9 -0.00207095
12937.6 -28613.6 -0.00207548
12939.6 -28632.4 -0.00208004
12941.8 -28651.3 -0.00208466
12944.1 -28670.3 -0.00208934
12946.6 -28689.5 -0.0020941
12949.3 -28708.8 -0.00209891
12951.9 -28728.1 -0.00210373
12954.5 -28747.3 -0.00210856
12957.1 -28766.4 -0.0021134
12959.7 -28785.4 -0.00211825
12962.3 -28804.3 -0.00212311
12964.9 -28823.2 -0.00212799
12967.5 -28842.1 -0.00213288
12970.2 -28860.9 -0.00213781
12973 -28879.9 -0.0021428
12976 -28899 -0.00214784
12979.1 -28918.2 -0.00215297
12982.4 -28937.5 -0.00215815
12985.6 -28956.8 -0.00216334
12988.8 -28976 -0.00216857
12992 -28995.2 -0.00217382
12995.2 -29014.3 -0.00217908
12998.4 -29033.3 -0.00218435
13001.6 -29052.3 -0.00218964
13004.8 -29071.1 -0.00219494
13008 -29089.9 -0.00220025
13011.2 -29108.6 -0.00220558
13014.4 -29127.2 -0.00221092
13017.6 -29145.8 -0.00221628
13020.9 -29164.3 -0.00222168
13024.2 -29182.9 -0.00222713
13027.7 -29201.6 -0.00223264
13031.3 -29220.4 -0.00223821
13035 -29239.3 -0.00224389
13038.8 -29258.1 -0.00224956
13042.5 -29276.8 -0.00225525
13046.3 -29295.5 -0.00226096
13050 -29314 -0.00226668
13053.7 -29332.4 -0.00227242
13057.5 -29350.8 -0.00227817
13061.2 -29369.1 -0.00228394
13064.9 -29387.3 -0.00228973
13068.7 -29405.4 -0.00229553
13072.4 -29423.4 -0.00230135
13076.1 -29441.3 -0.00230718
13079.8 -29459.1 -0.00231303
13083.5 -29476.8 -0.0023189
13087.2 -29494.5 -0.00232479
13090.9 -29512 -0.00233069
13094.6 -29529.5 -0.00233661
13098.4 -29546.9 -0.00234256
13102.2 -29564.3 -0.00234857
13106.1 -29581.8 -0.00235463
13110 -29599.3 -0.00236075
13114.2 -29616.9 -0.00236697
13118.4 -29634.5 -0.00237323
13122.6 -29651.9 -0.00237951
13126.8 -29669.3 -0.00238581
13130.9 -29686.6 -0.00239214
13135.1 -29703.8 -0.00239848
13139.3 -29720.8 -0.00240484
13143.5 -29737.8 -0.00241122
13147.6 -29754.7 -0.00241762
13151.8 -29771.5 -0.00242404
13155.9 -29788.2 -0.00243048
13160.1 -29804.8 -0.00243695
13164.3 -29821.2 -0.00244343
13168.4 -29837.6 -0.00244994
13172.5 -29853.9 -0.00245646
13176.7 -29870.1 -0.00246301
13180.8 -29886.2 -0.00246958
13185 -29902.2 -0.00247617
13189.1 -29918.1 -0.00248279
13193.2 -29933.9 -0.00248942
13197.4 -29949.6 -0.00249608
13201.5 -29965.1 -0.00250276
13205.6 -29980.6 -0.00250947
13209.7 -29996 -0.00251619
13213.9 -30011.3 -0.00252296
13218.1 -30026.7 -0.00252979
13222.4 -30041.9 -0.00253668
13226.7 -30057.2 -0.00254363
13231.2 -30072.5 -0.00255067
13235.7 -30087.8 -0.00255778
13240.2 -30103 -0.00256492
13244.8 -30118 -0.00257208
13249.3 -30133 -0.00257927
13253.8 -30147.8 -0.00258648
13258.3 -30162.5 -0.00259372
13262.8 -30177.2 -0.00260099
13267.3 -30191.7 -0.00260828
13271.8 -30206.1 -0.0026156
13276.3 -30220.3 -0.00262295
13280.8 -30234.5 -0.00263032
13285.3 -30248.6 -0.00263772
13289.8 -30262.5 -0.00264515
13294.3 -30276.3 -0.00265261
13298.7 -30290 -0.00266009
13303.2 -30303.6 -0.0026676
13307.7 -30317.1 -0.00267514
13312.2 -30330.5 -0.00268271
13316.6 -30343.7 -0.0026903
13321.1 -30356.8 -0.00269792
13325.5 -30369.8 -0.00270557
13330 -30382.7 -0.00271325
13334.4 -30395.5 -0.00272096
13338.9 -30408.1 -0.00272869
13343.3 -30420.7 -0.00273646
13347.7 -30433.1 -0.00274425
13352.2 -30445.4 -0.00275207
13356.6 -30457.5 -0.00275992
13361 -30469.6 -0.0027678
13365.5 -30481.5 -0.0027757
13369.9 -30493.3 -0.00278364
13374.3 -30505 -0.00279161
13378.8 -30516.6 -0.00279964
13383.3 -30528.2 -0.00280774
13387.9 -30539.6 -0.00281591
13392.5 -30551 -0.00282413
13397.2 -30562.3 -0.00283247
13402 -30573.6 -0.00284087
13406.7 -30584.7 -0.0028493
13411.5 -30595.7 -0.00285776
13416.2 -30606.6 -0.00286626
13420.9 -30617.3 -0.00287478
13425.7 -30627.9 -0.00288334
13430.4 -30638.4 -0.00289193
13435.1 -30648.7 -0.00290055
13439.8 -30658.9 -0.0029092
13444.5 -30668.9 -0.00291789
13449.3 -30678.8 -0.0029266
13454 -30688.6 -0.00293535
13458.7 -30698.2 -0.00294412
13463.4 -30707.7 -0.00295293
13468.1 -30717 -0.00296178
13472.8 -30726.2 -0.00297065
13477.4 -30735.3 -0.00297955
13482.1 -30744.2 -0.00298849
13486.8 -30753 -0.00299745
13491.5 -30761.6 -0.00300645
13496.2 -30770.1 -0.00301548
13500.8 -30778.5 -0.00302454
13505.5 -30786.7 -0.00303363
13510.1 -30794.7 -0.00304276
13514.8 -30802.6 -0.00305191
13519.5 -30810.4 -0.0030611
13524.1 -30818.1 -0.00307032
13528.8 -30825.5 -0.00307957
13533.4 -30832.9 -0.00308885
13538 -30840.1 -0.00309816
13542.7 -30847.1 -0.0031075
13547.3 -30854.1 -0.00311688
13551.9 -30860.8 -0.00312628
13556.6 -30867.4 -0.00313572
13561.2 -30873.9 -0.00314519
13565.8 -30880.2 -0.00315469
13570.4 -30886.4 -0.00316422
13575 -30892.4 -0.00317378
13579.6 -30898.3 -0.00318337
13584.2 -30904.1 -0.00319299
13588.8 -30909.7 -0.00320265
13593.4 -30915.1 -0.00321233
13598 -30920.4 -0.00322206
13602.7 -30925.6 -0.00323184
13607.4 -30930.6 -0.00324168
13612.1 -30935.6 -0.00325159
13616.8 -30940.3 -0.00326156
13621.6 -30945 -0.00327162
13410.3 -30994.4 -0.00341696
13470.1 -31004.5 -0.00346884
13494.5 -31009.4 -0.00350597
