0 -58.4752 -2.26119e-06
634.56 0 3.13467e-05
1173.57 0 6.94794e-05
1709.92 0 0.000107585
2243.81 0 0.000145521
2775.24 0 0.000183251
3304.22 0 0.000220769
3830.74 0 0.000258056
4354.77 0 0.000295103
4876.15 0 0.00033191
5394.56 0 0.000368487
5909.16 0 0.000404858
6418.2 0 0.000441079
6918.36 0 0.000477262
7403.99 0 0.00051361
7866.83 0 0.0005504
8297.18 0 0.000588003
8686.59 0 0.000626766
9030.8 0 0.000666893
9330.49 0 0.000708469
9590.04 0 0.000751399
9815.21 0 0.000795514
10011.7 0 0.000840646
10184.8 0 0.000886643
10338.5 0 0.000933438
10475.8 0 0.000981458
10599.4 0 0.00103033
10711.4 0 0.00108001
10812.7 0 0.00113047
10905.5 0 0.00118138
10991.1 0 0.0012327
11070.4 0 0.00128438
11143.9 0 0.00133647
11212.1 0 0.00138908
11276 0 0.00144198
11335.9 0 0.00149512
11392.3 0 0.0015485
11445.5 0 0.00160209
11495.9 0 0.00165587
11543.8 0 0.00170982
11589.3 0 0.00176393
11632.4 0 0.00181828
11673.3 0 0.0018729
11712.4 0 0.00192765
11749.8 0 0.00198252
11785.6 0 0.0020375
11820.1 0 0.00209258
11853.2 0 0.00214774
11885.1 0 0.00220298
11915.6 0 0.00225817
11945 0 0.00231334
11972.9 0 0.00236905
11999.8 0 0.00242485
12025.7 0 0.0024807
12050.7 0 0.00253658
12074.7 0 0.00259246
12097.7 0 0.00264857
12119.8 0 0.00270518
12141.1 0 0.00276182
12161.8 0 0.00281848
12181.9 0 0.00287516
12201.4 0 0.00293184
12220.3 0 0.00298853
12238.6 0 0.00304523
12256.3 0 0.00310193
12273.3 0 0.00315887
12289.7 0 0.00321595
12305.5 0 0.00327302
12320.9 0 0.00333009
12335.7 0 0.00338742
12349.8 0 0.0034455
12363.5 0 0.00350357
12376.5 0 0.00356139
12388.8 0 0.00361922
12400.7 0 0.00367703
12412.4 0 0.00373481
12423.7 0 0.00379257
12434.7 0 0.0038503
12445.5 0 0.00390801
12455.9 0 0.00396569
12466.1 0 0.00402334
12476 0 0.00408096
12485.7 0 0.00413856
12495.1 0 0.00419614
12504.3 0 0.0042537
12513.2 0 0.00431124
12521.8 0 0.00436876
12530.3 0 0.00442626
12538.4 0 0.00448375
12546.4 0 0.00454122
12554.2 0 0.00459867
12561.7 0 0.00465611
12569 0 0.00471353
12576.2 0 0.00477094
12583.1 0 0.00482832
12589.9 0 0.00488569
12596.5 0 0.00494304
12603 0 0.00500037
12609.3 0 0.00505768
12615.5 0 0.00511496
12621.6 0 0.00517222
12627.5 0 0.00522945
12633.3 0 0.00528665
12638.9 0 0.0053438
12644.3 0 0.0054008
12649.5 0 0.00545773
12654.6 0 0.00551479
12659.6 0 0.00557235
12664.4 0 0.00562988
12669.2 0 0.00568739
12673.9 0 0.00574486
12678.6 0 0.00580231
12683.1 0 0.00585973
12687.6 0 0.00591712
12692 0 0.00597448
12696.3 0 0.00603181
12700.6 0 0.00608912
12704.8 0 0.0061464
12708.9 0 0.00620365
12713 0 0.00626088
12717 0 0.00631808
12720.9 0 0.00637525
12724.7 0 0.00643241
12728.5 0 0.00648954
12732.1 0 0.00654696
12735.7 0 0.00660469
12739.2 0 0.0066624
12742.7 0 0.0067201
12746 0 0.00677779
12749.3 0 0.00683547
12752.5 0 0.00689339
12755.5 0 0.00695253
12758.3 0 0.00701185
12761.2 0 0.00707118
12763.9 0 0.00713053
12766.6 0 0.0071899
12769.2 0 0.00724929
12771.7 0 0.00730888
12774.1 0 0.00736873
12776.4 0 0.00742861
12778.6 0 0.0074885
12780.8 0 0.00754842
12783 0 0.00760836
12785.1 0 0.00766831
12787.2 0 0.00772828
12789.2 0 0.00778826
12791.2 0 0.00784825
12793.2 0 0.00790825
12795.1 0 0.00796826
12797 0 0.00802827
12798.8 0 0.00808828
12800.6 0 0.00814829
12802.4 0 0.0082083
12804.2 0 0.00826831
12805.9 0 0.00832831
12807.7 0 0.00838831
12809.4 0 0.0084483
12811 0 0.00850828
12812.7 0 0.00856824
12814.3 0 0.0086282
12815.9 0 0.00868814
12817.5 0 0.00874807
12819.1 0 0.00880799
12820.7 0 0.00886789
12822.2 0 0.00892777
12823.7 0 0.00898764
12825.2 0 0.00904749
12826.7 0 0.00910732
12828.2 0 0.00916714
12829.7 0 0.00922694
12831.1 0 0.00928671
12832.6 0 0.00934648
12834 0 0.00940622
12835.4 0 0.00946594
12836.8 0 0.00952565
12838.2 0 0.00958533
12839.5 0 0.009645
12840.9 0 0.00970465
12842.2 0 0.00976428
12843.6 0 0.0098239
12844.9 0 0.00988349
12846.2 0 0.00994307
12847.5 0 0.0100026
12848.7 0 0.0100622
12850 0 0.0101217
12851.3 0 0.0101812
12852.5 0 0.0102407
12853.7 0 0.0103002
12855 0 0.0103597
12856.2 0 0.0104191
12857.4 0 0.0104785
12858.5 0 0.010538
12859.7 0 0.0105974
12860.9 0 0.0106568
12862 0 0.0107162
12863.1 0 0.0107756
12864.3 0 0.010835
12865.4 0 0.0108943
12866.4 0 0.0109537
12867.5 0 0.0110131
12868.6 0 0.0110724
12869.6 0 0.0111318
12870.7 0 0.0111911
12871.7 0 0.0112504
12872.7 0 0.0113098
12873.7 0 0.0113691
12874.7 0 0.0114284
12875.7 0 0.0114878
12876.6 0 0.0115471
12877.5 0 0.0116064
12878.5 0 0.0116658
12879.4 0 0.0117251
12880.3 0 0.0117844
12881.2 0 0.0118438
12882 0 0.0119031
12882.9 0 0.0119625
12883.7 0 0.0120219
12884.6 0 0.0120812
12885.4 0 0.0121406
12886.2 0 0.0122
12886.9 0 0.0122594
12887.7 0 0.0123188
12888.5 0 0.0123783
12889.2 0 0.0124377
12889.9 0 0.0124972
12890.6 0 0.0125566
12891.3 0 0.0126161
12892 0 0.0126756
12892.7 0 0.0127351
12893.3 0 0.0127946
12894 0 0.0128541
12894.6 0 0.0129137
12895.2 0 0.0129732
12895.8 0 0.0130328
12896.4 0 0.0130924
12897 0 0.013152
12897.6 0 0.0132116
12898.1 0 0.0132712
12898.7 0 0.0133308
12899.2 0 0.0133905
12899.8 0 0.0134501
12900.3 0 0.0135098
12900.7 0 0.0135697
12901.2 0 0.0136296
12901.6 0 0.0136895
12902 0 0.0137494
12902.5 0 0.0138093
12902.9 0 0.0138692
12903.3 0 0.0139292
12903.7 0 0.0139891
12904.1 0 0.0140491
12904.5 0 0.014109
12904.8 0 0.014169
12905.2 0 0.0142289
12905.5 0 0.0142889
12905.9 0 0.0143489
12906.2 0 0.0144088
12906.6 0 0.0144688
12906.9 0 0.0145288
12907.2 0 0.0145888
12907.5 0 0.0146487
12907.9 0 0.0147087
12908.2 0 0.0147687
12908.5 0 0.0148287
12908.8 0 0.0148886
12909 0 0.0149486
12909.3 0 0.0150086
12909.6 0 0.0150685
12909.9 0 0.0151285
12910.2 0 0.0151885
12910.4 0 0.0152484
12910.7 0 0.0153084
12910.9 0 0.0153683
12911.2 0 0.0154283
12911.4 0 0.0154882
12911.7 0 0.0155482
12911.9 0 0.0156081
12912.2 0 0.015668
12912.4 0 0.0157279
12912.6 0 0.0157878
12912.9 0 0.0158477
12913.1 0 0.0159076
12913.3 0 0.0159675
12913.5 0 0.0160274
12913.7 0 0.0160873
12913.9 0 0.0161472
12914.1 0 0.016207
12914.3 0 0.0162669
12914.5 0 0.0163267
12914.7 0 0.0163866
12914.9 0 0.0164464
12915.1 0 0.0165063
12915.3 0 0.0165661
12915.5 0 0.0166259
12915.7 0 0.0166857
12915.9 0 0.0167455
12916 0 0.0168053
12916.2 0 0.0168651
12916.4 0 0.0169248
12916.6 0 0.0169846
12916.7 0 0.0170444
12916.9 0 0.0171041
12917 0 0.0171639
12917.2 0 0.0172236
12917.4 0 0.0172833
12917.5 0 0.017343
12917.7 0 0.0174027
12917.8 0 0.0174624
12918 0 0.0175221
12918.1 0 0.0175818
12918.2 0 0.0176415
12918.4 0 0.0177011
12918.5 0 0.0177608
12918.7 0 0.0178204
12918.8 0 0.0178801
12918.9 0 0.0179397
12919.1 0 0.0179993
12919.3 0 0.0180589
12919.6 0 0.0181184
12920.2 0 0.0181779
12921.1 0 0.0182372
12922.2 0 0.0182964
12923.4 0 0.0183556
12924.8 0 0.0184147
12926.3 0 0.0184738
12927.9 0 0.0185328
12929.8 0 0.0185916
12931.8 0 0.0186505
12933.7 0 0.0187093
12935.7 0 0.0187682
12937.6 0 0.018827
12939.6 0 0.0188858
12941.8 0 0.0189445
12944.1 0 0.0190031
12946.6 0 0.0190617
12949.3 0 0.0191202
12951.9 0 0.0191786
12954.5 0 0.0192371
12957.1 0 0.0192956
12959.7 0 0.019354
12962.3 0 0.0194125
12964.9 0 0.0194709
12967.5 0 0.0195293
12970.2 0 0.0195876
12973 0 0.0196459
12976 0 0.0197042
12979.1 0 0.0197623
12982.4 0 0.0198204
12985.6 0 0.0198784
12988.8 0 0.0199365
12992 0 0.0199946
12995.2 0 0.0200527
12998.4 0 0.0201108
13001.6 0 0.0201688
13004.8 0 0.0202268
13008 0 0.0202848
13011.2 0 0.0203428
13014.4 0 0.0204008
13017.6 0 0.0204588
13020.9 0 0.0205167
13024.2 0 0.0205746
13027.7 0 0.0206324
13031.3 0 0.0206902
13035 0 0.0207478
13038.8 0 0.0208054
13042.5 0 0.020863
13046.3 0 0.0209206
13050 0 0.0209782
13053.7 0 0.0210357
13057.5 0 0.0210933
13061.2 0 0.0211508
13064.9 0 0.0212083
13068.7 0 0.0212658
13072.4 0 0.0213233
13076.1 0 0.0213807
13079.8 0 0.0214381
13083.5 0 0.0214956
13087.2 0 0.021553
13090.9 0 0.0216103
13094.6 0 0.0216677
13098.4 0 0.021725
13102.2 0 0.0217823
13106.1 0 0.0218395
13110 0 0.0218966
13114.2 0 0.0219537
13118.4 0 0.0220107
13122.6 0 0.0220676
13126.8 0 0.0221246
13130.9 0 0.0221815
13135.1 0 0.0222384
13139.3 0 0.0222953
13143.5 0 0.0223522
13147.6 0 0.022409
13151.8 0 0.0224658
13155.9 0 0.0225226
13160.1 0 0.0225794
13164.3 0 0.0226361
13168.4 0 0.0226928
13172.5 0 0.0227495
13176.7 0 0.0228062
13180.8 0 0.0228628
13185 0 0.0229194
13189.1 0 0.022976
13193.2 0 0.0230326
13197.4 0 0.0230892
13201.5 0 0.0231457
13205.6 0 0.0232022
13209.7 0 0.0232587
13213.9 0 0.0233151
13218.1 0 0.0233715
13222.4 0 0.0234278
13226.7 0 0.023484
13231.2 0 0.0235402
13235.7 0 0.0235962
13240.2 0 0.0236523
13244.8 0 0.0237083
13249.3 0 0.0237642
13253.8 0 0.0238202
13258.3 0 0.0238761
13262.8 0 0.023932
13267.3 0 0.0239878
13271.8 0 0.0240436
13276.3 0 0.0240994
13280.8 0 0.0241552
13285.3 0 0.0242109
13289.8 0 0.0242666
13294.3 0 0.0243223
13298.7 0 0.024378
13303.2 0 0.0244336
13307.7 0 0.0244891
13312.2 0 0.0245447
13316.6 0 0.0246002
13321.1 0 0.0246557
13325.5 0 0.0247112
13330 0 0.0247666
13334.4 0 0.024822
13338.9 0 0.0248773
13343.3 0 0.0249327
13347.7 0 0.024988
13352.2 0 0.0250432
13356.6 0 0.0250985
13361 0 0.0251537
13365.5 0 0.0252089
13369.9 0 0.025264
13374.3 0 0.0253191
13378.8 0 0.0253742
13383.3 0 0.0254292
13387.9 0 0.0254841
13392.5 0 0.0255389
13397.2 0 0.0255937
13402 0 0.0256483
13406.7 0 0.0257029
13411.5 0 0.0257575
13416.2 0 0.0258121
13420.9 0 0.0258666
13425.7 0 0.025921
13430.4 0 0.0259755
13435.1 0 0.0260299
13439.8 0 0.0260842
13444.5 0 0.0261386
13449.3 0 0.0261929
13454 0 0.0262471
13458.7 0 0.0263014
13463.4 0 0.0263556
13468.1 0 0.0264097
13472.8 0 0.0264638
13477.4 0 0.0265179
13482.1 0 0.026572
13486.8 0 0.026626
13491.5 0 0.02668
13496.2 0 0.026734
13500.8 0 0.0267879
13505.5 0 0.0268418
13510.1 0 0.0268957
13514.8 0 0.0269495
13519.5 0 0.0270033
13524.1 0 0.027057
13528.8 0 0.0271108
13533.4 0 0.0271644
13538 0 0.0272181
13542.7 0 0.0272717
13547.3 0 0.0273253
13551.9 0 0.0273789
13556.6 0 0.0274324
13561.2 0 0.0274859
13565.8 0 0.0275394
13570.4 0 0.0275928
13575 0 0.0276462
13579.6 0 0.0276995
13584.2 0 0.0277529
13588.8 0 0.0278062
13593.4 0 0.0278594
13598 0 0.0279127
13602.7 0 0.0279659
13607.4 0 0.0280191
13612.1 0 0.0280721
13616.8 0 0.0281251
13621.6 0 0.0281781
13410.3 0 0.0280948
13470.1 0 0.0281055
13494.5 0 0.0281309
