0 -58.4752 -2.26119e-06
634.56 0 1.79299e-05
1173.57 0 4.2636e-05
1709.92 0 6.73161e-05
2243.81 0 9.18268e-05
2775.24 0 0.000116131
3304.22 0 0.000140226
3830.74 0 0.000164089
4354.77 0 0.000187712
4876.15 0 0.000211096
5394.56 0 0.000234248
5909.16 0 0.000257195
6418.2 0 0.000279992
6918.36 0 0.000302751
7403.99 0 0.000325675
7866.83 0 0.000349041
8297.18 0 0.00037322
8686.59 0 0.000398559
9030.8 0 0.000425263
9330.49 0 0.000453413
9590.04 0 0.000482914
9815.21 0 0.00051359
10011.7 0 0.000545269
10184.8 0 0.000577809
10338.5 0 0.000611149
10475.8 0 0.000645754
10599.4 0 0.000681223
10711.4 0 0.000717523
10812.7 0 0.000754572
10905.5 0 0.000792077
10991.1 0 0.000829989
11070.4 0 0.000868266
11143.9 0 0.000906946
11212.1 0 0.000946158
11276 0 0.000985651
11335.9 0 0.0010254
11392.3 0 0.00106538
11445.5 0 0.00110557
11495.9 0 0.00114595
11543.8 0 0.0011865
11589.3 0 0.00122722
11632.4 0 0.00126817
11673.3 0 0.00130939
11712.4 0 0.00135074
11749.8 0 0.00139221
11785.6 0 0.00143378
11820.1 0 0.00147545
11853.2 0 0.00151721
11885.1 0 0.00155906
11915.6 0 0.00160081
11945 0 0.00164252
11972.9 0 0.00168479
11999.8 0 0.00172715
12025.7 0 0.00176957
12050.7 0 0.00181201
12074.7 0 0.00185441
12097.7 0 0.00189706
12119.8 0 0.00194024
12141.1 0 0.00198344
12161.8 0 0.00202667
12181.9 0 0.0020699
12201.4 0 0.00211315
12220.3 0 0.00215641
12238.6 0 0.00219967
12256.3 0 0.00224293
12273.3 0 0.00228645
12289.7 0 0.00233009
12305.5 0 0.00237374
12320.9 0 0.00241738
12335.7 0 0.0024613
12349.8 0 0.00250602
12363.5 0 0.00255074
12376.5 0 0.00259515
12388.8 0 0.00263951
12400.7 0 0.00268385
12412.4 0 0.00272817
12423.7 0 0.00277246
12434.7 0 0.00281672
12445.5 0 0.00286096
12455.9 0 0.00290517
12466.1 0 0.00294935
12476 0 0.00299351
12485.7 0 0.00303764
12495.1 0 0.00308175
12504.3 0 0.00312583
12513.2 0 0.0031699
12521.8 0 0.00321394
12530.3 0 0.00325797
12538.4 0 0.00330199
12546.4 0 0.00334598
12554.2 0 0.00338996
12561.7 0 0.00343392
12569 0 0.00347787
12576.2 0 0.00352179
12583.1 0 0.0035657
12589.9 0 0.00360959
12596.5 0 0.00365346
12603 0 0.00369731
12609.3 0 0.00374114
12615.5 0 0.00378494
12621.6 0 0.00382872
12627.5 0 0.00387248
12633.3 0 0.00391618
12638.9 0 0.00395982
12644.3 0 0.00400326
12649.5 0 0.00404661
12654.6 0 0.00409009
12659.6 0 0.00413412
12664.4 0 0.00417812
12669.2 0 0.00422209
12673.9 0 0.00426603
12678.6 0 0.00430995
12683.1 0 0.00435383
12687.6 0 0.00439768
12692 0 0.0044415
12696.3 0 0.00448529
12700.6 0 0.00452906
12704.8 0 0.00457279
12708.9 0 0.0046165
12713 0 0.00466018
12717 0 0.00470384
12720.9 0 0.00474747
12724.7 0 0.00479107
12728.5 0 0.00483465
12732.1 0 0.00487854
12735.7 0 0.00492276
12739.2 0 0.00496697
12742.7 0 0.00501116
12746 0 0.00505535
12749.3 0 0.00509952
12752.5 0 0.00514394
12755.5 0 0.00518967
12758.3 0 0.00523557
12761.2 0 0.00528149
12763.9 0 0.00532744
12766.6 0 0.0053734
12769.2 0 0.00541939
12771.7 0 0.00546556
12774.1 0 0.005512
12776.4 0 0.00555846
12778.6 0 0.00560494
12780.8 0 0.00565144
12783 0 0.00569796
12785.1 0 0.00574451
12787.2 0 0.00579106
12789.2 0 0.00583764
12791.2 0 0.00588422
12793.2 0 0.00593082
12795.1 0 0.00597742
12797 0 0.00602402
12798.8 0 0.00607063
12800.6 0 0.00611725
12802.4 0 0.00616386
12804.2 0 0.00621046
12805.9 0 0.00625707
12807.7 0 0.00630367
12809.4 0 0.00635026
12811 0 0.00639684
12812.7 0 0.00644341
12814.3 0 0.00648997
12815.9 0 0.00653651
12817.5 0 0.00658305
12819.1 0 0.00662957
12820.7 0 0.00667607
12822.2 0 0.00672256
12823.7 0 0.00676903
12825.2 0 0.00681549
12826.7 0 0.00686193
12828.2 0 0.00690835
12829.7 0 0.00695475
12831.1 0 0.00700113
12832.6 0 0.0070475
12834 0 0.00709384
12835.4 0 0.00714017
12836.8 0 0.00718648
12838.2 0 0.00723277
12839.5 0 0.00727904
12840.9 0 0.00732529
12842.2 0 0.00737153
12843.6 0 0.00741774
12844.9 0 0.00746394
12846.2 0 0.00751012
12847.5 0 0.00755629
12848.7 0 0.00760243
12850 0 0.00764856
12851.3 0 0.00769467
12852.5 0 0.00774077
12853.7 0 0.00778685
12855 0 0.00783292
12856.2 0 0.00787897
12857.4 0 0.007925
12858.5 0 0.00797103
12859.7 0 0.00801704
12860.9 0 0.00806305
12862 0 0.00810905
12863.1 0 0.00815505
12864.3 0 0.00820103
12865.4 0 0.008247
12866.4 0 0.00829296
12867.5 0 0.00833892
12868.6 0 0.00838487
12869.6 0 0.00843081
12870.7 0 0.00847675
12871.7 0 0.00852269
12872.7 0 0.00856862
12873.7 0 0.00861455
12874.7 0 0.00866048
12875.7 0 0.00870641
12876.6 0 0.00875234
12877.5 0 0.00879827
12878.5 0 0.00884421
12879.4 0 0.00889014
12880.3 0 0.00893608
12881.2 0 0.00898203
12882 0 0.00902798
12882.9 0 0.00907394
12883.7 0 0.00911991
12884.6 0 0.00916589
12885.4 0 0.00921187
12886.2 0 0.00925787
12886.9 0 0.00930387
12887.7 0 0.00934989
12888.5 0 0.00939592
12889.2 0 0.00944196
12889.9 0 0.00948802
12890.6 0 0.00953408
12891.3 0 0.00958016
12892 0 0.00962626
12892.7 0 0.00967237
12893.3 0 0.00971849
12894 0 0.00976463
12894.6 0 0.00981078
12895.2 0 0.00985694
12895.8 0 0.00990312
12896.4 0 0.00994932
12897 0 0.00999552
12897.6 0 0.0100417
12898.1 0 0.010088
12898.7 0 0.0101342
12899.2 0 0.0101805
12899.8 0 0.0102267
12900.3 0 0.010273
12900.7 0 0.0103195
12901.2 0 0.010366
12901.6 0 0.0104125
12902 0 0.010459
12902.5 0 0.0105055
12902.9 0 0.010552
12903.3 0 0.0105985
12903.7 0 0.010645
12904.1 0 0.0106915
12904.5 0 0.0107381
12904.8 0 0.0107846
12905.2 0 0.0108312
12905.5 0 0.0108777
12905.9 0 0.0109243
12906.2 0 0.0109708
12906.6 0 0.0110174
12906.9 0 0.011064
12907.2 0 0.0111105
12907.5 0 0.0111571
12907.9 0 0.0112037
12908.2 0 0.0112502
12908.5 0 0.0112968
12908.8 0 0.0113434
12909 0 0.0113899
12909.3 0 0.0114365
12909.6 0 0.011483
12909.9 0 0.0115296
12910.2 0 0.0115761
12910.4 0 0.0116227
12910.7 0 0.0116692
12910.9 0 0.0117158
12911.2 0 0.0117623
12911.4 0 0.0118088
12911.7 0 0.0118554
12911.9 0 0.0119019
12912.2 0 0.0119484
12912.4 0 0.0119949
12912.6 0 0.0120414
12912.9 0 0.0120879
12913.1 0 0.0121344
12913.3 0 0.0121809
12913.5 0 0.0122274
12913.7 0 0.0122738
12913.9 0 0.0123203
12914.1 0 0.0123667
12914.3 0 0.0124132
12914.5 0 0.0124596
12914.7 0 0.0125061
12914.9 0 0.0125525
12915.1 0 0.0125989
12915.3 0 0.0126453
12915.5 0 0.0126917
12915.7 0 0.0127381
12915.9 0 0.0127845
12916 0 0.0128309
12916.2 0 0.0128773
12916.4 0 0.0129236
12916.6 0 0.01297
12916.7 0 0.0130163
12916.9 0 0.0130627
12917 0 0.013109
12917.2 0 0.0131553
12917.4 0 0.0132016
12917.5 0 0.0132479
12917.7 0 0.0132942
12917.8 0 0.0133405
12918 0 0.0133868
12918.1 0 0.0134331
12918.2 0 0.0134793
12918.4 0 0.0135256
12918.5 0 0.0135718
12918.7 0 0.0136181
12918.8 0 0.0136643
12918.9 0 0.0137105
12919.1 0 0.0137567
12919.3 0 0.0138029
12919.6 0 0.013849
12920.2 0 0.013895
12921.1 0 0.0139409
12922.2 0 0.0139867
12923.4 0 0.0140325
12924.8 0 0.0140782
12926.3 0 0.0141238
12927.9 0 0.0141694
12929.8 0 0.0142148
12931.8 0 0.0142603
12933.7 0 0.0143057
12935.7 0 0.0143511
12937.6 0 0.0143965
12939.6 0 0.0144418
12941.8 0 0.0144871
12944.1 0 0.0145323
12946.6 0 0.0145774
12949.3 0 0.0146225
12951.9 0 0.0146676
12954.5 0 0.0147126
12957.1 0 0.0147576
12959.7 0 0.0148026
12962.3 0 0.0148476
12964.9 0 0.0148926
12967.5 0 0.0149376
12970.2 0 0.0149825
12973 0 0.0150274
12976 0 0.0150722
12979.1 0 0.0151169
12982.4 0 0.0151615
12985.6 0 0.0152061
12988.8 0 0.0152508
12992 0 0.0152955
12995.2 0 0.0153401
12998.4 0 0.0153847
13001.6 0 0.0154294
13004.8 0 0.015474
13008 0 0.0155186
13011.2 0 0.0155631
13014.4 0 0.0156077
13017.6 0 0.0156522
13020.9 0 0.0156967
13024.2 0 0.0157412
13027.7 0 0.0157855
13031.3 0 0.0158299
13035 0 0.0158741
13038.8 0 0.0159182
13042.5 0 0.0159624
13046.3 0 0.0160066
13050 0 0.0160507
13053.7 0 0.0160949
13057.5 0 0.016139
13061.2 0 0.016183
13064.9 0 0.0162271
13068.7 0 0.0162712
13072.4 0 0.0163152
13076.1 0 0.0163592
13079.8 0 0.0164032
13083.5 0 0.0164472
13087.2 0 0.0164912
13090.9 0 0.0165351
13094.6 0 0.016579
13098.4 0 0.0166229
13102.2 0 0.0166668
13106.1 0 0.0167105
13110 0 0.0167542
13114.2 0 0.0167978
13118.4 0 0.0168414
13122.6 0 0.0168849
13126.8 0 0.0169284
13130.9 0 0.0169719
13135.1 0 0.0170154
13139.3 0 0.0170588
13143.5 0 0.0171022
13147.6 0 0.0171456
13151.8 0 0.017189
13155.9 0 0.0172323
13160.1 0 0.0172757
13164.3 0 0.017319
13168.4 0 0.0173622
13172.5 0 0.0174055
13176.7 0 0.0174487
13180.8 0 0.0174919
13185 0 0.0175351
13189.1 0 0.0175782
13193.2 0 0.0176214
13197.4 0 0.0176645
13201.5 0 0.0177075
13205.6 0 0.0177506
13209.7 0 0.0177936
13213.9 0 0.0178366
13218.1 0 0.0178795
13222.4 0 0.0179224
13226.7 0 0.0179652
13231.2 0 0.0180079
13235.7 0 0.0180505
13240.2 0 0.0180931
13244.8 0 0.0181356
13249.3 0 0.0181781
13253.8 0 0.0182206
13258.3 0 0.0182631
13262.8 0 0.0183055
13267.3 0 0.0183479
13271.8 0 0.0183903
13276.3 0 0.0184326
13280.8 0 0.0184749
13285.3 0 0.0185172
13289.8 0 0.0185594
13294.3 0 0.0186017
13298.7 0 0.0186438
13303.2 0 0.018686
13307.7 0 0.0187281
13312.2 0 0.0187702
13316.6 0 0.0188123
13321.1 0 0.0188543
13325.5 0 0.0188963
13330 0 0.0189383
13334.4 0 0.0189802
13338.9 0 0.0190221
13343.3 0 0.019064
13347.7 0 0.0191058
13352.2 0 0.0191476
13356.6 0 0.0191894
13361 0 0.0192311
13365.5 0 0.0192728
13369.9 0 0.0193145
13374.3 0 0.0193561
13378.8 0 0.0193977
13383.3 0 0.0194393
13387.9 0 0.0194807
13392.5 0 0.0195221
13397.2 0 0.0195634
13402 0 0.0196046
13406.7 0 0.0196457
13411.5 0 0.0196868
13416.2 0 0.0197279
13420.9 0 0.0197689
13425.7 0 0.0198099
13430.4 0 0.0198509
13435.1 0 0.0198918
13439.8 0 0.0199327
13444.5 0 0.0199735
13449.3 0 0.0200144
13454 0 0.0200552
13458.7 0 0.0200959
13463.4 0 0.0201366
13468.1 0 0.0201773
13472.8 0 0.020218
13477.4 0 0.0202586
13482.1 0 0.0202992
13486.8 0 0.0203397
13491.5 0 0.0203802
13496.2 0 0.0204207
13500.8 0 0.0204611
13505.5 0 0.0205016
13510.1 0 0.0205419
13514.8 0 0.0205823
13519.5 0 0.0206226
13524.1 0 0.0206629
13528.8 0 0.0207031
13533.4 0 0.0207433
13538 0 0.0207835
13542.7 0 0.0208236
13547.3 0 0.0208638
13551.9 0 0.0209038
13556.6 0 0.0209439
13561.2 0 0.0209839
13565.8 0 0.0210239
13570.4 0 0.0210638
13575 0 0.0211037
13579.6 0 0.0211436
13584.2 0 0.0211834
13588.8 0 0.0212232
13593.4 0 0.021263
13598 0 0.0213028
13602.7 0 0.0213425
13607.4 0 0.0213822
13612.1 0 0.0214218
13616.8 0 0.0214613
13621.6 0 0.0215009
13410.3 0 0.0214039
13470.1 0 0.021401
13494.5 0 0.0214129
