0 -58.4752 -2.26119e-06
634.56 -1038.65 -4.02572e-05
1173.57 -1893.91 -7.36612e-05
1709.92 -2741.74 -0.000107103
2243.81 -3583.64 -0.000140709
2775.24 -4419.33 -0.000174527
3304.22 -5247.64 -0.000208564
3830.74 -6067.73 -0.000242833
4354.77 -6878.71 -0.000277343
4876.15 -7679.57 -0.000312091
5394.56 -8469.27 -0.000347069
5909.16 -9246.47 -0.000382252
6418.2 -10009.3 -0.000417585
6918.36 -10755 -0.000452955
7403.99 -11479.3 -0.000488163
7866.83 -12176.6 -0.000522926
8297.18 -12840.5 -0.000556878
8686.59 -13465.8 -0.000589674
9030.8 -14050.4 -0.000621107
9330.49 -14594.3 -0.000651071
9590.04 -15101.1 -0.000679662
9815.21 -15574.7 -0.000706998
10011.7 -16019.1 -0.000733223
10184.8 -16439 -0.000758555
10338.5 -16837.4 -0.0007831
10475.8 -17212.4 -0.000806692
10599.4 -17568.6 -0.000829552
10711.4 -17906.7 -0.000851693
10812.7 -18224.2 -0.000872884
10905.5 -18529.2 -0.000893632
10991.1 -18822.9 -0.000913984
11070.4 -19106.3 -0.000933983
11143.9 -19379.1 -0.000953591
11212.1 -19640.1 -0.000972682
11276 -19892.8 -0.000991502
11335.9 -20137.9 -0.00101008
11392.3 -20375.9 -0.00102843
11445.5 -20607.3 -0.00104657
11495.9 -20832.3 -0.00106454
11543.8 -21051.5 -0.00108233
11589.3 -21265.1 -0.00109997
11632.4 -21472 -0.00111734
11673.3 -21671.9 -0.00113442
11712.4 -21867 -0.00115136
11749.8 -22057.6 -0.00116819
11785.6 -22243.9 -0.00118491
11820.1 -22426.2 -0.00120154
11853.2 -22604.5 -0.00121808
11885.1 -22779 -0.00123455
11915.6 -22949 -0.00125085
11945 -23115 -0.00126702
11972.9 -23274.1 -0.00128277
11999.8 -23429.7 -0.00129844
12025.7 -23582.4 -0.00131405
12050.7 -23731.9 -0.00132958
12074.7 -23877 -0.0013449
12097.7 -24018.5 -0.00136006
12119.8 -24155 -0.00137494
12141.1 -24289.3 -0.00138978
12161.8 -24421.2 -0.0014046
12181.9 -24551.1 -0.00141941
12201.4 -24678.8 -0.00143421
12220.3 -24804.4 -0.00144899
12238.6 -24928 -0.00146377
12256.3 -25049.7 -0.00147854
12273.3 -25167.8 -0.0014931
12289.7 -25283.1 -0.00150754
12305.5 -25396.6 -0.00152198
12320.9 -25508.4 -0.00153643
12335.7 -25617.6 -0.00155076
12349.8 -25722.5 -0.00156473
12363.5 -25825.9 -0.00157872
12376.5 -25926 -0.00159246
12388.8 -26022.4 -0.0016059
12400.7 -26117.6 -0.00161936
12412.4 -26211.5 -0.00163284
12423.7 -26304.1 -0.00164634
12434.7 -26395.5 -0.00165987
12445.5 -26485.8 -0.00167341
12455.9 -26574.8 -0.00168699
12466.1 -26662.7 -0.00170058
12476 -26749.3 -0.0017142
12485.7 -26834.8 -0.00172783
12495.1 -26919 -0.00174149
12504.3 -27002.1 -0.00175516
12513.2 -27084 -0.00176884
12521.8 -27164.7 -0.00178254
12530.3 -27244.2 -0.00179625
12538.4 -27322.5 -0.00180998
12546.4 -27399.7 -0.00182371
12554.2 -27475.7 -0.00183746
12561.7 -27550.6 -0.00185122
12569 -27624.3 -0.00186499
12576.2 -27697 -0.00187878
12583.1 -27768.6 -0.00189258
12589.9 -27839.1 -0.00190639
12596.5 -27908.5 -0.00192023
12603 -27976.9 -0.00193408
12609.3 -28044.3 -0.00194796
12615.5 -28110.7 -0.00196186
12621.6 -28176.1 -0.00197578
12627.5 -28240.6 -0.00198972
12633.3 -28303.7 -0.00200363
12638.9 -28365.3 -0.0020174
12644.3 -28425 -0.00203101
12649.5 -28483.6 -0.00204455
12654.6 -28540.9 -0.00205804
12659.6 -28596.3 -0.0020713
12664.4 -28650.9 -0.00208458
12669.2 -28704.7 -0.00209788
12673.9 -28757.7 -0.00211121
12678.6 -28809.9 -0.00212455
12683.1 -28861.4 -0.00213792
12687.6 -28912 -0.00215131
12692 -28961.9 -0.00216472
12696.3 -29011 -0.00217815
12700.6 -29059.3 -0.0021916
12704.8 -29106.8 -0.00220506
12708.9 -29153.6 -0.00221854
12713 -29199.6 -0.00223203
12717 -29244.8 -0.00224554
12720.9 -29289.3 -0.00225906
12724.7 -29333 -0.00227259
12728.5 -29376 -0.00228612
12732.1 -29417.8 -0.00229954
12735.7 -29458.4 -0.00231282
12739.2 -29498.4 -0.00232611
12742.7 -29537.7 -0.0023394
12746 -29576.3 -0.0023527
12749.3 -29614.1 -0.002366
12752.5 -29651 -0.00237917
12755.5 -29685.1 -0.00239161
12758.3 -29718.5 -0.00240395
12761.2 -29751.2 -0.00241627
12763.9 -29783.3 -0.00242859
12766.6 -29814.8 -0.00244089
12769.2 -29845.8 -0.00245319
12771.7 -29875.6 -0.00246524
12774.1 -29904.1 -0.00247698
12776.4 -29932.2 -0.0024887
12778.6 -29959.7 -0.00250042
12780.8 -29986.7 -0.00251212
12783 -30013.3 -0.00252382
12785.1 -30039.3 -0.00253551
12787.2 -30065 -0.00254719
12789.2 -30090.1 -0.00255887
12791.2 -30114.8 -0.00257055
12793.2 -30139.1 -0.00258223
12795.1 -30162.9 -0.00259391
12797 -30186.4 -0.0026056
12798.8 -30209.4 -0.00261729
12800.6 -30232 -0.00262899
12802.4 -30254.1 -0.00264069
12804.2 -30275.9 -0.00265241
12805.9 -30297.4 -0.00266413
12807.7 -30318.4 -0.00267586
12809.4 -30339 -0.00268761
12811 -30359.3 -0.00269937
12812.7 -30379.2 -0.00271114
12814.3 -30398.7 -0.00272293
12815.9 -30417.9 -0.00273473
12817.5 -30436.7 -0.00274655
12819.1 -30455.2 -0.00275838
12820.7 -30473.3 -0.00277023
12822.2 -30491 -0.00278209
12823.7 -30508.4 -0.00279398
12825.2 -30525.5 -0.00280588
12826.7 -30542.2 -0.00281779
12828.2 -30558.6 -0.00282973
12829.7 -30574.7 -0.00284168
12831.1 -30590.4 -0.00285365
12832.6 -30605.8 -0.00286564
12834 -30620.9 -0.00287764
12835.4 -30635.6 -0.00288966
12836.8 -30650 -0.0029017
12838.2 -30664.1 -0.00291376
12839.5 -30677.9 -0.00292583
12840.9 -30691.4 -0.00293792
12842.2 -30704.6 -0.00295003
12843.6 -30717.4 -0.00296216
12844.9 -30729.9 -0.00297429
12846.2 -30742.2 -0.00298645
12847.5 -30754.1 -0.00299862
12848.7 -30765.7 -0.0030108
12850 -30777 -0.003023
12851.3 -30788.1 -0.00303522
12852.5 -30798.8 -0.00304745
12853.7 -30809.2 -0.00305969
12855 -30819.4 -0.00307194
12856.2 -30829.2 -0.0030842
12857.4 -30838.8 -0.00309648
12858.5 -30848.1 -0.00310877
12859.7 -30857.1 -0.00312107
12860.9 -30865.8 -0.00313338
12862 -30874.3 -0.00314571
12863.1 -30882.4 -0.00315804
12864.3 -30890.3 -0.00317038
12865.4 -30897.9 -0.00318273
12866.4 -30905.3 -0.00319508
12867.5 -30912.4 -0.00320744
12868.6 -30919.2 -0.00321981
12869.6 -30925.8 -0.00323218
12870.7 -30932.1 -0.00324455
12871.7 -30938.1 -0.00325693
12872.7 -30943.9 -0.00326931
12873.7 -30949.5 -0.00328169
12874.7 -30954.8 -0.00329407
12875.7 -30959.8 -0.00330645
12876.6 -30964.6 -0.00331883
12877.5 -30969.2 -0.00333121
12878.5 -30973.5 -0.00334359
12879.4 -30977.6 -0.00335596
12880.3 -30981.4 -0.00336833
12881.2 -30985 -0.00338069
12882 -30988.4 -0.00339306
12882.9 -30991.6 -0.00340541
12883.7 -30994.6 -0.00341776
12884.6 -30997.3 -0.0034301
12885.4 -30999.8 -0.00344244
12886.2 -31002.1 -0.00345477
12886.9 -31004.2 -0.00346709
12887.7 -31006.1 -0.00347941
12888.5 -31007.8 -0.00349171
12889.2 -31009.2 -0.00350401
12889.9 -31010.5 -0.0035163
12890.6 -31011.6 -0.00352858
12891.3 -31012.5 -0.00354085
12892 -31013.2 -0.00355311
12892.7 -31013.7 -0.00356536
12893.3 -31014 -0.00357761
12894 -31014.1 -0.00358984
12894.6 -31014.1 -0.00360207
12895.2 -31013.9 -0.00361429
12895.8 -31013.5 -0.0036265
12896.4 -31012.9 -0.0036387
12897 -31012.2 -0.00365089
12897.6 -31011.2 -0.00366308
12898.1 -31010.2 -0.00367526
12898.7 -31008.9 -0.00368743
12899.2 -31007.5 -0.00369959
12899.8 -31006 -0.00371175
12900.3 -31004.3 -0.00372388
12900.7 -31002.4 -0.0037356
12901.2 -31000.5 -0.00374732
12901.6 -30998.4 -0.00375903
12902 -30996.2 -0.00377074
12902.5 -30993.8 -0.00378244
12902.9 -30991.3 -0.00379413
12903.3 -30988.7 -0.00380582
12903.7 -30985.9 -0.0038175
12904.1 -30983 -0.00382918
12904.5 -30980 -0.00384086
12904.8 -30976.8 -0.00385253
12905.2 -30973.5 -0.0038642
12905.5 -30970.1 -0.00387587
12905.9 -30966.6 -0.00388754
12906.2 -30962.9 -0.00389921
12906.6 -30959.2 -0.00391088
12906.9 -30955.3 -0.00392254
12907.2 -30951.3 -0.00393421
12907.5 -30947.1 -0.00394588
12907.9 -30942.9 -0.00395755
12908.2 -30938.5 -0.00396922
12908.5 -30934 -0.00398089
12908.8 -30929.4 -0.00399257
12909 -30924.7 -0.00400425
12909.3 -30919.9 -0.00401593
12909.6 -30915 -0.00402761
12909.9 -30910 -0.0040393
12910.2 -30904.8 -0.00405099
12910.4 -30899.6 -0.00406269
12910.7 -30894.2 -0.00407439
12910.9 -30888.8 -0.0040861
12911.2 -30883.2 -0.00409781
12911.4 -30877.6 -0.00410952
12911.7 -30871.8 -0.00412124
12911.9 -30865.9 -0.00413297
12912.2 -30860 -0.0041447
12912.4 -30853.9 -0.00415643
12912.6 -30847.7 -0.00416818
12912.9 -30841.5 -0.00417992
12913.1 -30835.1 -0.00419168
12913.3 -30828.7 -0.00420344
12913.5 -30822.1 -0.00421521
12913.7 -30815.5 -0.00422698
12913.9 -30808.8 -0.00423876
12914.1 -30801.9 -0.00425055
12914.3 -30795 -0.00426234
12914.5 -30788 -0.00427414
12914.7 -30780.9 -0.00428595
12914.9 -30773.7 -0.00429776
12915.1 -30766.5 -0.00430958
12915.3 -30759.1 -0.00432141
12915.5 -30751.7 -0.00433325
12915.7 -30744.1 -0.00434509
12915.9 -30736.5 -0.00435694
12916 -30728.8 -0.0043688
12916.2 -30721 -0.00438067
12916.4 -30713.2 -0.00439254
12916.6 -30705.2 -0.00440442
12916.7 -30697.2 -0.00441631
12916.9 -30689.1 -0.0044282
12917 -30680.9 -0.00444011
12917.2 -30672.7 -0.00445202
12917.4 -30664.3 -0.00446394
12917.5 -30655.9 -0.00447586
12917.7 -30647.4 -0.0044878
12917.8 -30638.8 -0.00449974
12918 -30630.2 -0.00451169
12918.1 -30621.5 -0.00452364
12918.2 -30612.7 -0.00453561
12918.4 -30603.8 -0.00454758
12918.5 -30594.9 -0.00455956
12918.7 -30585.9 -0.00457155
12918.8 -30576.8 -0.00458354
12918.9 -30567.7 -0.00459555
12919.1 -30558.5 -0.00460756
12919.3 -30549.2 -0.0046196
12919.6 -30539.8 -0.0046317
12920.2 -30530.2 -0.00464388
12921.1 -30520.6 -0.00465616
12922.2 -30510.8 -0.00466852
12923.4 -30500.8 -0.00468094
12924.8 -30490.8 -0.0046934
12926.3 -30480.7 -0.00470591
12927.9 -30470.5 -0.00471848
12929.8 -30460.2 -0.00473115
12931.8 -30449.7 -0.00474384
12933.7 -30439.2 -0.00475655
12935.7 -30428.7 -0.00476926
12937.6 -30418 -0.00478199
12939.6 -30407.3 -0.00479475
12941.8 -30396.5 -0.00480757
12944.1 -30385.5 -0.00482045
12946.6 -30374.4 -0.00483341
12949.3 -30363.3 -0.00484642
12951.9 -30352 -0.00485944
12954.5 -30340.8 -0.00487247
12957.1 -30329.4 -0.00488551
12959.7 -30318 -0.00489856
12962.3 -30306.5 -0.00491162
12964.9 -30294.9 -0.0049247
12967.5 -30283.3 -0.00493779
12970.2 -30271.6 -0.00495092
12973 -30259.8 -0.00496411
12976 -30247.9 -0.00497735
12979.1 -30235.8 -0.00499068
12982.4 -30223.7 -0.00500406
12985.6 -30211.5 -0.00501745
12988.8 -30199.2 -0.00503088
12992 -30186.9 -0.00504433
12995.2 -30174.5 -0.00505779
12998.4 -30162 -0.00507126
13001.6 -30149.5 -0.00508475
13004.8 -30136.9 -0.00509825
13008 -30124.3 -0.00511177
13011.2 -30111.6 -0.0051253
13014.4 -30098.9 -0.00513884
13017.6 -30086 -0.0051524
13020.9 -30073.2 -0.005166
13024.2 -30060.2 -0.00517965
13027.7 -30047.1 -0.00519336
13031.3 -30033.9 -0.00520714
13035 -30020.6 -0.00522101
13038.8 -30007.2 -0.00523488
13042.5 -29993.8 -0.00524877
13046.3 -29980.3 -0.00526268
13050 -29966.8 -0.0052766
13053.7 -29953.2 -0.00529054
13057.5 -29939.6 -0.00530449
13061.2 -29925.9 -0.00531846
13064.9 -29912.1 -0.00533245
13068.7 -29898.3 -0.00534645
13072.4 -29884.5 -0.00536047
13076.1 -29870.6 -0.0053745
13079.8 -29856.6 -0.00538855
13083.5 -29842.6 -0.00540262
13087.2 -29828.6 -0.0054167
13090.9 -29814.5 -0.0054308
13094.6 -29800.3 -0.00544492
13098.4 -29786.1 -0.00545907
13102.2 -29771.8 -0.00547328
13106.1 -29757.4 -0.00548754
13110 -29742.9 -0.00550186
13114.2 -29728.3 -0.00551628
13118.4 -29713.7 -0.00553074
13122.6 -29698.9 -0.00554522
13126.8 -29684.1 -0.00555972
13130.9 -29669.3 -0.00557424
13135.1 -29654.4 -0.00558878
13139.3 -29639.5 -0.00560333
13143.5 -29624.5 -0.00561791
13147.6 -29609.5 -0.00563251
13151.8 -29594.5 -0.00564713
13155.9 -29579.3 -0.00566177
13160.1 -29564.2 -0.00567643
13164.3 -29549 -0.00569111
13168.4 -29533.7 -0.00570582
13172.5 -29518.4 -0.00572054
13176.7 -29503.1 -0.00573529
13180.8 -29487.7 -0.00575005
13185 -29472.3 -0.00576484
13189.1 -29456.8 -0.00577965
13193.2 -29441.3 -0.00579448
13197.4 -29425.7 -0.00580934
13201.5 -29410.1 -0.00582422
13205.6 -29394.4 -0.00583912
13209.7 -29378.7 -0.00585404
13213.9 -29363 -0.005869
13218.1 -29347.1 -0.00588403
13222.4 -29331.2 -0.00589911
13226.7 -29315.2 -0.00591426
13231.2 -29299.1 -0.0059295
13235.7 -29282.9 -0.0059448
13240.2 -29266.6 -0.00596013
13244.8 -29250.3 -0.00597549
13249.3 -29234 -0.00599087
13253.8 -29217.6 -0.00600628
13258.3 -29201.2 -0.00602172
13262.8 -29184.7 -0.00603718
13267.3 -29168.2 -0.00605266
13271.8 -29151.7 -0.00606818
13276.3 -29135.1 -0.00608372
13280.8 -29118.4 -0.00609929
13285.3 -29101.8 -0.00611488
13289.8 -29085 -0.0061305
13294.3 -29068.3 -0.00614615
13298.7 -29051.5 -0.00616183
13303.2 -29034.6 -0.00617753
13307.7 -29017.8 -0.00619326
13312.2 -29000.9 -0.00620902
13316.6 -28983.9 -0.00622481
13321.1 -28966.9 -0.00624063
13325.5 -28949.9 -0.00625647
13330 -28932.8 -0.00627234
13334.4 -28915.7 -0.00628824
13338.9 -28898.5 -0.00630417
13343.3 -28881.3 -0.00632012
13347.7 -28864.1 -0.00633611
13352.2 -28846.9 -0.00635212
13356.6 -28829.6 -0.00636816
13361 -28812.2 -0.00638423
13365.5 -28794.9 -0.00640033
13369.9 -28777.4 -0.00641646
13374.3 -28760 -0.00643262
13378.8 -28742.5 -0.00644885
13383.3 -28724.9 -0.00646514
13387.9 -28707.2 -0.00648149
13392.5 -28689.5 -0.00649791
13397.2 -28671.6 -0.00651444
13402 -28653.7 -0.00653103
13406.7 -28635.7 -0.00654765
13411.5 -28617.7 -0.0065643
13416.2 -28599.7 -0.00658099
13420.9 -28581.6 -0.0065977
13425.7 -28563.5 -0.00661445
13430.4 -28545.4 -0.00663123
13435.1 -28527.2 -0.00664804
13439.8 -28509 -0.00666488
13444.5 -28490.7 -0.00668175
13449.3 -28472.5 -0.00669866
13454 -28454.2 -0.00671559
13458.7 -28435.8 -0.00673256
13463.4 -28417.5 -0.00674956
13468.1 -28399.1 -0.00676659
13472.8 -28380.6 -0.00678365
13477.4 -28362.2 -0.00680074
13482.1 -28343.7 -0.00681786
13486.8 -28325.2 -0.00683502
13491.5 -28306.6 -0.00685221
13496.2 -28288 -0.00686942
13500.8 -28269.4 -0.00688667
13505.5 -28250.8 -0.00690395
13510.1 -28232.1 -0.00692126
13514.8 -28213.4 -0.00693861
13519.5 -28194.7 -0.00695598
13524.1 -28176 -0.00697339
13528.8 -28157.2 -0.00699083
13533.4 -28138.4 -0.00700829
13538 -28119.6 -0.00702579
13542.7 -28100.7 -0.00704332
13547.3 -28081.9 -0.00706088
13551.9 -28063 -0.00707848
13556.6 -28044 -0.0070961
13561.2 -28025.1 -0.00711376
13565.8 -28006.1 -0.00713144
13570.4 -27987.1 -0.00714916
13575 -27968.1 -0.00716691
13579.6 -27949.1 -0.00718469
13584.2 -27930 -0.0072025
13588.8 -27910.9 -0.00722034
13593.4 -27891.8 -0.00723821
13598 -27872.7 -0.00725612
13602.7 -27853.5 -0.00727409
13607.4 -27834.3 -0.00729212
13612.1 -27815 -0.00731022
13616.8 -27795.6 -0.00732838
13621.6 -27776.2 -0.00734663
13410.3 -27613.3 -0.00750012
13470.1 -27549.9 -0.00756017
13494.5 -27502.1 -0.00760547
