0 -58.4752 -2.26119e-06
634.56 0 5.89642e-05
1173.57 0 0.000124702
1709.92 0 0.000190414
2243.81 0 0.000255956
2775.24 0 0.000321293
3304.22 0 0.000386419
3830.74 0 0.000451315
4354.77 0 0.00051597
4876.15 0 0.000580386
5394.56 0 0.000644571
5909.16 0 0.00070855
6418.2 0 0.000772379
6918.36 0 0.00083617
7403.99 0 0.000900127
7866.83 0 0.000964525
8297.18 0 0.00102974
8686.59 0 0.00109611
9030.8 0 0.00116384
9330.49 0 0.00123303
9590.04 0 0.00130356
9815.21 0 0.00137526
10011.7 0 0.00144796
10184.8 0 0.00152153
10338.5 0 0.00159589
10475.8 0 0.00167153
10599.4 0 0.00174804
10711.4 0 0.00182538
10812.7 0 0.00190347
10905.5 0 0.00198201
10991.1 0 0.00206096
11070.4 0 0.00214027
11143.9 0 0.00221999
11212.1 0 0.00230024
11276 0 0.00238077
11335.9 0 0.00246156
11392.3 0 0.00254258
11445.5 0 0.00262381
11495.9 0 0.00270523
11543.8 0 0.00278682
11589.3 0 0.00286858
11632.4 0 0.00295057
11673.3 0 0.00303283
11712.4 0 0.00311521
11749.8 0 0.00319772
11785.6 0 0.00328033
11820.1 0 0.00336304
11853.2 0 0.00344584
11885.1 0 0.00352872
11915.6 0 0.00361151
11945 0 0.00369424
11972.9 0 0.00377754
11999.8 0 0.00386093
12025.7 0 0.00394437
12050.7 0 0.00402784
12074.7 0 0.00411126
12097.7 0 0.00419493
12119.8 0 0.00427914
12141.1 0 0.00436337
12161.8 0 0.00444762
12181.9 0 0.00453189
12201.4 0 0.00461617
12220.3 0 0.00470045
12238.6 0 0.00478474
12256.3 0 0.00486904
12273.3 0 0.00495358
12289.7 0 0.00503826
12305.5 0 0.00512294
12320.9 0 0.00520761
12335.7 0 0.00529256
12349.8 0 0.00537834
12363.5 0 0.00546411
12376.5 0 0.00554955
12388.8 0 0.00563493
12400.7 0 0.00572029
12412.4 0 0.00580563
12423.7 0 0.00589094
12434.7 0 0.00597622
12445.5 0 0.00606148
12455.9 0 0.00614671
12466.1 0 0.00623191
12476 0 0.00631709
12485.7 0 0.00640224
12495.1 0 0.00648736
12504.3 0 0.00657247
12513.2 0 0.00665755
12521.8 0 0.00674262
12530.3 0 0.00682767
12538.4 0 0.0069127
12546.4 0 0.00699771
12554.2 0 0.0070827
12561.7 0 0.00716768
12569 0 0.00725265
12576.2 0 0.00733759
12583.1 0 0.00742252
12589.9 0 0.00750742
12596.5 0 0.00759231
12603 0 0.00767718
12609.3 0 0.00776202
12615.5 0 0.00784684
12621.6 0 0.00793164
12627.5 0 0.00801641
12633.3 0 0.00810113
12638.9 0 0.00818577
12644.3 0 0.00827021
12649.5 0 0.00835454
12654.6 0 0.00843902
12659.6 0 0.00852405
12664.4 0 0.00860905
12669.2 0 0.00869402
12673.9 0 0.00877896
12678.6 0 0.00886388
12683.1 0 0.00894876
12687.6 0 0.00903361
12692 0 0.00911843
12696.3 0 0.00920323
12700.6 0 0.00928799
12704.8 0 0.00937272
12708.9 0 0.00945743
12713 0 0.00954211
12717 0 0.00962676
12720.9 0 0.00971139
12724.7 0 0.00979598
12728.5 0 0.00988056
12732.1 0 0.00996545
12735.7 0 0.0100507
12739.2 0 0.0101359
12742.7 0 0.0102211
12746 0 0.0103063
12749.3 0 0.0103915
12752.5 0 0.0104769
12755.5 0 0.0105637
12758.3 0 0.0106506
12761.2 0 0.0107376
12763.9 0 0.0108246
12766.6 0 0.0109116
12769.2 0 0.0109986
12771.7 0 0.0110858
12774.1 0 0.0111733
12776.4 0 0.0112608
12778.6 0 0.0113483
12780.8 0 0.0114358
12783 0 0.0115234
12785.1 0 0.0116109
12787.2 0 0.0116985
12789.2 0 0.0117861
12791.2 0 0.0118738
12793.2 0 0.0119614
12795.1 0 0.012049
12797 0 0.0121367
12798.8 0 0.0122243
12800.6 0 0.012312
12802.4 0 0.0123996
12804.2 0 0.0124873
12805.9 0 0.0125749
12807.7 0 0.0126626
12809.4 0 0.0127502
12811 0 0.0128378
12812.7 0 0.0129254
12814.3 0 0.013013
12815.9 0 0.0131006
12817.5 0 0.0131882
12819.1 0 0.0132757
12820.7 0 0.0133633
12822.2 0 0.0134508
12823.7 0 0.0135383
12825.2 0 0.0136258
12826.7 0 0.0137133
12828.2 0 0.0138008
12829.7 0 0.0138882
12831.1 0 0.0139756
12832.6 0 0.014063
12834 0 0.0141504
12835.4 0 0.0142378
12836.8 0 0.0143251
12838.2 0 0.0144125
12839.5 0 0.0144998
12840.9 0 0.0145871
12842.2 0 0.0146743
12843.6 0 0.0147616
12844.9 0 0.0148488
12846.2 0 0.0149361
12847.5 0 0.0150233
12848.7 0 0.0151104
12850 0 0.0151976
12851.3 0 0.0152848
12852.5 0 0.0153719
12853.7 0 0.015459
12855 0 0.0155461
12856.2 0 0.0156332
12857.4 0 0.0157203
12858.5 0 0.0158074
12859.7 0 0.0158944
12860.9 0 0.0159815
12862 0 0.0160685
12863.1 0 0.0161555
12864.3 0 0.0162425
12865.4 0 0.0163296
12866.4 0 0.0164166
12867.5 0 0.0165036
12868.6 0 0.0165905
12869.6 0 0.0166775
12870.7 0 0.0167645
12871.7 0 0.0168515
12872.7 0 0.0169385
12873.7 0 0.0170254
12874.7 0 0.0171124
12875.7 0 0.0171994
12876.6 0 0.0172863
12877.5 0 0.0173733
12878.5 0 0.0174603
12879.4 0 0.0175472
12880.3 0 0.0176342
12881.2 0 0.0177212
12882 0 0.0178082
12882.9 0 0.0178952
12883.7 0 0.0179822
12884.6 0 0.0180692
12885.4 0 0.0181562
12886.2 0 0.0182433
12886.9 0 0.0183303
12887.7 0 0.0184174
12888.5 0 0.0185045
12889.2 0 0.0185915
12889.9 0 0.0186786
12890.6 0 0.0187657
12891.3 0 0.0188529
12892 0 0.01894
12892.7 0 0.0190271
12893.3 0 0.0191143
12894 0 0.0192015
12894.6 0 0.0192887
12895.2 0 0.0193759
12895.8 0 0.0194631
12896.4 0 0.0195503
12897 0 0.0196376
12897.6 0 0.0197248
12898.1 0 0.0198121
12898.7 0 0.0198994
12899.2 0 0.0199867
12899.8 0 0.020074
12900.3 0 0.0201614
12900.7 0 0.0202489
12901.2 0 0.0203364
12901.6 0 0.0204239
12902 0 0.0205114
12902.5 0 0.0205989
12902.9 0 0.0206865
12903.3 0 0.020774
12903.7 0 0.0208616
12904.1 0 0.0209492
12904.5 0 0.0210367
12904.8 0 0.0211243
12905.2 0 0.0212119
12905.5 0 0.0212995
12905.9 0 0.0213871
12906.2 0 0.0214747
12906.6 0 0.0215623
12906.9 0 0.0216499
12907.2 0 0.0217375
12907.5 0 0.0218251
12907.9 0 0.0219127
12908.2 0 0.0220003
12908.5 0 0.0220879
12908.8 0 0.0221755
12909 0 0.0222631
12909.3 0 0.0223507
12909.6 0 0.0224383
12909.9 0 0.0225259
12910.2 0 0.0226135
12910.4 0 0.022701
12910.7 0 0.0227886
12910.9 0 0.0228762
12911.2 0 0.0229638
12911.4 0 0.0230513
12911.7 0 0.0231389
12911.9 0 0.0232264
12912.2 0 0.023314
12912.4 0 0.0234015
12912.6 0 0.0234891
12912.9 0 0.0235766
12913.1 0 0.0236641
12913.3 0 0.0237517
12913.5 0 0.0238392
12913.7 0 0.0239267
12913.9 0 0.0240142
12914.1 0 0.0241017
12914.3 0 0.0241892
12914.5 0 0.0242766
12914.7 0 0.0243641
12914.9 0 0.0244516
12915.1 0 0.024539
12915.3 0 0.0246265
12915.5 0 0.0247139
12915.7 0 0.0248013
12915.9 0 0.0248888
12916 0 0.0249762
12916.2 0 0.0250636
12916.4 0 0.025151
12916.6 0 0.0252384
12916.7 0 0.0253258
12916.9 0 0.0254131
12917 0 0.0255005
12917.2 0 0.0255879
12917.4 0 0.0256752
12917.5 0 0.0257625
12917.7 0 0.0258499
12917.8 0 0.0259372
12918 0 0.0260245
12918.1 0 0.0261118
12918.2 0 0.0261991
12918.4 0 0.0262864
12918.5 0 0.0263737
12918.7 0 0.026461
12918.8 0 0.0265482
12918.9 0 0.0266355
12919.1 0 0.0267227
12919.3 0 0.0268099
12919.6 0 0.0268971
12920.2 0 0.0269841
12921.1 0 0.0270711
12922.2 0 0.0271579
12923.4 0 0.0272447
12924.8 0 0.0273314
12926.3 0 0.0274181
12927.9 0 0.0275047
12929.8 0 0.0275912
12931.8 0 0.0276776
12933.7 0 0.0277641
12935.7 0 0.0278505
12937.6 0 0.0279369
12939.6 0 0.0280233
12941.8 0 0.0281096
12944.1 0 0.0281959
12946.6 0 0.028282
12949.3 0 0.0283681
12951.9 0 0.0284542
12954.5 0 0.0285403
12957.1 0 0.0286263
12959.7 0 0.0287124
12962.3 0 0.0287984
12964.9 0 0.0288844
12967.5 0 0.0289704
12970.2 0 0.0290564
12973 0 0.0291423
12976 0 0.0292281
12979.1 0 0.0293138
12982.4 0 0.0293995
12985.6 0 0.0294851
12988.8 0 0.0295709
12992 0 0.0296565
12995.2 0 0.0297422
12998.4 0 0.0298279
13001.6 0 0.0299135
13004.8 0 0.0299992
13008 0 0.0300848
13011.2 0 0.0301704
13014.4 0 0.030256
13017.6 0 0.0303415
13020.9 0 0.0304271
13024.2 0 0.0305125
13027.7 0 0.0305979
13031.3 0 0.0306833
13035 0 0.0307685
13038.8 0 0.0308537
13042.5 0 0.030939
13046.3 0 0.0310241
13050 0 0.0311093
13053.7 0 0.0311945
13057.5 0 0.0312796
13061.2 0 0.0313647
13064.9 0 0.0314498
13068.7 0 0.0315349
13072.4 0 0.03162
13076.1 0 0.031705
13079.8 0 0.0317901
13083.5 0 0.0318751
13087.2 0 0.0319601
13090.9 0 0.032045
13094.6 0 0.03213
13098.4 0 0.0322149
13102.2 0 0.0322998
13106.1 0 0.0323846
13110 0 0.0324693
13114.2 0 0.0325539
13118.4 0 0.0326385
13122.6 0 0.0327231
13126.8 0 0.0328076
13130.9 0 0.0328921
13135.1 0 0.0329766
13139.3 0 0.0330611
13143.5 0 0.0331455
13147.6 0 0.0332299
13151.8 0 0.0333143
13155.9 0 0.0333987
13160.1 0 0.033483
13164.3 0 0.0335674
13168.4 0 0.0336517
13172.5 0 0.033736
13176.7 0 0.0338202
13180.8 0 0.0339044
13185 0 0.0339886
13189.1 0 0.0340728
13193.2 0 0.034157
13197.4 0 0.0342411
13201.5 0 0.0343252
13205.6 0 0.0344093
13209.7 0 0.0344933
13213.9 0 0.0345773
13218.1 0 0.0346613
13222.4 0 0.0347452
13226.7 0 0.034829
13231.2 0 0.0349127
13235.7 0 0.0349964
13240.2 0 0.03508
13244.8 0 0.0351635
13249.3 0 0.0352471
13253.8 0 0.0353306
13258.3 0 0.0354141
13262.8 0 0.0354975
13267.3 0 0.0355809
13271.8 0 0.0356643
13276.3 0 0.0357477
13280.8 0 0.035831
13285.3 0 0.0359143
13289.8 0 0.0359976
13294.3 0 0.0360808
13298.7 0 0.036164
13303.2 0 0.0362472
13307.7 0 0.0363304
13312.2 0 0.0364135
13316.6 0 0.0364965
13321.1 0 0.0365796
13325.5 0 0.0366626
13330 0 0.0367456
13334.4 0 0.0368285
13338.9 0 0.0369115
13343.3 0 0.0369944
13347.7 0 0.0370772
13352.2 0 0.03716
13356.6 0 0.0372428
13361 0 0.0373256
13365.5 0 0.0374083
13369.9 0 0.037491
13374.3 0 0.0375737
13378.8 0 0.0376563
13383.3 0 0.0377389
13387.9 0 0.0378213
13392.5 0 0.0379037
13397.2 0 0.0379861
13402 0 0.0380683
13406.7 0 0.0381504
13411.5 0 0.0382325
13416.2 0 0.0383146
13420.9 0 0.0383967
13425.7 0 0.0384787
13430.4 0 0.0385606
13435.1 0 0.0386426
13439.8 0 0.0387245
13444.5 0 0.0388064
13449.3 0 0.0388882
13454 0 0.03897
13458.7 0 0.0390518
13463.4 0 0.0391335
13468.1 0 0.0392152
13472.8 0 0.0392969
13477.4 0 0.0393785
13482.1 0 0.0394601
13486.8 0 0.0395417
13491.5 0 0.0396232
13496.2 0 0.0397047
13500.8 0 0.0397862
13505.5 0 0.0398676
13510.1 0 0.039949
13514.8 0 0.0400304
13519.5 0 0.0401117
13524.1 0 0.040193
13528.8 0 0.0402743
13533.4 0 0.0403555
13538 0 0.0404367
13542.7 0 0.0405178
13547.3 0 0.040599
13551.9 0 0.04068
13556.6 0 0.0407611
13561.2 0 0.0408421
13565.8 0 0.0409231
13570.4 0 0.0410041
13575 0 0.041085
13579.6 0 0.0411659
13584.2 0 0.0412468
13588.8 0 0.0413276
13593.4 0 0.0414084
13598 0 0.0414892
13602.7 0 0.0415699
13607.4 0 0.0416506
13612.1 0 0.0417312
13616.8 0 0.0418118
13621.6 0 0.0418923
13410.3 0 0.0418363
13470.1 0 0.0418745
13494.5 0 0.0419273
