0 -58.4752 -2.26119e-06
634.56 0 4.56054e-05
1173.57 0 9.80007e-05
1709.92 0 0.000150368
2243.81 0 0.000202567
2775.24 0 0.000254558
3304.22 0 0.000306338
3830.74 0 0.000357887
4354.77 0 0.000409195
4876.15 0 0.000460264
5394.56 0 0.000511102
5909.16 0 0.000561735
6418.2 0 0.000612217
6918.36 0 0.000662662
7403.99 0 0.000713272
7866.83 0 0.000764323
8297.18 0 0.000816189
8686.59 0 0.000869212
9030.8 0 0.0009236
9330.49 0 0.000979439
9590.04 0 0.00103663
9815.21 0 0.00109502
10011.7 0 0.00115442
10184.8 0 0.00121469
10338.5 0 0.00127576
10475.8 0 0.00133804
10599.4 0 0.00140116
10711.4 0 0.00146509
10812.7 0 0.0015298
10905.5 0 0.00159497
10991.1 0 0.00166055
11070.4 0 0.00172648
11143.9 0 0.00179282
11212.1 0 0.00185969
11276 0 0.00192683
11335.9 0 0.00199423
11392.3 0 0.00206186
11445.5 0 0.0021297
11495.9 0 0.00219773
11543.8 0 0.00226593
11589.3 0 0.00233429
11632.4 0 0.00240289
11673.3 0 0.00247177
11712.4 0 0.00254078
11749.8 0 0.0026099
11785.6 0 0.00267913
11820.1 0 0.00274846
11853.2 0 0.00281787
11885.1 0 0.00288737
11915.6 0 0.00295682
11945 0 0.00302627
11972.9 0 0.00309624
11999.8 0 0.00316631
12025.7 0 0.00323642
12050.7 0 0.00330658
12074.7 0 0.00337674
12097.7 0 0.00344713
12119.8 0 0.00351801
12141.1 0 0.00358891
12161.8 0 0.00365984
12181.9 0 0.00373078
12201.4 0 0.00380173
12220.3 0 0.00387268
12238.6 0 0.00394365
12256.3 0 0.00401461
12273.3 0 0.00408582
12289.7 0 0.00415716
12305.5 0 0.0042285
12320.9 0 0.00429983
12335.7 0 0.00437142
12349.8 0 0.00444373
12363.5 0 0.00451603
12376.5 0 0.00458812
12388.8 0 0.00466022
12400.7 0 0.00473231
12412.4 0 0.00480437
12423.7 0 0.00487641
12434.7 0 0.00494842
12445.5 0 0.0050204
12455.9 0 0.00509236
12466.1 0 0.00516429
12476 0 0.0052362
12485.7 0 0.00530808
12495.1 0 0.00537994
12504.3 0 0.00545178
12513.2 0 0.0055236
12521.8 0 0.0055954
12530.3 0 0.00566718
12538.4 0 0.00573895
12546.4 0 0.0058107
12554.2 0 0.00588244
12561.7 0 0.00595416
12569 0 0.00602586
12576.2 0 0.00609755
12583.1 0 0.00616922
12589.9 0 0.00624087
12596.5 0 0.0063125
12603 0 0.00638411
12609.3 0 0.0064557
12615.5 0 0.00652727
12621.6 0 0.00659881
12627.5 0 0.00667033
12633.3 0 0.00674181
12638.9 0 0.00681326
12644.3 0 0.00688458
12649.5 0 0.00695584
12654.6 0 0.00702721
12659.6 0 0.00709908
12664.4 0 0.00717092
12669.2 0 0.00724273
12673.9 0 0.00731451
12678.6 0 0.00738626
12683.1 0 0.00745798
12687.6 0 0.00752968
12692 0 0.00760135
12696.3 0 0.00767299
12700.6 0 0.0077446
12704.8 0 0.00781619
12708.9 0 0.00788775
12713 0 0.00795929
12717 0 0.0080308
12720.9 0 0.00810229
12724.7 0 0.00817376
12728.5 0 0.0082452
12732.1 0 0.00831693
12735.7 0 0.00838895
12739.2 0 0.00846095
12742.7 0 0.00853295
12746 0 0.00860493
12749.3 0 0.00867691
12752.5 0 0.00874911
12755.5 0 0.00882252
12758.3 0 0.00889609
12761.2 0 0.00896968
12763.9 0 0.00904328
12766.6 0 0.00911691
12769.2 0 0.00919055
12771.7 0 0.00926439
12774.1 0 0.00933851
12776.4 0 0.00941264
12778.6 0 0.0094868
12780.8 0 0.00956097
12783 0 0.00963517
12785.1 0 0.00970938
12787.2 0 0.0097836
12789.2 0 0.00985784
12791.2 0 0.00993208
12793.2 0 0.0100063
12795.1 0 0.0100806
12797 0 0.0101549
12798.8 0 0.0102291
12800.6 0 0.0103034
12802.4 0 0.0103777
12804.2 0 0.0104519
12805.9 0 0.0105262
12807.7 0 0.0106004
12809.4 0 0.0106747
12811 0 0.0107489
12812.7 0 0.0108231
12814.3 0 0.0108973
12815.9 0 0.0109715
12817.5 0 0.0110457
12819.1 0 0.0111198
12820.7 0 0.011194
12822.2 0 0.0112681
12823.7 0 0.0113422
12825.2 0 0.0114163
12826.7 0 0.0114904
12828.2 0 0.0115645
12829.7 0 0.0116385
12831.1 0 0.0117126
12832.6 0 0.0117866
12834 0 0.0118606
12835.4 0 0.0119346
12836.8 0 0.0120085
12838.2 0 0.0120824
12839.5 0 0.0121564
12840.9 0 0.0122303
12842.2 0 0.0123041
12843.6 0 0.012378
12844.9 0 0.0124519
12846.2 0 0.0125257
12847.5 0 0.0125995
12848.7 0 0.0126733
12850 0 0.0127471
12851.3 0 0.0128208
12852.5 0 0.0128946
12853.7 0 0.0129683
12855 0 0.013042
12856.2 0 0.0131157
12857.4 0 0.0131894
12858.5 0 0.0132631
12859.7 0 0.0133368
12860.9 0 0.0134104
12862 0 0.0134841
12863.1 0 0.0135577
12864.3 0 0.0136314
12865.4 0 0.013705
12866.4 0 0.0137786
12867.5 0 0.0138522
12868.6 0 0.0139258
12869.6 0 0.0139994
12870.7 0 0.014073
12871.7 0 0.0141466
12872.7 0 0.0142202
12873.7 0 0.0142938
12874.7 0 0.0143673
12875.7 0 0.0144409
12876.6 0 0.0145145
12877.5 0 0.0145881
12878.5 0 0.0146617
12879.4 0 0.0147353
12880.3 0 0.0148089
12881.2 0 0.0148825
12882 0 0.0149561
12882.9 0 0.0150297
12883.7 0 0.0151033
12884.6 0 0.0151769
12885.4 0 0.0152506
12886.2 0 0.0153242
12886.9 0 0.0153979
12887.7 0 0.0154715
12888.5 0 0.0155452
12889.2 0 0.0156189
12889.9 0 0.0156926
12890.6 0 0.0157663
12891.3 0 0.0158401
12892 0 0.0159138
12892.7 0 0.0159875
12893.3 0 0.0160613
12894 0 0.0161351
12894.6 0 0.0162089
12895.2 0 0.0162827
12895.8 0 0.0163565
12896.4 0 0.0164303
12897 0 0.0165042
12897.6 0 0.016578
12898.1 0 0.0166519
12898.7 0 0.0167258
12899.2 0 0.0167997
12899.8 0 0.0168736
12900.3 0 0.0169475
12900.7 0 0.0170216
12901.2 0 0.0170958
12901.6 0 0.01717
12902 0 0.0172441
12902.5 0 0.0173183
12902.9 0 0.0173925
12903.3 0 0.0174667
12903.7 0 0.0175409
12904.1 0 0.0176151
12904.5 0 0.0176893
12904.8 0 0.0177635
12905.2 0 0.0178377
12905.5 0 0.0179119
12905.9 0 0.0179862
12906.2 0 0.0180604
12906.6 0 0.0181346
12906.9 0 0.0182088
12907.2 0 0.0182831
12907.5 0 0.0183573
12907.9 0 0.0184315
12908.2 0 0.0185058
12908.5 0 0.01858
12908.8 0 0.0186542
12909 0 0.0187285
12909.3 0 0.0188027
12909.6 0 0.0188769
12909.9 0 0.0189511
12910.2 0 0.0190253
12910.4 0 0.0190996
12910.7 0 0.0191738
12910.9 0 0.019248
12911.2 0 0.0193222
12911.4 0 0.0193964
12911.7 0 0.0194706
12911.9 0 0.0195447
12912.2 0 0.0196189
12912.4 0 0.0196931
12912.6 0 0.0197673
12912.9 0 0.0198414
12913.1 0 0.0199156
12913.3 0 0.0199897
12913.5 0 0.0200639
12913.7 0 0.020138
12913.9 0 0.0202121
12914.1 0 0.0202863
12914.3 0 0.0203604
12914.5 0 0.0204345
12914.7 0 0.0205086
12914.9 0 0.0205827
12915.1 0 0.0206568
12915.3 0 0.0207308
12915.5 0 0.0208049
12915.7 0 0.020879
12915.9 0 0.020953
12916 0 0.0210271
12916.2 0 0.0211011
12916.4 0 0.0211751
12916.6 0 0.0212492
12916.7 0 0.0213232
12916.9 0 0.0213972
12917 0 0.0214712
12917.2 0 0.0215452
12917.4 0 0.0216191
12917.5 0 0.0216931
12917.7 0 0.0217671
12917.8 0 0.021841
12918 0 0.021915
12918.1 0 0.0219889
12918.2 0 0.0220628
12918.4 0 0.0221368
12918.5 0 0.0222107
12918.7 0 0.0222846
12918.8 0 0.0223585
12918.9 0 0.0224324
12919.1 0 0.0225062
12919.3 0 0.0225801
12919.6 0 0.0226539
12920.2 0 0.0227276
12921.1 0 0.0228011
12922.2 0 0.0228746
12923.4 0 0.0229481
12924.8 0 0.0230214
12926.3 0 0.0230948
12927.9 0 0.023168
12929.8 0 0.0232412
12931.8 0 0.0233143
12933.7 0 0.0233874
12935.7 0 0.0234605
12937.6 0 0.0235335
12939.6 0 0.0236066
12941.8 0 0.0236796
12944.1 0 0.0237525
12946.6 0 0.0238253
12949.3 0 0.023898
12951.9 0 0.0239708
12954.5 0 0.0240435
12957.1 0 0.0241163
12959.7 0 0.024189
12962.3 0 0.0242617
12964.9 0 0.0243343
12967.5 0 0.024407
12970.2 0 0.0244796
12973 0 0.0245522
12976 0 0.0246247
12979.1 0 0.0246971
12982.4 0 0.0247694
12985.6 0 0.0248418
12988.8 0 0.0249141
12992 0 0.0249865
12995.2 0 0.0250588
12998.4 0 0.0251311
13001.6 0 0.0252034
13004.8 0 0.0252757
13008 0 0.025348
13011.2 0 0.0254203
13014.4 0 0.0254925
13017.6 0 0.0255648
13020.9 0 0.0256369
13024.2 0 0.0257091
13027.7 0 0.0257812
13031.3 0 0.0258532
13035 0 0.0259251
13038.8 0 0.0259969
13042.5 0 0.0260688
13046.3 0 0.0261407
13050 0 0.0262125
13053.7 0 0.0262843
13057.5 0 0.0263561
13061.2 0 0.0264279
13064.9 0 0.0264997
13068.7 0 0.0265715
13072.4 0 0.0266432
13076.1 0 0.0267149
13079.8 0 0.0267866
13083.5 0 0.0268583
13087.2 0 0.0269299
13090.9 0 0.0270016
13094.6 0 0.0270732
13098.4 0 0.0271448
13102.2 0 0.0272163
13106.1 0 0.0272878
13110 0 0.0273592
13114.2 0 0.0274305
13118.4 0 0.0275018
13122.6 0 0.027573
13126.8 0 0.0276443
13130.9 0 0.0277154
13135.1 0 0.0277866
13139.3 0 0.0278578
13143.5 0 0.0279289
13147.6 0 0.028
13151.8 0 0.0280711
13155.9 0 0.0281421
13160.1 0 0.0282132
13164.3 0 0.0282842
13168.4 0 0.0283552
13172.5 0 0.0284261
13176.7 0 0.0284971
13180.8 0 0.028568
13185 0 0.0286389
13189.1 0 0.0287097
13193.2 0 0.0287806
13197.4 0 0.0288514
13201.5 0 0.0289222
13205.6 0 0.028993
13209.7 0 0.0290637
13213.9 0 0.0291344
13218.1 0 0.0292051
13222.4 0 0.0292756
13226.7 0 0.0293462
13231.2 0 0.0294166
13235.7 0 0.0294869
13240.2 0 0.0295572
13244.8 0 0.0296275
13249.3 0 0.0296977
13253.8 0 0.0297679
13258.3 0 0.0298381
13262.8 0 0.0299083
13267.3 0 0.0299784
13271.8 0 0.0300485
13276.3 0 0.0301186
13280.8 0 0.0301886
13285.3 0 0.0302586
13289.8 0 0.0303286
13294.3 0 0.0303985
13298.7 0 0.0304685
13303.2 0 0.0305384
13307.7 0 0.0306082
13312.2 0 0.030678
13316.6 0 0.0307478
13321.1 0 0.0308176
13325.5 0 0.0308873
13330 0 0.030957
13334.4 0 0.0310267
13338.9 0 0.0310963
13343.3 0 0.031166
13347.7 0 0.0312355
13352.2 0 0.0313051
13356.6 0 0.0313746
13361 0 0.0314441
13365.5 0 0.0315135
13369.9 0 0.0315829
13374.3 0 0.0316523
13378.8 0 0.0317217
13383.3 0 0.0317909
13387.9 0 0.0318601
13392.5 0 0.0319293
13397.2 0 0.0319983
13402 0 0.0320672
13406.7 0 0.0321361
13411.5 0 0.032205
13416.2 0 0.0322738
13420.9 0 0.0323426
13425.7 0 0.0324113
13430.4 0 0.03248
13435.1 0 0.0325487
13439.8 0 0.0326174
13444.5 0 0.032686
13449.3 0 0.0327546
13454 0 0.0328231
13458.7 0 0.0328916
13463.4 0 0.0329601
13468.1 0 0.0330285
13472.8 0 0.033097
13477.4 0 0.0331653
13482.1 0 0.0332337
13486.8 0 0.033302
13491.5 0 0.0333703
13496.2 0 0.0334385
13500.8 0 0.0335067
13505.5 0 0.0335749
13510.1 0 0.033643
13514.8 0 0.0337111
13519.5 0 0.0337792
13524.1 0 0.0338473
13528.8 0 0.0339153
13533.4 0 0.0339833
13538 0 0.0340512
13542.7 0 0.0341191
13547.3 0 0.034187
13551.9 0 0.0342548
13556.6 0 0.0343226
13561.2 0 0.0343904
13565.8 0 0.0344582
13570.4 0 0.0345259
13575 0 0.0345936
13579.6 0 0.0346612
13584.2 0 0.0347288
13588.8 0 0.0347964
13593.4 0 0.0348639
13598 0 0.0349315
13602.7 0 0.034999
13607.4 0 0.0350664
13612.1 0 0.0351338
13616.8 0 0.0352011
13621.6 0 0.0352683
13410.3 0 0.0351994
13470.1 0 0.0352244
13494.5 0 0.0352641
