0 -58.4752 -2.26119e-06
634.56 0 2.19676e-05
1173.57 0 5.07009e-05
1709.92 0 7.94098e-05
2243.81 0 0.000107949
2775.24 0 0.000136282
3304.22 0 0.000164406
3830.74 0 0.0001923
4354.77 0 0.000219953
4876.15 0 0.000247367
5394.56 0 0.00027455
5909.16 0 0.000301526
6418.2 0 0.000328353
6918.36 0 0.000355142
7403.99 0 0.000382096
7866.83 0 0.000409492
8297.18 0 0.000437702
8686.59 0 0.000467071
9030.8 0 0.000497806
9330.49 0 0.000529983
9590.04 0 0.00056351
9815.21 0 0.000598199
10011.7 0 0.000633877
10184.8 0 0.000670411
10338.5 0 0.000707747
10475.8 0 0.000746391
10599.4 0 0.000785917
10711.4 0 0.000826291
10812.7 0 0.000867384
10905.5 0 0.000908936
10991.1 0 0.000950896
11070.4 0 0.000993223
11143.9 0 0.00103596
11212.1 0 0.00107922
11276 0 0.00112277
11335.9 0 0.00116657
11392.3 0 0.00121061
11445.5 0 0.00125486
11495.9 0 0.0012993
11543.8 0 0.00134391
11589.3 0 0.00138869
11632.4 0 0.0014337
11673.3 0 0.00147897
11712.4 0 0.00152437
11749.8 0 0.00156989
11785.6 0 0.00161552
11820.1 0 0.00166124
11853.2 0 0.00170706
11885.1 0 0.00175295
11915.6 0 0.00179873
11945 0 0.00184444
11972.9 0 0.00189072
11999.8 0 0.0019371
12025.7 0 0.00198353
12050.7 0 0.00202998
12074.7 0 0.00207635
12097.7 0 0.00212298
12119.8 0 0.00217018
12141.1 0 0.00221741
12161.8 0 0.00226465
12181.9 0 0.00231191
12201.4 0 0.00235917
12220.3 0 0.00240645
12238.6 0 0.00245373
12256.3 0 0.00250101
12273.3 0 0.00254854
12289.7 0 0.00259621
12305.5 0 0.00264388
12320.9 0 0.00269155
12335.7 0 0.00273951
12349.8 0 0.00278834
12363.5 0 0.00283717
12376.5 0 0.00288561
12388.8 0 0.00293396
12400.7 0 0.00298228
12412.4 0 0.00303058
12423.7 0 0.00307886
12434.7 0 0.00312711
12445.5 0 0.00317532
12455.9 0 0.00322351
12466.1 0 0.00327168
12476 0 0.00331982
12485.7 0 0.00336793
12495.1 0 0.00341601
12504.3 0 0.00346408
12513.2 0 0.00351212
12521.8 0 0.00356015
12530.3 0 0.00360815
12538.4 0 0.00365614
12546.4 0 0.00370411
12554.2 0 0.00375206
12561.7 0 0.0038
12569 0 0.00384792
12576.2 0 0.00389582
12583.1 0 0.0039437
12589.9 0 0.00399156
12596.5 0 0.0040394
12603 0 0.00408722
12609.3 0 0.00413502
12615.5 0 0.0041828
12621.6 0 0.00423055
12627.5 0 0.00427827
12633.3 0 0.00432594
12638.9 0 0.0043735
12644.3 0 0.00442083
12649.5 0 0.00446803
12654.6 0 0.00451539
12659.6 0 0.00456334
12664.4 0 0.00461125
12669.2 0 0.00465913
12673.9 0 0.00470698
12678.6 0 0.00475481
12683.1 0 0.0048026
12687.6 0 0.00485036
12692 0 0.00489809
12696.3 0 0.00494578
12700.6 0 0.00499345
12704.8 0 0.00504109
12708.9 0 0.0050887
12713 0 0.00513628
12717 0 0.00518383
12720.9 0 0.00523135
12724.7 0 0.00527885
12728.5 0 0.00532632
12732.1 0 0.00537412
12735.7 0 0.00542229
12739.2 0 0.00547044
12742.7 0 0.00551858
12746 0 0.0055667
12749.3 0 0.00561482
12752.5 0 0.00566319
12755.5 0 0.00571295
12758.3 0 0.0057629
12761.2 0 0.00581287
12763.9 0 0.00586287
12766.6 0 0.00591288
12769.2 0 0.00596292
12771.7 0 0.00601313
12774.1 0 0.0060636
12776.4 0 0.0061141
12778.6 0 0.00616462
12780.8 0 0.00621516
12783 0 0.00626573
12785.1 0 0.00631631
12787.2 0 0.00636692
12789.2 0 0.00641754
12791.2 0 0.00646817
12793.2 0 0.00651881
12795.1 0 0.00656947
12797 0 0.00662013
12798.8 0 0.00667079
12800.6 0 0.00672146
12802.4 0 0.00677212
12804.2 0 0.00682279
12805.9 0 0.00687345
12807.7 0 0.0069241
12809.4 0 0.00697475
12811 0 0.00702539
12812.7 0 0.00707602
12814.3 0 0.00712664
12815.9 0 0.00717725
12817.5 0 0.00722784
12819.1 0 0.00727842
12820.7 0 0.00732898
12822.2 0 0.00737953
12823.7 0 0.00743007
12825.2 0 0.00748058
12826.7 0 0.00753108
12828.2 0 0.00758156
12829.7 0 0.00763202
12831.1 0 0.00768247
12832.6 0 0.00773289
12834 0 0.0077833
12835.4 0 0.00783369
12836.8 0 0.00788406
12838.2 0 0.00793441
12839.5 0 0.00798474
12840.9 0 0.00803505
12842.2 0 0.00808534
12843.6 0 0.00813562
12844.9 0 0.00818588
12846.2 0 0.00823611
12847.5 0 0.00828633
12848.7 0 0.00833654
12850 0 0.00838672
12851.3 0 0.00843689
12852.5 0 0.00848704
12853.7 0 0.00853718
12855 0 0.0085873
12856.2 0 0.00863741
12857.4 0 0.0086875
12858.5 0 0.00873758
12859.7 0 0.00878765
12860.9 0 0.00883772
12862 0 0.00888778
12863.1 0 0.00893782
12864.3 0 0.00898786
12865.4 0 0.00903789
12866.4 0 0.00908791
12867.5 0 0.00913792
12868.6 0 0.00918793
12869.6 0 0.00923793
12870.7 0 0.00928792
12871.7 0 0.00933791
12872.7 0 0.0093879
12873.7 0 0.00943789
12874.7 0 0.00948787
12875.7 0 0.00953785
12876.6 0 0.00958784
12877.5 0 0.00963782
12878.5 0 0.00968781
12879.4 0 0.0097378
12880.3 0 0.0097878
12881.2 0 0.0098378
12882 0 0.00988781
12882.9 0 0.00993782
12883.7 0 0.00998785
12884.6 0 0.0100379
12885.4 0 0.0100879
12886.2 0 0.010138
12886.9 0 0.010188
12887.7 0 0.0102381
12888.5 0 0.0102882
12889.2 0 0.0103383
12889.9 0 0.0103884
12890.6 0 0.0104385
12891.3 0 0.0104887
12892 0 0.0105388
12892.7 0 0.010589
12893.3 0 0.0106392
12894 0 0.0106894
12894.6 0 0.0107396
12895.2 0 0.0107898
12895.8 0 0.0108401
12896.4 0 0.0108903
12897 0 0.0109406
12897.6 0 0.0109909
12898.1 0 0.0110412
12898.7 0 0.0110915
12899.2 0 0.0111418
12899.8 0 0.0111922
12900.3 0 0.0112425
12900.7 0 0.011293
12901.2 0 0.0113436
12901.6 0 0.0113941
12902 0 0.0114446
12902.5 0 0.0114952
12902.9 0 0.0115457
12903.3 0 0.0115963
12903.7 0 0.0116468
12904.1 0 0.0116974
12904.5 0 0.011748
12904.8 0 0.0117986
12905.2 0 0.0118492
12905.5 0 0.0118998
12905.9 0 0.0119504
12906.2 0 0.012001
12906.6 0 0.0120516
12906.9 0 0.0121022
12907.2 0 0.0121528
12907.5 0 0.0122034
12907.9 0 0.012254
12908.2 0 0.0123046
12908.5 0 0.0123552
12908.8 0 0.0124058
12909 0 0.0124564
12909.3 0 0.012507
12909.6 0 0.0125576
12909.9 0 0.0126082
12910.2 0 0.0126588
12910.4 0 0.0127094
12910.7 0 0.01276
12910.9 0 0.0128106
12911.2 0 0.0128612
12911.4 0 0.0129118
12911.7 0 0.0129623
12911.9 0 0.0130129
12912.2 0 0.0130635
12912.4 0 0.013114
12912.6 0 0.0131646
12912.9 0 0.0132151
12913.1 0 0.0132656
12913.3 0 0.0133162
12913.5 0 0.0133667
12913.7 0 0.0134172
12913.9 0 0.0134677
12914.1 0 0.0135182
12914.3 0 0.0135687
12914.5 0 0.0136192
12914.7 0 0.0136697
12914.9 0 0.0137201
12915.1 0 0.0137706
12915.3 0 0.0138211
12915.5 0 0.0138715
12915.7 0 0.013922
12915.9 0 0.0139724
12916 0 0.0140228
12916.2 0 0.0140732
12916.4 0 0.0141236
12916.6 0 0.014174
12916.7 0 0.0142244
12916.9 0 0.0142748
12917 0 0.0143252
12917.2 0 0.0143755
12917.4 0 0.0144259
12917.5 0 0.0144762
12917.7 0 0.0145266
12917.8 0 0.0145769
12918 0 0.0146272
12918.1 0 0.0146776
12918.2 0 0.0147279
12918.4 0 0.0147782
12918.5 0 0.0148284
12918.7 0 0.0148787
12918.8 0 0.014929
12918.9 0 0.0149792
12919.1 0 0.0150295
12919.3 0 0.0150797
12919.6 0 0.0151299
12920.2 0 0.0151799
12921.1 0 0.0152299
12922.2 0 0.0152797
12923.4 0 0.0153295
12924.8 0 0.0153792
12926.3 0 0.0154289
12927.9 0 0.0154785
12929.8 0 0.015528
12931.8 0 0.0155774
12933.7 0 0.0156269
12935.7 0 0.0156763
12937.6 0 0.0157257
12939.6 0 0.0157751
12941.8 0 0.0158244
12944.1 0 0.0158737
12946.6 0 0.0159228
12949.3 0 0.0159719
12951.9 0 0.016021
12954.5 0 0.01607
12957.1 0 0.0161191
12959.7 0 0.0161681
12962.3 0 0.0162171
12964.9 0 0.0162661
12967.5 0 0.0163151
12970.2 0 0.0163641
12973 0 0.0164129
12976 0 0.0164618
12979.1 0 0.0165105
12982.4 0 0.0165591
12985.6 0 0.0166078
12988.8 0 0.0166565
12992 0 0.0167052
12995.2 0 0.0167538
12998.4 0 0.0168025
13001.6 0 0.0168511
13004.8 0 0.0168998
13008 0 0.0169484
13011.2 0 0.016997
13014.4 0 0.0170455
13017.6 0 0.0170941
13020.9 0 0.0171426
13024.2 0 0.0171911
13027.7 0 0.0172395
13031.3 0 0.0172879
13035 0 0.0173361
13038.8 0 0.0173843
13042.5 0 0.0174325
13046.3 0 0.0174807
13050 0 0.0175288
13053.7 0 0.017577
13057.5 0 0.0176251
13061.2 0 0.0176732
13064.9 0 0.0177213
13068.7 0 0.0177694
13072.4 0 0.0178174
13076.1 0 0.0178655
13079.8 0 0.0179135
13083.5 0 0.0179615
13087.2 0 0.0180095
13090.9 0 0.0180574
13094.6 0 0.0181054
13098.4 0 0.0181533
13102.2 0 0.0182011
13106.1 0 0.0182489
13110 0 0.0182966
13114.2 0 0.0183443
13118.4 0 0.0183918
13122.6 0 0.0184394
13126.8 0 0.0184869
13130.9 0 0.0185344
13135.1 0 0.0185819
13139.3 0 0.0186293
13143.5 0 0.0186767
13147.6 0 0.0187241
13151.8 0 0.0187715
13155.9 0 0.0188189
13160.1 0 0.0188662
13164.3 0 0.0189135
13168.4 0 0.0189608
13172.5 0 0.0190081
13176.7 0 0.0190553
13180.8 0 0.0191025
13185 0 0.0191497
13189.1 0 0.0191968
13193.2 0 0.019244
13197.4 0 0.0192911
13201.5 0 0.0193382
13205.6 0 0.0193852
13209.7 0 0.0194323
13213.9 0 0.0194793
13218.1 0 0.0195262
13222.4 0 0.019573
13226.7 0 0.0196198
13231.2 0 0.0196666
13235.7 0 0.0197132
13240.2 0 0.0197597
13244.8 0 0.0198063
13249.3 0 0.0198528
13253.8 0 0.0198993
13258.3 0 0.0199457
13262.8 0 0.0199922
13267.3 0 0.0200386
13271.8 0 0.0200849
13276.3 0 0.0201312
13280.8 0 0.0201776
13285.3 0 0.0202238
13289.8 0 0.0202701
13294.3 0 0.0203163
13298.7 0 0.0203624
13303.2 0 0.0204086
13307.7 0 0.0204547
13312.2 0 0.0205008
13316.6 0 0.0205468
13321.1 0 0.0205929
13325.5 0 0.0206388
13330 0 0.0206848
13334.4 0 0.0207307
13338.9 0 0.0207766
13343.3 0 0.0208225
13347.7 0 0.0208683
13352.2 0 0.0209141
13356.6 0 0.0209598
13361 0 0.0210056
13365.5 0 0.0210513
13369.9 0 0.0210969
13374.3 0 0.0211426
13378.8 0 0.0211881
13383.3 0 0.0212336
13387.9 0 0.0212791
13392.5 0 0.0213245
13397.2 0 0.0213697
13402 0 0.0214149
13406.7 0 0.02146
13411.5 0 0.0215051
13416.2 0 0.0215501
13420.9 0 0.0215951
13425.7 0 0.0216401
13430.4 0 0.021685
13435.1 0 0.02173
13439.8 0 0.0217748
13444.5 0 0.0218197
13449.3 0 0.0218644
13454 0 0.0219092
13458.7 0 0.0219539
13463.4 0 0.0219986
13468.1 0 0.0220433
13472.8 0 0.0220879
13477.4 0 0.0221325
13482.1 0 0.0221771
13486.8 0 0.0222216
13491.5 0 0.0222661
13496.2 0 0.0223105
13500.8 0 0.0223549
13505.5 0 0.0223993
13510.1 0 0.0224437
13514.8 0 0.022488
13519.5 0 0.0225323
13524.1 0 0.0225765
13528.8 0 0.0226207
13533.4 0 0.0226649
13538 0 0.022709
13542.7 0 0.0227531
13547.3 0 0.0227972
13551.9 0 0.0228413
13556.6 0 0.0228853
13561.2 0 0.0229292
13565.8 0 0.0229732
13570.4 0 0.0230171
13575 0 0.023061
13579.6 0 0.0231048
13584.2 0 0.0231486
13588.8 0 0.0231924
13593.4 0 0.0232361
13598 0 0.0232799
13602.7 0 0.0233236
13607.4 0 0.0233672
13612.1 0 0.0234108
13616.8 0 0.0234543
13621.6 0 0.0234978
13410.3 0 0.0234047
13470.1 0 0.0234057
13494.5 0 0.0234215
