0 -58.4752 -2.26119e-06
634.56 0 8.38817e-05
1173.57 0 0.000174566
1709.92 0 0.00026522
2243.81 0 0.000355706
2775.24 0 0.000445984
3304.22 0 0.000536049
3830.74 0 0.000625883
4354.77 0 0.000715476
4876.15 0 0.00080483
5394.56 0 0.000893954
5909.16 0 0.000982871
6418.2 0 0.00107164
6918.36 0 0.00116037
7403.99 0 0.00124926
7866.83 0 0.0013386
8297.18 0 0.00142875
8686.59 0 0.00152006
9030.8 0 0.00161273
9330.49 0 0.00170686
9590.04 0 0.00180234
9815.21 0 0.00189903
10011.7 0 0.00199676
10184.8 0 0.00209536
10338.5 0 0.00219475
10475.8 0 0.0022953
10599.4 0 0.00239668
10711.4 0 0.00249884
10812.7 0 0.00260183
10905.5 0 0.00270526
10991.1 0 0.0028091
11070.4 0 0.0029133
11143.9 0 0.00301789
11212.1 0 0.00312302
11276 0 0.00322842
11335.9 0 0.00333408
11392.3 0 0.00343996
11445.5 0 0.00354605
11495.9 0 0.00365233
11543.8 0 0.00375878
11589.3 0 0.00386539
11632.4 0 0.00397225
11673.3 0 0.00407938
11712.4 0 0.00418665
11749.8 0 0.00429403
11785.6 0 0.00440152
11820.1 0 0.0045091
11853.2 0 0.00461678
11885.1 0 0.00472453
11915.6 0 0.00483228
11945 0 0.00494005
11972.9 0 0.00504832
11999.8 0 0.00515669
12025.7 0 0.00526511
12050.7 0 0.00537358
12074.7 0 0.00548209
12097.7 0 0.00559082
12119.8 0 0.00569999
12141.1 0 0.0058092
12161.8 0 0.00591842
12181.9 0 0.00602766
12201.4 0 0.00613691
12220.3 0 0.00624616
12238.6 0 0.00635543
12256.3 0 0.00646469
12273.3 0 0.0065742
12289.7 0 0.00668383
12305.5 0 0.00679346
12320.9 0 0.00690309
12335.7 0 0.00701294
12349.8 0 0.00712344
12363.5 0 0.00723394
12376.5 0 0.00734431
12388.8 0 0.00745475
12400.7 0 0.00756517
12412.4 0 0.00767557
12423.7 0 0.00778595
12434.7 0 0.0078963
12445.5 0 0.00800663
12455.9 0 0.00811692
12466.1 0 0.0082272
12476 0 0.00833745
12485.7 0 0.00844767
12495.1 0 0.00855788
12504.3 0 0.00866806
12513.2 0 0.00877822
12521.8 0 0.00888837
12530.3 0 0.0089985
12538.4 0 0.00910862
12546.4 0 0.00921872
12554.2 0 0.00932881
12561.7 0 0.00943888
12569 0 0.00954894
12576.2 0 0.00965898
12583.1 0 0.009769
12589.9 0 0.009879
12596.5 0 0.00998899
12603 0 0.010099
12609.3 0 0.0102089
12615.5 0 0.0103188
12621.6 0 0.0104287
12627.5 0 0.0105386
12633.3 0 0.0106484
12638.9 0 0.0107583
12644.3 0 0.0108681
12649.5 0 0.0109778
12654.6 0 0.0110877
12659.6 0 0.0111979
12664.4 0 0.0113082
12669.2 0 0.0114184
12673.9 0 0.0115286
12678.6 0 0.0116388
12683.1 0 0.011749
12687.6 0 0.0118591
12692 0 0.0119692
12696.3 0 0.0120793
12700.6 0 0.0121893
12704.8 0 0.0122993
12708.9 0 0.0124093
12713 0 0.0125193
12717 0 0.0126292
12720.9 0 0.0127392
12724.7 0 0.0128491
12728.5 0 0.012959
12732.1 0 0.0130691
12735.7 0 0.0131795
12739.2 0 0.0132899
12742.7 0 0.0134003
12746 0 0.0135107
12749.3 0 0.0136211
12752.5 0 0.0137316
12755.5 0 0.0138433
12758.3 0 0.0139551
12761.2 0 0.014067
12763.9 0 0.0141789
12766.6 0 0.0142908
12769.2 0 0.0144027
12771.7 0 0.0145148
12774.1 0 0.0146272
12776.4 0 0.0147396
12778.6 0 0.014852
12780.8 0 0.0149645
12783 0 0.0150769
12785.1 0 0.0151894
12787.2 0 0.0153019
12789.2 0 0.0154144
12791.2 0 0.0155269
12793.2 0 0.0156394
12795.1 0 0.0157519
12797 0 0.0158645
12798.8 0 0.015977
12800.6 0 0.0160895
12802.4 0 0.016202
12804.2 0 0.0163145
12805.9 0 0.0164271
12807.7 0 0.0165396
12809.4 0 0.016652
12811 0 0.0167645
12812.7 0 0.016877
12814.3 0 0.0169895
12815.9 0 0.0171019
12817.5 0 0.0172143
12819.1 0 0.0173267
12820.7 0 0.0174391
12822.2 0 0.0175515
12823.7 0 0.0176639
12825.2 0 0.0177762
12826.7 0 0.0178886
12828.2 0 0.0180009
12829.7 0 0.0181132
12831.1 0 0.0182255
12832.6 0 0.0183377
12834 0 0.01845
12835.4 0 0.0185622
12836.8 0 0.0186744
12838.2 0 0.0187866
12839.5 0 0.0188988
12840.9 0 0.0190109
12842.2 0 0.019123
12843.6 0 0.0192352
12844.9 0 0.0193473
12846.2 0 0.0194593
12847.5 0 0.0195714
12848.7 0 0.0196835
12850 0 0.0197955
12851.3 0 0.0199075
12852.5 0 0.0200195
12853.7 0 0.0201315
12855 0 0.0202435
12856.2 0 0.0203554
12857.4 0 0.0204674
12858.5 0 0.0205793
12859.7 0 0.0206912
12860.9 0 0.0208031
12862 0 0.0209151
12863.1 0 0.0210269
12864.3 0 0.0211388
12865.4 0 0.0212507
12866.4 0 0.0213626
12867.5 0 0.0214745
12868.6 0 0.0215863
12869.6 0 0.0216982
12870.7 0 0.02181
12871.7 0 0.0219219
12872.7 0 0.0220337
12873.7 0 0.0221455
12874.7 0 0.0222574
12875.7 0 0.0223692
12876.6 0 0.0224811
12877.5 0 0.0225929
12878.5 0 0.0227047
12879.4 0 0.0228166
12880.3 0 0.0229284
12881.2 0 0.0230403
12882 0 0.0231522
12882.9 0 0.023264
12883.7 0 0.0233759
12884.6 0 0.0234878
12885.4 0 0.0235997
12886.2 0 0.0237116
12886.9 0 0.0238235
12887.7 0 0.0239354
12888.5 0 0.0240473
12889.2 0 0.0241593
12889.9 0 0.0242712
12890.6 0 0.0243832
12891.3 0 0.0244952
12892 0 0.0246072
12892.7 0 0.0247192
12893.3 0 0.0248312
12894 0 0.0249432
12894.6 0 0.0250552
12895.2 0 0.0251673
12895.8 0 0.0252794
12896.4 0 0.0253914
12897 0 0.0255035
12897.6 0 0.0256156
12898.1 0 0.0257277
12898.7 0 0.0258398
12899.2 0 0.025952
12899.8 0 0.0260641
12900.3 0 0.0261763
12900.7 0 0.0262887
12901.2 0 0.0264011
12901.6 0 0.0265135
12902 0 0.026626
12902.5 0 0.0267384
12902.9 0 0.0268509
12903.3 0 0.0269634
12903.7 0 0.0270758
12904.1 0 0.0271883
12904.5 0 0.0273008
12904.8 0 0.0274133
12905.2 0 0.0275258
12905.5 0 0.0276383
12905.9 0 0.0277508
12906.2 0 0.0278632
12906.6 0 0.0279757
12906.9 0 0.0280882
12907.2 0 0.0282007
12907.5 0 0.0283133
12907.9 0 0.0284258
12908.2 0 0.0285383
12908.5 0 0.0286508
12908.8 0 0.0287632
12909 0 0.0288757
12909.3 0 0.0289882
12909.6 0 0.0291007
12909.9 0 0.0292132
12910.2 0 0.0293257
12910.4 0 0.0294382
12910.7 0 0.0295507
12910.9 0 0.0296631
12911.2 0 0.0297756
12911.4 0 0.0298881
12911.7 0 0.0300005
12911.9 0 0.030113
12912.2 0 0.0302254
12912.4 0 0.0303379
12912.6 0 0.0304503
12912.9 0 0.0305627
12913.1 0 0.0306751
12913.3 0 0.0307876
12913.5 0 0.0309
12913.7 0 0.0310124
12913.9 0 0.0311248
12914.1 0 0.0312371
12914.3 0 0.0313495
12914.5 0 0.0314619
12914.7 0 0.0315743
12914.9 0 0.0316866
12915.1 0 0.031799
12915.3 0 0.0319113
12915.5 0 0.0320237
12915.7 0 0.032136
12915.9 0 0.0322483
12916 0 0.0323606
12916.2 0 0.0324729
12916.4 0 0.0325852
12916.6 0 0.0326975
12916.7 0 0.0328098
12916.9 0 0.0329221
12917 0 0.0330344
12917.2 0 0.0331466
12917.4 0 0.0332589
12917.5 0 0.0333711
12917.7 0 0.0334833
12917.8 0 0.0335956
12918 0 0.0337078
12918.1 0 0.03382
12918.2 0 0.0339322
12918.4 0 0.0340444
12918.5 0 0.0341566
12918.7 0 0.0342687
12918.8 0 0.0343809
12918.9 0 0.0344931
12919.1 0 0.0346052
12919.3 0 0.0347173
12919.6 0 0.0348294
12920.2 0 0.0349413
12921.1 0 0.0350532
12922.2 0 0.035165
12923.4 0 0.0352767
12924.8 0 0.0353883
12926.3 0 0.0354999
12927.9 0 0.0356115
12929.8 0 0.0357229
12931.8 0 0.0358343
12933.7 0 0.0359457
12935.7 0 0.0360571
12937.6 0 0.0361684
12939.6 0 0.0362798
12941.8 0 0.036391
12944.1 0 0.0365022
12946.6 0 0.0366133
12949.3 0 0.0367244
12951.9 0 0.0368354
12954.5 0 0.0369465
12957.1 0 0.0370575
12959.7 0 0.0371685
12962.3 0 0.0372795
12964.9 0 0.0373905
12967.5 0 0.0375014
12970.2 0 0.0376124
12973 0 0.0377232
12976 0 0.037834
12979.1 0 0.0379447
12982.4 0 0.0380554
12985.6 0 0.038166
12988.8 0 0.0382767
12992 0 0.0383873
12995.2 0 0.0384979
12998.4 0 0.0386085
13001.6 0 0.0387191
13004.8 0 0.0388297
13008 0 0.0389403
13011.2 0 0.0390508
13014.4 0 0.0391614
13017.6 0 0.0392719
13020.9 0 0.0393824
13024.2 0 0.0394928
13027.7 0 0.0396031
13031.3 0 0.0397135
13035 0 0.0398236
13038.8 0 0.0399338
13042.5 0 0.040044
13046.3 0 0.0401541
13050 0 0.0402643
13053.7 0 0.0403744
13057.5 0 0.0404845
13061.2 0 0.0405946
13064.9 0 0.0407047
13068.7 0 0.0408147
13072.4 0 0.0409247
13076.1 0 0.0410348
13079.8 0 0.0411447
13083.5 0 0.0412547
13087.2 0 0.0413647
13090.9 0 0.0414746
13094.6 0 0.0415846
13098.4 0 0.0416944
13102.2 0 0.0418043
13106.1 0 0.0419141
13110 0 0.0420238
13114.2 0 0.0421334
13118.4 0 0.042243
13122.6 0 0.0423525
13126.8 0 0.042462
13130.9 0 0.0425715
13135.1 0 0.042681
13139.3 0 0.0427904
13143.5 0 0.0428999
13147.6 0 0.0430093
13151.8 0 0.0431187
13155.9 0 0.043228
13160.1 0 0.0433374
13164.3 0 0.0434467
13168.4 0 0.043556
13172.5 0 0.0436653
13176.7 0 0.0437745
13180.8 0 0.0438837
13185 0 0.043993
13189.1 0 0.0441021
13193.2 0 0.0442113
13197.4 0 0.0443204
13201.5 0 0.0444295
13205.6 0 0.0445386
13209.7 0 0.0446477
13213.9 0 0.0447567
13218.1 0 0.0448656
13222.4 0 0.0449745
13226.7 0 0.0450834
13231.2 0 0.0451921
13235.7 0 0.0453008
13240.2 0 0.0454094
13244.8 0 0.045518
13249.3 0 0.0456265
13253.8 0 0.0457351
13258.3 0 0.0458436
13262.8 0 0.0459521
13267.3 0 0.0460605
13271.8 0 0.0461689
13276.3 0 0.0462773
13280.8 0 0.0463857
13285.3 0 0.046494
13289.8 0 0.0466023
13294.3 0 0.0467106
13298.7 0 0.0468189
13303.2 0 0.0469271
13307.7 0 0.0470353
13312.2 0 0.0471434
13316.6 0 0.0472516
13321.1 0 0.0473596
13325.5 0 0.0474677
13330 0 0.0475757
13334.4 0 0.0476838
13338.9 0 0.0477917
13343.3 0 0.0478997
13347.7 0 0.0480076
13352.2 0 0.0481155
13356.6 0 0.0482233
13361 0 0.0483311
13365.5 0 0.0484389
13369.9 0 0.0485467
13374.3 0 0.0486544
13378.8 0 0.0487621
13383.3 0 0.0488697
13387.9 0 0.0489772
13392.5 0 0.0490847
13397.2 0 0.0491921
13402 0 0.0492993
13406.7 0 0.0494066
13411.5 0 0.0495138
13416.2 0 0.0496209
13420.9 0 0.0497281
13425.7 0 0.0498352
13430.4 0 0.0499422
13435.1 0 0.0500492
13439.8 0 0.0501562
13444.5 0 0.0502632
13449.3 0 0.0503701
13454 0 0.050477
13458.7 0 0.0505839
13463.4 0 0.0506907
13468.1 0 0.0507975
13472.8 0 0.0509043
13477.4 0 0.051011
13482.1 0 0.0511177
13486.8 0 0.0512244
13491.5 0 0.051331
13496.2 0 0.0514376
13500.8 0 0.0515442
13505.5 0 0.0516507
13510.1 0 0.0517572
13514.8 0 0.0518637
13519.5 0 0.0519701
13524.1 0 0.0520765
13528.8 0 0.0521829
13533.4 0 0.0522892
13538 0 0.0523955
13542.7 0 0.0525018
13547.3 0 0.052608
13551.9 0 0.0527142
13556.6 0 0.0528204
13561.2 0 0.0529265
13565.8 0 0.0530326
13570.4 0 0.0531387
13575 0 0.0532447
13579.6 0 0.0533507
13584.2 0 0.0534567
13588.8 0 0.0535627
13593.4 0 0.0536686
13598 0 0.0537745
13602.7 0 0.0538803
13607.4 0 0.0539861
13612.1 0 0.0540918
13616.8 0 0.0541975
13621.6 0 0.0543031
13410.3 0 0.0542726
13470.1 0 0.0543361
13494.5 0 0.0544142
