0 -58.4752 -2.26119e-06
634.56 0 7.43867e-05
1173.57 0 0.000155576
1709.92 0 0.000236736
2243.81 0 0.000317728
2775.24 0 0.000398512
3304.22 0 0.000479082
3830.74 0 0.000559421
4354.77 0 0.00063952
4876.15 0 0.00071938
5394.56 0 0.000799009
5909.16 0 0.000878432
6418.2 0 0.000957706
6918.36 0 0.00103694
7403.99 0 0.00111634
7866.83 0 0.00119618
8297.18 0 0.00127684
8686.59 0 0.00135865
9030.8 0 0.00144183
9330.49 0 0.00152646
9590.04 0 0.00161246
9815.21 0 0.00169965
10011.7 0 0.00178788
10184.8 0 0.00187699
10338.5 0 0.00196689
10475.8 0 0.00205795
10599.4 0 0.00214983
10711.4 0 0.0022425
10812.7 0 0.00233598
10905.5 0 0.00242992
10991.1 0 0.00252426
11070.4 0 0.00261897
11143.9 0 0.00271407
11212.1 0 0.0028097
11276 0 0.0029056
11335.9 0 0.00300176
11392.3 0 0.00309815
11445.5 0 0.00319474
11495.9 0 0.00329152
11543.8 0 0.00338848
11589.3 0 0.00348559
11632.4 0 0.00358295
11673.3 0 0.00368059
11712.4 0 0.00377836
11749.8 0 0.00387625
11785.6 0 0.00397424
11820.1 0 0.00407233
11853.2 0 0.00417051
11885.1 0 0.00426876
11915.6 0 0.00436702
11945 0 0.0044653
11972.9 0 0.00456408
11999.8 0 0.00466295
12025.7 0 0.00476188
12050.7 0 0.00486085
12074.7 0 0.00495987
12097.7 0 0.00505911
12119.8 0 0.00515879
12141.1 0 0.0052585
12161.8 0 0.00535823
12181.9 0 0.00545797
12201.4 0 0.00555773
12220.3 0 0.00565749
12238.6 0 0.00575726
12256.3 0 0.00585704
12273.3 0 0.00595705
12289.7 0 0.00605719
12305.5 0 0.00615732
12320.9 0 0.00625745
12335.7 0 0.00635781
12349.8 0 0.00645881
12363.5 0 0.00655981
12376.5 0 0.00666068
12388.8 0 0.00676164
12400.7 0 0.00686257
12412.4 0 0.00696348
12423.7 0 0.00706436
12434.7 0 0.00716522
12445.5 0 0.00726606
12455.9 0 0.00736686
12466.1 0 0.00746765
12476 0 0.0075684
12485.7 0 0.00766914
12495.1 0 0.00776985
12504.3 0 0.00787055
12513.2 0 0.00797122
12521.8 0 0.00807188
12530.3 0 0.00817252
12538.4 0 0.00827314
12546.4 0 0.00837376
12554.2 0 0.00847435
12561.7 0 0.00857493
12569 0 0.0086755
12576.2 0 0.00877605
12583.1 0 0.00887658
12589.9 0 0.00897709
12596.5 0 0.00907759
12603 0 0.00917806
12609.3 0 0.00927852
12615.5 0 0.00937895
12621.6 0 0.00947935
12627.5 0 0.00957973
12633.3 0 0.0096801
12638.9 0 0.00978046
12644.3 0 0.00988076
12649.5 0 0.00998101
12654.6 0 0.0100814
12659.6 0 0.0101822
12664.4 0 0.010283
12669.2 0 0.0103837
12673.9 0 0.0104844
12678.6 0 0.0105851
12683.1 0 0.0106858
12687.6 0 0.0107864
12692 0 0.010887
12696.3 0 0.0109876
12700.6 0 0.0110882
12704.8 0 0.0111887
12708.9 0 0.0112892
12713 0 0.0113897
12717 0 0.0114902
12720.9 0 0.0115906
12724.7 0 0.0116911
12728.5 0 0.0117915
12732.1 0 0.0118921
12735.7 0 0.011993
12739.2 0 0.0120939
12742.7 0 0.0121948
12746 0 0.0122957
12749.3 0 0.0123966
12752.5 0 0.0124977
12755.5 0 0.0125999
12758.3 0 0.0127022
12761.2 0 0.0128046
12763.9 0 0.012907
12766.6 0 0.0130094
12769.2 0 0.0131118
12771.7 0 0.0132144
12774.1 0 0.0133173
12776.4 0 0.0134202
12778.6 0 0.0135231
12780.8 0 0.0136261
12783 0 0.013729
12785.1 0 0.013832
12787.2 0 0.013935
12789.2 0 0.014038
12791.2 0 0.014141
12793.2 0 0.0142441
12795.1 0 0.0143471
12797 0 0.0144501
12798.8 0 0.0145531
12800.6 0 0.0146562
12802.4 0 0.0147592
12804.2 0 0.0148622
12805.9 0 0.0149652
12807.7 0 0.0150682
12809.4 0 0.0151712
12811 0 0.0152742
12812.7 0 0.0153772
12814.3 0 0.0154801
12815.9 0 0.0155831
12817.5 0 0.015686
12819.1 0 0.0157889
12820.7 0 0.0158918
12822.2 0 0.0159947
12823.7 0 0.0160976
12825.2 0 0.0162005
12826.7 0 0.0163033
12828.2 0 0.0164061
12829.7 0 0.0165089
12831.1 0 0.0166117
12832.6 0 0.0167145
12834 0 0.0168172
12835.4 0 0.0169199
12836.8 0 0.0170226
12838.2 0 0.0171253
12839.5 0 0.017228
12840.9 0 0.0173307
12842.2 0 0.0174333
12843.6 0 0.0175359
12844.9 0 0.0176385
12846.2 0 0.0177411
12847.5 0 0.0178437
12848.7 0 0.0179462
12850 0 0.0180488
12851.3 0 0.0181513
12852.5 0 0.0182538
12853.7 0 0.0183563
12855 0 0.0184588
12856.2 0 0.0185612
12857.4 0 0.0186637
12858.5 0 0.0187661
12859.7 0 0.0188685
12860.9 0 0.0189709
12862 0 0.0190734
12863.1 0 0.0191758
12864.3 0 0.0192782
12865.4 0 0.0193805
12866.4 0 0.0194829
12867.5 0 0.0195853
12868.6 0 0.0196876
12869.6 0 0.01979
12870.7 0 0.0198923
12871.7 0 0.0199947
12872.7 0 0.020097
12873.7 0 0.0201994
12874.7 0 0.0203017
12875.7 0 0.0204041
12876.6 0 0.0205064
12877.5 0 0.0206088
12878.5 0 0.0207111
12879.4 0 0.0208135
12880.3 0 0.0209158
12881.2 0 0.0210182
12882 0 0.0211205
12882.9 0 0.0212229
12883.7 0 0.0213253
12884.6 0 0.0214277
12885.4 0 0.0215301
12886.2 0 0.0216325
12886.9 0 0.0217349
12887.7 0 0.0218373
12888.5 0 0.0219397
12889.2 0 0.0220422
12889.9 0 0.0221446
12890.6 0 0.0222471
12891.3 0 0.0223496
12892 0 0.0224521
12892.7 0 0.0225546
12893.3 0 0.0226571
12894 0 0.0227596
12894.6 0 0.0228622
12895.2 0 0.0229647
12895.8 0 0.0230673
12896.4 0 0.0231699
12897 0 0.0232725
12897.6 0 0.0233751
12898.1 0 0.0234777
12898.7 0 0.0235803
12899.2 0 0.0236829
12899.8 0 0.0237856
12900.3 0 0.0238882
12900.7 0 0.0239912
12901.2 0 0.0240941
12901.6 0 0.024197
12902 0 0.0243
12902.5 0 0.0244029
12902.9 0 0.0245059
12903.3 0 0.0246089
12903.7 0 0.0247118
12904.1 0 0.0248148
12904.5 0 0.0249178
12904.8 0 0.0250208
12905.2 0 0.0251238
12905.5 0 0.0252268
12905.9 0 0.0253298
12906.2 0 0.0254328
12906.6 0 0.0255358
12906.9 0 0.0256388
12907.2 0 0.0257418
12907.5 0 0.0258448
12907.9 0 0.0259478
12908.2 0 0.0260508
12908.5 0 0.0261538
12908.8 0 0.0262568
12909 0 0.0263598
12909.3 0 0.0264628
12909.6 0 0.0265658
12909.9 0 0.0266688
12910.2 0 0.0267718
12910.4 0 0.0268748
12910.7 0 0.0269778
12910.9 0 0.0270807
12911.2 0 0.0271837
12911.4 0 0.0272867
12911.7 0 0.0273896
12911.9 0 0.0274926
12912.2 0 0.0275955
12912.4 0 0.0276985
12912.6 0 0.0278014
12912.9 0 0.0279044
12913.1 0 0.0280073
12913.3 0 0.0281102
12913.5 0 0.0282131
12913.7 0 0.028316
12913.9 0 0.0284189
12914.1 0 0.0285218
12914.3 0 0.0286247
12914.5 0 0.0287276
12914.7 0 0.0288305
12914.9 0 0.0289333
12915.1 0 0.0290362
12915.3 0 0.029139
12915.5 0 0.0292419
12915.7 0 0.0293447
12915.9 0 0.0294475
12916 0 0.0295503
12916.2 0 0.0296532
12916.4 0 0.029756
12916.6 0 0.0298588
12916.7 0 0.0299615
12916.9 0 0.0300643
12917 0 0.0301671
12917.2 0 0.0302699
12917.4 0 0.0303726
12917.5 0 0.0304754
12917.7 0 0.0305781
12917.8 0 0.0306808
12918 0 0.0307835
12918.1 0 0.0308863
12918.2 0 0.030989
12918.4 0 0.0310917
12918.5 0 0.0311943
12918.7 0 0.031297
12918.8 0 0.0313997
12918.9 0 0.0315024
12919.1 0 0.031605
12919.3 0 0.0317076
12919.6 0 0.0318102
12920.2 0 0.0319127
12921.1 0 0.032015
12922.2 0 0.0321173
12923.4 0 0.0322195
12924.8 0 0.0323217
12926.3 0 0.0324238
12927.9 0 0.0325258
12929.8 0 0.0326278
12931.8 0 0.0327297
12933.7 0 0.0328316
12935.7 0 0.0329334
12937.6 0 0.0330353
12939.6 0 0.0331371
12941.8 0 0.0332389
12944.1 0 0.0333406
12946.6 0 0.0334422
12949.3 0 0.0335438
12951.9 0 0.0336453
12954.5 0 0.0337469
12957.1 0 0.0338484
12959.7 0 0.0339499
12962.3 0 0.0340514
12964.9 0 0.0341529
12967.5 0 0.0342544
12970.2 0 0.0343558
12973 0 0.0344572
12976 0 0.0345585
12979.1 0 0.0346597
12982.4 0 0.0347608
12985.6 0 0.034862
12988.8 0 0.0349631
12992 0 0.0350643
12995.2 0 0.0351654
12998.4 0 0.0352665
13001.6 0 0.0353676
13004.8 0 0.0354687
13008 0 0.0355698
13011.2 0 0.0356709
13014.4 0 0.0357719
13017.6 0 0.0358729
13020.9 0 0.0359739
13024.2 0 0.0360748
13027.7 0 0.0361757
13031.3 0 0.0362765
13035 0 0.0363772
13038.8 0 0.0364779
13042.5 0 0.0365786
13046.3 0 0.0366792
13050 0 0.0367799
13053.7 0 0.0368805
13057.5 0 0.0369811
13061.2 0 0.0370817
13064.9 0 0.0371823
13068.7 0 0.0372828
13072.4 0 0.0373834
13076.1 0 0.0374839
13079.8 0 0.0375844
13083.5 0 0.0376849
13087.2 0 0.0377854
13090.9 0 0.0378858
13094.6 0 0.0379862
13098.4 0 0.0380866
13102.2 0 0.038187
13106.1 0 0.0382873
13110 0 0.0383875
13114.2 0 0.0384876
13118.4 0 0.0385877
13122.6 0 0.0386877
13126.8 0 0.0387877
13130.9 0 0.0388877
13135.1 0 0.0389877
13139.3 0 0.0390877
13143.5 0 0.0391876
13147.6 0 0.0392875
13151.8 0 0.0393874
13155.9 0 0.0394873
13160.1 0 0.0395872
13164.3 0 0.039687
13168.4 0 0.0397868
13172.5 0 0.0398866
13176.7 0 0.0399863
13180.8 0 0.0400861
13185 0 0.0401858
13189.1 0 0.0402855
13193.2 0 0.0403851
13197.4 0 0.0404848
13201.5 0 0.0405844
13205.6 0 0.040684
13209.7 0 0.0407835
13213.9 0 0.0408831
13218.1 0 0.0409825
13222.4 0 0.0410819
13226.7 0 0.0411813
13231.2 0 0.0412805
13235.7 0 0.0413797
13240.2 0 0.0414788
13244.8 0 0.0415779
13249.3 0 0.041677
13253.8 0 0.041776
13258.3 0 0.0418751
13262.8 0 0.041974
13267.3 0 0.042073
13271.8 0 0.0421719
13276.3 0 0.0422708
13280.8 0 0.0423697
13285.3 0 0.0424686
13289.8 0 0.0425674
13294.3 0 0.0426661
13298.7 0 0.0427649
13303.2 0 0.0428636
13307.7 0 0.0429623
13312.2 0 0.043061
13316.6 0 0.0431596
13321.1 0 0.0432582
13325.5 0 0.0433568
13330 0 0.0434553
13334.4 0 0.0435539
13338.9 0 0.0436523
13343.3 0 0.0437508
13347.7 0 0.0438492
13352.2 0 0.0439476
13356.6 0 0.044046
13361 0 0.0441443
13365.5 0 0.0442426
13369.9 0 0.0443409
13374.3 0 0.0444391
13378.8 0 0.0445373
13383.3 0 0.0446354
13387.9 0 0.0447334
13392.5 0 0.0448314
13397.2 0 0.0449293
13402 0 0.0450271
13406.7 0 0.0451248
13411.5 0 0.0452225
13416.2 0 0.0453202
13420.9 0 0.0454178
13425.7 0 0.0455154
13430.4 0 0.045613
13435.1 0 0.0457105
13439.8 0 0.0458081
13444.5 0 0.0459055
13449.3 0 0.046003
13454 0 0.0461004
13458.7 0 0.0461977
13463.4 0 0.0462951
13468.1 0 0.0463924
13472.8 0 0.0464897
13477.4 0 0.0465869
13482.1 0 0.0466841
13486.8 0 0.0467813
13491.5 0 0.0468784
13496.2 0 0.0469755
13500.8 0 0.0470726
13505.5 0 0.0471697
13510.1 0 0.0472667
13514.8 0 0.0473636
13519.5 0 0.0474606
13524.1 0 0.0475575
13528.8 0 0.0476544
13533.4 0 0.0477512
13538 0 0.047848
13542.7 0 0.0479448
13547.3 0 0.0480415
13551.9 0 0.0481383
13556.6 0 0.0482349
13561.2 0 0.0483316
13565.8 0 0.0484282
13570.4 0 0.0485248
13575 0 0.0486213
13579.6 0 0.0487179
13584.2 0 0.0488143
13588.8 0 0.0489108
13593.4 0 0.0490072
13598 0 0.0491036
13602.7 0 0.0492
13607.4 0 0.0492963
13612.1 0 0.0493925
13616.8 0 0.0494887
13621.6 0 0.0495848
13410.3 0 0.0495449
13470.1 0 0.0495988
13494.5 0 0.0496675
