0 -58.4752 -2.26119e-06
634.56 0 7.75288e-05
1173.57 0 0.000161982
1709.92 0 0.000246387
2243.81 0 0.000330633
2775.24 0 0.00041466
3304.22 0 0.000498461
3830.74 0 0.000582028
4354.77 0 0.000665356
4876.15 0 0.000748446
5394.56 0 0.000831306
5909.16 0 0.000913962
6418.2 0 0.000996469
6918.36 0 0.00107894
7403.99 0 0.00116157
7866.83 0 0.00124464
8297.18 0 0.00132853
8686.59 0 0.00141357
9030.8 0 0.00149997
9330.49 0 0.00158786
9590.04 0 0.00167714
9815.21 0 0.00176775
10011.7 0 0.00185958
10184.8 0 0.00195233
10338.5 0 0.00204585
10475.8 0 0.00214003
10599.4 0 0.00223483
10711.4 0 0.00233024
10812.7 0 0.00242678
10905.5 0 0.00252376
10991.1 0 0.00262112
11070.4 0 0.00271882
11143.9 0 0.00281691
11212.1 0 0.0029155
11276 0 0.00301434
11335.9 0 0.00311343
11392.3 0 0.00321273
11445.5 0 0.00331223
11495.9 0 0.00341191
11543.8 0 0.00351175
11589.3 0 0.00361174
11632.4 0 0.00371202
11673.3 0 0.00381264
11712.4 0 0.00391338
11749.8 0 0.00401424
11785.6 0 0.0041152
11820.1 0 0.00421625
11853.2 0 0.00431739
11885.1 0 0.0044186
11915.6 0 0.00452021
11945 0 0.0046221
11972.9 0 0.00472429
11999.8 0 0.00482655
12025.7 0 0.00492888
12050.7 0 0.00503134
12074.7 0 0.00513424
12097.7 0 0.00523721
12119.8 0 0.00534025
12141.1 0 0.00544332
12161.8 0 0.00554641
12181.9 0 0.00564952
12201.4 0 0.00575265
12220.3 0 0.00585578
12238.6 0 0.00595893
12256.3 0 0.00606208
12273.3 0 0.00616542
12289.7 0 0.00626885
12305.5 0 0.00637229
12320.9 0 0.00647572
12335.7 0 0.00657913
12349.8 0 0.00668247
12363.5 0 0.00678579
12376.5 0 0.00688986
12388.8 0 0.00699456
12400.7 0 0.00709924
12412.4 0 0.00720392
12423.7 0 0.00730857
12434.7 0 0.0074132
12445.5 0 0.00751781
12455.9 0 0.00762241
12466.1 0 0.00772698
12476 0 0.00783154
12485.7 0 0.00793608
12495.1 0 0.00804061
12504.3 0 0.00814512
12513.2 0 0.00824963
12521.8 0 0.00835413
12530.3 0 0.00845862
12538.4 0 0.0085631
12546.4 0 0.00866757
12554.2 0 0.00877204
12561.7 0 0.0088765
12569 0 0.00898096
12576.2 0 0.0090854
12583.1 0 0.00918983
12589.9 0 0.00929424
12596.5 0 0.00939864
12603 0 0.00950302
12609.3 0 0.00960738
12615.5 0 0.00971172
12621.6 0 0.00981604
12627.5 0 0.00992034
12633.3 0 0.0100248
12638.9 0 0.0101295
12644.3 0 0.0102347
12649.5 0 0.0103402
12654.6 0 0.0104456
12659.6 0 0.010551
12664.4 0 0.0106563
12669.2 0 0.0107617
12673.9 0 0.010867
12678.6 0 0.0109723
12683.1 0 0.0110776
12687.6 0 0.0111828
12692 0 0.0112881
12696.3 0 0.0113934
12700.6 0 0.0114986
12704.8 0 0.0116039
12708.9 0 0.0117091
12713 0 0.0118143
12717 0 0.0119196
12720.9 0 0.0120248
12724.7 0 0.01213
12728.5 0 0.0122353
12732.1 0 0.0123405
12735.7 0 0.0124456
12739.2 0 0.0125508
12742.7 0 0.0126559
12746 0 0.0127611
12749.3 0 0.0128662
12752.5 0 0.0129714
12755.5 0 0.0130767
12758.3 0 0.0131821
12761.2 0 0.0132875
12763.9 0 0.0133929
12766.6 0 0.0134983
12769.2 0 0.0136037
12771.7 0 0.0137094
12774.1 0 0.0138155
12776.4 0 0.0139216
12778.6 0 0.0140276
12780.8 0 0.0141337
12783 0 0.0142398
12785.1 0 0.0143458
12787.2 0 0.0144519
12789.2 0 0.0145579
12791.2 0 0.0146639
12793.2 0 0.01477
12795.1 0 0.014876
12797 0 0.014982
12798.8 0 0.015088
12800.6 0 0.0151939
12802.4 0 0.0152999
12804.2 0 0.0154059
12805.9 0 0.0155118
12807.7 0 0.0156177
12809.4 0 0.0157236
12811 0 0.0158295
12812.7 0 0.0159354
12814.3 0 0.0160412
12815.9 0 0.016147
12817.5 0 0.0162529
12819.1 0 0.0163587
12820.7 0 0.0164644
12822.2 0 0.0165702
12823.7 0 0.016676
12825.2 0 0.0167817
12826.7 0 0.0168874
12828.2 0 0.0169931
12829.7 0 0.0170988
12831.1 0 0.0172044
12832.6 0 0.0173101
12834 0 0.0174157
12835.4 0 0.0175213
12836.8 0 0.0176269
12838.2 0 0.0177325
12839.5 0 0.0178381
12840.9 0 0.0179436
12842.2 0 0.0180491
12843.6 0 0.0181547
12844.9 0 0.0182602
12846.2 0 0.0183657
12847.5 0 0.0184711
12848.7 0 0.0185766
12850 0 0.0186821
12851.3 0 0.0187875
12852.5 0 0.0188929
12853.7 0 0.0189984
12855 0 0.0191038
12856.2 0 0.0192092
12857.4 0 0.0193146
12858.5 0 0.0194199
12859.7 0 0.0195253
12860.9 0 0.0196307
12862 0 0.019736
12863.1 0 0.0198413
12864.3 0 0.0199466
12865.4 0 0.0200519
12866.4 0 0.0201573
12867.5 0 0.0202626
12868.6 0 0.0203679
12869.6 0 0.0204732
12870.7 0 0.0205784
12871.7 0 0.0206837
12872.7 0 0.020789
12873.7 0 0.0208943
12874.7 0 0.0209996
12875.7 0 0.0211049
12876.6 0 0.0212102
12877.5 0 0.0213155
12878.5 0 0.0214208
12879.4 0 0.0215261
12880.3 0 0.0216314
12881.2 0 0.0217367
12882 0 0.021842
12882.9 0 0.0219473
12883.7 0 0.0220526
12884.6 0 0.0221579
12885.4 0 0.0222633
12886.2 0 0.0223686
12886.9 0 0.0224739
12887.7 0 0.0225793
12888.5 0 0.0226846
12889.2 0 0.02279
12889.9 0 0.0228953
12890.6 0 0.0230007
12891.3 0 0.023106
12892 0 0.0232114
12892.7 0 0.0233168
12893.3 0 0.0234221
12894 0 0.0235275
12894.6 0 0.0236329
12895.2 0 0.0237383
12895.8 0 0.0238437
12896.4 0 0.0239491
12897 0 0.0240545
12897.6 0 0.0241598
12898.1 0 0.0242652
12898.7 0 0.0243706
12899.2 0 0.024476
12899.8 0 0.0245814
12900.3 0 0.0246869
12900.7 0 0.024793
12901.2 0 0.024899
12901.6 0 0.0250051
12902 0 0.0251112
12902.5 0 0.0252172
12902.9 0 0.0253233
12903.3 0 0.0254294
12903.7 0 0.0255355
12904.1 0 0.0256416
12904.5 0 0.0257476
12904.8 0 0.0258537
12905.2 0 0.0259598
12905.5 0 0.0260659
12905.9 0 0.026172
12906.2 0 0.026278
12906.6 0 0.0263841
12906.9 0 0.0264902
12907.2 0 0.0265963
12907.5 0 0.0267024
12907.9 0 0.0268084
12908.2 0 0.0269145
12908.5 0 0.0270206
12908.8 0 0.0271266
12909 0 0.0272327
12909.3 0 0.0273387
12909.6 0 0.0274448
12909.9 0 0.0275508
12910.2 0 0.0276569
12910.4 0 0.0277629
12910.7 0 0.0278689
12910.9 0 0.027975
12911.2 0 0.028081
12911.4 0 0.028187
12911.7 0 0.028293
12911.9 0 0.028399
12912.2 0 0.028505
12912.4 0 0.028611
12912.6 0 0.028717
12912.9 0 0.028823
12913.1 0 0.028929
12913.3 0 0.0290349
12913.5 0 0.0291409
12913.7 0 0.0292469
12913.9 0 0.0293528
12914.1 0 0.0294588
12914.3 0 0.0295647
12914.5 0 0.0296706
12914.7 0 0.0297766
12914.9 0 0.0298825
12915.1 0 0.0299884
12915.3 0 0.0300943
12915.5 0 0.0302002
12915.7 0 0.0303061
12915.9 0 0.030412
12916 0 0.0305179
12916.2 0 0.0306238
12916.4 0 0.0307296
12916.6 0 0.0308355
12916.7 0 0.0309413
12916.9 0 0.0310472
12917 0 0.031153
12917.2 0 0.0312589
12917.4 0 0.0313647
12917.5 0 0.0314705
12917.7 0 0.0315763
12917.8 0 0.0316821
12918 0 0.0317879
12918.1 0 0.0318937
12918.2 0 0.0319995
12918.4 0 0.0321053
12918.5 0 0.0322111
12918.7 0 0.0323168
12918.8 0 0.0324226
12918.9 0 0.0325283
12919.1 0 0.0326341
12919.3 0 0.0327398
12919.6 0 0.0328455
12920.2 0 0.0329511
12921.1 0 0.0330566
12922.2 0 0.033162
12923.4 0 0.0332674
12924.8 0 0.0333727
12926.3 0 0.0334781
12927.9 0 0.0335833
12929.8 0 0.0336885
12931.8 0 0.0337936
12933.7 0 0.0338988
12935.7 0 0.0340039
12937.6 0 0.034109
12939.6 0 0.0342141
12941.8 0 0.0343192
12944.1 0 0.0344242
12946.6 0 0.0345291
12949.3 0 0.034634
12951.9 0 0.0347388
12954.5 0 0.0348437
12957.1 0 0.0349486
12959.7 0 0.0350534
12962.3 0 0.0351583
12964.9 0 0.0352631
12967.5 0 0.0353679
12970.2 0 0.0354727
12973 0 0.0355774
12976 0 0.0356821
12979.1 0 0.0357867
12982.4 0 0.0358913
12985.6 0 0.0359958
12988.8 0 0.0361002
12992 0 0.0362046
12995.2 0 0.036309
12998.4 0 0.0364134
13001.6 0 0.0365178
13004.8 0 0.0366222
13008 0 0.0367265
13011.2 0 0.0368309
13014.4 0 0.0369352
13017.6 0 0.0370395
13020.9 0 0.0371438
13024.2 0 0.037248
13027.7 0 0.0373522
13031.3 0 0.0374562
13035 0 0.0375603
13038.8 0 0.0376643
13042.5 0 0.0377683
13046.3 0 0.0378723
13050 0 0.0379763
13053.7 0 0.0380802
13057.5 0 0.0381842
13061.2 0 0.0382881
13064.9 0 0.0383921
13068.7 0 0.038496
13072.4 0 0.0385999
13076.1 0 0.0387037
13079.8 0 0.0388076
13083.5 0 0.0389114
13087.2 0 0.0390153
13090.9 0 0.0391191
13094.6 0 0.0392229
13098.4 0 0.0393267
13102.2 0 0.0394304
13106.1 0 0.039534
13110 0 0.0396377
13114.2 0 0.0397412
13118.4 0 0.0398447
13122.6 0 0.0399481
13126.8 0 0.0400516
13130.9 0 0.040155
13135.1 0 0.0402585
13139.3 0 0.0403619
13143.5 0 0.0404653
13147.6 0 0.0405686
13151.8 0 0.040672
13155.9 0 0.0407753
13160.1 0 0.0408786
13164.3 0 0.0409819
13168.4 0 0.0410852
13172.5 0 0.0411885
13176.7 0 0.0412917
13180.8 0 0.0413949
13185 0 0.0414981
13189.1 0 0.0416013
13193.2 0 0.0417045
13197.4 0 0.0418076
13201.5 0 0.0419107
13205.6 0 0.0420139
13209.7 0 0.0421169
13213.9 0 0.04222
13218.1 0 0.042323
13222.4 0 0.0424259
13226.7 0 0.0425288
13231.2 0 0.0426315
13235.7 0 0.0427343
13240.2 0 0.042837
13244.8 0 0.0429397
13249.3 0 0.0430423
13253.8 0 0.043145
13258.3 0 0.0432476
13262.8 0 0.0433502
13267.3 0 0.0434528
13271.8 0 0.0435554
13276.3 0 0.0436579
13280.8 0 0.0437604
13285.3 0 0.0438629
13289.8 0 0.0439653
13294.3 0 0.0440678
13298.7 0 0.0441702
13303.2 0 0.0442726
13307.7 0 0.044375
13312.2 0 0.0444773
13316.6 0 0.0445796
13321.1 0 0.0446819
13325.5 0 0.0447842
13330 0 0.0448864
13334.4 0 0.0449886
13338.9 0 0.0450908
13343.3 0 0.045193
13347.7 0 0.0452951
13352.2 0 0.0453973
13356.6 0 0.0454993
13361 0 0.0456014
13365.5 0 0.0457035
13369.9 0 0.0458055
13374.3 0 0.0459074
13378.8 0 0.0460093
13383.3 0 0.0461112
13387.9 0 0.046213
13392.5 0 0.0463147
13397.2 0 0.0464163
13402 0 0.0465179
13406.7 0 0.0466194
13411.5 0 0.046721
13416.2 0 0.0468225
13420.9 0 0.046924
13425.7 0 0.0470254
13430.4 0 0.0471268
13435.1 0 0.0472282
13439.8 0 0.0473296
13444.5 0 0.0474309
13449.3 0 0.0475323
13454 0 0.0476335
13458.7 0 0.0477348
13463.4 0 0.047836
13468.1 0 0.0479372
13472.8 0 0.0480384
13477.4 0 0.0481395
13482.1 0 0.0482406
13486.8 0 0.0483417
13491.5 0 0.0484428
13496.2 0 0.0485438
13500.8 0 0.0486448
13505.5 0 0.0487457
13510.1 0 0.0488467
13514.8 0 0.0489476
13519.5 0 0.0490485
13524.1 0 0.0491493
13528.8 0 0.0492501
13533.4 0 0.0493509
13538 0 0.0494517
13542.7 0 0.0495524
13547.3 0 0.0496531
13551.9 0 0.0497538
13556.6 0 0.0498545
13561.2 0 0.0499551
13565.8 0 0.0500557
13570.4 0 0.0501562
13575 0 0.0502567
13579.6 0 0.0503573
13584.2 0 0.0504577
13588.8 0 0.0505582
13593.4 0 0.0506586
13598 0 0.0507589
13602.7 0 0.0508592
13607.4 0 0.0509594
13612.1 0 0.0510595
13616.8 0 0.0511596
13621.6 0 0.0512596
13410.3 0 0.0512254
13470.1 0 0.051284
13494.5 0 0.0513575
