0 -58.4752 -2.26119e-06
634.56 0 4.78305e-05
1173.57 0 0.000102601
1709.92 0 0.00015732
2243.81 0 0.000211881
2775.24 0 0.000266222
3304.22 0 0.000320336
3830.74 0 0.000374215
4354.77 0 0.000427855
4876.15 0 0.000481258
5394.56 0 0.000534431
5909.16 0 0.000587399
6418.2 0 0.000640219
6918.36 0 0.000693002
7403.99 0 0.000745944
7866.83 0 0.000799333
8297.18 0 0.000853532
8686.59 0 0.000908881
9030.8 0 0.000965592
9330.49 0 0.0010238
9590.04 0 0.0010834
9815.21 0 0.00114435
10011.7 0 0.00120653
10184.8 0 0.00126964
10338.5 0 0.00133352
10475.8 0 0.00139801
10599.4 0 0.00146308
10711.4 0 0.00152874
10812.7 0 0.00159557
10905.5 0 0.00166284
10991.1 0 0.00173049
11070.4 0 0.00179848
11143.9 0 0.00186685
11212.1 0 0.00193571
11276 0 0.00200484
11335.9 0 0.0020742
11392.3 0 0.00214377
11445.5 0 0.00221355
11495.9 0 0.0022835
11543.8 0 0.00235361
11589.3 0 0.00242387
11632.4 0 0.00249442
11673.3 0 0.00256532
11712.4 0 0.00263635
11749.8 0 0.00270748
11785.6 0 0.00277872
11820.1 0 0.00285006
11853.2 0 0.00292147
11885.1 0 0.00299296
11915.6 0 0.0030649
11945 0 0.00313715
11972.9 0 0.00320967
11999.8 0 0.00328227
12025.7 0 0.00335493
12050.7 0 0.00342774
12074.7 0 0.00350103
12097.7 0 0.00357437
12119.8 0 0.00364774
12141.1 0 0.00372113
12161.8 0 0.00379456
12181.9 0 0.003868
12201.4 0 0.00394145
12220.3 0 0.00401492
12238.6 0 0.00408839
12256.3 0 0.00416188
12273.3 0 0.00423554
12289.7 0 0.00430929
12305.5 0 0.00438305
12320.9 0 0.0044568
12335.7 0 0.0045305
12349.8 0 0.00460404
12363.5 0 0.00467756
12376.5 0 0.00475194
12388.8 0 0.00482702
12400.7 0 0.00490208
12412.4 0 0.00497713
12423.7 0 0.00505216
12434.7 0 0.00512717
12445.5 0 0.00520217
12455.9 0 0.00527714
12466.1 0 0.0053521
12476 0 0.00542703
12485.7 0 0.00550196
12495.1 0 0.00557687
12504.3 0 0.00565177
12513.2 0 0.00572666
12521.8 0 0.00580155
12530.3 0 0.00587642
12538.4 0 0.0059513
12546.4 0 0.00602616
12554.2 0 0.00610102
12561.7 0 0.00617587
12569 0 0.00625072
12576.2 0 0.00632555
12583.1 0 0.00640038
12589.9 0 0.00647519
12596.5 0 0.00654998
12603 0 0.00662476
12609.3 0 0.00669951
12615.5 0 0.00677425
12621.6 0 0.00684896
12627.5 0 0.00692365
12633.3 0 0.00699848
12638.9 0 0.00707368
12644.3 0 0.00714944
12649.5 0 0.00722544
12654.6 0 0.00730139
12659.6 0 0.00737724
12664.4 0 0.00745307
12669.2 0 0.00752888
12673.9 0 0.00760468
12678.6 0 0.00768046
12683.1 0 0.00775624
12687.6 0 0.007832
12692 0 0.00790775
12696.3 0 0.00798349
12700.6 0 0.00805923
12704.8 0 0.00813496
12708.9 0 0.00821069
12713 0 0.00828643
12717 0 0.00836216
12720.9 0 0.00843791
12724.7 0 0.00851365
12728.5 0 0.00858941
12732.1 0 0.00866508
12735.7 0 0.00874065
12739.2 0 0.00881623
12742.7 0 0.0088918
12746 0 0.00896738
12749.3 0 0.00904297
12752.5 0 0.00911857
12755.5 0 0.00919424
12758.3 0 0.00926993
12761.2 0 0.00934562
12763.9 0 0.00942131
12766.6 0 0.00949699
12769.2 0 0.00957268
12771.7 0 0.00964867
12774.1 0 0.00972504
12776.4 0 0.00980141
12778.6 0 0.00987777
12780.8 0 0.00995413
12783 0 0.0100305
12785.1 0 0.0101068
12787.2 0 0.0101832
12789.2 0 0.0102595
12791.2 0 0.0103358
12793.2 0 0.0104121
12795.1 0 0.0104884
12797 0 0.0105647
12798.8 0 0.010641
12800.6 0 0.0107172
12802.4 0 0.0107935
12804.2 0 0.0108697
12805.9 0 0.0109459
12807.7 0 0.0110221
12809.4 0 0.0110983
12811 0 0.0111744
12812.7 0 0.0112506
12814.3 0 0.0113267
12815.9 0 0.0114028
12817.5 0 0.0114789
12819.1 0 0.011555
12820.7 0 0.011631
12822.2 0 0.011707
12823.7 0 0.0117831
12825.2 0 0.0118591
12826.7 0 0.011935
12828.2 0 0.012011
12829.7 0 0.0120869
12831.1 0 0.0121629
12832.6 0 0.0122388
12834 0 0.0123147
12835.4 0 0.0123906
12836.8 0 0.0124664
12838.2 0 0.0125423
12839.5 0 0.0126181
12840.9 0 0.012694
12842.2 0 0.0127698
12843.6 0 0.0128456
12844.9 0 0.0129213
12846.2 0 0.0129971
12847.5 0 0.0130729
12848.7 0 0.0131486
12850 0 0.0132243
12851.3 0 0.0133
12852.5 0 0.0133757
12853.7 0 0.0134514
12855 0 0.0135271
12856.2 0 0.0136028
12857.4 0 0.0136785
12858.5 0 0.0137541
12859.7 0 0.0138298
12860.9 0 0.0139054
12862 0 0.013981
12863.1 0 0.0140566
12864.3 0 0.0141322
12865.4 0 0.0142078
12866.4 0 0.0142834
12867.5 0 0.014359
12868.6 0 0.0144345
12869.6 0 0.0145101
12870.7 0 0.0145857
12871.7 0 0.0146612
12872.7 0 0.0147368
12873.7 0 0.0148124
12874.7 0 0.014888
12875.7 0 0.0149635
12876.6 0 0.0150391
12877.5 0 0.0151147
12878.5 0 0.0151902
12879.4 0 0.0152658
12880.3 0 0.0153414
12881.2 0 0.015417
12882 0 0.0154926
12882.9 0 0.0155681
12883.7 0 0.0156437
12884.6 0 0.0157193
12885.4 0 0.0157949
12886.2 0 0.0158705
12886.9 0 0.0159461
12887.7 0 0.0160218
12888.5 0 0.0160974
12889.2 0 0.016173
12889.9 0 0.0162486
12890.6 0 0.0163242
12891.3 0 0.0163999
12892 0 0.0164755
12892.7 0 0.0165511
12893.3 0 0.0166268
12894 0 0.0167024
12894.6 0 0.0167781
12895.2 0 0.0168537
12895.8 0 0.0169294
12896.4 0 0.017005
12897 0 0.0170807
12897.6 0 0.0171563
12898.1 0 0.017232
12898.7 0 0.0173077
12899.2 0 0.0173833
12899.8 0 0.017459
12900.3 0 0.0175347
12900.7 0 0.017611
12901.2 0 0.0176874
12901.6 0 0.0177638
12902 0 0.0178401
12902.5 0 0.0179165
12902.9 0 0.0179929
12903.3 0 0.0180693
12903.7 0 0.0181456
12904.1 0 0.018222
12904.5 0 0.0182984
12904.8 0 0.0183748
12905.2 0 0.0184512
12905.5 0 0.0185275
12905.9 0 0.0186039
12906.2 0 0.0186803
12906.6 0 0.0187567
12906.9 0 0.018833
12907.2 0 0.0189094
12907.5 0 0.0189858
12907.9 0 0.0190621
12908.2 0 0.0191385
12908.5 0 0.0192149
12908.8 0 0.0192912
12909 0 0.0193676
12909.3 0 0.0194439
12909.6 0 0.0195202
12909.9 0 0.0195966
12910.2 0 0.0196729
12910.4 0 0.0197492
12910.7 0 0.0198256
12910.9 0 0.0199019
12911.2 0 0.0199782
12911.4 0 0.0200545
12911.7 0 0.0201308
12911.9 0 0.0202071
12912.2 0 0.0202834
12912.4 0 0.0203597
12912.6 0 0.020436
12912.9 0 0.0205122
12913.1 0 0.0205885
12913.3 0 0.0206648
12913.5 0 0.020741
12913.7 0 0.0208173
12913.9 0 0.0208935
12914.1 0 0.0209698
12914.3 0 0.021046
12914.5 0 0.0211222
12914.7 0 0.0211984
12914.9 0 0.0212746
12915.1 0 0.0213508
12915.3 0 0.021427
12915.5 0 0.0215032
12915.7 0 0.0215794
12915.9 0 0.0216556
12916 0 0.0217318
12916.2 0 0.0218079
12916.4 0 0.0218841
12916.6 0 0.0219603
12916.7 0 0.0220364
12916.9 0 0.0221125
12917 0 0.0221887
12917.2 0 0.0222648
12917.4 0 0.0223409
12917.5 0 0.022417
12917.7 0 0.0224931
12917.8 0 0.0225692
12918 0 0.0226453
12918.1 0 0.0227214
12918.2 0 0.0227975
12918.4 0 0.0228736
12918.5 0 0.0229496
12918.7 0 0.0230257
12918.8 0 0.0231018
12918.9 0 0.0231778
12919.1 0 0.0232538
12919.3 0 0.0233299
12919.6 0 0.0234058
12920.2 0 0.0234817
12921.1 0 0.0235575
12922.2 0 0.0236333
12923.4 0 0.023709
12924.8 0 0.0237846
12926.3 0 0.0238603
12927.9 0 0.0239358
12929.8 0 0.0240113
12931.8 0 0.0240868
12933.7 0 0.0241622
12935.7 0 0.0242377
12937.6 0 0.0243131
12939.6 0 0.0243885
12941.8 0 0.0244639
12944.1 0 0.0245392
12946.6 0 0.0246144
12949.3 0 0.0246896
12951.9 0 0.0247648
12954.5 0 0.02484
12957.1 0 0.0249152
12959.7 0 0.0249904
12962.3 0 0.0250656
12964.9 0 0.0251407
12967.5 0 0.0252158
12970.2 0 0.025291
12973 0 0.025366
12976 0 0.025441
12979.1 0 0.025516
12982.4 0 0.0255909
12985.6 0 0.0256658
12988.8 0 0.0257405
12992 0 0.0258152
12995.2 0 0.0258899
12998.4 0 0.0259646
13001.6 0 0.0260393
13004.8 0 0.026114
13008 0 0.0261887
13011.2 0 0.0262634
13014.4 0 0.026338
13017.6 0 0.0264126
13020.9 0 0.0264872
13024.2 0 0.0265618
13027.7 0 0.0266362
13031.3 0 0.0267107
13035 0 0.026785
13038.8 0 0.0268594
13042.5 0 0.0269337
13046.3 0 0.027008
13050 0 0.0270823
13053.7 0 0.0271566
13057.5 0 0.0272309
13061.2 0 0.0273051
13064.9 0 0.0273794
13068.7 0 0.0274536
13072.4 0 0.0275278
13076.1 0 0.027602
13079.8 0 0.0276762
13083.5 0 0.0277504
13087.2 0 0.0278246
13090.9 0 0.0278987
13094.6 0 0.0279729
13098.4 0 0.028047
13102.2 0 0.028121
13106.1 0 0.028195
13110 0 0.0282689
13114.2 0 0.0283428
13118.4 0 0.0284166
13122.6 0 0.0284904
13126.8 0 0.0285642
13130.9 0 0.028638
13135.1 0 0.0287118
13139.3 0 0.0287855
13143.5 0 0.0288592
13147.6 0 0.0289329
13151.8 0 0.0290066
13155.9 0 0.0290803
13160.1 0 0.029154
13164.3 0 0.0292276
13168.4 0 0.0293012
13172.5 0 0.0293748
13176.7 0 0.0294484
13180.8 0 0.029522
13185 0 0.0295955
13189.1 0 0.0296691
13193.2 0 0.0297426
13197.4 0 0.0298161
13201.5 0 0.0298895
13205.6 0 0.029963
13209.7 0 0.0300364
13213.9 0 0.0301098
13218.1 0 0.0301831
13222.4 0 0.0302564
13226.7 0 0.0303296
13231.2 0 0.0304027
13235.7 0 0.0304758
13240.2 0 0.0305489
13244.8 0 0.030622
13249.3 0 0.030695
13253.8 0 0.030768
13258.3 0 0.030841
13262.8 0 0.0309139
13267.3 0 0.0309869
13271.8 0 0.0310598
13276.3 0 0.0311327
13280.8 0 0.0312056
13285.3 0 0.0312784
13289.8 0 0.0313512
13294.3 0 0.031424
13298.7 0 0.0314968
13303.2 0 0.0315696
13307.7 0 0.0316423
13312.2 0 0.031715
13316.6 0 0.0317877
13321.1 0 0.0318604
13325.5 0 0.031933
13330 0 0.0320056
13334.4 0 0.0320782
13338.9 0 0.0321508
13343.3 0 0.0322233
13347.7 0 0.0322958
13352.2 0 0.0323683
13356.6 0 0.0324408
13361 0 0.0325132
13365.5 0 0.0325856
13369.9 0 0.032658
13374.3 0 0.0327304
13378.8 0 0.0328026
13383.3 0 0.0328749
13387.9 0 0.032947
13392.5 0 0.0330191
13397.2 0 0.0330911
13402 0 0.033163
13406.7 0 0.033235
13411.5 0 0.0333069
13416.2 0 0.0333788
13420.9 0 0.0334507
13425.7 0 0.0335225
13430.4 0 0.0335943
13435.1 0 0.0336661
13439.8 0 0.0337379
13444.5 0 0.0338096
13449.3 0 0.0338813
13454 0 0.033953
13458.7 0 0.0340246
13463.4 0 0.0340962
13468.1 0 0.0341678
13472.8 0 0.0342394
13477.4 0 0.0343109
13482.1 0 0.0343824
13486.8 0 0.0344539
13491.5 0 0.0345254
13496.2 0 0.0345968
13500.8 0 0.0346682
13505.5 0 0.0347395
13510.1 0 0.0348109
13514.8 0 0.0348822
13519.5 0 0.0349534
13524.1 0 0.0350247
13528.8 0 0.0350959
13533.4 0 0.0351671
13538 0 0.0352383
13542.7 0 0.0353094
13547.3 0 0.0353805
13551.9 0 0.0354516
13556.6 0 0.0355226
13561.2 0 0.0355937
13565.8 0 0.0356647
13570.4 0 0.0357356
13575 0 0.0358066
13579.6 0 0.0358775
13584.2 0 0.0359483
13588.8 0 0.0360192
13593.4 0 0.03609
13598 0 0.0361607
13602.7 0 0.0362314
13607.4 0 0.036302
13612.1 0 0.0363725
13616.8 0 0.036443
13621.6 0 0.0365133
13410.3 0 0.0364498
13470.1 0 0.0364789
13494.5 0 0.0365229
