0 -58.4752 -2.26119e-06
634.56 -167.934 -6.49466e-06
1173.57 -156.635 -6.05776e-06
1709.92 -146.624 -5.67064e-06
2243.81 -140.71 -5.44195e-06
2775.24 -140.487 -5.43336e-06
3304.22 -146.099 -5.65037e-06
3830.74 -157.777 -6.10193e-06
4354.77 -175.64 -6.79277e-06
4876.15 -199.648 -7.72152e-06
5394.56 -229.578 -8.87949e-06
5909.16 -264.795 -1.02422e-05
6418.2 -303.85 -1.17536e-05
6918.36 -343.867 -1.33026e-05
7403.99 -379.74 -1.46914e-05
7866.83 -404.077 -1.56338e-05
8297.18 -407.483 -1.57657e-05
8686.59 -381.137 -1.47469e-05
9030.8 -319.585 -1.23668e-05
9330.49 -219.384 -8.49225e-06
9590.04 -83.1974 -3.22617e-06
9815.21 0 3.37932e-06
10011.7 0 1.12047e-05
10184.8 0 1.99564e-05
10338.5 0 2.94826e-05
10475.8 0 3.96433e-05
10599.4 0 5.0401e-05
10711.4 0 6.17641e-05
10812.7 0 7.42811e-05
10905.5 0 8.72291e-05
10991.1 0 0.000100561
11070.4 0 0.000114235
11143.9 0 0.000128286
11212.1 0 0.00014284
11276 0 0.000157654
11335.9 0 0.000172704
11392.3 0 0.00018797
11445.5 0 0.000203433
11495.9 0 0.000219074
11543.8 0 0.000234878
11589.3 0 0.000250832
11632.4 0 0.000267075
11673.3 0 0.00028366
11712.4 0 0.00030037
11749.8 0 0.000317193
11785.6 0 0.000334119
11820.1 0 0.000351139
11853.2 0 0.000368242
11885.1 0 0.000385422
11915.6 0 0.000403018
11945 0 0.000420915
11972.9 0 0.000439091
11999.8 0 0.00045735
12025.7 0 0.000475669
12050.7 0 0.000494123
12074.7 0 0.000513043
12097.7 0 0.000532017
12119.8 0 0.000551045
12141.1 0 0.000570102
12161.8 0 0.000589183
12181.9 0 0.000608283
12201.4 0 0.000627398
12220.3 0 0.000646524
12238.6 0 0.00066566
12256.3 0 0.000684802
12273.3 0 0.000704124
12289.7 0 0.000723546
12305.5 0 0.000742967
12320.9 0 0.000762385
12335.7 0 0.000781761
12349.8 0 0.000801031
12363.5 0 0.000820283
12376.5 0 0.000840334
12388.8 0 0.000861044
12400.7 0 0.000881742
12412.4 0 0.000902424
12423.7 0 0.000923088
12434.7 0 0.000943732
12445.5 0 0.000964357
12455.9 0 0.000984962
12466.1 0 0.00100555
12476 0 0.00102612
12485.7 0 0.00104667
12495.1 0 0.00106721
12504.3 0 0.00108774
12513.2 0 0.00110827
12521.8 0 0.00112878
12530.3 0 0.00114928
12538.4 0 0.00116978
12546.4 0 0.00119027
12554.2 0 0.00121076
12561.7 0 0.00123124
12569 0 0.00125171
12576.2 0 0.00127217
12583.1 0 0.00129261
12589.9 0 0.00131305
12596.5 0 0.00133346
12603 0 0.00135386
12609.3 0 0.00137425
12615.5 0 0.0013946
12621.6 0 0.00141494
12627.5 0 0.00143526
12633.3 0 0.0014557
12638.9 0 0.00147649
12644.3 0 0.0014978
12649.5 0 0.00151934
12654.6 0 0.00154084
12659.6 0 0.00156227
12664.4 0 0.00158368
12669.2 0 0.00160507
12673.9 0 0.00162644
12678.6 0 0.0016478
12683.1 0 0.00166915
12687.6 0 0.00169049
12692 0 0.00171181
12696.3 0 0.00173313
12700.6 0 0.00175443
12704.8 0 0.00177574
12708.9 0 0.00179704
12713 0 0.00181834
12717 0 0.00183965
12720.9 0 0.00186095
12724.7 0 0.00188226
12728.5 0 0.00190358
12732.1 0 0.00192483
12735.7 0 0.001946
12739.2 0 0.00196718
12742.7 0 0.00198836
12746 0 0.00200954
12749.3 0 0.00203073
12752.5 0 0.00205194
12755.5 0 0.00207328
12758.3 0 0.00209465
12761.2 0 0.00211602
12763.9 0 0.00213739
12766.6 0 0.00215876
12769.2 0 0.00218013
12771.7 0 0.0022018
12774.1 0 0.00222384
12776.4 0 0.00224589
12778.6 0 0.00226793
12780.8 0 0.00228997
12783 0 0.002312
12785.1 0 0.00233403
12787.2 0 0.00235605
12789.2 0 0.00237806
12791.2 0 0.00240007
12793.2 0 0.00242206
12795.1 0 0.00244404
12797 0 0.00246601
12798.8 0 0.00248797
12800.6 0 0.00250991
12802.4 0 0.00253184
12804.2 0 0.00255375
12805.9 0 0.00257564
12807.7 0 0.00259752
12809.4 0 0.00261939
12811 0 0.00264124
12812.7 0 0.00266307
12814.3 0 0.00268488
12815.9 0 0.00270668
12817.5 0 0.00272846
12819.1 0 0.00275022
12820.7 0 0.00277196
12822.2 0 0.00279369
12823.7 0 0.0028154
12825.2 0 0.00283709
12826.7 0 0.00285876
12828.2 0 0.00288042
12829.7 0 0.00290206
12831.1 0 0.00292369
12832.6 0 0.00294529
12834 0 0.00296688
12835.4 0 0.00298846
12836.8 0 0.00301002
12838.2 0 0.00303156
12839.5 0 0.00305309
12840.9 0 0.0030746
12842.2 0 0.0030961
12843.6 0 0.00311758
12844.9 0 0.00313905
12846.2 0 0.00316051
12847.5 0 0.00318195
12848.7 0 0.00320338
12850 0 0.0032248
12851.3 0 0.00324621
12852.5 0 0.00326761
12853.7 0 0.00328899
12855 0 0.00331037
12856.2 0 0.00333173
12857.4 0 0.00335309
12858.5 0 0.00337444
12859.7 0 0.00339577
12860.9 0 0.00341708
12862 0 0.00343837
12863.1 0 0.00345966
12864.3 0 0.00348095
12865.4 0 0.00350223
12866.4 0 0.0035235
12867.5 0 0.00354477
12868.6 0 0.00356603
12869.6 0 0.0035873
12870.7 0 0.00360856
12871.7 0 0.00362982
12872.7 0 0.00365107
12873.7 0 0.00367233
12874.7 0 0.00369359
12875.7 0 0.00371484
12876.6 0 0.0037361
12877.5 0 0.00375736
12878.5 0 0.00377862
12879.4 0 0.00379988
12880.3 0 0.00382115
12881.2 0 0.00384242
12882 0 0.00386369
12882.9 0 0.00388497
12883.7 0 0.00390625
12884.6 0 0.00392753
12885.4 0 0.00394882
12886.2 0 0.00397011
12886.9 0 0.00399141
12887.7 0 0.00401271
12888.5 0 0.00403402
12889.2 0 0.00405533
12889.9 0 0.00407664
12890.6 0 0.00409796
12891.3 0 0.00411929
12892 0 0.00414062
12892.7 0 0.00416195
12893.3 0 0.00418328
12894 0 0.00420462
12894.6 0 0.00422596
12895.2 0 0.00424731
12895.8 0 0.00426866
12896.4 0 0.00429001
12897 0 0.00431136
12897.6 0 0.00433271
12898.1 0 0.00435407
12898.7 0 0.00437542
12899.2 0 0.00439678
12899.8 0 0.00441814
12900.3 0 0.00443954
12900.7 0 0.00446158
12901.2 0 0.00448362
12901.6 0 0.00450566
12902 0 0.00452771
12902.5 0 0.00454976
12902.9 0 0.00457181
12903.3 0 0.00459386
12903.7 0 0.00461592
12904.1 0 0.00463797
12904.5 0 0.00466003
12904.8 0 0.00468209
12905.2 0 0.00470414
12905.5 0 0.0047262
12905.9 0 0.00474826
12906.2 0 0.00477031
12906.6 0 0.00479236
12906.9 0 0.00481442
12907.2 0 0.00483646
12907.5 0 0.00485851
12907.9 0 0.00488055
12908.2 0 0.0049026
12908.5 0 0.00492463
12908.8 0 0.00494667
12909 0 0.0049687
12909.3 0 0.00499072
12909.6 0 0.00501275
12909.9 0 0.00503476
12910.2 0 0.00505678
12910.4 0 0.00507879
12910.7 0 0.00510079
12910.9 0 0.00512279
12911.2 0 0.00514478
12911.4 0 0.00516677
12911.7 0 0.00518876
12911.9 0 0.00521074
12912.2 0 0.00523271
12912.4 0 0.00525467
12912.6 0 0.00527664
12912.9 0 0.00529859
12913.1 0 0.00532054
12913.3 0 0.00534248
12913.5 0 0.00536442
12913.7 0 0.00538635
12913.9 0 0.00540828
12914.1 0 0.0054302
12914.3 0 0.00545211
12914.5 0 0.00547401
12914.7 0 0.00549591
12914.9 0 0.00551781
12915.1 0 0.00553969
12915.3 0 0.00556157
12915.5 0 0.00558344
12915.7 0 0.00560531
12915.9 0 0.00562717
12916 0 0.00564902
12916.2 0 0.00567087
12916.4 0 0.00569271
12916.6 0 0.00571454
12916.7 0 0.00573637
12916.9 0 0.00575819
12917 0 0.00578
12917.2 0 0.00580181
12917.4 0 0.00582361
12917.5 0 0.0058454
12917.7 0 0.00586719
12917.8 0 0.00588897
12918 0 0.00591074
12918.1 0 0.0059325
12918.2 0 0.00595426
12918.4 0 0.00597601
12918.5 0 0.00599776
12918.7 0 0.0060195
12918.8 0 0.00604123
12918.9 0 0.00606295
12919.1 0 0.00608467
12919.3 0 0.00610636
12919.6 0 0.006128
12920.2 0 0.00614958
12921.1 0 0.00617107
12922.2 0 0.00619248
12923.4 0 0.00621385
12924.8 0 0.00623519
12926.3 0 0.00625647
12927.9 0 0.00627771
12929.8 0 0.00629887
12931.8 0 0.00632
12933.7 0 0.00634113
12935.7 0 0.00636224
12937.6 0 0.00638335
12939.6 0 0.00640442
12941.8 0 0.00642545
12944.1 0 0.00644643
12946.6 0 0.00646733
12949.3 0 0.0064882
12951.9 0 0.00650906
12954.5 0 0.00652992
12957.1 0 0.00655076
12959.7 0 0.00657159
12962.3 0 0.00659242
12964.9 0 0.00661323
12967.5 0 0.00663404
12970.2 0 0.0066548
12973 0 0.00667552
12976 0 0.0066962
12979.1 0 0.00671679
12982.4 0 0.00673736
12985.6 0 0.0067579
12988.8 0 0.00677831
12992 0 0.0067987
12995.2 0 0.00681908
12998.4 0 0.00683945
13001.6 0 0.00685981
13004.8 0 0.00688016
13008 0 0.0069005
13011.2 0 0.00692082
13014.4 0 0.00694113
13017.6 0 0.00696143
13020.9 0 0.00698168
13024.2 0 0.00700188
13027.7 0 0.00702204
13031.3 0 0.00704211
13035 0 0.00706213
13038.8 0 0.00708214
13042.5 0 0.00710213
13046.3 0 0.00712211
13050 0 0.00714208
13053.7 0 0.00716203
13057.5 0 0.00718197
13061.2 0 0.00720189
13064.9 0 0.0072218
13068.7 0 0.0072417
13072.4 0 0.00726158
13076.1 0 0.00728144
13079.8 0 0.0073013
13083.5 0 0.00732113
13087.2 0 0.00734096
13090.9 0 0.00736077
13094.6 0 0.00738056
13098.4 0 0.00740032
13102.2 0 0.00742002
13106.1 0 0.00743968
13110 0 0.00745928
13114.2 0 0.00747878
13118.4 0 0.00749827
13122.6 0 0.00751773
13126.8 0 0.00753718
13130.9 0 0.00755662
13135.1 0 0.00757603
13139.3 0 0.00759543
13143.5 0 0.00761481
13147.6 0 0.00763417
13151.8 0 0.00765352
13155.9 0 0.00767285
13160.1 0 0.00769216
13164.3 0 0.00771145
13168.4 0 0.00773072
13172.5 0 0.00774998
13176.7 0 0.00776921
13180.8 0 0.00778843
13185 0 0.00780763
13189.1 0 0.00782681
13193.2 0 0.00784597
13197.4 0 0.00786511
13201.5 0 0.00788423
13205.6 0 0.00790334
13209.7 0 0.00792242
13213.9 0 0.00794145
13218.1 0 0.00796043
13222.4 0 0.00797936
13226.7 0 0.00799823
13231.2 0 0.00801699
13235.7 0 0.00803573
13240.2 0 0.00805445
13244.8 0 0.00807315
13249.3 0 0.00809182
13253.8 0 0.00811047
13258.3 0 0.0081291
13262.8 0 0.0081477
13267.3 0 0.00816629
13271.8 0 0.00818484
13276.3 0 0.00820338
13280.8 0 0.00822189
13285.3 0 0.00824038
13289.8 0 0.00825885
13294.3 0 0.00827729
13298.7 0 0.00829571
13303.2 0 0.00831411
13307.7 0 0.00833248
13312.2 0 0.00835083
13316.6 0 0.00836915
13321.1 0 0.00838745
13325.5 0 0.00840573
13330 0 0.00842398
13334.4 0 0.0084422
13338.9 0 0.0084604
13343.3 0 0.00847858
13347.7 0 0.00849673
13352.2 0 0.00851486
13356.6 0 0.00853296
13361 0 0.00855104
13365.5 0 0.00856909
13369.9 0 0.00858711
13374.3 0 0.00860508
13378.8 0 0.008623
13383.3 0 0.00864085
13387.9 0 0.00865864
13392.5 0 0.00867638
13397.2 0 0.00869397
13402 0 0.00871158
13406.7 0 0.00872916
13411.5 0 0.00874671
13416.2 0 0.00876423
13420.9 0 0.00878173
13425.7 0 0.0087992
13430.4 0 0.00881664
13435.1 0 0.00883405
13439.8 0 0.00885143
13444.5 0 0.00886879
13449.3 0 0.00888612
13454 0 0.00890342
13458.7 0 0.00892069
13463.4 0 0.00893793
13468.1 0 0.00895514
13472.8 0 0.00897233
13477.4 0 0.00898949
13482.1 0 0.00900661
13486.8 0 0.00902371
13491.5 0 0.00904079
13496.2 0 0.00905783
13500.8 0 0.00907484
13505.5 0 0.00909183
13510.1 0 0.00910878
13514.8 0 0.00912571
13519.5 0 0.00914261
13524.1 0 0.00915948
13528.8 0 0.00917633
13533.4 0 0.00919314
13538 0 0.00920992
13542.7 0 0.00922668
13547.3 0 0.00924341
13551.9 0 0.0092601
13556.6 0 0.00927677
13561.2 0 0.00929341
13565.8 0 0.00931002
13570.4 0 0.00932661
13575 0 0.00934316
13579.6 0 0.00935968
13584.2 0 0.00937618
13588.8 0 0.00939265
13593.4 0 0.00940907
13598 0 0.00942543
13602.7 0 0.00944172
13607.4 0 0.00945795
13612.1 0 0.00947411
13616.8 0 0.00949022
13621.6 0 0.00950617
13410.3 0 0.00938811
13470.1 0 0.00936283
13494.5 0 0.00935235
