0 -58.4752 -2.26119e-06
634.56 0 9.11576e-05
1173.57 0 0.000189167
1709.92 0 0.000287139
2243.81 0 0.000384947
2775.24 0 0.000482542
3304.22 0 0.00057992
3830.74 0 0.000677065
4354.77 0 0.000773969
4876.15 0 0.000870635
5394.56 0 0.000967071
5909.16 0 0.0010633
6418.2 0 0.00115938
6918.36 0 0.00125543
7403.99 0 0.00135163
7866.83 0 0.00144828
8297.18 0 0.00154575
8686.59 0 0.00164436
9030.8 0 0.00174434
9330.49 0 0.00184579
9590.04 0 0.00194862
9815.21 0 0.00205269
10011.7 0 0.00215788
10184.8 0 0.00226396
10338.5 0 0.00237082
10475.8 0 0.00247865
10599.4 0 0.0025872
10711.4 0 0.00269648
10812.7 0 0.0028067
10905.5 0 0.00291737
10991.1 0 0.00302844
11070.4 0 0.00313985
11143.9 0 0.00325166
11212.1 0 0.00336399
11276 0 0.00347658
11335.9 0 0.00358943
11392.3 0 0.00370249
11445.5 0 0.00381576
11495.9 0 0.00392922
11543.8 0 0.00404284
11589.3 0 0.00415662
11632.4 0 0.00427066
11673.3 0 0.004385
11712.4 0 0.00449948
11749.8 0 0.00461406
11785.6 0 0.00472876
11820.1 0 0.00484354
11853.2 0 0.00495842
11885.1 0 0.00507337
11915.6 0 0.00518849
11945 0 0.00530372
11972.9 0 0.00541938
11999.8 0 0.00553513
12025.7 0 0.00565093
12050.7 0 0.00576681
12074.7 0 0.0058829
12097.7 0 0.00599914
12119.8 0 0.00611569
12141.1 0 0.00623225
12161.8 0 0.00634884
12181.9 0 0.00646545
12201.4 0 0.00658207
12220.3 0 0.00669869
12238.6 0 0.00681533
12256.3 0 0.00693197
12273.3 0 0.00704882
12289.7 0 0.0071658
12305.5 0 0.00728277
12320.9 0 0.00739973
12335.7 0 0.00751682
12349.8 0 0.00763427
12363.5 0 0.00775171
12376.5 0 0.00786938
12388.8 0 0.00798734
12400.7 0 0.00810529
12412.4 0 0.00822322
12423.7 0 0.00834113
12434.7 0 0.00845902
12445.5 0 0.00857688
12455.9 0 0.00869472
12466.1 0 0.00881253
12476 0 0.00893032
12485.7 0 0.0090481
12495.1 0 0.00916585
12504.3 0 0.00928359
12513.2 0 0.00940131
12521.8 0 0.00951902
12530.3 0 0.00963672
12538.4 0 0.0097544
12546.4 0 0.00987207
12554.2 0 0.00998974
12561.7 0 0.0101074
12569 0 0.010225
12576.2 0 0.0103426
12583.1 0 0.0104603
12589.9 0 0.0105778
12596.5 0 0.0106954
12603 0 0.010813
12609.3 0 0.0109305
12615.5 0 0.011048
12621.6 0 0.0111655
12627.5 0 0.011283
12633.3 0 0.0114005
12638.9 0 0.0115181
12644.3 0 0.0116359
12649.5 0 0.0117537
12654.6 0 0.0118716
12659.6 0 0.0119898
12664.4 0 0.0121079
12669.2 0 0.012226
12673.9 0 0.0123441
12678.6 0 0.0124621
12683.1 0 0.0125802
12687.6 0 0.0126982
12692 0 0.0128162
12696.3 0 0.0129341
12700.6 0 0.0130521
12704.8 0 0.01317
12708.9 0 0.013288
12713 0 0.0134059
12717 0 0.0135238
12720.9 0 0.0136416
12724.7 0 0.0137595
12728.5 0 0.0138774
12732.1 0 0.0139954
12735.7 0 0.0141135
12739.2 0 0.0142316
12742.7 0 0.0143497
12746 0 0.0144678
12749.3 0 0.0145859
12752.5 0 0.0147042
12755.5 0 0.0148231
12758.3 0 0.0149422
12761.2 0 0.0150613
12763.9 0 0.0151804
12766.6 0 0.0152995
12769.2 0 0.0154186
12771.7 0 0.015538
12774.1 0 0.0156577
12776.4 0 0.0157774
12778.6 0 0.0158971
12780.8 0 0.0160168
12783 0 0.0161365
12785.1 0 0.0162562
12787.2 0 0.016376
12789.2 0 0.0164957
12791.2 0 0.0166154
12793.2 0 0.0167352
12795.1 0 0.0168549
12797 0 0.0169746
12798.8 0 0.0170944
12800.6 0 0.0172141
12802.4 0 0.0173338
12804.2 0 0.0174535
12805.9 0 0.0175732
12807.7 0 0.0176929
12809.4 0 0.0178125
12811 0 0.0179322
12812.7 0 0.0180518
12814.3 0 0.0181715
12815.9 0 0.0182911
12817.5 0 0.0184107
12819.1 0 0.0185303
12820.7 0 0.0186498
12822.2 0 0.0187694
12823.7 0 0.0188889
12825.2 0 0.0190084
12826.7 0 0.0191279
12828.2 0 0.0192474
12829.7 0 0.0193669
12831.1 0 0.0194863
12832.6 0 0.0196058
12834 0 0.0197252
12835.4 0 0.0198446
12836.8 0 0.0199639
12838.2 0 0.0200833
12839.5 0 0.0202027
12840.9 0 0.020322
12842.2 0 0.0204413
12843.6 0 0.0205606
12844.9 0 0.0206799
12846.2 0 0.0207991
12847.5 0 0.0209184
12848.7 0 0.0210376
12850 0 0.0211568
12851.3 0 0.021276
12852.5 0 0.0213952
12853.7 0 0.0215144
12855 0 0.0216335
12856.2 0 0.0217527
12857.4 0 0.0218718
12858.5 0 0.021991
12859.7 0 0.0221101
12860.9 0 0.0222292
12862 0 0.0223483
12863.1 0 0.0224674
12864.3 0 0.0225864
12865.4 0 0.0227055
12866.4 0 0.0228246
12867.5 0 0.0229436
12868.6 0 0.0230627
12869.6 0 0.0231817
12870.7 0 0.0233008
12871.7 0 0.0234198
12872.7 0 0.0235388
12873.7 0 0.0236579
12874.7 0 0.0237769
12875.7 0 0.023896
12876.6 0 0.024015
12877.5 0 0.024134
12878.5 0 0.0242531
12879.4 0 0.0243721
12880.3 0 0.0244912
12881.2 0 0.0246102
12882 0 0.0247293
12882.9 0 0.0248483
12883.7 0 0.0249674
12884.6 0 0.0250865
12885.4 0 0.0252055
12886.2 0 0.0253246
12886.9 0 0.0254437
12887.7 0 0.0255628
12888.5 0 0.0256819
12889.2 0 0.0258011
12889.9 0 0.0259202
12890.6 0 0.0260393
12891.3 0 0.0261585
12892 0 0.0262776
12892.7 0 0.0263968
12893.3 0 0.026516
12894 0 0.0266351
12894.6 0 0.0267543
12895.2 0 0.0268735
12895.8 0 0.0269927
12896.4 0 0.027112
12897 0 0.0272312
12897.6 0 0.0273504
12898.1 0 0.0274697
12898.7 0 0.0275889
12899.2 0 0.0277082
12899.8 0 0.0278274
12900.3 0 0.0279467
12900.7 0 0.0280664
12901.2 0 0.0281861
12901.6 0 0.0283058
12902 0 0.0284255
12902.5 0 0.0285452
12902.9 0 0.0286649
12903.3 0 0.0287847
12903.7 0 0.0289044
12904.1 0 0.0290241
12904.5 0 0.0291439
12904.8 0 0.0292636
12905.2 0 0.0293834
12905.5 0 0.0295031
12905.9 0 0.0296229
12906.2 0 0.0297426
12906.6 0 0.0298624
12906.9 0 0.0299821
12907.2 0 0.0301019
12907.5 0 0.0302216
12907.9 0 0.0303413
12908.2 0 0.0304611
12908.5 0 0.0305808
12908.8 0 0.0307006
12909 0 0.0308203
12909.3 0 0.03094
12909.6 0 0.0310598
12909.9 0 0.0311795
12910.2 0 0.0312992
12910.4 0 0.0314189
12910.7 0 0.0315387
12910.9 0 0.0316584
12911.2 0 0.0317781
12911.4 0 0.0318978
12911.7 0 0.0320175
12911.9 0 0.0321372
12912.2 0 0.0322568
12912.4 0 0.0323765
12912.6 0 0.0324962
12912.9 0 0.0326159
12913.1 0 0.0327355
12913.3 0 0.0328552
12913.5 0 0.0329748
12913.7 0 0.0330945
12913.9 0 0.0332141
12914.1 0 0.0333337
12914.3 0 0.0334534
12914.5 0 0.033573
12914.7 0 0.0336926
12914.9 0 0.0338122
12915.1 0 0.0339318
12915.3 0 0.0340514
12915.5 0 0.0341709
12915.7 0 0.0342905
12915.9 0 0.0344101
12916 0 0.0345296
12916.2 0 0.0346492
12916.4 0 0.0347687
12916.6 0 0.0348883
12916.7 0 0.0350078
12916.9 0 0.0351273
12917 0 0.0352468
12917.2 0 0.0353663
12917.4 0 0.0354858
12917.5 0 0.0356053
12917.7 0 0.0357248
12917.8 0 0.0358443
12918 0 0.0359637
12918.1 0 0.0360832
12918.2 0 0.0362026
12918.4 0 0.0363221
12918.5 0 0.0364415
12918.7 0 0.036561
12918.8 0 0.0366804
12918.9 0 0.0367998
12919.1 0 0.0369192
12919.3 0 0.0370386
12919.6 0 0.0371579
12920.2 0 0.0372771
12921.1 0 0.0373962
12922.2 0 0.0375153
12923.4 0 0.0376343
12924.8 0 0.0377533
12926.3 0 0.0378722
12927.9 0 0.037991
12929.8 0 0.0381097
12931.8 0 0.0382285
12933.7 0 0.0383472
12935.7 0 0.0384659
12937.6 0 0.0385846
12939.6 0 0.0387032
12941.8 0 0.0388218
12944.1 0 0.0389403
12946.6 0 0.0390588
12949.3 0 0.0391772
12951.9 0 0.0392956
12954.5 0 0.039414
12957.1 0 0.0395323
12959.7 0 0.0396507
12962.3 0 0.0397691
12964.9 0 0.0398874
12967.5 0 0.0400057
12970.2 0 0.040124
12973 0 0.0402422
12976 0 0.0403604
12979.1 0 0.0404785
12982.4 0 0.0405965
12985.6 0 0.0407145
12988.8 0 0.0408325
12992 0 0.0409505
12995.2 0 0.0410684
12998.4 0 0.0411864
13001.6 0 0.0413043
13004.8 0 0.0414222
13008 0 0.0415401
13011.2 0 0.041658
13014.4 0 0.0417759
13017.6 0 0.0418937
13020.9 0 0.0420115
13024.2 0 0.0421293
13027.7 0 0.042247
13031.3 0 0.0423646
13035 0 0.0424822
13038.8 0 0.0425997
13042.5 0 0.0427172
13046.3 0 0.0428347
13050 0 0.0429522
13053.7 0 0.0430697
13057.5 0 0.0431872
13061.2 0 0.0433046
13064.9 0 0.043422
13068.7 0 0.0435395
13072.4 0 0.0436568
13076.1 0 0.0437742
13079.8 0 0.0438916
13083.5 0 0.0440089
13087.2 0 0.0441263
13090.9 0 0.0442436
13094.6 0 0.0443609
13098.4 0 0.0444781
13102.2 0 0.0445953
13106.1 0 0.0447125
13110 0 0.0448296
13114.2 0 0.0449466
13118.4 0 0.0450635
13122.6 0 0.0451805
13126.8 0 0.0452974
13130.9 0 0.0454143
13135.1 0 0.0455311
13139.3 0 0.045648
13143.5 0 0.0457648
13147.6 0 0.0458816
13151.8 0 0.0459984
13155.9 0 0.0461152
13160.1 0 0.046232
13164.3 0 0.0463487
13168.4 0 0.0464654
13172.5 0 0.0465821
13176.7 0 0.0466987
13180.8 0 0.0468154
13185 0 0.046932
13189.1 0 0.0470486
13193.2 0 0.0471652
13197.4 0 0.0472817
13201.5 0 0.0473983
13205.6 0 0.0475148
13209.7 0 0.0476313
13213.9 0 0.0477477
13218.1 0 0.0478641
13222.4 0 0.0479804
13226.7 0 0.0480967
13231.2 0 0.0482129
13235.7 0 0.048329
13240.2 0 0.0484451
13244.8 0 0.0485611
13249.3 0 0.0486771
13253.8 0 0.0487932
13258.3 0 0.0489091
13262.8 0 0.0490251
13267.3 0 0.049141
13271.8 0 0.0492569
13276.3 0 0.0493728
13280.8 0 0.0494886
13285.3 0 0.0496044
13289.8 0 0.0497202
13294.3 0 0.049836
13298.7 0 0.0499517
13303.2 0 0.0500674
13307.7 0 0.0501831
13312.2 0 0.0502987
13316.6 0 0.0504144
13321.1 0 0.05053
13325.5 0 0.0506455
13330 0 0.0507611
13334.4 0 0.0508766
13338.9 0 0.0509921
13343.3 0 0.0511075
13347.7 0 0.0512229
13352.2 0 0.0513383
13356.6 0 0.0514537
13361 0 0.051569
13365.5 0 0.0516844
13369.9 0 0.0517996
13374.3 0 0.0519149
13378.8 0 0.0520301
13383.3 0 0.0521452
13387.9 0 0.0522602
13392.5 0 0.0523752
13397.2 0 0.0524901
13402 0 0.0526049
13406.7 0 0.0527197
13411.5 0 0.0528345
13416.2 0 0.0529492
13420.9 0 0.0530639
13425.7 0 0.0531785
13430.4 0 0.0532932
13435.1 0 0.0534078
13439.8 0 0.0535223
13444.5 0 0.0536369
13449.3 0 0.0537514
13454 0 0.0538659
13458.7 0 0.0539803
13463.4 0 0.0540947
13468.1 0 0.0542091
13472.8 0 0.0543234
13477.4 0 0.0544377
13482.1 0 0.054552
13486.8 0 0.0546663
13491.5 0 0.0547805
13496.2 0 0.0548947
13500.8 0 0.0550089
13505.5 0 0.055123
13510.1 0 0.0552371
13514.8 0 0.0553511
13519.5 0 0.0554652
13524.1 0 0.0555792
13528.8 0 0.0556931
13533.4 0 0.0558071
13538 0 0.055921
13542.7 0 0.0560349
13547.3 0 0.0561487
13551.9 0 0.0562625
13556.6 0 0.0563763
13561.2 0 0.0564901
13565.8 0 0.0566038
13570.4 0 0.0567175
13575 0 0.0568311
13579.6 0 0.0569448
13584.2 0 0.0570584
13588.8 0 0.0571719
13593.4 0 0.0572855
13598 0 0.057399
13602.7 0 0.0575124
13607.4 0 0.0576258
13612.1 0 0.0577391
13616.8 0 0.0578523
13621.6 0 0.0579655
13410.3 0 0.0579434
13470.1 0 0.0580147
13494.5 0 0.0581008
