0 -58.4752 -2.26119e-06
634.56 0 9.32645e-05
1173.57 0 0.000193365
1709.92 0 0.000293431
2243.81 0 0.000393331
2775.24 0 0.00049302
3304.22 0 0.000592493
3830.74 0 0.000691734
4354.77 0 0.000790734
4876.15 0 0.000889495
5394.56 0 0.000988027
5909.16 0 0.00108635
6418.2 0 0.00118453
6918.36 0 0.00128267
7403.99 0 0.00138097
7866.83 0 0.00147972
8297.18 0 0.00157927
8686.59 0 0.00167999
9030.8 0 0.00178206
9330.49 0 0.00188561
9590.04 0 0.00199052
9815.21 0 0.00209666
10011.7 0 0.0022039
10184.8 0 0.00231202
10338.5 0 0.00242093
10475.8 0 0.00253086
10599.4 0 0.00264155
10711.4 0 0.00275299
10812.7 0 0.00286533
10905.5 0 0.00297812
10991.1 0 0.00309131
11070.4 0 0.00320485
11143.9 0 0.00331879
11212.1 0 0.00343324
11276 0 0.00354797
11335.9 0 0.00366295
11392.3 0 0.00377815
11445.5 0 0.00389356
11495.9 0 0.00400915
11543.8 0 0.00412491
11589.3 0 0.00424083
11632.4 0 0.00435701
11673.3 0 0.00447348
11712.4 0 0.00459008
11749.8 0 0.0047068
11785.6 0 0.00482362
11820.1 0 0.00494054
11853.2 0 0.00505755
11885.1 0 0.00517463
11915.6 0 0.00529182
11945 0 0.00540911
11972.9 0 0.00552684
11999.8 0 0.00564466
12025.7 0 0.00576254
12050.7 0 0.00588048
12074.7 0 0.00599858
12097.7 0 0.00611685
12119.8 0 0.00623547
12141.1 0 0.00635412
12161.8 0 0.00647279
12181.9 0 0.00659147
12201.4 0 0.00671017
12220.3 0 0.00682887
12238.6 0 0.00694758
12256.3 0 0.0070663
12273.3 0 0.00718524
12289.7 0 0.0073043
12305.5 0 0.00742335
12320.9 0 0.00754241
12335.7 0 0.00766161
12349.8 0 0.00778127
12363.5 0 0.00790092
12376.5 0 0.00802069
12388.8 0 0.00814069
12400.7 0 0.00826067
12412.4 0 0.00838062
12423.7 0 0.00850056
12434.7 0 0.00862047
12445.5 0 0.00874035
12455.9 0 0.00886021
12466.1 0 0.00898005
12476 0 0.00909987
12485.7 0 0.00921966
12495.1 0 0.00933943
12504.3 0 0.00945919
12513.2 0 0.00957893
12521.8 0 0.00969866
12530.3 0 0.00981837
12538.4 0 0.00993807
12546.4 0 0.0100578
12554.2 0 0.0101774
12561.7 0 0.0102971
12569 0 0.0104167
12576.2 0 0.0105364
12583.1 0 0.010656
12589.9 0 0.0107756
12596.5 0 0.0108952
12603 0 0.0110147
12609.3 0 0.0111343
12615.5 0 0.0112538
12621.6 0 0.0113733
12627.5 0 0.0114927
12633.3 0 0.0116122
12638.9 0 0.0117318
12644.3 0 0.0118515
12649.5 0 0.0119712
12654.6 0 0.0120909
12659.6 0 0.012211
12664.4 0 0.012331
12669.2 0 0.0124511
12673.9 0 0.0125711
12678.6 0 0.012691
12683.1 0 0.012811
12687.6 0 0.0129309
12692 0 0.0130508
12696.3 0 0.0131707
12700.6 0 0.0132905
12704.8 0 0.0134104
12708.9 0 0.0135302
12713 0 0.01365
12717 0 0.0137698
12720.9 0 0.0138896
12724.7 0 0.0140093
12728.5 0 0.0141291
12732.1 0 0.014249
12735.7 0 0.0143691
12739.2 0 0.0144892
12742.7 0 0.0146093
12746 0 0.0147293
12749.3 0 0.0148494
12752.5 0 0.0149696
12755.5 0 0.0150907
12758.3 0 0.0152119
12761.2 0 0.0153331
12763.9 0 0.0154543
12766.6 0 0.0155756
12769.2 0 0.0156968
12771.7 0 0.0158183
12774.1 0 0.0159401
12776.4 0 0.0160619
12778.6 0 0.0161837
12780.8 0 0.0163055
12783 0 0.0164273
12785.1 0 0.0165492
12787.2 0 0.016671
12789.2 0 0.0167929
12791.2 0 0.0169147
12793.2 0 0.0170366
12795.1 0 0.0171584
12797 0 0.0172803
12798.8 0 0.0174022
12800.6 0 0.017524
12802.4 0 0.0176459
12804.2 0 0.0177677
12805.9 0 0.0178895
12807.7 0 0.0180113
12809.4 0 0.0181331
12811 0 0.0182549
12812.7 0 0.0183767
12814.3 0 0.0184985
12815.9 0 0.0186203
12817.5 0 0.018742
12819.1 0 0.0188637
12820.7 0 0.0189854
12822.2 0 0.0191071
12823.7 0 0.0192288
12825.2 0 0.0193505
12826.7 0 0.0194721
12828.2 0 0.0195937
12829.7 0 0.0197153
12831.1 0 0.0198369
12832.6 0 0.0199585
12834 0 0.02008
12835.4 0 0.0202016
12836.8 0 0.0203231
12838.2 0 0.0204446
12839.5 0 0.0205661
12840.9 0 0.0206875
12842.2 0 0.020809
12843.6 0 0.0209304
12844.9 0 0.0210518
12846.2 0 0.0211732
12847.5 0 0.0212946
12848.7 0 0.021416
12850 0 0.0215373
12851.3 0 0.0216587
12852.5 0 0.02178
12853.7 0 0.0219013
12855 0 0.0220226
12856.2 0 0.0221439
12857.4 0 0.0222652
12858.5 0 0.0223864
12859.7 0 0.0225077
12860.9 0 0.0226289
12862 0 0.0227501
12863.1 0 0.0228714
12864.3 0 0.0229926
12865.4 0 0.0231138
12866.4 0 0.023235
12867.5 0 0.0233562
12868.6 0 0.0234773
12869.6 0 0.0235985
12870.7 0 0.0237197
12871.7 0 0.0238409
12872.7 0 0.023962
12873.7 0 0.0240832
12874.7 0 0.0242044
12875.7 0 0.0243256
12876.6 0 0.0244467
12877.5 0 0.0245679
12878.5 0 0.0246891
12879.4 0 0.0248102
12880.3 0 0.0249314
12881.2 0 0.0250526
12882 0 0.0251738
12882.9 0 0.025295
12883.7 0 0.0254162
12884.6 0 0.0255374
12885.4 0 0.0256586
12886.2 0 0.0257798
12886.9 0 0.0259011
12887.7 0 0.0260223
12888.5 0 0.0261435
12889.2 0 0.0262648
12889.9 0 0.0263861
12890.6 0 0.0265073
12891.3 0 0.0266286
12892 0 0.0267499
12892.7 0 0.0268712
12893.3 0 0.0269926
12894 0 0.0271139
12894.6 0 0.0272352
12895.2 0 0.0273566
12895.8 0 0.0274779
12896.4 0 0.0275993
12897 0 0.0277207
12897.6 0 0.027842
12898.1 0 0.0279634
12898.7 0 0.0280848
12899.2 0 0.0282062
12899.8 0 0.0283277
12900.3 0 0.0284491
12900.7 0 0.0285709
12901.2 0 0.0286927
12901.6 0 0.0288145
12902 0 0.0289363
12902.5 0 0.0290582
12902.9 0 0.02918
12903.3 0 0.0293018
12903.7 0 0.0294237
12904.1 0 0.0295455
12904.5 0 0.0296674
12904.8 0 0.0297892
12905.2 0 0.0299111
12905.5 0 0.030033
12905.9 0 0.0301548
12906.2 0 0.0302767
12906.6 0 0.0303985
12906.9 0 0.0305204
12907.2 0 0.0306423
12907.5 0 0.0307641
12907.9 0 0.030886
12908.2 0 0.0310079
12908.5 0 0.0311297
12908.8 0 0.0312516
12909 0 0.0313734
12909.3 0 0.0314953
12909.6 0 0.0316171
12909.9 0 0.031739
12910.2 0 0.0318608
12910.4 0 0.0319827
12910.7 0 0.0321045
12910.9 0 0.0322263
12911.2 0 0.0323481
12911.4 0 0.03247
12911.7 0 0.0325918
12911.9 0 0.0327136
12912.2 0 0.0328354
12912.4 0 0.0329572
12912.6 0 0.033079
12912.9 0 0.0332008
12913.1 0 0.0333225
12913.3 0 0.0334443
12913.5 0 0.0335661
12913.7 0 0.0336878
12913.9 0 0.0338096
12914.1 0 0.0339313
12914.3 0 0.0340531
12914.5 0 0.0341748
12914.7 0 0.0342965
12914.9 0 0.0344183
12915.1 0 0.03454
12915.3 0 0.0346617
12915.5 0 0.0347834
12915.7 0 0.0349051
12915.9 0 0.0350267
12916 0 0.0351484
12916.2 0 0.0352701
12916.4 0 0.0353918
12916.6 0 0.0355134
12916.7 0 0.035635
12916.9 0 0.0357567
12917 0 0.0358783
12917.2 0 0.0359999
12917.4 0 0.0361215
12917.5 0 0.0362432
12917.7 0 0.0363647
12917.8 0 0.0364863
12918 0 0.0366079
12918.1 0 0.0367295
12918.2 0 0.0368511
12918.4 0 0.0369726
12918.5 0 0.0370942
12918.7 0 0.0372157
12918.8 0 0.0373372
12918.9 0 0.0374588
12919.1 0 0.0375803
12919.3 0 0.0377018
12919.6 0 0.0378232
12920.2 0 0.0379445
12921.1 0 0.0380658
12922.2 0 0.0381869
12923.4 0 0.038308
12924.8 0 0.0384291
12926.3 0 0.0385501
12927.9 0 0.038671
12929.8 0 0.0387919
12931.8 0 0.0389127
12933.7 0 0.0390335
12935.7 0 0.0391543
12937.6 0 0.0392751
12939.6 0 0.0393958
12941.8 0 0.0395165
12944.1 0 0.0396371
12946.6 0 0.0397576
12949.3 0 0.0398781
12951.9 0 0.0399986
12954.5 0 0.0401191
12957.1 0 0.0402395
12959.7 0 0.04036
12962.3 0 0.0404804
12964.9 0 0.0406008
12967.5 0 0.0407212
12970.2 0 0.0408416
12973 0 0.0409619
12976 0 0.0410821
12979.1 0 0.0412023
12982.4 0 0.0413224
12985.6 0 0.0414425
12988.8 0 0.0415626
12992 0 0.0416826
12995.2 0 0.0418027
12998.4 0 0.0419227
13001.6 0 0.0420427
13004.8 0 0.0421627
13008 0 0.0422827
13011.2 0 0.0424027
13014.4 0 0.0425226
13017.6 0 0.0426426
13020.9 0 0.0427625
13024.2 0 0.0428823
13027.7 0 0.0430021
13031.3 0 0.0431219
13035 0 0.0432415
13038.8 0 0.0433611
13042.5 0 0.0434807
13046.3 0 0.0436003
13050 0 0.0437199
13053.7 0 0.0438394
13057.5 0 0.043959
13061.2 0 0.0440785
13064.9 0 0.044198
13068.7 0 0.0443175
13072.4 0 0.044437
13076.1 0 0.0445564
13079.8 0 0.0446759
13083.5 0 0.0447953
13087.2 0 0.0449147
13090.9 0 0.0450341
13094.6 0 0.0451534
13098.4 0 0.0452728
13102.2 0 0.0453921
13106.1 0 0.0455113
13110 0 0.0456305
13114.2 0 0.0457495
13118.4 0 0.0458686
13122.6 0 0.0459876
13126.8 0 0.0461065
13130.9 0 0.0462255
13135.1 0 0.0463444
13139.3 0 0.0464634
13143.5 0 0.0465823
13147.6 0 0.0467011
13151.8 0 0.04682
13155.9 0 0.0469388
13160.1 0 0.0470577
13164.3 0 0.0471765
13168.4 0 0.0472952
13172.5 0 0.047414
13176.7 0 0.0475327
13180.8 0 0.0476514
13185 0 0.0477701
13189.1 0 0.0478888
13193.2 0 0.0480074
13197.4 0 0.048126
13201.5 0 0.0482446
13205.6 0 0.0483632
13209.7 0 0.0484817
13213.9 0 0.0486002
13218.1 0 0.0487187
13222.4 0 0.0488371
13226.7 0 0.0489554
13231.2 0 0.0490736
13235.7 0 0.0491918
13240.2 0 0.0493099
13244.8 0 0.049428
13249.3 0 0.0495461
13253.8 0 0.0496641
13258.3 0 0.0497821
13262.8 0 0.0499001
13267.3 0 0.0500181
13271.8 0 0.0501361
13276.3 0 0.050254
13280.8 0 0.0503719
13285.3 0 0.0504897
13289.8 0 0.0506075
13294.3 0 0.0507253
13298.7 0 0.0508431
13303.2 0 0.0509609
13307.7 0 0.0510786
13312.2 0 0.0511963
13316.6 0 0.0513139
13321.1 0 0.0514316
13325.5 0 0.0515492
13330 0 0.0516667
13334.4 0 0.0517843
13338.9 0 0.0519018
13343.3 0 0.0520193
13347.7 0 0.0521367
13352.2 0 0.0522542
13356.6 0 0.0523716
13361 0 0.0524889
13365.5 0 0.0526063
13369.9 0 0.0527236
13374.3 0 0.0528409
13378.8 0 0.0529581
13383.3 0 0.0530752
13387.9 0 0.0531923
13392.5 0 0.0533093
13397.2 0 0.0534262
13402 0 0.0535431
13406.7 0 0.0536599
13411.5 0 0.0537767
13416.2 0 0.0538934
13420.9 0 0.0540101
13425.7 0 0.0541268
13430.4 0 0.0542434
13435.1 0 0.05436
13439.8 0 0.0544766
13444.5 0 0.0545932
13449.3 0 0.0547097
13454 0 0.0548262
13458.7 0 0.0549426
13463.4 0 0.055059
13468.1 0 0.0551754
13472.8 0 0.0552918
13477.4 0 0.0554081
13482.1 0 0.0555244
13486.8 0 0.0556407
13491.5 0 0.0557569
13496.2 0 0.0558731
13500.8 0 0.0559893
13505.5 0 0.0561054
13510.1 0 0.0562215
13514.8 0 0.0563376
13519.5 0 0.0564536
13524.1 0 0.0565696
13528.8 0 0.0566856
13533.4 0 0.0568015
13538 0 0.0569174
13542.7 0 0.0570333
13547.3 0 0.0571492
13551.9 0 0.057265
13556.6 0 0.0573808
13561.2 0 0.0574965
13565.8 0 0.0576122
13570.4 0 0.0577279
13575 0 0.0578436
13579.6 0 0.0579592
13584.2 0 0.0580748
13588.8 0 0.0581904
13593.4 0 0.0583059
13598 0 0.0584214
13602.7 0 0.0585368
13607.4 0 0.0586522
13612.1 0 0.0587675
13616.8 0 0.0588828
13621.6 0 0.058998
13410.3 0 0.0589776
13470.1 0 0.0590509
13494.5 0 0.0591389
