0 -58.4752 -2.26119e-06
634.56 0 1.44125e-05
1173.57 0 3.56531e-05
1709.92 0 5.68598e-05
2243.81 0 7.79007e-05
2775.24 0 9.87309e-05
3304.22 0 0.000119346
3830.74 0 0.000139728
4354.77 0 0.000159871
4876.15 0 0.000179774
5394.56 0 0.000199448
5909.16 0 0.000218916
6418.2 0 0.000238234
6918.36 0 0.000257514
7403.99 0 0.000276958
7866.83 0 0.000296846
8297.18 0 0.000317546
8686.59 0 0.000339402
9030.8 0 0.000362622
9330.49 0 0.000387305
9590.04 0 0.000413352
9815.21 0 0.000440629
10011.7 0 0.000468981
10184.8 0 0.000498217
10338.5 0 0.000528243
10475.8 0 0.000559324
10599.4 0 0.00059118
10711.4 0 0.000623792
10812.7 0 0.000657287
10905.5 0 0.00069123
10991.1 0 0.000725572
11070.4 0 0.000760273
11143.9 0 0.000795367
11212.1 0 0.000830983
11276 0 0.000866874
11335.9 0 0.000903014
11392.3 0 0.00093938
11445.5 0 0.00097595
11495.9 0 0.00101271
11543.8 0 0.00104964
11589.3 0 0.00108672
11632.4 0 0.00112406
11673.3 0 0.00116169
11712.4 0 0.00119945
11749.8 0 0.00123733
11785.6 0 0.00127531
11820.1 0 0.00131339
11853.2 0 0.00135155
11885.1 0 0.0013898
11915.6 0 0.00142813
11945 0 0.00146653
11972.9 0 0.00150539
11999.8 0 0.00154434
12025.7 0 0.00158335
12050.7 0 0.00162242
12074.7 0 0.00166162
12097.7 0 0.001701
12119.8 0 0.00174075
12141.1 0 0.00178053
12161.8 0 0.00182033
12181.9 0 0.00186015
12201.4 0 0.00189998
12220.3 0 0.00193981
12238.6 0 0.00197966
12256.3 0 0.0020195
12273.3 0 0.00205958
12289.7 0 0.00209977
12305.5 0 0.00213997
12320.9 0 0.00218016
12335.7 0 0.00222052
12349.8 0 0.00226138
12363.5 0 0.00230224
12376.5 0 0.00234315
12388.8 0 0.00238425
12400.7 0 0.00242534
12412.4 0 0.0024664
12423.7 0 0.00250744
12434.7 0 0.00254846
12445.5 0 0.00258945
12455.9 0 0.00263041
12466.1 0 0.00267136
12476 0 0.00271227
12485.7 0 0.00275317
12495.1 0 0.00279405
12504.3 0 0.00283491
12513.2 0 0.00287575
12521.8 0 0.00291658
12530.3 0 0.00295739
12538.4 0 0.00299819
12546.4 0 0.00303898
12554.2 0 0.00307975
12561.7 0 0.00312051
12569 0 0.00316125
12576.2 0 0.00320198
12583.1 0 0.0032427
12589.9 0 0.00328339
12596.5 0 0.00332407
12603 0 0.00336473
12609.3 0 0.00340537
12615.5 0 0.00344598
12621.6 0 0.00348657
12627.5 0 0.00352714
12633.3 0 0.00356771
12638.9 0 0.00360836
12644.3 0 0.00364905
12649.5 0 0.00368975
12654.6 0 0.00373054
12659.6 0 0.00377166
12664.4 0 0.00381276
12669.2 0 0.00385383
12673.9 0 0.00389487
12678.6 0 0.00393589
12683.1 0 0.00397689
12687.6 0 0.00401786
12692 0 0.00405881
12696.3 0 0.00409974
12700.6 0 0.00414064
12704.8 0 0.00418153
12708.9 0 0.00422239
12713 0 0.00426324
12717 0 0.00430407
12720.9 0 0.00434488
12724.7 0 0.00438568
12728.5 0 0.00442647
12732.1 0 0.00446744
12735.7 0 0.0045086
12739.2 0 0.00454976
12742.7 0 0.00459091
12746 0 0.00463205
12749.3 0 0.00467319
12752.5 0 0.00471449
12755.5 0 0.00475672
12758.3 0 0.00479907
12761.2 0 0.00484143
12763.9 0 0.00488381
12766.6 0 0.0049262
12769.2 0 0.0049686
12771.7 0 0.00501123
12774.1 0 0.00505416
12776.4 0 0.0050971
12778.6 0 0.00514006
12780.8 0 0.00518304
12783 0 0.00522602
12785.1 0 0.00526902
12787.2 0 0.00531202
12789.2 0 0.00535503
12791.2 0 0.00539804
12793.2 0 0.00544106
12795.1 0 0.00548408
12797 0 0.0055271
12798.8 0 0.00557011
12800.6 0 0.00561313
12802.4 0 0.00565613
12804.2 0 0.00569913
12805.9 0 0.00574212
12807.7 0 0.00578511
12809.4 0 0.00582808
12811 0 0.00587104
12812.7 0 0.00591399
12814.3 0 0.00595692
12815.9 0 0.00599984
12817.5 0 0.00604275
12819.1 0 0.00608564
12820.7 0 0.00612851
12822.2 0 0.00617137
12823.7 0 0.00621421
12825.2 0 0.00625704
12826.7 0 0.00629984
12828.2 0 0.00634263
12829.7 0 0.00638541
12831.1 0 0.00642816
12832.6 0 0.0064709
12834 0 0.00651361
12835.4 0 0.00655631
12836.8 0 0.006599
12838.2 0 0.00664166
12839.5 0 0.00668431
12840.9 0 0.00672694
12842.2 0 0.00676955
12843.6 0 0.00681215
12844.9 0 0.00685473
12846.2 0 0.00689729
12847.5 0 0.00693984
12848.7 0 0.00698237
12850 0 0.00702488
12851.3 0 0.00706739
12852.5 0 0.00710987
12853.7 0 0.00715234
12855 0 0.0071948
12856.2 0 0.00723725
12857.4 0 0.00727968
12858.5 0 0.00732211
12859.7 0 0.00736452
12860.9 0 0.00740692
12862 0 0.00744931
12863.1 0 0.00749169
12864.3 0 0.00753406
12865.4 0 0.00757643
12866.4 0 0.00761879
12867.5 0 0.00766114
12868.6 0 0.00770348
12869.6 0 0.00774582
12870.7 0 0.00778816
12871.7 0 0.00783049
12872.7 0 0.00787283
12873.7 0 0.00791516
12874.7 0 0.00795748
12875.7 0 0.00799981
12876.6 0 0.00804214
12877.5 0 0.00808447
12878.5 0 0.00812681
12879.4 0 0.00816914
12880.3 0 0.00821148
12881.2 0 0.00825383
12882 0 0.00829618
12882.9 0 0.00833853
12883.7 0 0.0083809
12884.6 0 0.00842326
12885.4 0 0.00846564
12886.2 0 0.00850803
12886.9 0 0.00855042
12887.7 0 0.00859282
12888.5 0 0.00863523
12889.2 0 0.00867766
12889.9 0 0.00872009
12890.6 0 0.00876253
12891.3 0 0.00880498
12892 0 0.00884745
12892.7 0 0.00888992
12893.3 0 0.0089324
12894 0 0.0089749
12894.6 0 0.0090174
12895.2 0 0.00905992
12895.8 0 0.00910244
12896.4 0 0.00914498
12897 0 0.00918752
12897.6 0 0.00923008
12898.1 0 0.00927264
12898.7 0 0.00931521
12899.2 0 0.00935779
12899.8 0 0.00940038
12900.3 0 0.009443
12900.7 0 0.00948595
12901.2 0 0.0095289
12901.6 0 0.00957186
12902 0 0.00961483
12902.5 0 0.00965781
12902.9 0 0.00970079
12903.3 0 0.00974378
12903.7 0 0.00978677
12904.1 0 0.00982977
12904.5 0 0.00987277
12904.8 0 0.00991578
12905.2 0 0.00995879
12905.5 0 0.0100018
12905.9 0 0.0100448
12906.2 0 0.0100878
12906.6 0 0.0101308
12906.9 0 0.0101739
12907.2 0 0.0102169
12907.5 0 0.0102599
12907.9 0 0.0103029
12908.2 0 0.0103459
12908.5 0 0.0103889
12908.8 0 0.0104319
12909 0 0.010475
12909.3 0 0.010518
12909.6 0 0.010561
12909.9 0 0.010604
12910.2 0 0.010647
12910.4 0 0.0106899
12910.7 0 0.0107329
12910.9 0 0.0107759
12911.2 0 0.0108189
12911.4 0 0.0108619
12911.7 0 0.0109048
12911.9 0 0.0109478
12912.2 0 0.0109908
12912.4 0 0.0110337
12912.6 0 0.0110767
12912.9 0 0.0111196
12913.1 0 0.0111625
12913.3 0 0.0112055
12913.5 0 0.0112484
12913.7 0 0.0112913
12913.9 0 0.0113342
12914.1 0 0.0113771
12914.3 0 0.01142
12914.5 0 0.0114629
12914.7 0 0.0115058
12914.9 0 0.0115486
12915.1 0 0.0115915
12915.3 0 0.0116344
12915.5 0 0.0116772
12915.7 0 0.0117201
12915.9 0 0.0117629
12916 0 0.0118057
12916.2 0 0.0118485
12916.4 0 0.0118914
12916.6 0 0.0119342
12916.7 0 0.011977
12916.9 0 0.0120197
12917 0 0.0120625
12917.2 0 0.0121053
12917.4 0 0.0121481
12917.5 0 0.0121908
12917.7 0 0.0122336
12917.8 0 0.0122763
12918 0 0.012319
12918.1 0 0.0123618
12918.2 0 0.0124045
12918.4 0 0.0124472
12918.5 0 0.0124899
12918.7 0 0.0125326
12918.8 0 0.0125753
12918.9 0 0.012618
12919.1 0 0.0126606
12919.3 0 0.0127033
12919.6 0 0.0127458
12920.2 0 0.0127883
12921.1 0 0.0128307
12922.2 0 0.012873
12923.4 0 0.0129153
12924.8 0 0.0129575
12926.3 0 0.0129996
12927.9 0 0.0130417
12929.8 0 0.0130837
12931.8 0 0.0131256
12933.7 0 0.0131676
12935.7 0 0.0132095
12937.6 0 0.0132514
12939.6 0 0.0132933
12941.8 0 0.0133351
12944.1 0 0.0133769
12946.6 0 0.0134186
12949.3 0 0.0134602
12951.9 0 0.0135018
12954.5 0 0.0135434
12957.1 0 0.013585
12959.7 0 0.0136266
12962.3 0 0.0136681
12964.9 0 0.0137097
12967.5 0 0.0137512
12970.2 0 0.0137927
12973 0 0.0138342
12976 0 0.0138755
12979.1 0 0.0139168
12982.4 0 0.0139581
12985.6 0 0.0139993
12988.8 0 0.0140405
12992 0 0.0140817
12995.2 0 0.0141229
12998.4 0 0.0141641
13001.6 0 0.0142052
13004.8 0 0.0142464
13008 0 0.0142875
13011.2 0 0.0143286
13014.4 0 0.0143697
13017.6 0 0.0144108
13020.9 0 0.0144518
13024.2 0 0.0144928
13027.7 0 0.0145337
13031.3 0 0.0145746
13035 0 0.0146154
13038.8 0 0.0146561
13042.5 0 0.0146968
13046.3 0 0.0147376
13050 0 0.0147783
13053.7 0 0.014819
13057.5 0 0.0148596
13061.2 0 0.0149003
13064.9 0 0.0149409
13068.7 0 0.0149816
13072.4 0 0.0150222
13076.1 0 0.0150628
13079.8 0 0.0151033
13083.5 0 0.0151439
13087.2 0 0.0151844
13090.9 0 0.015225
13094.6 0 0.0152655
13098.4 0 0.0153059
13102.2 0 0.0153464
13106.1 0 0.0153867
13110 0 0.015427
13114.2 0 0.0154672
13118.4 0 0.0155074
13122.6 0 0.0155475
13126.8 0 0.0155876
13130.9 0 0.0156277
13135.1 0 0.0156678
13139.3 0 0.0157078
13143.5 0 0.0157478
13147.6 0 0.0157879
13151.8 0 0.0158278
13155.9 0 0.0158678
13160.1 0 0.0159077
13164.3 0 0.0159477
13168.4 0 0.0159876
13172.5 0 0.0160274
13176.7 0 0.0160673
13180.8 0 0.0161071
13185 0 0.0161469
13189.1 0 0.0161867
13193.2 0 0.0162265
13197.4 0 0.0162662
13201.5 0 0.0163059
13205.6 0 0.0163456
13209.7 0 0.0163853
13213.9 0 0.0164249
13218.1 0 0.0164645
13222.4 0 0.016504
13226.7 0 0.0165435
13231.2 0 0.0165828
13235.7 0 0.0166221
13240.2 0 0.0166613
13244.8 0 0.0167005
13249.3 0 0.0167397
13253.8 0 0.0167789
13258.3 0 0.016818
13262.8 0 0.0168572
13267.3 0 0.0168962
13271.8 0 0.0169353
13276.3 0 0.0169743
13280.8 0 0.0170133
13285.3 0 0.0170523
13289.8 0 0.0170912
13294.3 0 0.0171302
13298.7 0 0.017169
13303.2 0 0.0172079
13307.7 0 0.0172467
13312.2 0 0.0172855
13316.6 0 0.0173243
13321.1 0 0.017363
13325.5 0 0.0174018
13330 0 0.0174404
13334.4 0 0.0174791
13338.9 0 0.0175177
13343.3 0 0.0175563
13347.7 0 0.0175949
13352.2 0 0.0176334
13356.6 0 0.0176719
13361 0 0.0177104
13365.5 0 0.0177489
13369.9 0 0.0177873
13374.3 0 0.0178257
13378.8 0 0.017864
13383.3 0 0.0179022
13387.9 0 0.0179404
13392.5 0 0.0179786
13397.2 0 0.0180166
13402 0 0.0180545
13406.7 0 0.0180924
13411.5 0 0.0181303
13416.2 0 0.0181682
13420.9 0 0.018206
13425.7 0 0.0182437
13430.4 0 0.0182815
13435.1 0 0.0183192
13439.8 0 0.0183569
13444.5 0 0.0183945
13449.3 0 0.0184321
13454 0 0.0184697
13458.7 0 0.0185073
13463.4 0 0.0185448
13468.1 0 0.0185823
13472.8 0 0.0186197
13477.4 0 0.0186572
13482.1 0 0.0186946
13486.8 0 0.0187319
13491.5 0 0.0187692
13496.2 0 0.0188065
13500.8 0 0.0188438
13505.5 0 0.018881
13510.1 0 0.0189182
13514.8 0 0.0189554
13519.5 0 0.0189925
13524.1 0 0.0190296
13528.8 0 0.0190667
13533.4 0 0.0191037
13538 0 0.0191407
13542.7 0 0.0191777
13547.3 0 0.0192146
13551.9 0 0.0192515
13556.6 0 0.0192884
13561.2 0 0.0193253
13565.8 0 0.0193621
13570.4 0 0.0193989
13575 0 0.0194356
13579.6 0 0.0194723
13584.2 0 0.019509
13588.8 0 0.0195457
13593.4 0 0.0195823
13598 0 0.0196189
13602.7 0 0.0196554
13607.4 0 0.0196919
13612.1 0 0.0197283
13616.8 0 0.0197647
13621.6 0 0.019801
13410.3 0 0.0197016
13470.1 0 0.0196959
13494.5 0 0.0197049
