0 -58.4752 -2.26119e-06
634.56 0 1.99483e-06
1173.57 0 1.08369e-05
1709.92 0 1.96422e-05
2243.81 0 2.8283e-05
2775.24 0 3.67115e-05
3304.22 0 4.49225e-05
3830.74 0 5.29011e-05
4354.77 0 6.06396e-05
4876.15 0 6.81394e-05
5394.56 0 7.54091e-05
5909.16 0 8.24734e-05
6418.2 0 8.93884e-05
6918.36 0 9.62656e-05
7403.99 0 0.000103306
7866.83 0 0.00011079
8297.18 0 0.000119086
8686.59 0 0.000128538
9030.8 0 0.000139353
9330.49 0 0.000151636
9590.04 0 0.000165289
9815.21 0 0.000180192
10011.7 0 0.000196197
10184.8 0 0.000213093
10338.5 0 0.000230777
10475.8 0 0.000249438
10599.4 0 0.000268841
10711.4 0 0.000288972
10812.7 0 0.000310036
10905.5 0 0.000331545
10991.1 0 0.000353451
11070.4 0 0.000375711
11143.9 0 0.000398363
11212.1 0 0.000421533
11276 0 0.000444974
11335.9 0 0.000468663
11392.3 0 0.000492575
11445.5 0 0.000516691
11495.9 0 0.000540992
11543.8 0 0.000565462
11589.3 0 0.000590087
11632.4 0 0.000614975
11673.3 0 0.000640163
11712.4 0 0.000665479
11749.8 0 0.000690911
11785.6 0 0.000716448
11820.1 0 0.00074208
11853.2 0 0.0007678
11885.1 0 0.000793598
11915.6 0 0.000819539
11945 0 0.000845595
11972.9 0 0.000872081
11999.8 0 0.000898655
12025.7 0 0.000925285
12050.7 0 0.000951991
12074.7 0 0.000978889
12097.7 0 0.00100594
12119.8 0 0.00103331
12141.1 0 0.00106071
12161.8 0 0.00108813
12181.9 0 0.00111556
12201.4 0 0.00114301
12220.3 0 0.00117047
12238.6 0 0.00119793
12256.3 0 0.0012254
12273.3 0 0.00125308
12289.7 0 0.00128088
12305.5 0 0.00130869
12320.9 0 0.00133648
12335.7 0 0.00136441
12349.8 0 0.00139273
12363.5 0 0.00142104
12376.5 0 0.00144954
12388.8 0 0.00147832
12400.7 0 0.00150708
12412.4 0 0.00153583
12423.7 0 0.00156455
12434.7 0 0.00159325
12445.5 0 0.00162192
12455.9 0 0.00165057
12466.1 0 0.0016792
12476 0 0.0017078
12485.7 0 0.00173638
12495.1 0 0.00176495
12504.3 0 0.0017935
12513.2 0 0.00182203
12521.8 0 0.00185055
12530.3 0 0.00187906
12538.4 0 0.00190755
12546.4 0 0.00193603
12554.2 0 0.0019645
12561.7 0 0.00199296
12569 0 0.0020214
12576.2 0 0.00204984
12583.1 0 0.00207825
12589.9 0 0.00210665
12596.5 0 0.00213503
12603 0 0.00216339
12609.3 0 0.00219173
12615.5 0 0.00222005
12621.6 0 0.00224834
12627.5 0 0.00227661
12633.3 0 0.00230491
12638.9 0 0.00233333
12644.3 0 0.00236189
12649.5 0 0.0023905
12654.6 0 0.00241917
12659.6 0 0.0024481
12664.4 0 0.002477
12669.2 0 0.00250588
12673.9 0 0.00253474
12678.6 0 0.00256357
12683.1 0 0.00259238
12687.6 0 0.00262117
12692 0 0.00264994
12696.3 0 0.00267869
12700.6 0 0.00270742
12704.8 0 0.00273614
12708.9 0 0.00276483
12713 0 0.00279351
12717 0 0.00282218
12720.9 0 0.00285084
12724.7 0 0.00287948
12728.5 0 0.00290811
12732.1 0 0.00293689
12735.7 0 0.0029658
12739.2 0 0.00299471
12742.7 0 0.00302362
12746 0 0.00305252
12749.3 0 0.00308142
12752.5 0 0.00311045
12755.5 0 0.00314026
12758.3 0 0.00317018
12761.2 0 0.00320011
12763.9 0 0.00323006
12766.6 0 0.00326001
12769.2 0 0.00328997
12771.7 0 0.00332017
12774.1 0 0.00335069
12776.4 0 0.00338121
12778.6 0 0.00341175
12780.8 0 0.0034423
12783 0 0.00347286
12785.1 0 0.00350343
12787.2 0 0.003534
12789.2 0 0.00356458
12791.2 0 0.00359515
12793.2 0 0.00362573
12795.1 0 0.00365631
12797 0 0.00368688
12798.8 0 0.00371745
12800.6 0 0.00374802
12802.4 0 0.00377857
12804.2 0 0.00380912
12805.9 0 0.00383966
12807.7 0 0.00387019
12809.4 0 0.00390071
12811 0 0.00393121
12812.7 0 0.0039617
12814.3 0 0.00399218
12815.9 0 0.00402264
12817.5 0 0.00405309
12819.1 0 0.00408352
12820.7 0 0.00411394
12822.2 0 0.00414434
12823.7 0 0.00417472
12825.2 0 0.00420509
12826.7 0 0.00423543
12828.2 0 0.00426576
12829.7 0 0.00429608
12831.1 0 0.00432637
12832.6 0 0.00435665
12834 0 0.00438691
12835.4 0 0.00441715
12836.8 0 0.00444738
12838.2 0 0.00447758
12839.5 0 0.00450777
12840.9 0 0.00453795
12842.2 0 0.0045681
12843.6 0 0.00459824
12844.9 0 0.00462837
12846.2 0 0.00465848
12847.5 0 0.00468857
12848.7 0 0.00471865
12850 0 0.00474871
12851.3 0 0.00477876
12852.5 0 0.00480879
12853.7 0 0.00483882
12855 0 0.00486882
12856.2 0 0.00489882
12857.4 0 0.00492881
12858.5 0 0.00495878
12859.7 0 0.00498874
12860.9 0 0.00501869
12862 0 0.00504863
12863.1 0 0.00507856
12864.3 0 0.00510848
12865.4 0 0.00513839
12866.4 0 0.0051683
12867.5 0 0.0051982
12868.6 0 0.0052281
12869.6 0 0.00525799
12870.7 0 0.00528788
12871.7 0 0.00531776
12872.7 0 0.00534764
12873.7 0 0.00537753
12874.7 0 0.00540741
12875.7 0 0.00543729
12876.6 0 0.00546717
12877.5 0 0.00549705
12878.5 0 0.00552694
12879.4 0 0.00555682
12880.3 0 0.00558672
12881.2 0 0.00561661
12882 0 0.00564651
12882.9 0 0.00567642
12883.7 0 0.00570633
12884.6 0 0.00573625
12885.4 0 0.00576617
12886.2 0 0.00579611
12886.9 0 0.00582605
12887.7 0 0.005856
12888.5 0 0.00588596
12889.2 0 0.00591592
12889.9 0 0.0059459
12890.6 0 0.00597588
12891.3 0 0.00600588
12892 0 0.00603588
12892.7 0 0.00606589
12893.3 0 0.00609591
12894 0 0.00612594
12894.6 0 0.00615598
12895.2 0 0.00618603
12895.8 0 0.00621609
12896.4 0 0.00624616
12897 0 0.00627623
12897.6 0 0.00630631
12898.1 0 0.0063364
12898.7 0 0.0063665
12899.2 0 0.0063966
12899.8 0 0.00642672
12900.3 0 0.00645686
12900.7 0 0.00648739
12901.2 0 0.00651792
12901.6 0 0.00654846
12902 0 0.00657901
12902.5 0 0.00660957
12902.9 0 0.00664013
12903.3 0 0.00667069
12903.7 0 0.00670126
12904.1 0 0.00673184
12904.5 0 0.00676241
12904.8 0 0.00679299
12905.2 0 0.00682358
12905.5 0 0.00685416
12905.9 0 0.00688475
12906.2 0 0.00691534
12906.6 0 0.00694592
12906.9 0 0.00697651
12907.2 0 0.0070071
12907.5 0 0.00703769
12907.9 0 0.00706827
12908.2 0 0.00709886
12908.5 0 0.00712944
12908.8 0 0.00716002
12909 0 0.0071906
12909.3 0 0.00722117
12909.6 0 0.00725174
12909.9 0 0.00728231
12910.2 0 0.00731288
12910.4 0 0.00734344
12910.7 0 0.00737399
12910.9 0 0.00740454
12911.2 0 0.00743509
12911.4 0 0.00746563
12911.7 0 0.00749617
12911.9 0 0.0075267
12912.2 0 0.00755722
12912.4 0 0.00758774
12912.6 0 0.00761826
12912.9 0 0.00764877
12913.1 0 0.00767927
12913.3 0 0.00770976
12913.5 0 0.00774025
12913.7 0 0.00777073
12913.9 0 0.00780121
12914.1 0 0.00783168
12914.3 0 0.00786214
12914.5 0 0.0078926
12914.7 0 0.00792305
12914.9 0 0.00795349
12915.1 0 0.00798392
12915.3 0 0.00801435
12915.5 0 0.00804477
12915.7 0 0.00807518
12915.9 0 0.00810559
12916 0 0.00813599
12916.2 0 0.00816638
12916.4 0 0.00819676
12916.6 0 0.00822713
12916.7 0 0.0082575
12916.9 0 0.00828786
12917 0 0.00831821
12917.2 0 0.00834856
12917.4 0 0.0083789
12917.5 0 0.00840923
12917.7 0 0.00843955
12917.8 0 0.00846986
12918 0 0.00850017
12918.1 0 0.00853047
12918.2 0 0.00856076
12918.4 0 0.00859104
12918.5 0 0.00862131
12918.7 0 0.00865158
12918.8 0 0.00868184
12918.9 0 0.00871209
12919.1 0 0.00874233
12919.3 0 0.00877254
12919.6 0 0.0088027
12920.2 0 0.00883278
12921.1 0 0.00886275
12922.2 0 0.00889263
12923.4 0 0.00892247
12924.8 0 0.00895226
12926.3 0 0.00898199
12927.9 0 0.00901167
12929.8 0 0.00904125
12931.8 0 0.00907081
12933.7 0 0.00910035
12935.7 0 0.00912988
12937.6 0 0.0091594
12939.6 0 0.00918888
12941.8 0 0.0092183
12944.1 0 0.00924767
12946.6 0 0.00927695
12949.3 0 0.00930619
12951.9 0 0.00933541
12954.5 0 0.00936463
12957.1 0 0.00939383
12959.7 0 0.00942302
12962.3 0 0.0094522
12964.9 0 0.00948137
12967.5 0 0.00951052
12970.2 0 0.00953963
12973 0 0.00956868
12976 0 0.00959768
12979.1 0 0.00962659
12982.4 0 0.00965546
12985.6 0 0.00968431
12988.8 0 0.00971312
12992 0 0.00974191
12995.2 0 0.0097707
12998.4 0 0.00979947
13001.6 0 0.00982823
13004.8 0 0.00985697
13008 0 0.0098857
13011.2 0 0.00991442
13014.4 0 0.00994312
13017.6 0 0.00997181
13020.9 0 0.0100005
13024.2 0 0.010029
13027.7 0 0.0100576
13031.3 0 0.0100861
13035 0 0.0101144
13038.8 0 0.0101428
13042.5 0 0.0101711
13046.3 0 0.0101995
13050 0 0.0102278
13053.7 0 0.0102561
13057.5 0 0.0102844
13061.2 0 0.0103127
13064.9 0 0.0103409
13068.7 0 0.0103692
13072.4 0 0.0103974
13076.1 0 0.0104256
13079.8 0 0.0104538
13083.5 0 0.010482
13087.2 0 0.0105101
13090.9 0 0.0105383
13094.6 0 0.0105664
13098.4 0 0.0105945
13102.2 0 0.0106225
13106.1 0 0.0106505
13110 0 0.0106784
13114.2 0 0.0107062
13118.4 0 0.010734
13122.6 0 0.0107618
13126.8 0 0.0107895
13130.9 0 0.0108172
13135.1 0 0.0108449
13139.3 0 0.0108726
13143.5 0 0.0109003
13147.6 0 0.0109279
13151.8 0 0.0109555
13155.9 0 0.0109831
13160.1 0 0.0110107
13164.3 0 0.0110382
13168.4 0 0.0110658
13172.5 0 0.0110933
13176.7 0 0.0111208
13180.8 0 0.0111482
13185 0 0.0111757
13189.1 0 0.0112031
13193.2 0 0.0112305
13197.4 0 0.0112579
13201.5 0 0.0112853
13205.6 0 0.0113126
13209.7 0 0.0113399
13213.9 0 0.0113672
13218.1 0 0.0113944
13222.4 0 0.0114215
13226.7 0 0.0114486
13231.2 0 0.0114756
13235.7 0 0.0115025
13240.2 0 0.0115294
13244.8 0 0.0115563
13249.3 0 0.0115832
13253.8 0 0.01161
13258.3 0 0.0116368
13262.8 0 0.0116635
13267.3 0 0.0116903
13271.8 0 0.011717
13276.3 0 0.0117437
13280.8 0 0.0117703
13285.3 0 0.011797
13289.8 0 0.0118236
13294.3 0 0.0118502
13298.7 0 0.0118767
13303.2 0 0.0119032
13307.7 0 0.0119297
13312.2 0 0.0119562
13316.6 0 0.0119826
13321.1 0 0.012009
13325.5 0 0.0120354
13330 0 0.0120618
13334.4 0 0.0120881
13338.9 0 0.0121144
13343.3 0 0.0121407
13347.7 0 0.0121669
13352.2 0 0.0121931
13356.6 0 0.0122193
13361 0 0.0122455
13365.5 0 0.0122716
13369.9 0 0.0122977
13374.3 0 0.0123237
13378.8 0 0.0123497
13383.3 0 0.0123757
13387.9 0 0.0124015
13392.5 0 0.0124273
13397.2 0 0.012453
13402 0 0.0124787
13406.7 0 0.0125043
13411.5 0 0.0125298
13416.2 0 0.0125554
13420.9 0 0.0125809
13425.7 0 0.0126063
13430.4 0 0.0126318
13435.1 0 0.0126572
13439.8 0 0.0126826
13444.5 0 0.0127079
13449.3 0 0.0127332
13454 0 0.0127585
13458.7 0 0.0127838
13463.4 0 0.012809
13468.1 0 0.0128342
13472.8 0 0.0128593
13477.4 0 0.0128844
13482.1 0 0.0129095
13486.8 0 0.0129346
13491.5 0 0.0129596
13496.2 0 0.0129846
13500.8 0 0.0130096
13505.5 0 0.0130345
13510.1 0 0.0130594
13514.8 0 0.0130843
13519.5 0 0.0131091
13524.1 0 0.0131339
13528.8 0 0.0131587
13533.4 0 0.0131835
13538 0 0.0132082
13542.7 0 0.0132329
13547.3 0 0.0132575
13551.9 0 0.0132821
13556.6 0 0.0133067
13561.2 0 0.0133313
13565.8 0 0.0133558
13570.4 0 0.0133803
13575 0 0.0134048
13579.6 0 0.0134292
13584.2 0 0.0134536
13588.8 0 0.013478
13593.4 0 0.0135023
13598 0 0.0135266
13602.7 0 0.0135508
13607.4 0 0.013575
13612.1 0 0.0135991
13616.8 0 0.0136232
13621.6 0 0.0136472
13410.3 0 0.0135358
13470.1 0 0.0135179
13494.5 0 0.0135148
