0 -58.4752 -2.26119e-06
634.56 0 1.17753e-05
1173.57 0 3.03937e-05
1709.92 0 4.89758e-05
2243.81 0 6.73933e-05
2775.24 0 8.55987e-05
3304.22 0 0.000103587
3830.74 0 0.000121343
4354.77 0 0.000138859
4876.15 0 0.000156136
5394.56 0 0.000173184
5909.16 0 0.000190025
6418.2 0 0.000206718
6918.36 0 0.000223372
7403.99 0 0.00024019
7866.83 0 0.000257451
8297.18 0 0.000275525
8686.59 0 0.000294754
9030.8 0 0.000315347
9330.49 0 0.000337406
9590.04 0 0.000360835
9815.21 0 0.000385509
10011.7 0 0.000411279
10184.8 0 0.000437938
10338.5 0 0.000465386
10475.8 0 0.000493828
10599.4 0 0.000523019
10711.4 0 0.000552944
10812.7 0 0.000583792
10905.5 0 0.000615085
10991.1 0 0.000646775
11070.4 0 0.000678821
11143.9 0 0.000711259
11212.1 0 0.000744215
11276 0 0.000777444
11335.9 0 0.00081092
11392.3 0 0.000844621
11445.5 0 0.000878526
11495.9 0 0.000912615
11543.8 0 0.000946875
11589.3 0 0.00098129
11632.4 0 0.00101597
11673.3 0 0.00105094
11712.4 0 0.00108604
11749.8 0 0.00112126
11785.6 0 0.00115658
11820.1 0 0.001192
11853.2 0 0.00122751
11885.1 0 0.00126309
11915.6 0 0.00129881
11945 0 0.00133463
11972.9 0 0.00137089
11999.8 0 0.00140723
12025.7 0 0.00144363
12050.7 0 0.00148011
12074.7 0 0.00151676
12097.7 0 0.00155358
12119.8 0 0.00159072
12141.1 0 0.00162789
12161.8 0 0.00166508
12181.9 0 0.00170229
12201.4 0 0.00173951
12220.3 0 0.00177673
12238.6 0 0.00181397
12256.3 0 0.00185121
12273.3 0 0.00188867
12289.7 0 0.00192625
12305.5 0 0.00196382
12320.9 0 0.0020014
12335.7 0 0.00203911
12349.8 0 0.00207724
12363.5 0 0.00211535
12376.5 0 0.00215363
12388.8 0 0.00219217
12400.7 0 0.0022307
12412.4 0 0.0022692
12423.7 0 0.00230768
12434.7 0 0.00234613
12445.5 0 0.00238457
12455.9 0 0.00242297
12466.1 0 0.00246136
12476 0 0.00249972
12485.7 0 0.00253806
12495.1 0 0.00257639
12504.3 0 0.00261469
12513.2 0 0.00265298
12521.8 0 0.00269126
12530.3 0 0.00272952
12538.4 0 0.00276777
12546.4 0 0.00280601
12554.2 0 0.00284423
12561.7 0 0.00288245
12569 0 0.00292064
12576.2 0 0.00295883
12583.1 0 0.002997
12589.9 0 0.00303515
12596.5 0 0.00307329
12603 0 0.0031114
12609.3 0 0.00314949
12615.5 0 0.00318757
12621.6 0 0.00322561
12627.5 0 0.00326364
12633.3 0 0.00330169
12638.9 0 0.00333985
12644.3 0 0.00337813
12649.5 0 0.00341644
12654.6 0 0.00345483
12659.6 0 0.00349349
12664.4 0 0.00353212
12669.2 0 0.00357073
12673.9 0 0.00360932
12678.6 0 0.00364788
12683.1 0 0.00368643
12687.6 0 0.00372494
12692 0 0.00376344
12696.3 0 0.00380192
12700.6 0 0.00384038
12704.8 0 0.00387882
12708.9 0 0.00391724
12713 0 0.00395565
12717 0 0.00399404
12720.9 0 0.00403242
12724.7 0 0.00407079
12728.5 0 0.00410914
12732.1 0 0.00414765
12735.7 0 0.00418631
12739.2 0 0.00422496
12742.7 0 0.00426361
12746 0 0.00430225
12749.3 0 0.00434089
12752.5 0 0.00437968
12755.5 0 0.00441926
12758.3 0 0.00445897
12761.2 0 0.00449868
12763.9 0 0.00453841
12766.6 0 0.00457815
12769.2 0 0.00461789
12771.7 0 0.00465788
12774.1 0 0.00469817
12776.4 0 0.00473848
12778.6 0 0.0047788
12780.8 0 0.00481913
12783 0 0.00485947
12785.1 0 0.00489982
12787.2 0 0.00494018
12789.2 0 0.00498054
12791.2 0 0.0050209
12793.2 0 0.00506126
12795.1 0 0.00510163
12797 0 0.00514199
12798.8 0 0.00518234
12800.6 0 0.00522269
12802.4 0 0.00526304
12804.2 0 0.00530337
12805.9 0 0.0053437
12807.7 0 0.00538402
12809.4 0 0.00542432
12811 0 0.00546462
12812.7 0 0.0055049
12814.3 0 0.00554516
12815.9 0 0.00558542
12817.5 0 0.00562565
12819.1 0 0.00566587
12820.7 0 0.00570608
12822.2 0 0.00574627
12823.7 0 0.00578644
12825.2 0 0.00582659
12826.7 0 0.00586673
12828.2 0 0.00590685
12829.7 0 0.00594695
12831.1 0 0.00598704
12832.6 0 0.0060271
12834 0 0.00606715
12835.4 0 0.00610719
12836.8 0 0.0061472
12838.2 0 0.0061872
12839.5 0 0.00622718
12840.9 0 0.00626714
12842.2 0 0.00630708
12843.6 0 0.00634701
12844.9 0 0.00638693
12846.2 0 0.00642682
12847.5 0 0.0064667
12848.7 0 0.00650657
12850 0 0.00654642
12851.3 0 0.00658626
12852.5 0 0.00662608
12853.7 0 0.00666589
12855 0 0.00670569
12856.2 0 0.00674547
12857.4 0 0.00678524
12858.5 0 0.006825
12859.7 0 0.00686475
12860.9 0 0.00690449
12862 0 0.00694422
12863.1 0 0.00698393
12864.3 0 0.00702364
12865.4 0 0.00706334
12866.4 0 0.00710304
12867.5 0 0.00714273
12868.6 0 0.00718241
12869.6 0 0.00722209
12870.7 0 0.00726177
12871.7 0 0.00730144
12872.7 0 0.00734111
12873.7 0 0.00738078
12874.7 0 0.00742044
12875.7 0 0.00746011
12876.6 0 0.00749978
12877.5 0 0.00753945
12878.5 0 0.00757912
12879.4 0 0.0076188
12880.3 0 0.00765848
12881.2 0 0.00769816
12882 0 0.00773785
12882.9 0 0.00777754
12883.7 0 0.00781724
12884.6 0 0.00785695
12885.4 0 0.00789666
12886.2 0 0.00793638
12886.9 0 0.00797611
12887.7 0 0.00801585
12888.5 0 0.00805559
12889.2 0 0.00809535
12889.9 0 0.00813511
12890.6 0 0.00817489
12891.3 0 0.00821467
12892 0 0.00825446
12892.7 0 0.00829426
12893.3 0 0.00833408
12894 0 0.0083739
12894.6 0 0.00841373
12895.2 0 0.00845357
12895.8 0 0.00849342
12896.4 0 0.00853327
12897 0 0.00857314
12897.6 0 0.00861302
12898.1 0 0.0086529
12898.7 0 0.00869279
12899.2 0 0.00873269
12899.8 0 0.00877259
12900.3 0 0.00881253
12900.7 0 0.00885284
12901.2 0 0.00889315
12901.6 0 0.00893347
12902 0 0.0089738
12902.5 0 0.00901414
12902.9 0 0.00905448
12903.3 0 0.00909483
12903.7 0 0.00913518
12904.1 0 0.00917554
12904.5 0 0.00921589
12904.8 0 0.00925626
12905.2 0 0.00929662
12905.5 0 0.00933699
12905.9 0 0.00937736
12906.2 0 0.00941773
12906.6 0 0.0094581
12906.9 0 0.00949847
12907.2 0 0.00953884
12907.5 0 0.00957921
12907.9 0 0.00961958
12908.2 0 0.00965995
12908.5 0 0.00970031
12908.8 0 0.00974068
12909 0 0.00978104
12909.3 0 0.0098214
12909.6 0 0.00986175
12909.9 0 0.0099021
12910.2 0 0.00994245
12910.4 0 0.00998279
12910.7 0 0.0100231
12910.9 0 0.0100635
12911.2 0 0.0101038
12911.4 0 0.0101441
12911.7 0 0.0101844
12911.9 0 0.0102248
12912.2 0 0.0102651
12912.4 0 0.0103054
12912.6 0 0.0103457
12912.9 0 0.010386
12913.1 0 0.0104262
12913.3 0 0.0104665
12913.5 0 0.0105068
12913.7 0 0.0105471
12913.9 0 0.0105873
12914.1 0 0.0106276
12914.3 0 0.0106678
12914.5 0 0.0107081
12914.7 0 0.0107483
12914.9 0 0.0107885
12915.1 0 0.0108287
12915.3 0 0.0108689
12915.5 0 0.0109091
12915.7 0 0.0109493
12915.9 0 0.0109895
12916 0 0.0110297
12916.2 0 0.0110699
12916.4 0 0.0111101
12916.6 0 0.0111502
12916.7 0 0.0111904
12916.9 0 0.0112305
12917 0 0.0112706
12917.2 0 0.0113108
12917.4 0 0.0113509
12917.5 0 0.011391
12917.7 0 0.0114311
12917.8 0 0.0114712
12918 0 0.0115113
12918.1 0 0.0115514
12918.2 0 0.0115914
12918.4 0 0.0116315
12918.5 0 0.0116716
12918.7 0 0.0117116
12918.8 0 0.0117517
12918.9 0 0.0117917
12919.1 0 0.0118317
12919.3 0 0.0118717
12919.6 0 0.0119116
12920.2 0 0.0119515
12921.1 0 0.0119913
12922.2 0 0.0120309
12923.4 0 0.0120705
12924.8 0 0.0121101
12926.3 0 0.0121496
12927.9 0 0.0121891
12929.8 0 0.0122284
12931.8 0 0.0122678
12933.7 0 0.0123071
12935.7 0 0.0123464
12937.6 0 0.0123857
12939.6 0 0.0124249
12941.8 0 0.0124641
12944.1 0 0.0125033
12946.6 0 0.0125423
12949.3 0 0.0125814
12951.9 0 0.0126204
12954.5 0 0.0126593
12957.1 0 0.0126983
12959.7 0 0.0127373
12962.3 0 0.0127762
12964.9 0 0.0128152
12967.5 0 0.0128541
12970.2 0 0.012893
12973 0 0.0129318
12976 0 0.0129706
12979.1 0 0.0130093
12982.4 0 0.0130479
12985.6 0 0.0130865
12988.8 0 0.0131251
12992 0 0.0131637
12995.2 0 0.0132022
12998.4 0 0.0132408
13001.6 0 0.0132793
13004.8 0 0.0133178
13008 0 0.0133563
13011.2 0 0.0133948
13014.4 0 0.0134333
13017.6 0 0.0134718
13020.9 0 0.0135102
13024.2 0 0.0135486
13027.7 0 0.0135869
13031.3 0 0.0136251
13035 0 0.0136633
13038.8 0 0.0137014
13042.5 0 0.0137395
13046.3 0 0.0137777
13050 0 0.0138157
13053.7 0 0.0138538
13057.5 0 0.0138919
13061.2 0 0.0139299
13064.9 0 0.013968
13068.7 0 0.014006
13072.4 0 0.014044
13076.1 0 0.014082
13079.8 0 0.0141199
13083.5 0 0.0141579
13087.2 0 0.0141958
13090.9 0 0.0142337
13094.6 0 0.0142716
13098.4 0 0.0143095
13102.2 0 0.0143473
13106.1 0 0.014385
13110 0 0.0144227
13114.2 0 0.0144603
13118.4 0 0.0144979
13122.6 0 0.0145354
13126.8 0 0.0145729
13130.9 0 0.0146104
13135.1 0 0.0146479
13139.3 0 0.0146853
13143.5 0 0.0147227
13147.6 0 0.0147601
13151.8 0 0.0147975
13155.9 0 0.0148349
13160.1 0 0.0148722
13164.3 0 0.0149096
13168.4 0 0.0149469
13172.5 0 0.0149841
13176.7 0 0.0150214
13180.8 0 0.0150586
13185 0 0.0150959
13189.1 0 0.015133
13193.2 0 0.0151702
13197.4 0 0.0152074
13201.5 0 0.0152445
13205.6 0 0.0152816
13209.7 0 0.0153187
13213.9 0 0.0153557
13218.1 0 0.0153927
13222.4 0 0.0154296
13226.7 0 0.0154665
13231.2 0 0.0155032
13235.7 0 0.0155399
13240.2 0 0.0155766
13244.8 0 0.0156132
13249.3 0 0.0156498
13253.8 0 0.0156864
13258.3 0 0.015723
13262.8 0 0.0157595
13267.3 0 0.015796
13271.8 0 0.0158325
13276.3 0 0.0158689
13280.8 0 0.0159054
13285.3 0 0.0159418
13289.8 0 0.0159781
13294.3 0 0.0160145
13298.7 0 0.0160508
13303.2 0 0.0160871
13307.7 0 0.0161233
13312.2 0 0.0161596
13316.6 0 0.0161958
13321.1 0 0.0162319
13325.5 0 0.0162681
13330 0 0.0163042
13334.4 0 0.0163403
13338.9 0 0.0163763
13343.3 0 0.0164124
13347.7 0 0.0164484
13352.2 0 0.0164843
13356.6 0 0.0165203
13361 0 0.0165562
13365.5 0 0.0165921
13369.9 0 0.0166279
13374.3 0 0.0166638
13378.8 0 0.0166995
13383.3 0 0.0167352
13387.9 0 0.0167708
13392.5 0 0.0168064
13397.2 0 0.0168419
13402 0 0.0168772
13406.7 0 0.0169126
13411.5 0 0.0169479
13416.2 0 0.0169832
13420.9 0 0.0170185
13425.7 0 0.0170537
13430.4 0 0.0170889
13435.1 0 0.0171241
13439.8 0 0.0171592
13444.5 0 0.0171943
13449.3 0 0.0172294
13454 0 0.0172644
13458.7 0 0.0172994
13463.4 0 0.0173344
13468.1 0 0.0173693
13472.8 0 0.0174042
13477.4 0 0.0174391
13482.1 0 0.0174739
13486.8 0 0.0175088
13491.5 0 0.0175435
13496.2 0 0.0175783
13500.8 0 0.017613
13505.5 0 0.0176477
13510.1 0 0.0176824
13514.8 0 0.017717
13519.5 0 0.0177516
13524.1 0 0.0177861
13528.8 0 0.0178207
13533.4 0 0.0178552
13538 0 0.0178896
13542.7 0 0.0179241
13547.3 0 0.0179585
13551.9 0 0.0179928
13556.6 0 0.0180272
13561.2 0 0.0180615
13565.8 0 0.0180958
13570.4 0 0.01813
13575 0 0.0181642
13579.6 0 0.0181984
13584.2 0 0.0182326
13588.8 0 0.0182667
13593.4 0 0.0183008
13598 0 0.0183348
13602.7 0 0.0183688
13607.4 0 0.0184028
13612.1 0 0.0184366
13616.8 0 0.0184704
13621.6 0 0.0185042
13410.3 0 0.0184025
13470.1 0 0.0183944
13494.5 0 0.018401
