0 -58.4752 -2.26119e-06
634.56 -18.2878 -7.07223e-07
1173.57 0 5.44775e-06
1709.92 0 1.15636e-05
2243.81 0 1.75161e-05
2775.24 0 2.32548e-05
3304.22 0 2.87746e-05
3830.74 0 3.40617e-05
4354.77 0 3.91088e-05
4876.15 0 4.39173e-05
5394.56 0 4.84959e-05
5909.16 0 5.28693e-05
6418.2 0 5.70933e-05
6918.36 0 6.12797e-05
7403.99 0 6.56286e-05
7866.83 0 7.04218e-05
8297.18 0 7.60269e-05
8686.59 0 8.27864e-05
9030.8 0 9.0909e-05
9330.49 0 0.000100504
9590.04 0 0.000111473
9815.21 0 0.000123708
10011.7 0 0.000137066
10184.8 0 0.000151321
10338.5 0 0.000166362
10475.8 0 0.000182319
10599.4 0 0.000198992
10711.4 0 0.000216372
10812.7 0 0.000234724
10905.5 0 0.000253518
10991.1 0 0.000272707
11070.4 0 0.000292248
11143.9 0 0.000312178
11212.1 0 0.000332623
11276 0 0.000353338
11335.9 0 0.000374299
11392.3 0 0.000395481
11445.5 0 0.000416866
11495.9 0 0.000438435
11543.8 0 0.000460172
11589.3 0 0.000482063
11632.4 0 0.000504221
11673.3 0 0.000526687
11712.4 0 0.00054928
11749.8 0 0.000571989
11785.6 0 0.000594802
11820.1 0 0.000617711
11853.2 0 0.000640706
11885.1 0 0.000663779
11915.6 0 0.000687044
11945 0 0.000710456
11972.9 0 0.000734272
11999.8 0 0.000758175
12025.7 0 0.000782134
12050.7 0 0.00080618
12074.7 0 0.000830467
12097.7 0 0.000854892
12119.8 0 0.000879586
12141.1 0 0.000904308
12161.8 0 0.00092905
12181.9 0 0.00095381
12201.4 0 0.000978582
12220.3 0 0.00100336
12238.6 0 0.00102815
12256.3 0 0.00105295
12273.3 0 0.00107795
12289.7 0 0.00110307
12305.5 0 0.00112819
12320.9 0 0.00115331
12335.7 0 0.00117852
12349.8 0 0.00120404
12363.5 0 0.00122955
12376.5 0 0.00125535
12388.8 0 0.00128151
12400.7 0 0.00130764
12412.4 0 0.00133376
12423.7 0 0.00135986
12434.7 0 0.00138593
12445.5 0 0.00141198
12455.9 0 0.001438
12466.1 0 0.00146401
12476 0 0.00148999
12485.7 0 0.00151595
12495.1 0 0.0015419
12504.3 0 0.00156783
12513.2 0 0.00159375
12521.8 0 0.00161965
12530.3 0 0.00164554
12538.4 0 0.00167142
12546.4 0 0.00169729
12554.2 0 0.00172314
12561.7 0 0.00174899
12569 0 0.00177482
12576.2 0 0.00180064
12583.1 0 0.00182645
12589.9 0 0.00185224
12596.5 0 0.00187801
12603 0 0.00190376
12609.3 0 0.00192949
12615.5 0 0.0019552
12621.6 0 0.00198089
12627.5 0 0.00200655
12633.3 0 0.00203226
12638.9 0 0.00205813
12644.3 0 0.00208421
12649.5 0 0.00211037
12654.6 0 0.00213657
12659.6 0 0.00216297
12664.4 0 0.00218935
12669.2 0 0.0022157
12673.9 0 0.00224204
12678.6 0 0.00226835
12683.1 0 0.00229464
12687.6 0 0.00232091
12692 0 0.00234716
12696.3 0 0.0023734
12700.6 0 0.00239961
12704.8 0 0.00242582
12708.9 0 0.002452
12713 0 0.00247818
12717 0 0.00250435
12720.9 0 0.0025305
12724.7 0 0.00255665
12728.5 0 0.00258279
12732.1 0 0.00260903
12735.7 0 0.00263537
12739.2 0 0.00266172
12742.7 0 0.00268805
12746 0 0.00271439
12749.3 0 0.00274072
12752.5 0 0.00276717
12755.5 0 0.00279429
12758.3 0 0.00282149
12761.2 0 0.00284871
12763.9 0 0.00287593
12766.6 0 0.00290317
12769.2 0 0.00293041
12771.7 0 0.0029579
12774.1 0 0.00298572
12776.4 0 0.00301354
12778.6 0 0.00304138
12780.8 0 0.00306922
12783 0 0.00309708
12785.1 0 0.00312493
12787.2 0 0.00315279
12789.2 0 0.00318065
12791.2 0 0.00320851
12793.2 0 0.00323637
12795.1 0 0.00326423
12797 0 0.00329208
12798.8 0 0.00331992
12800.6 0 0.00334776
12802.4 0 0.00337559
12804.2 0 0.00340341
12805.9 0 0.00343122
12807.7 0 0.00345902
12809.4 0 0.00348681
12811 0 0.00351458
12812.7 0 0.00354234
12814.3 0 0.00357008
12815.9 0 0.00359781
12817.5 0 0.00362553
12819.1 0 0.00365323
12820.7 0 0.00368091
12822.2 0 0.00370857
12823.7 0 0.00373622
12825.2 0 0.00376385
12826.7 0 0.00379146
12828.2 0 0.00381906
12829.7 0 0.00384664
12831.1 0 0.0038742
12832.6 0 0.00390174
12834 0 0.00392927
12835.4 0 0.00395678
12836.8 0 0.00398427
12838.2 0 0.00401174
12839.5 0 0.0040392
12840.9 0 0.00406664
12842.2 0 0.00409406
12843.6 0 0.00412147
12844.9 0 0.00414887
12846.2 0 0.00417624
12847.5 0 0.00420361
12848.7 0 0.00423095
12850 0 0.00425829
12851.3 0 0.00428561
12852.5 0 0.00431291
12853.7 0 0.00434021
12855 0 0.00436749
12856.2 0 0.00439476
12857.4 0 0.00442202
12858.5 0 0.00444926
12859.7 0 0.0044765
12860.9 0 0.00450372
12862 0 0.00453093
12863.1 0 0.00455813
12864.3 0 0.00458532
12865.4 0 0.00461251
12866.4 0 0.00463969
12867.5 0 0.00466686
12868.6 0 0.00469403
12869.6 0 0.0047212
12870.7 0 0.00474836
12871.7 0 0.00477552
12872.7 0 0.00480267
12873.7 0 0.00482983
12874.7 0 0.00485698
12875.7 0 0.00488414
12876.6 0 0.00491129
12877.5 0 0.00493845
12878.5 0 0.00496561
12879.4 0 0.00499277
12880.3 0 0.00501994
12881.2 0 0.00504711
12882 0 0.00507428
12882.9 0 0.00510146
12883.7 0 0.00512864
12884.6 0 0.00515584
12885.4 0 0.00518303
12886.2 0 0.00521024
12886.9 0 0.00523745
12887.7 0 0.00526467
12888.5 0 0.00529189
12889.2 0 0.00531913
12889.9 0 0.00534637
12890.6 0 0.00537362
12891.3 0 0.00540088
12892 0 0.00542815
12892.7 0 0.00545543
12893.3 0 0.00548271
12894 0 0.00551001
12894.6 0 0.00553731
12895.2 0 0.00556462
12895.8 0 0.00559193
12896.4 0 0.00561926
12897 0 0.00564659
12897.6 0 0.00567393
12898.1 0 0.00570127
12898.7 0 0.00572862
12899.2 0 0.00575598
12899.8 0 0.00578334
12900.3 0 0.00581074
12900.7 0 0.00583856
12901.2 0 0.00586639
12901.6 0 0.00589423
12902 0 0.00592208
12902.5 0 0.00594993
12902.9 0 0.00597778
12903.3 0 0.00600564
12903.7 0 0.0060335
12904.1 0 0.00606137
12904.5 0 0.00608924
12904.8 0 0.00611711
12905.2 0 0.00614499
12905.5 0 0.00617286
12905.9 0 0.00620074
12906.2 0 0.00622862
12906.6 0 0.0062565
12906.9 0 0.00628437
12907.2 0 0.00631225
12907.5 0 0.00634013
12907.9 0 0.006368
12908.2 0 0.00639587
12908.5 0 0.00642374
12908.8 0 0.00645161
12909 0 0.00647948
12909.3 0 0.00650734
12909.6 0 0.0065352
12909.9 0 0.00656305
12910.2 0 0.00659091
12910.4 0 0.00661875
12910.7 0 0.0066466
12910.9 0 0.00667443
12911.2 0 0.00670227
12911.4 0 0.0067301
12911.7 0 0.00675792
12911.9 0 0.00678574
12912.2 0 0.00681355
12912.4 0 0.00684136
12912.6 0 0.00686916
12912.9 0 0.00689695
12913.1 0 0.00692474
12913.3 0 0.00695252
12913.5 0 0.0069803
12913.7 0 0.00700807
12913.9 0 0.00703583
12914.1 0 0.00706359
12914.3 0 0.00709134
12914.5 0 0.00711908
12914.7 0 0.00714682
12914.9 0 0.00717454
12915.1 0 0.00720227
12915.3 0 0.00722998
12915.5 0 0.00725769
12915.7 0 0.00728539
12915.9 0 0.00731308
12916 0 0.00734077
12916.2 0 0.00736845
12916.4 0 0.00739612
12916.6 0 0.00742378
12916.7 0 0.00745144
12916.9 0 0.00747909
12917 0 0.00750673
12917.2 0 0.00753436
12917.4 0 0.00756199
12917.5 0 0.00758961
12917.7 0 0.00761722
12917.8 0 0.00764482
12918 0 0.00767242
12918.1 0 0.00770001
12918.2 0 0.00772759
12918.4 0 0.00775516
12918.5 0 0.00778273
12918.7 0 0.00781029
12918.8 0 0.00783784
12918.9 0 0.00786538
12919.1 0 0.00789291
12919.3 0 0.00792041
12919.6 0 0.00794786
12920.2 0 0.00797524
12921.1 0 0.00800251
12922.2 0 0.0080297
12923.4 0 0.00805683
12924.8 0 0.00808393
12926.3 0 0.00811097
12927.9 0 0.00813795
12929.8 0 0.00816484
12931.8 0 0.00819171
12933.7 0 0.00821856
12935.7 0 0.0082454
12937.6 0 0.00827223
12939.6 0 0.00829903
12941.8 0 0.00832577
12944.1 0 0.00835245
12946.6 0 0.00837905
12949.3 0 0.0084056
12951.9 0 0.00843215
12954.5 0 0.00845868
12957.1 0 0.00848521
12959.7 0 0.00851172
12962.3 0 0.00853822
12964.9 0 0.00856471
12967.5 0 0.00859119
12970.2 0 0.00861762
12973 0 0.008644
12976 0 0.00867032
12979.1 0 0.00869656
12982.4 0 0.00872276
12985.6 0 0.00874894
12988.8 0 0.00877506
12992 0 0.00880117
12995.2 0 0.00882727
12998.4 0 0.00885336
13001.6 0 0.00887943
13004.8 0 0.00890549
13008 0 0.00893153
13011.2 0 0.00895756
13014.4 0 0.00898358
13017.6 0 0.00900959
13020.9 0 0.00903555
13024.2 0 0.00906145
13027.7 0 0.0090873
13031.3 0 0.00911309
13035 0 0.00913878
13038.8 0 0.00916447
13042.5 0 0.00919015
13046.3 0 0.0092158
13050 0 0.00924145
13053.7 0 0.00926707
13057.5 0 0.00929268
13061.2 0 0.00931828
13064.9 0 0.00934386
13068.7 0 0.00936942
13072.4 0 0.00939497
13076.1 0 0.0094205
13079.8 0 0.00944602
13083.5 0 0.00947152
13087.2 0 0.009497
13090.9 0 0.00952247
13094.6 0 0.00954791
13098.4 0 0.00957333
13102.2 0 0.00959869
13106.1 0 0.00962399
13110 0 0.00964924
13114.2 0 0.00967439
13118.4 0 0.00969951
13122.6 0 0.0097246
13126.8 0 0.00974967
13130.9 0 0.00977472
13135.1 0 0.00979976
13139.3 0 0.00982477
13143.5 0 0.00984976
13147.6 0 0.00987474
13151.8 0 0.00989969
13155.9 0 0.00992463
13160.1 0 0.00994954
13164.3 0 0.00997443
13168.4 0 0.0099993
13172.5 0 0.0100242
13176.7 0 0.010049
13180.8 0 0.0100738
13185 0 0.0100986
13189.1 0 0.0101233
13193.2 0 0.0101481
13197.4 0 0.0101728
13201.5 0 0.0101975
13205.6 0 0.0102222
13209.7 0 0.0102468
13213.9 0 0.0102715
13218.1 0 0.010296
13222.4 0 0.0103205
13226.7 0 0.0103449
13231.2 0 0.0103693
13235.7 0 0.0103936
13240.2 0 0.0104178
13244.8 0 0.010442
13249.3 0 0.0104662
13253.8 0 0.0104904
13258.3 0 0.0105146
13262.8 0 0.0105387
13267.3 0 0.0105628
13271.8 0 0.0105869
13276.3 0 0.0106109
13280.8 0 0.0106349
13285.3 0 0.0106589
13289.8 0 0.0106829
13294.3 0 0.0107068
13298.7 0 0.0107307
13303.2 0 0.0107546
13307.7 0 0.0107785
13312.2 0 0.0108023
13316.6 0 0.0108261
13321.1 0 0.0108499
13325.5 0 0.0108736
13330 0 0.0108973
13334.4 0 0.010921
13338.9 0 0.0109447
13343.3 0 0.0109683
13347.7 0 0.010992
13352.2 0 0.0110155
13356.6 0 0.0110391
13361 0 0.0110626
13365.5 0 0.0110861
13369.9 0 0.0111096
13374.3 0 0.011133
13378.8 0 0.0111564
13383.3 0 0.0111797
13387.9 0 0.0112029
13392.5 0 0.0112261
13397.2 0 0.0112492
13402 0 0.0112722
13406.7 0 0.0112951
13411.5 0 0.0113181
13416.2 0 0.011341
13420.9 0 0.0113639
13425.7 0 0.0113867
13430.4 0 0.0114096
13435.1 0 0.0114324
13439.8 0 0.0114551
13444.5 0 0.0114779
13449.3 0 0.0115006
13454 0 0.0115232
13458.7 0 0.0115459
13463.4 0 0.0115685
13468.1 0 0.011591
13472.8 0 0.0116136
13477.4 0 0.0116361
13482.1 0 0.0116586
13486.8 0 0.011681
13491.5 0 0.0117035
13496.2 0 0.0117259
13500.8 0 0.0117482
13505.5 0 0.0117705
13510.1 0 0.0117928
13514.8 0 0.0118151
13519.5 0 0.0118373
13524.1 0 0.0118595
13528.8 0 0.0118817
13533.4 0 0.0119039
13538 0 0.011926
13542.7 0 0.011948
13547.3 0 0.0119701
13551.9 0 0.0119921
13556.6 0 0.0120141
13561.2 0 0.0120361
13565.8 0 0.012058
13570.4 0 0.0120799
13575 0 0.0121017
13579.6 0 0.0121236
13584.2 0 0.0121454
13588.8 0 0.0121671
13593.4 0 0.0121889
13598 0 0.0122106
13602.7 0 0.0122322
13607.4 0 0.0122538
13612.1 0 0.0122753
13616.8 0 0.0122968
13621.6 0 0.0123181
13410.3 0 0.0122044
13470.1 0 0.012184
13494.5 0 0.0121783
