0 -58.4752 -2.26119e-06
634.56 -447.539 -1.73169e-05
1173.57 -717.403 -2.7778e-05
1709.92 -987.737 -3.82773e-05
2243.81 -1261.67 -4.89403e-05
2775.24 -1540.35 -5.98166e-05
3304.22 -1823.79 -7.09111e-05
3830.74 -2112.23 -8.22382e-05
4354.77 -2405.73 -9.38054e-05
4876.15 -2704.12 -0.000105611
5394.56 -3007.05 -0.000117647
5909.16 -3313.74 -0.000129888
6418.2 -3622.69 -0.000142278
6918.36 -3931.01 -0.000154707
7403.99 -4233.69 -0.000166972
7866.83 -4523.86 -0.000178793
8297.18 -4792.7 -0.000189802
8686.59 -5032.17 -0.000199657
9030.8 -5237.6 -0.000208148
9330.49 -5406.8 -0.000215169
9590.04 -5542.5 -0.000220817
9815.21 -5647.69 -0.000225206
10011.7 -5726.02 -0.000228481
10184.8 -5782.88 -0.000230862
10338.5 -5820.9 -0.000232456
10475.8 -5836.45 -0.000233108
10599.4 -5834.51 -0.000233033
10711.4 -5814.05 -0.000232242
10812.7 -5768.88 -0.000230495
10905.5 -5712.24 -0.000228305
10991.1 -5645.39 -0.00022572
11070.4 -5569.38 -0.000222781
11143.9 -5483.3 -0.000219452
11212.1 -5383.86 -0.000215607
11276 -5277.42 -0.000211491
11335.9 -5164.62 -0.00020713
11392.3 -5046.05 -0.000202545
11445.5 -4922.24 -0.000197757
11495.9 -4793.67 -0.000192786
11543.8 -4660.73 -0.000187645
11589.3 -4523.79 -0.00018235
11632.4 -4379.99 -0.000176789
11673.3 -4228.32 -0.000170925
11712.4 -4073.36 -0.000164933
11749.8 -3915.4 -0.000158825
11785.6 -3754.72 -0.000152612
11820.1 -3591.58 -0.000146303
11853.2 -3426.21 -0.000139909
11885.1 -3258.81 -0.000133436
11915.6 -3086.97 -0.000126791
11945 -2911.69 -0.000120013
11972.9 -2725.7 -0.000112821
11999.8 -2537.42 -0.000105541
12025.7 -2347.71 -9.82051e-05
12050.7 -2155.85 -9.07864e-05
12074.7 -1958.32 -8.31483e-05
12097.7 -1756.98 -7.53631e-05
12119.8 -1548.2 -6.72899e-05
12141.1 -1338.73 -5.91898e-05
12161.8 -1128.7 -5.10684e-05
12181.9 -918.239 -4.29304e-05
12201.4 -707.448 -3.47795e-05
12220.3 -496.404 -2.66189e-05
12238.6 -285.179 -1.84513e-05
12256.3 -73.8431 -1.02793e-05
12273.3 0 -1.89309e-06
12289.7 0 6.60936e-06
12305.5 0 1.51109e-05
12320.9 0 2.36076e-05
12335.7 0 3.22191e-05
12349.8 0 4.11685e-05
12363.5 0 5.01058e-05
12376.5 0 5.93008e-05
12388.8 0 6.88127e-05
12400.7 0 7.83074e-05
12412.4 0 8.77823e-05
12423.7 0 9.72353e-05
12434.7 0 0.000106665
12445.5 0 0.000116072
12455.9 0 0.000125455
12466.1 0 0.000134815
12476 0 0.000144154
12485.7 0 0.000153473
12495.1 0 0.000162774
12504.3 0 0.000172059
12513.2 0 0.000181329
12521.8 0 0.000190585
12530.3 0 0.000199829
12538.4 0 0.000209061
12546.4 0 0.000218282
12554.2 0 0.000227492
12561.7 0 0.000236689
12569 0 0.000245874
12576.2 0 0.000255045
12583.1 0 0.000264201
12589.9 0 0.000273341
12596.5 0 0.000282463
12603 0 0.000291565
12609.3 0 0.000300647
12615.5 0 0.000309706
12621.6 0 0.000318742
12627.5 0 0.000327754
12633.3 0 0.000336809
12638.9 0 0.000346007
12644.3 0 0.00035538
12649.5 0 0.00036482
12654.6 0 0.00037431
12659.6 0 0.000384027
12664.4 0 0.00039372
12669.2 0 0.00040339
12673.9 0 0.000413038
12678.6 0 0.000422663
12683.1 0 0.000432267
12687.6 0 0.00044185
12692 0 0.000451413
12696.3 0 0.000460958
12700.6 0 0.000470485
12704.8 0 0.000479996
12708.9 0 0.000489493
12713 0 0.000498975
12717 0 0.000508446
12720.9 0 0.000517905
12724.7 0 0.000527354
12728.5 0 0.000536795
12732.1 0 0.000546352
12735.7 0 0.000556033
12739.2 0 0.00056571
12742.7 0 0.000575381
12746 0 0.000585047
12749.3 0 0.000594712
12752.5 0 0.000604505
12755.5 0 0.000615005
12758.3 0 0.000625607
12761.2 0 0.000636219
12763.9 0 0.00064684
12766.6 0 0.000657472
12769.2 0 0.000668112
12771.7 0 0.000678998
12774.1 0 0.000690202
12776.4 0 0.000701418
12778.6 0 0.000712645
12780.8 0 0.000723881
12783 0 0.000735125
12785.1 0 0.000746374
12787.2 0 0.000757628
12789.2 0 0.000768885
12791.2 0 0.000780142
12793.2 0 0.000791399
12795.1 0 0.000802653
12797 0 0.000813904
12798.8 0 0.000825149
12800.6 0 0.000836388
12802.4 0 0.000847619
12804.2 0 0.000858841
12805.9 0 0.000870053
12807.7 0 0.000881254
12809.4 0 0.000892443
12811 0 0.000903619
12812.7 0 0.000914781
12814.3 0 0.000925929
12815.9 0 0.000937062
12817.5 0 0.000948179
12819.1 0 0.000959281
12820.7 0 0.000970366
12822.2 0 0.000981435
12823.7 0 0.000992487
12825.2 0 0.00100352
12826.7 0 0.00101454
12828.2 0 0.00102554
12829.7 0 0.00103652
12831.1 0 0.00104749
12832.6 0 0.00105843
12834 0 0.00106936
12835.4 0 0.00108028
12836.8 0 0.00109117
12838.2 0 0.00110205
12839.5 0 0.00111291
12840.9 0 0.00112375
12842.2 0 0.00113458
12843.6 0 0.00114539
12844.9 0 0.00115619
12846.2 0 0.00116697
12847.5 0 0.00117773
12848.7 0 0.00118848
12850 0 0.00119922
12851.3 0 0.00120994
12852.5 0 0.00122065
12853.7 0 0.00123134
12855 0 0.00124203
12856.2 0 0.0012527
12857.4 0 0.00126336
12858.5 0 0.001274
12859.7 0 0.00128464
12860.9 0 0.00129526
12862 0 0.00130587
12863.1 0 0.00131648
12864.3 0 0.00132707
12865.4 0 0.00133766
12866.4 0 0.00134824
12867.5 0 0.00135881
12868.6 0 0.00136938
12869.6 0 0.00137995
12870.7 0 0.00139051
12871.7 0 0.00140107
12872.7 0 0.00141163
12873.7 0 0.00142218
12874.7 0 0.00143274
12875.7 0 0.00144329
12876.6 0 0.00145385
12877.5 0 0.00146441
12878.5 0 0.00147497
12879.4 0 0.00148553
12880.3 0 0.0014961
12881.2 0 0.00150667
12882 0 0.00151724
12882.9 0 0.00152782
12883.7 0 0.00153841
12884.6 0 0.001549
12885.4 0 0.0015596
12886.2 0 0.0015702
12886.9 0 0.00158082
12887.7 0 0.00159144
12888.5 0 0.00160207
12889.2 0 0.00161271
12889.9 0 0.00162335
12890.6 0 0.00163401
12891.3 0 0.00164467
12892 0 0.00165534
12892.7 0 0.00166602
12893.3 0 0.00167671
12894 0 0.00168741
12894.6 0 0.00169812
12895.2 0 0.00170883
12895.8 0 0.00171956
12896.4 0 0.00173029
12897 0 0.00174103
12897.6 0 0.00175178
12898.1 0 0.00176253
12898.7 0 0.00177329
12899.2 0 0.00178405
12899.8 0 0.00179483
12900.3 0 0.00180564
12900.7 0 0.00181685
12901.2 0 0.00182807
12901.6 0 0.0018393
12902 0 0.00185054
12902.5 0 0.00186178
12902.9 0 0.00187302
12903.3 0 0.00188428
12903.7 0 0.00189553
12904.1 0 0.00190679
12904.5 0 0.00191805
12904.8 0 0.00192932
12905.2 0 0.00194059
12905.5 0 0.00195186
12905.9 0 0.00196313
12906.2 0 0.0019744
12906.6 0 0.00198567
12906.9 0 0.00199694
12907.2 0 0.00200821
12907.5 0 0.00201948
12907.9 0 0.00203075
12908.2 0 0.00204202
12908.5 0 0.00205328
12908.8 0 0.00206454
12909 0 0.0020758
12909.3 0 0.00208706
12909.6 0 0.00209832
12909.9 0 0.00210957
12910.2 0 0.00212081
12910.4 0 0.00213205
12910.7 0 0.00214329
12910.9 0 0.00215452
12911.2 0 0.00216575
12911.4 0 0.00217698
12911.7 0 0.00218819
12911.9 0 0.00219941
12912.2 0 0.00221062
12912.4 0 0.00222182
12912.6 0 0.00223301
12912.9 0 0.0022442
12913.1 0 0.00225539
12913.3 0 0.00226656
12913.5 0 0.00227773
12913.7 0 0.0022889
12913.9 0 0.00230006
12914.1 0 0.00231121
12914.3 0 0.00232235
12914.5 0 0.00233349
12914.7 0 0.00234462
12914.9 0 0.00235575
12915.1 0 0.00236686
12915.3 0 0.00237797
12915.5 0 0.00238907
12915.7 0 0.00240017
12915.9 0 0.00241126
12916 0 0.00242234
12916.2 0 0.00243341
12916.4 0 0.00244448
12916.6 0 0.00245553
12916.7 0 0.00246659
12916.9 0 0.00247763
12917 0 0.00248866
12917.2 0 0.00249969
12917.4 0 0.00251071
12917.5 0 0.00252173
12917.7 0 0.00253273
12917.8 0 0.00254373
12918 0 0.00255472
12918.1 0 0.0025657
12918.2 0 0.00257667
12918.4 0 0.00258764
12918.5 0 0.0025986
12918.7 0 0.00260955
12918.8 0 0.00262049
12918.9 0 0.00263143
12919.1 0 0.00264235
12919.3 0 0.00265325
12919.6 0 0.00266409
12920.2 0 0.00267486
12921.1 0 0.00268552
12922.2 0 0.0026961
12923.4 0 0.00270662
12924.8 0 0.0027171
12926.3 0 0.00272753
12927.9 0 0.0027379
12929.8 0 0.00274818
12931.8 0 0.00275843
12933.7 0 0.00276866
12935.7 0 0.00277889
12937.6 0 0.00278911
12939.6 0 0.00279928
12941.8 0 0.00280941
12944.1 0 0.00281947
12946.6 0 0.00282945
12949.3 0 0.00283939
12951.9 0 0.00284932
12954.5 0 0.00285923
12957.1 0 0.00286913
12959.7 0 0.00287903
12962.3 0 0.00288891
12964.9 0 0.00289878
12967.5 0 0.00290863
12970.2 0 0.00291844
12973 0 0.0029282
12976 0 0.00293791
12979.1 0 0.00294752
12982.4 0 0.00295709
12985.6 0 0.00296665
12988.8 0 0.00297616
12992 0 0.00298565
12995.2 0 0.00299514
12998.4 0 0.0030046
13001.6 0 0.00301406
13004.8 0 0.0030235
13008 0 0.00303293
13011.2 0 0.00304234
13014.4 0 0.00305175
13017.6 0 0.00306113
13020.9 0 0.00307047
13024.2 0 0.00307976
13027.7 0 0.003089
13031.3 0 0.00309817
13035 0 0.00310724
13038.8 0 0.00311631
13042.5 0 0.00312536
13046.3 0 0.0031344
13050 0 0.00314342
13053.7 0 0.00315243
13057.5 0 0.00316142
13061.2 0 0.0031704
13064.9 0 0.00317936
13068.7 0 0.0031883
13072.4 0 0.00319723
13076.1 0 0.00320614
13079.8 0 0.00321503
13083.5 0 0.00322391
13087.2 0 0.00323277
13090.9 0 0.00324161
13094.6 0 0.00325044
13098.4 0 0.00325924
13102.2 0 0.00326797
13106.1 0 0.00327666
13110 0 0.00328528
13114.2 0 0.00329381
13118.4 0 0.0033023
13122.6 0 0.00331076
13126.8 0 0.00331921
13130.9 0 0.00332764
13135.1 0 0.00333605
13139.3 0 0.00334444
13143.5 0 0.00335281
13147.6 0 0.00336115
13151.8 0 0.00336948
13155.9 0 0.00337779
13160.1 0 0.00338608
13164.3 0 0.00339434
13168.4 0 0.00340259
13172.5 0 0.00341081
13176.7 0 0.00341901
13180.8 0 0.00342719
13185 0 0.00343535
13189.1 0 0.00344349
13193.2 0 0.00345161
13197.4 0 0.0034597
13201.5 0 0.00346777
13205.6 0 0.00347582
13209.7 0 0.00348385
13213.9 0 0.00349183
13218.1 0 0.00349975
13222.4 0 0.00350762
13226.7 0 0.00351542
13231.2 0 0.00352313
13235.7 0 0.00353077
13240.2 0 0.00353839
13244.8 0 0.00354599
13249.3 0 0.00355355
13253.8 0 0.0035611
13258.3 0 0.00356861
13262.8 0 0.0035761
13267.3 0 0.00358357
13271.8 0 0.003591
13276.3 0 0.00359841
13280.8 0 0.0036058
13285.3 0 0.00361315
13289.8 0 0.00362048
13294.3 0 0.00362778
13298.7 0 0.00363506
13303.2 0 0.00364231
13307.7 0 0.00364953
13312.2 0 0.00365672
13316.6 0 0.00366389
13321.1 0 0.00367102
13325.5 0 0.00367813
13330 0 0.00368521
13334.4 0 0.00369227
13338.9 0 0.00369929
13343.3 0 0.00370629
13347.7 0 0.00371326
13352.2 0 0.0037202
13356.6 0 0.00372711
13361 0 0.003734
13365.5 0 0.00374085
13369.9 0 0.00374768
13374.3 0 0.00375447
13378.8 0 0.00376119
13383.3 0 0.00376786
13387.9 0 0.00377446
13392.5 0 0.00378099
13397.2 0 0.00378741
13402 0 0.00379378
13406.7 0 0.00380011
13411.5 0 0.00380641
13416.2 0 0.00381269
13420.9 0 0.00381893
13425.7 0 0.00382513
13430.4 0 0.00383131
13435.1 0 0.00383746
13439.8 0 0.00384357
13444.5 0 0.00384966
13449.3 0 0.00385571
13454 0 0.00386173
13458.7 0 0.00386772
13463.4 0 0.00387368
13468.1 0 0.00387961
13472.8 0 0.0038855
13477.4 0 0.00389137
13482.1 0 0.0038972
13486.8 0 0.003903
13491.5 0 0.00390877
13496.2 0 0.00391451
13500.8 0 0.00392022
13505.5 0 0.0039259
13510.1 0 0.00393154
13514.8 0 0.00393716
13519.5 0 0.00394274
13524.1 0 0.00394829
13528.8 0 0.00395381
13533.4 0 0.0039593
13538 0 0.00396476
13542.7 0 0.00397019
13547.3 0 0.00397559
13551.9 0 0.00398095
13556.6 0 0.00398629
13561.2 0 0.00399159
13565.8 0 0.00399686
13570.4 0 0.0040021
13575 0 0.00400732
13579.6 0 0.0040125
13584.2 0 0.00401764
13588.8 0 0.00402276
13593.4 0 0.00402785
13598 0 0.00403289
13602.7 0 0.00403788
13607.4 0 0.00404281
13612.1 0 0.00404767
13616.8 0 0.00405247
13621.6 0 0.00405718
13410.3 0 0.00392667
13470.1 0 0.0038896
13494.5 0 0.00386728
