0 -58.4752 -2.26119e-06
634.56 0 8.64423e-05
1173.57 0 0.000179711
1709.92 0 0.000272946
2243.81 0 0.000366015
2775.24 0 0.000458873
3304.22 0 0.000551517
3830.74 0 0.000643928
4354.77 0 0.000736099
4876.15 0 0.000828031
5394.56 0 0.000919733
5909.16 0 0.00101123
6418.2 0 0.00110258
6918.36 0 0.00119388
7403.99 0 0.00128536
7866.83 0 0.00137727
8297.18 0 0.00147
8686.59 0 0.00156389
9030.8 0 0.00165914
9330.49 0 0.00175585
9590.04 0 0.00185392
9815.21 0 0.00195322
10011.7 0 0.0020536
10184.8 0 0.00215486
10338.5 0 0.00225691
10475.8 0 0.00236002
10599.4 0 0.00246391
10711.4 0 0.00256855
10812.7 0 0.00267408
10905.5 0 0.00278005
10991.1 0 0.00288643
11070.4 0 0.00299316
11143.9 0 0.00310029
11212.1 0 0.00320793
11276 0 0.00331586
11335.9 0 0.00342403
11392.3 0 0.00353243
11445.5 0 0.00364103
11495.9 0 0.00374982
11543.8 0 0.00385879
11589.3 0 0.0039679
11632.4 0 0.00407728
11673.3 0 0.00418694
11712.4 0 0.00429673
11749.8 0 0.00440664
11785.6 0 0.00451666
11820.1 0 0.00462677
11853.2 0 0.00473697
11885.1 0 0.00484724
11915.6 0 0.0049576
11945 0 0.00506802
11972.9 0 0.00517891
11999.8 0 0.00528988
12025.7 0 0.00540092
12050.7 0 0.00551201
12074.7 0 0.00562323
12097.7 0 0.00573463
12119.8 0 0.00584641
12141.1 0 0.00595822
12161.8 0 0.00607005
12181.9 0 0.00618189
12201.4 0 0.00629374
12220.3 0 0.00640561
12238.6 0 0.00651748
12256.3 0 0.00662935
12273.3 0 0.00674145
12289.7 0 0.00685368
12305.5 0 0.0069659
12320.9 0 0.00707812
12335.7 0 0.00719051
12349.8 0 0.00730341
12363.5 0 0.00741631
12376.5 0 0.00752925
12388.8 0 0.00764237
12400.7 0 0.00775548
12412.4 0 0.00786856
12423.7 0 0.00798162
12434.7 0 0.00809466
12445.5 0 0.00820767
12455.9 0 0.00832066
12466.1 0 0.00843362
12476 0 0.00854656
12485.7 0 0.00865948
12495.1 0 0.00877237
12504.3 0 0.00888525
12513.2 0 0.00899811
12521.8 0 0.00911096
12530.3 0 0.00922379
12538.4 0 0.00933661
12546.4 0 0.00944942
12554.2 0 0.00956221
12561.7 0 0.00967499
12569 0 0.00978775
12576.2 0 0.0099005
12583.1 0 0.0100132
12589.9 0 0.0101259
12596.5 0 0.0102386
12603 0 0.0103513
12609.3 0 0.010464
12615.5 0 0.0105766
12621.6 0 0.0106892
12627.5 0 0.0108018
12633.3 0 0.0109144
12638.9 0 0.0110271
12644.3 0 0.0111397
12649.5 0 0.0112524
12654.6 0 0.0113652
12659.6 0 0.0114784
12664.4 0 0.0115915
12669.2 0 0.0117045
12673.9 0 0.0118176
12678.6 0 0.0119306
12683.1 0 0.0120436
12687.6 0 0.0121566
12692 0 0.0122696
12696.3 0 0.0123825
12700.6 0 0.0124954
12704.8 0 0.0126083
12708.9 0 0.0127212
12713 0 0.012834
12717 0 0.0129469
12720.9 0 0.0130597
12724.7 0 0.0131725
12728.5 0 0.0132853
12732.1 0 0.0133983
12735.7 0 0.0135114
12739.2 0 0.0136246
12742.7 0 0.0137378
12746 0 0.0138509
12749.3 0 0.0139641
12752.5 0 0.0140774
12755.5 0 0.0141917
12758.3 0 0.014306
12761.2 0 0.0144204
12763.9 0 0.0145348
12766.6 0 0.0146493
12769.2 0 0.0147637
12771.7 0 0.0148784
12774.1 0 0.0149933
12776.4 0 0.0151083
12778.6 0 0.0152233
12780.8 0 0.0153383
12783 0 0.0154533
12785.1 0 0.0155683
12787.2 0 0.0156834
12789.2 0 0.0157984
12791.2 0 0.0159134
12793.2 0 0.0160285
12795.1 0 0.0161435
12797 0 0.0162586
12798.8 0 0.0163736
12800.6 0 0.0164887
12802.4 0 0.0166037
12804.2 0 0.0167188
12805.9 0 0.0168338
12807.7 0 0.0169488
12809.4 0 0.0170638
12811 0 0.0171788
12812.7 0 0.0172938
12814.3 0 0.0174087
12815.9 0 0.0175237
12817.5 0 0.0176386
12819.1 0 0.0177536
12820.7 0 0.0178685
12822.2 0 0.0179834
12823.7 0 0.0180982
12825.2 0 0.0182131
12826.7 0 0.0183279
12828.2 0 0.0184428
12829.7 0 0.0185576
12831.1 0 0.0186724
12832.6 0 0.0187871
12834 0 0.0189019
12835.4 0 0.0190166
12836.8 0 0.0191313
12838.2 0 0.019246
12839.5 0 0.0193607
12840.9 0 0.0194754
12842.2 0 0.01959
12843.6 0 0.0197046
12844.9 0 0.0198193
12846.2 0 0.0199339
12847.5 0 0.0200484
12848.7 0 0.020163
12850 0 0.0202775
12851.3 0 0.0203921
12852.5 0 0.0205066
12853.7 0 0.0206211
12855 0 0.0207356
12856.2 0 0.0208501
12857.4 0 0.0209645
12858.5 0 0.021079
12859.7 0 0.0211934
12860.9 0 0.0213079
12862 0 0.0214223
12863.1 0 0.0215367
12864.3 0 0.0216511
12865.4 0 0.0217655
12866.4 0 0.0218799
12867.5 0 0.0219943
12868.6 0 0.0221087
12869.6 0 0.022223
12870.7 0 0.0223374
12871.7 0 0.0224518
12872.7 0 0.0225661
12873.7 0 0.0226805
12874.7 0 0.0227949
12875.7 0 0.0229092
12876.6 0 0.0230236
12877.5 0 0.023138
12878.5 0 0.0232523
12879.4 0 0.0233667
12880.3 0 0.0234811
12881.2 0 0.0235954
12882 0 0.0237098
12882.9 0 0.0238242
12883.7 0 0.0239386
12884.6 0 0.024053
12885.4 0 0.0241674
12886.2 0 0.0242818
12886.9 0 0.0243963
12887.7 0 0.0245107
12888.5 0 0.0246251
12889.2 0 0.0247396
12889.9 0 0.0248541
12890.6 0 0.0249685
12891.3 0 0.025083
12892 0 0.0251975
12892.7 0 0.025312
12893.3 0 0.0254266
12894 0 0.0255411
12894.6 0 0.0256556
12895.2 0 0.0257702
12895.8 0 0.0258847
12896.4 0 0.0259993
12897 0 0.0261139
12897.6 0 0.0262285
12898.1 0 0.0263431
12898.7 0 0.0264577
12899.2 0 0.0265723
12899.8 0 0.0266869
12900.3 0 0.0268016
12900.7 0 0.0269165
12901.2 0 0.0270315
12901.6 0 0.0271465
12902 0 0.0272615
12902.5 0 0.0273765
12902.9 0 0.0274915
12903.3 0 0.0276066
12903.7 0 0.0277216
12904.1 0 0.0278366
12904.5 0 0.0279516
12904.8 0 0.0280667
12905.2 0 0.0281817
12905.5 0 0.0282968
12905.9 0 0.0284118
12906.2 0 0.0285268
12906.6 0 0.0286419
12906.9 0 0.0287569
12907.2 0 0.028872
12907.5 0 0.028987
12907.9 0 0.0291021
12908.2 0 0.0292171
12908.5 0 0.0293322
12908.8 0 0.0294472
12909 0 0.0295622
12909.3 0 0.0296773
12909.6 0 0.0297923
12909.9 0 0.0299074
12910.2 0 0.0300224
12910.4 0 0.0301374
12910.7 0 0.0302524
12910.9 0 0.0303674
12911.2 0 0.0304824
12911.4 0 0.0305974
12911.7 0 0.0307124
12911.9 0 0.0308274
12912.2 0 0.0309424
12912.4 0 0.0310574
12912.6 0 0.0311724
12912.9 0 0.0312874
12913.1 0 0.0314023
12913.3 0 0.0315173
12913.5 0 0.0316322
12913.7 0 0.0317472
12913.9 0 0.0318621
12914.1 0 0.0319771
12914.3 0 0.032092
12914.5 0 0.0322069
12914.7 0 0.0323218
12914.9 0 0.0324367
12915.1 0 0.0325516
12915.3 0 0.0326665
12915.5 0 0.0327814
12915.7 0 0.0328963
12915.9 0 0.0330111
12916 0 0.033126
12916.2 0 0.0332408
12916.4 0 0.0333557
12916.6 0 0.0334705
12916.7 0 0.0335853
12916.9 0 0.0337002
12917 0 0.033815
12917.2 0 0.0339298
12917.4 0 0.0340446
12917.5 0 0.0341594
12917.7 0 0.0342741
12917.8 0 0.0343889
12918 0 0.0345037
12918.1 0 0.0346184
12918.2 0 0.0347332
12918.4 0 0.0348479
12918.5 0 0.0349627
12918.7 0 0.0350774
12918.8 0 0.0351921
12918.9 0 0.0353068
12919.1 0 0.0354215
12919.3 0 0.0355362
12919.6 0 0.0356508
12920.2 0 0.0357653
12921.1 0 0.0358797
12922.2 0 0.035994
12923.4 0 0.0361083
12924.8 0 0.0362226
12926.3 0 0.0363367
12927.9 0 0.0364508
12929.8 0 0.0365649
12931.8 0 0.0366788
12933.7 0 0.0367928
12935.7 0 0.0369068
12937.6 0 0.0370207
12939.6 0 0.0371346
12941.8 0 0.0372485
12944.1 0 0.0373623
12946.6 0 0.037476
12949.3 0 0.0375896
12951.9 0 0.0377033
12954.5 0 0.0378169
12957.1 0 0.0379305
12959.7 0 0.0380441
12962.3 0 0.0381577
12964.9 0 0.0382713
12967.5 0 0.0383848
12970.2 0 0.0384984
12973 0 0.0386118
12976 0 0.0387252
12979.1 0 0.0388385
12982.4 0 0.0389518
12985.6 0 0.0390651
12988.8 0 0.0391783
12992 0 0.0392915
12995.2 0 0.0394047
12998.4 0 0.0395179
13001.6 0 0.0396311
13004.8 0 0.0397443
13008 0 0.0398574
13011.2 0 0.0399706
13014.4 0 0.0400837
13017.6 0 0.0401968
13020.9 0 0.0403099
13024.2 0 0.0404229
13027.7 0 0.0405359
13031.3 0 0.0406487
13035 0 0.0407615
13038.8 0 0.0408743
13042.5 0 0.0409871
13046.3 0 0.0410998
13050 0 0.0412126
13053.7 0 0.0413253
13057.5 0 0.041438
13061.2 0 0.0415507
13064.9 0 0.0416633
13068.7 0 0.041776
13072.4 0 0.0418886
13076.1 0 0.0420012
13079.8 0 0.0421138
13083.5 0 0.0422264
13087.2 0 0.042339
13090.9 0 0.0424515
13094.6 0 0.0425641
13098.4 0 0.0426766
13102.2 0 0.042789
13106.1 0 0.0429014
13110 0 0.0430137
13114.2 0 0.043126
13118.4 0 0.0432381
13122.6 0 0.0433503
13126.8 0 0.0434624
13130.9 0 0.0435745
13135.1 0 0.0436866
13139.3 0 0.0437987
13143.5 0 0.0439108
13147.6 0 0.0440228
13151.8 0 0.0441348
13155.9 0 0.0442468
13160.1 0 0.0443588
13164.3 0 0.0444707
13168.4 0 0.0445826
13172.5 0 0.0446945
13176.7 0 0.0448064
13180.8 0 0.0449183
13185 0 0.0450301
13189.1 0 0.0451419
13193.2 0 0.0452537
13197.4 0 0.0453655
13201.5 0 0.0454772
13205.6 0 0.0455889
13209.7 0 0.0457006
13213.9 0 0.0458123
13218.1 0 0.0459239
13222.4 0 0.0460354
13226.7 0 0.0461469
13231.2 0 0.0462582
13235.7 0 0.0463695
13240.2 0 0.0464808
13244.8 0 0.0465921
13249.3 0 0.0467033
13253.8 0 0.0468145
13258.3 0 0.0469256
13262.8 0 0.0470368
13267.3 0 0.0471479
13271.8 0 0.0472589
13276.3 0 0.04737
13280.8 0 0.047481
13285.3 0 0.047592
13289.8 0 0.047703
13294.3 0 0.0478139
13298.7 0 0.0479248
13303.2 0 0.0480357
13307.7 0 0.0481466
13312.2 0 0.0482574
13316.6 0 0.0483682
13321.1 0 0.0484789
13325.5 0 0.0485897
13330 0 0.0487004
13334.4 0 0.0488111
13338.9 0 0.0489217
13343.3 0 0.0490323
13347.7 0 0.0491429
13352.2 0 0.0492535
13356.6 0 0.049364
13361 0 0.0494745
13365.5 0 0.049585
13369.9 0 0.0496954
13374.3 0 0.0498058
13378.8 0 0.0499161
13383.3 0 0.0500264
13387.9 0 0.0501366
13392.5 0 0.0502468
13397.2 0 0.0503568
13402 0 0.0504668
13406.7 0 0.0505767
13411.5 0 0.0506866
13416.2 0 0.0507965
13420.9 0 0.0509063
13425.7 0 0.0510161
13430.4 0 0.0511259
13435.1 0 0.0512356
13439.8 0 0.0513453
13444.5 0 0.051455
13449.3 0 0.0515646
13454 0 0.0516742
13458.7 0 0.0517838
13463.4 0 0.0518933
13468.1 0 0.0520028
13472.8 0 0.0521123
13477.4 0 0.0522217
13482.1 0 0.0523311
13486.8 0 0.0524405
13491.5 0 0.0525499
13496.2 0 0.0526592
13500.8 0 0.0527685
13505.5 0 0.0528777
13510.1 0 0.0529869
13514.8 0 0.0530961
13519.5 0 0.0532052
13524.1 0 0.0533144
13528.8 0 0.0534235
13533.4 0 0.0535325
13538 0 0.0536415
13542.7 0 0.0537505
13547.3 0 0.0538595
13551.9 0 0.0539684
13556.6 0 0.0540773
13561.2 0 0.0541862
13565.8 0 0.054295
13570.4 0 0.0544038
13575 0 0.0545126
13579.6 0 0.0546213
13584.2 0 0.05473
13588.8 0 0.0548387
13593.4 0 0.0549473
13598 0 0.0550559
13602.7 0 0.0551645
13607.4 0 0.055273
13612.1 0 0.0553814
13616.8 0 0.0554898
13621.6 0 0.0555981
13410.3 0 0.0555707
13470.1 0 0.055637
13494.5 0 0.0557181
