0 -58.4752 -2.26119e-06
634.56 0 1.49728e-05
1173.57 0 3.68705e-05
1709.92 0 5.87194e-05
2243.81 0 8.04093e-05
2775.24 0 0.00010188
3304.22 0 0.000123125
3830.74 0 0.000144137
4354.77 0 0.000164908
4876.15 0 0.000185442
5394.56 0 0.000205747
5909.16 0 0.000225847
6418.2 0 0.000245798
6918.36 0 0.000265711
7403.99 0 0.000285785
7866.83 0 0.000306305
8297.18 0 0.000327636
8686.59 0 0.000350117
9030.8 0 0.000373961
9330.49 0 0.000399296
9590.04 0 0.000426022
9815.21 0 0.000454079
10011.7 0 0.000483347
10184.8 0 0.000513539
10338.5 0 0.000544506
10475.8 0 0.000576135
10599.4 0 0.000608373
10711.4 0 0.000641226
10812.7 0 0.000675215
10905.5 0 0.000709636
10991.1 0 0.000744442
11070.4 0 0.000779591
11143.9 0 0.000815119
11212.1 0 0.00085115
11276 0 0.000887442
11335.9 0 0.000923972
11392.3 0 0.000960718
11445.5 0 0.000997661
11495.9 0 0.00103478
11543.8 0 0.00107207
11589.3 0 0.0011095
11632.4 0 0.00114723
11673.3 0 0.00118529
11712.4 0 0.00122348
11749.8 0 0.00126178
11785.6 0 0.00130018
11820.1 0 0.00133868
11853.2 0 0.00137726
11885.1 0 0.00141591
11915.6 0 0.00145497
11945 0 0.0014943
11972.9 0 0.00153393
11999.8 0 0.00157365
12025.7 0 0.00161342
12050.7 0 0.00165332
12074.7 0 0.00169367
12097.7 0 0.00173408
12119.8 0 0.00177456
12141.1 0 0.00181507
12161.8 0 0.00185561
12181.9 0 0.00189616
12201.4 0 0.00193673
12220.3 0 0.00197732
12238.6 0 0.00201791
12256.3 0 0.0020585
12273.3 0 0.00209928
12289.7 0 0.00214016
12305.5 0 0.00218104
12320.9 0 0.00222192
12335.7 0 0.00226277
12349.8 0 0.00230355
12363.5 0 0.00234431
12376.5 0 0.00238583
12388.8 0 0.00242797
12400.7 0 0.00247011
12412.4 0 0.00251222
12423.7 0 0.00255432
12434.7 0 0.00259639
12445.5 0 0.00263845
12455.9 0 0.00268049
12466.1 0 0.00272251
12476 0 0.00276451
12485.7 0 0.00280649
12495.1 0 0.00284847
12504.3 0 0.00289043
12513.2 0 0.00293238
12521.8 0 0.00297432
12530.3 0 0.00301625
12538.4 0 0.00305818
12546.4 0 0.0031001
12554.2 0 0.00314201
12561.7 0 0.00318391
12569 0 0.00322581
12576.2 0 0.0032677
12583.1 0 0.00330957
12589.9 0 0.00335143
12596.5 0 0.00339327
12603 0 0.0034351
12609.3 0 0.0034769
12615.5 0 0.00351869
12621.6 0 0.00356045
12627.5 0 0.00360219
12633.3 0 0.00364405
12638.9 0 0.00368624
12644.3 0 0.00372892
12649.5 0 0.00377181
12654.6 0 0.00381467
12659.6 0 0.00385749
12664.4 0 0.00390029
12669.2 0 0.00394306
12673.9 0 0.00398583
12678.6 0 0.00402857
12683.1 0 0.00407131
12687.6 0 0.00411403
12692 0 0.00415674
12696.3 0 0.00419943
12700.6 0 0.00424213
12704.8 0 0.00428481
12708.9 0 0.00432749
12713 0 0.00437018
12717 0 0.00441286
12720.9 0 0.00445554
12724.7 0 0.00449822
12728.5 0 0.00454092
12732.1 0 0.00458355
12735.7 0 0.00462614
12739.2 0 0.00466872
12742.7 0 0.00471131
12746 0 0.0047539
12749.3 0 0.00479649
12752.5 0 0.00483911
12755.5 0 0.00488192
12758.3 0 0.00492476
12761.2 0 0.00496761
12763.9 0 0.00501045
12766.6 0 0.0050533
12769.2 0 0.00509614
12771.7 0 0.00513928
12774.1 0 0.00518279
12776.4 0 0.0052263
12778.6 0 0.00526981
12780.8 0 0.00531332
12783 0 0.00535682
12785.1 0 0.00540032
12787.2 0 0.00544382
12789.2 0 0.0054873
12791.2 0 0.00553078
12793.2 0 0.00557425
12795.1 0 0.00561771
12797 0 0.00566115
12798.8 0 0.00570458
12800.6 0 0.005748
12802.4 0 0.00579141
12804.2 0 0.0058348
12805.9 0 0.00587818
12807.7 0 0.00592154
12809.4 0 0.00596488
12811 0 0.00600821
12812.7 0 0.00605152
12814.3 0 0.00609482
12815.9 0 0.0061381
12817.5 0 0.00618136
12819.1 0 0.0062246
12820.7 0 0.00626783
12822.2 0 0.00631103
12823.7 0 0.00635423
12825.2 0 0.0063974
12826.7 0 0.00644056
12828.2 0 0.0064837
12829.7 0 0.00652682
12831.1 0 0.00656992
12832.6 0 0.00661301
12834 0 0.00665609
12835.4 0 0.00669914
12836.8 0 0.00674218
12838.2 0 0.00678521
12839.5 0 0.00682821
12840.9 0 0.00687121
12842.2 0 0.00691419
12843.6 0 0.00695715
12844.9 0 0.0070001
12846.2 0 0.00704304
12847.5 0 0.00708596
12848.7 0 0.00712887
12850 0 0.00717177
12851.3 0 0.00721466
12852.5 0 0.00725754
12853.7 0 0.0073004
12855 0 0.00734326
12856.2 0 0.0073861
12857.4 0 0.00742894
12858.5 0 0.00747176
12859.7 0 0.00751458
12860.9 0 0.00755736
12862 0 0.00760014
12863.1 0 0.00764291
12864.3 0 0.00768567
12865.4 0 0.00772843
12866.4 0 0.00777118
12867.5 0 0.00781393
12868.6 0 0.00785667
12869.6 0 0.00789941
12870.7 0 0.00794215
12871.7 0 0.00798489
12872.7 0 0.00802762
12873.7 0 0.00807036
12874.7 0 0.00811309
12875.7 0 0.00815583
12876.6 0 0.00819856
12877.5 0 0.0082413
12878.5 0 0.00828404
12879.4 0 0.00832678
12880.3 0 0.00836953
12881.2 0 0.00841227
12882 0 0.00845502
12882.9 0 0.00849778
12883.7 0 0.00854054
12884.6 0 0.0085833
12885.4 0 0.00862607
12886.2 0 0.00866884
12886.9 0 0.00871162
12887.7 0 0.0087544
12888.5 0 0.00879719
12889.2 0 0.00883998
12889.9 0 0.00888278
12890.6 0 0.00892558
12891.3 0 0.00896838
12892 0 0.00901119
12892.7 0 0.00905401
12893.3 0 0.00909682
12894 0 0.00913965
12894.6 0 0.00918247
12895.2 0 0.0092253
12895.8 0 0.00926814
12896.4 0 0.00931097
12897 0 0.00935381
12897.6 0 0.00939665
12898.1 0 0.00943949
12898.7 0 0.00948233
12899.2 0 0.00952518
12899.8 0 0.00956803
12900.3 0 0.00961092
12900.7 0 0.00965442
12901.2 0 0.00969793
12901.6 0 0.00974144
12902 0 0.00978496
12902.5 0 0.00982847
12902.9 0 0.00987199
12903.3 0 0.00991552
12903.7 0 0.00995904
12904.1 0 0.0100026
12904.5 0 0.0100461
12904.8 0 0.0100896
12905.2 0 0.0101331
12905.5 0 0.0101767
12905.9 0 0.0102202
12906.2 0 0.0102637
12906.6 0 0.0103073
12906.9 0 0.0103508
12907.2 0 0.0103943
12907.5 0 0.0104378
12907.9 0 0.0104813
12908.2 0 0.0105248
12908.5 0 0.0105684
12908.8 0 0.0106119
12909 0 0.0106554
12909.3 0 0.0106989
12909.6 0 0.0107424
12909.9 0 0.0107858
12910.2 0 0.0108293
12910.4 0 0.0108728
12910.7 0 0.0109163
12910.9 0 0.0109598
12911.2 0 0.0110032
12911.4 0 0.0110467
12911.7 0 0.0110901
12911.9 0 0.0111336
12912.2 0 0.011177
12912.4 0 0.0112205
12912.6 0 0.0112639
12912.9 0 0.0113073
12913.1 0 0.0113508
12913.3 0 0.0113942
12913.5 0 0.0114376
12913.7 0 0.011481
12913.9 0 0.0115244
12914.1 0 0.0115678
12914.3 0 0.0116112
12914.5 0 0.0116545
12914.7 0 0.0116979
12914.9 0 0.0117413
12915.1 0 0.0117846
12915.3 0 0.011828
12915.5 0 0.0118713
12915.7 0 0.0119147
12915.9 0 0.011958
12916 0 0.0120013
12916.2 0 0.0120446
12916.4 0 0.012088
12916.6 0 0.0121313
12916.7 0 0.0121746
12916.9 0 0.0122179
12917 0 0.0122611
12917.2 0 0.0123044
12917.4 0 0.0123477
12917.5 0 0.0123909
12917.7 0 0.0124342
12917.8 0 0.0124775
12918 0 0.0125207
12918.1 0 0.0125639
12918.2 0 0.0126072
12918.4 0 0.0126504
12918.5 0 0.0126936
12918.7 0 0.0127368
12918.8 0 0.01278
12918.9 0 0.0128232
12919.1 0 0.0128664
12919.3 0 0.0129096
12919.6 0 0.0129527
12920.2 0 0.0129957
12921.1 0 0.0130387
12922.2 0 0.0130815
12923.4 0 0.0131244
12924.8 0 0.0131672
12926.3 0 0.0132099
12927.9 0 0.0132526
12929.8 0 0.0132953
12931.8 0 0.0133379
12933.7 0 0.0133804
12935.7 0 0.013423
12937.6 0 0.0134656
12939.6 0 0.0135081
12941.8 0 0.0135506
12944.1 0 0.013593
12946.6 0 0.0136354
12949.3 0 0.0136777
12951.9 0 0.0137201
12954.5 0 0.0137624
12957.1 0 0.0138047
12959.7 0 0.013847
12962.3 0 0.0138892
12964.9 0 0.0139315
12967.5 0 0.0139738
12970.2 0 0.014016
12973 0 0.0140582
12976 0 0.0141003
12979.1 0 0.0141423
12982.4 0 0.0141844
12985.6 0 0.0142264
12988.8 0 0.0142682
12992 0 0.0143101
12995.2 0 0.0143519
12998.4 0 0.0143937
13001.6 0 0.0144356
13004.8 0 0.0144774
13008 0 0.0145192
13011.2 0 0.014561
13014.4 0 0.0146027
13017.6 0 0.0146445
13020.9 0 0.0146862
13024.2 0 0.0147279
13027.7 0 0.0147695
13031.3 0 0.014811
13035 0 0.0148525
13038.8 0 0.0148939
13042.5 0 0.0149354
13046.3 0 0.0149768
13050 0 0.0150183
13053.7 0 0.0150597
13057.5 0 0.0151011
13061.2 0 0.0151424
13064.9 0 0.0151838
13068.7 0 0.0152252
13072.4 0 0.0152665
13076.1 0 0.0153078
13079.8 0 0.0153491
13083.5 0 0.0153904
13087.2 0 0.0154317
13090.9 0 0.015473
13094.6 0 0.0155142
13098.4 0 0.0155554
13102.2 0 0.0155966
13106.1 0 0.0156377
13110 0 0.0156787
13114.2 0 0.0157197
13118.4 0 0.0157606
13122.6 0 0.0158016
13126.8 0 0.0158425
13130.9 0 0.0158833
13135.1 0 0.0159242
13139.3 0 0.0159651
13143.5 0 0.0160059
13147.6 0 0.0160467
13151.8 0 0.0160875
13155.9 0 0.0161283
13160.1 0 0.016169
13164.3 0 0.0162098
13168.4 0 0.0162505
13172.5 0 0.0162912
13176.7 0 0.0163319
13180.8 0 0.0163725
13185 0 0.0164132
13189.1 0 0.0164538
13193.2 0 0.0164944
13197.4 0 0.016535
13201.5 0 0.0165756
13205.6 0 0.0166161
13209.7 0 0.0166567
13213.9 0 0.0166972
13218.1 0 0.0167376
13222.4 0 0.0167779
13226.7 0 0.0168183
13231.2 0 0.0168585
13235.7 0 0.0168987
13240.2 0 0.0169388
13244.8 0 0.016979
13249.3 0 0.0170191
13253.8 0 0.0170592
13258.3 0 0.0170992
13262.8 0 0.0171393
13267.3 0 0.0171793
13271.8 0 0.0172193
13276.3 0 0.0172593
13280.8 0 0.0172992
13285.3 0 0.0173392
13289.8 0 0.0173791
13294.3 0 0.017419
13298.7 0 0.0174588
13303.2 0 0.0174986
13307.7 0 0.0175385
13312.2 0 0.0175782
13316.6 0 0.017618
13321.1 0 0.0176577
13325.5 0 0.0176975
13330 0 0.0177371
13334.4 0 0.0177768
13338.9 0 0.0178164
13343.3 0 0.0178561
13347.7 0 0.0178956
13352.2 0 0.0179352
13356.6 0 0.0179747
13361 0 0.0180142
13365.5 0 0.0180537
13369.9 0 0.0180932
13374.3 0 0.0181326
13378.8 0 0.0181719
13383.3 0 0.0182112
13387.9 0 0.0182505
13392.5 0 0.0182896
13397.2 0 0.0183287
13402 0 0.0183677
13406.7 0 0.0184067
13411.5 0 0.0184457
13416.2 0 0.0184846
13420.9 0 0.0185236
13425.7 0 0.0185625
13430.4 0 0.0186013
13435.1 0 0.0186402
13439.8 0 0.018679
13444.5 0 0.0187178
13449.3 0 0.0187565
13454 0 0.0187952
13458.7 0 0.0188339
13463.4 0 0.0188726
13468.1 0 0.0189113
13472.8 0 0.0189499
13477.4 0 0.0189885
13482.1 0 0.019027
13486.8 0 0.0190655
13491.5 0 0.019104
13496.2 0 0.0191425
13500.8 0 0.0191809
13505.5 0 0.0192193
13510.1 0 0.0192577
13514.8 0 0.0192961
13519.5 0 0.0193344
13524.1 0 0.0193727
13528.8 0 0.019411
13533.4 0 0.0194492
13538 0 0.0194874
13542.7 0 0.0195256
13547.3 0 0.0195637
13551.9 0 0.0196018
13556.6 0 0.0196399
13561.2 0 0.019678
13565.8 0 0.019716
13570.4 0 0.019754
13575 0 0.019792
13579.6 0 0.01983
13584.2 0 0.0198679
13588.8 0 0.0199058
13593.4 0 0.0199436
13598 0 0.0199814
13602.7 0 0.0200191
13607.4 0 0.0200568
13612.1 0 0.0200944
13616.8 0 0.0201319
13621.6 0 0.0201693
13410.3 0 0.0200725
13470.1 0 0.0200686
13494.5 0 0.0200795
