0 -58.4752 -2.26119e-06
634.56 0 2.77055e-05
1173.57 0 6.23168e-05
1709.92 0 9.68824e-05
2243.81 0 0.000131288
2775.24 0 0.000165475
3304.22 0 0.000199439
3830.74 0 0.00023317
4354.77 0 0.000266661
4876.15 0 0.000299914
5394.56 0 0.000332937
5909.16 0 0.000365756
6418.2 0 0.000398425
6918.36 0 0.000431057
7403.99 0 0.00046385
7866.83 0 0.000497088
8297.18 0 0.000531138
8686.59 0 0.00056634
9030.8 0 0.000602903
9330.49 0 0.000640953
9590.04 0 0.000680388
9815.21 0 0.000721135
10011.7 0 0.000763066
10184.8 0 0.000805913
10338.5 0 0.000849538
10475.8 0 0.000893902
10599.4 0 0.000938907
10711.4 0 0.000984556
10812.7 0 0.00103129
10905.5 0 0.00107846
10991.1 0 0.00112602
11070.4 0 0.00117392
11143.9 0 0.00122221
11212.1 0 0.001271
11276 0 0.00132006
11335.9 0 0.00136935
11392.3 0 0.00141887
11445.5 0 0.00146858
11495.9 0 0.00151847
11543.8 0 0.00156853
11589.3 0 0.00161874
11632.4 0 0.00166923
11673.3 0 0.00172005
11712.4 0 0.001771
11749.8 0 0.00182206
11785.6 0 0.00187322
11820.1 0 0.00192448
11853.2 0 0.00197582
11885.1 0 0.00202724
11915.6 0 0.00207899
11945 0 0.00213099
11972.9 0 0.00218331
11999.8 0 0.00223571
12025.7 0 0.00228818
12050.7 0 0.00234076
12074.7 0 0.00239372
12097.7 0 0.00244677
12119.8 0 0.00249996
12141.1 0 0.00255317
12161.8 0 0.0026064
12181.9 0 0.00265966
12201.4 0 0.00271292
12220.3 0 0.0027662
12238.6 0 0.00281949
12256.3 0 0.00287278
12273.3 0 0.00292626
12289.7 0 0.00297985
12305.5 0 0.00303344
12320.9 0 0.00308702
12335.7 0 0.00314062
12349.8 0 0.00319426
12363.5 0 0.00324788
12376.5 0 0.00330212
12388.8 0 0.00335691
12400.7 0 0.00341168
12412.4 0 0.00346643
12423.7 0 0.00352116
12434.7 0 0.00357587
12445.5 0 0.00363056
12455.9 0 0.00368523
12466.1 0 0.00373988
12476 0 0.00379451
12485.7 0 0.00384913
12495.1 0 0.00390373
12504.3 0 0.00395831
12513.2 0 0.00401289
12521.8 0 0.00406745
12530.3 0 0.00412201
12538.4 0 0.00417656
12546.4 0 0.0042311
12554.2 0 0.00428563
12561.7 0 0.00434015
12569 0 0.00439466
12576.2 0 0.00444916
12583.1 0 0.00450365
12589.9 0 0.00455813
12596.5 0 0.00461258
12603 0 0.00466702
12609.3 0 0.00472144
12615.5 0 0.00477584
12621.6 0 0.00483021
12627.5 0 0.00488456
12633.3 0 0.00493901
12638.9 0 0.00499374
12644.3 0 0.00504888
12649.5 0 0.00510418
12654.6 0 0.00515948
12659.6 0 0.0052148
12664.4 0 0.00527011
12669.2 0 0.0053254
12673.9 0 0.00538066
12678.6 0 0.00543591
12683.1 0 0.00549115
12687.6 0 0.00554637
12692 0 0.00560157
12696.3 0 0.00565677
12700.6 0 0.00571195
12704.8 0 0.00576713
12708.9 0 0.00582229
12713 0 0.00587746
12717 0 0.00593262
12720.9 0 0.00598777
12724.7 0 0.00604293
12728.5 0 0.00609809
12732.1 0 0.00615324
12735.7 0 0.00620839
12739.2 0 0.00626354
12742.7 0 0.00631869
12746 0 0.00637383
12749.3 0 0.00642898
12752.5 0 0.00648419
12755.5 0 0.00653972
12758.3 0 0.00659531
12761.2 0 0.00665091
12763.9 0 0.0067065
12766.6 0 0.0067621
12769.2 0 0.0068177
12771.7 0 0.00687358
12774.1 0 0.00692982
12776.4 0 0.00698606
12778.6 0 0.00704231
12780.8 0 0.00709855
12783 0 0.0071548
12785.1 0 0.00721104
12787.2 0 0.00726728
12789.2 0 0.00732352
12791.2 0 0.00737975
12793.2 0 0.00743597
12795.1 0 0.00749218
12797 0 0.00754839
12798.8 0 0.00760458
12800.6 0 0.00766076
12802.4 0 0.00771693
12804.2 0 0.00777309
12805.9 0 0.00782923
12807.7 0 0.00788536
12809.4 0 0.00794148
12811 0 0.00799758
12812.7 0 0.00805366
12814.3 0 0.00810973
12815.9 0 0.00816578
12817.5 0 0.00822181
12819.1 0 0.00827783
12820.7 0 0.00833383
12822.2 0 0.00838981
12823.7 0 0.00844578
12825.2 0 0.00850172
12826.7 0 0.00855765
12828.2 0 0.00861357
12829.7 0 0.00866946
12831.1 0 0.00872534
12832.6 0 0.00878121
12834 0 0.00883705
12835.4 0 0.00889288
12836.8 0 0.00894869
12838.2 0 0.00900449
12839.5 0 0.00906027
12840.9 0 0.00911604
12842.2 0 0.00917179
12843.6 0 0.00922752
12844.9 0 0.00928324
12846.2 0 0.00933895
12847.5 0 0.00939464
12848.7 0 0.00945032
12850 0 0.00950599
12851.3 0 0.00956164
12852.5 0 0.00961728
12853.7 0 0.00967291
12855 0 0.00972853
12856.2 0 0.00978414
12857.4 0 0.00983974
12858.5 0 0.00989533
12859.7 0 0.00995091
12860.9 0 0.0100065
12862 0 0.010062
12863.1 0 0.0101175
12864.3 0 0.0101731
12865.4 0 0.0102286
12866.4 0 0.0102841
12867.5 0 0.0103396
12868.6 0 0.0103951
12869.6 0 0.0104506
12870.7 0 0.0105061
12871.7 0 0.0105616
12872.7 0 0.0106171
12873.7 0 0.0106726
12874.7 0 0.0107281
12875.7 0 0.0107836
12876.6 0 0.0108391
12877.5 0 0.0108946
12878.5 0 0.0109501
12879.4 0 0.0110056
12880.3 0 0.0110611
12881.2 0 0.0111167
12882 0 0.0111722
12882.9 0 0.0112277
12883.7 0 0.0112832
12884.6 0 0.0113387
12885.4 0 0.0113943
12886.2 0 0.0114498
12886.9 0 0.0115054
12887.7 0 0.0115609
12888.5 0 0.0116165
12889.2 0 0.011672
12889.9 0 0.0117276
12890.6 0 0.0117832
12891.3 0 0.0118387
12892 0 0.0118943
12892.7 0 0.0119499
12893.3 0 0.0120055
12894 0 0.0120611
12894.6 0 0.0121167
12895.2 0 0.0121723
12895.8 0 0.012228
12896.4 0 0.0122836
12897 0 0.0123392
12897.6 0 0.0123948
12898.1 0 0.0124504
12898.7 0 0.0125061
12899.2 0 0.0125617
12899.8 0 0.0126174
12900.3 0 0.012673
12900.7 0 0.0127293
12901.2 0 0.0127855
12901.6 0 0.0128418
12902 0 0.012898
12902.5 0 0.0129543
12902.9 0 0.0130105
12903.3 0 0.0130668
12903.7 0 0.013123
12904.1 0 0.0131793
12904.5 0 0.0132356
12904.8 0 0.0132918
12905.2 0 0.0133481
12905.5 0 0.0134044
12905.9 0 0.0134607
12906.2 0 0.0135169
12906.6 0 0.0135732
12906.9 0 0.0136295
12907.2 0 0.0136857
12907.5 0 0.013742
12907.9 0 0.0137982
12908.2 0 0.0138545
12908.5 0 0.0139108
12908.8 0 0.013967
12909 0 0.0140233
12909.3 0 0.0140795
12909.6 0 0.0141357
12909.9 0 0.014192
12910.2 0 0.0142482
12910.4 0 0.0143044
12910.7 0 0.0143607
12910.9 0 0.0144169
12911.2 0 0.0144731
12911.4 0 0.0145293
12911.7 0 0.0145855
12911.9 0 0.0146417
12912.2 0 0.0146979
12912.4 0 0.0147541
12912.6 0 0.0148103
12912.9 0 0.0148664
12913.1 0 0.0149226
12913.3 0 0.0149788
12913.5 0 0.0150349
12913.7 0 0.0150911
12913.9 0 0.0151472
12914.1 0 0.0152034
12914.3 0 0.0152595
12914.5 0 0.0153156
12914.7 0 0.0153717
12914.9 0 0.0154278
12915.1 0 0.0154839
12915.3 0 0.01554
12915.5 0 0.0155961
12915.7 0 0.0156522
12915.9 0 0.0157083
12916 0 0.0157644
12916.2 0 0.0158204
12916.4 0 0.0158765
12916.6 0 0.0159325
12916.7 0 0.0159886
12916.9 0 0.0160446
12917 0 0.0161006
12917.2 0 0.0161567
12917.4 0 0.0162127
12917.5 0 0.0162687
12917.7 0 0.0163247
12917.8 0 0.0163807
12918 0 0.0164367
12918.1 0 0.0164926
12918.2 0 0.0165486
12918.4 0 0.0166046
12918.5 0 0.0166605
12918.7 0 0.0167165
12918.8 0 0.0167724
12918.9 0 0.0168284
12919.1 0 0.0168843
12919.3 0 0.0169402
12919.6 0 0.016996
12920.2 0 0.0170518
12921.1 0 0.0171075
12922.2 0 0.0171631
12923.4 0 0.0172187
12924.8 0 0.0172742
12926.3 0 0.0173297
12927.9 0 0.0173851
12929.8 0 0.0174404
12931.8 0 0.0174957
12933.7 0 0.017551
12935.7 0 0.0176063
12937.6 0 0.0176616
12939.6 0 0.0177169
12941.8 0 0.0177721
12944.1 0 0.0178272
12946.6 0 0.0178823
12949.3 0 0.0179373
12951.9 0 0.0179923
12954.5 0 0.0180474
12957.1 0 0.0181024
12959.7 0 0.0181574
12962.3 0 0.0182123
12964.9 0 0.0182673
12967.5 0 0.0183223
12970.2 0 0.0183772
12973 0 0.0184321
12976 0 0.0184869
12979.1 0 0.0185416
12982.4 0 0.0185963
12985.6 0 0.018651
12988.8 0 0.0187056
12992 0 0.0187602
12995.2 0 0.0188147
12998.4 0 0.0188693
13001.6 0 0.0189238
13004.8 0 0.0189783
13008 0 0.0190328
13011.2 0 0.0190873
13014.4 0 0.0191418
13017.6 0 0.0191963
13020.9 0 0.0192507
13024.2 0 0.0193051
13027.7 0 0.0193594
13031.3 0 0.0194136
13035 0 0.0194678
13038.8 0 0.019522
13042.5 0 0.0195761
13046.3 0 0.0196303
13050 0 0.0196844
13053.7 0 0.0197385
13057.5 0 0.0197926
13061.2 0 0.0198467
13064.9 0 0.0199008
13068.7 0 0.0199548
13072.4 0 0.0200088
13076.1 0 0.0200629
13079.8 0 0.0201169
13083.5 0 0.0201709
13087.2 0 0.0202248
13090.9 0 0.0202788
13094.6 0 0.0203327
13098.4 0 0.0203867
13102.2 0 0.0204405
13106.1 0 0.0204943
13110 0 0.0205481
13114.2 0 0.0206017
13118.4 0 0.0206553
13122.6 0 0.020709
13126.8 0 0.0207625
13130.9 0 0.0208161
13135.1 0 0.0208697
13139.3 0 0.0209232
13143.5 0 0.0209767
13147.6 0 0.0210302
13151.8 0 0.0210837
13155.9 0 0.0211372
13160.1 0 0.0211906
13164.3 0 0.021244
13168.4 0 0.0212974
13172.5 0 0.0213508
13176.7 0 0.0214042
13180.8 0 0.0214575
13185 0 0.0215108
13189.1 0 0.0215641
13193.2 0 0.0216174
13197.4 0 0.0216707
13201.5 0 0.0217239
13205.6 0 0.0217772
13209.7 0 0.0218304
13213.9 0 0.0218835
13218.1 0 0.0219366
13222.4 0 0.0219897
13226.7 0 0.0220427
13231.2 0 0.0220955
13235.7 0 0.0221484
13240.2 0 0.0222012
13244.8 0 0.022254
13249.3 0 0.0223068
13253.8 0 0.0223595
13258.3 0 0.0224123
13262.8 0 0.022465
13267.3 0 0.0225177
13271.8 0 0.0225703
13276.3 0 0.022623
13280.8 0 0.0226756
13285.3 0 0.0227281
13289.8 0 0.0227807
13294.3 0 0.0228332
13298.7 0 0.0228858
13303.2 0 0.0229382
13307.7 0 0.0229907
13312.2 0 0.0230431
13316.6 0 0.0230955
13321.1 0 0.0231479
13325.5 0 0.0232003
13330 0 0.0232526
13334.4 0 0.0233049
13338.9 0 0.0233572
13343.3 0 0.0234095
13347.7 0 0.0234617
13352.2 0 0.0235139
13356.6 0 0.0235661
13361 0 0.0236182
13365.5 0 0.0236703
13369.9 0 0.0237224
13374.3 0 0.0237745
13378.8 0 0.0238265
13383.3 0 0.0238784
13387.9 0 0.0239303
13392.5 0 0.0239821
13397.2 0 0.0240338
13402 0 0.0240854
13406.7 0 0.0241371
13411.5 0 0.0241887
13416.2 0 0.0242402
13420.9 0 0.0242918
13425.7 0 0.0243433
13430.4 0 0.0243948
13435.1 0 0.0244463
13439.8 0 0.0244977
13444.5 0 0.0245491
13449.3 0 0.0246005
13454 0 0.0246518
13458.7 0 0.0247031
13463.4 0 0.0247544
13468.1 0 0.0248057
13472.8 0 0.0248569
13477.4 0 0.0249081
13482.1 0 0.0249593
13486.8 0 0.0250104
13491.5 0 0.0250615
13496.2 0 0.0251126
13500.8 0 0.0251636
13505.5 0 0.0252147
13510.1 0 0.0252657
13514.8 0 0.0253166
13519.5 0 0.0253675
13524.1 0 0.0254185
13528.8 0 0.0254693
13533.4 0 0.0255202
13538 0 0.025571
13542.7 0 0.0256218
13547.3 0 0.0256725
13551.9 0 0.0257232
13556.6 0 0.0257739
13561.2 0 0.0258246
13565.8 0 0.0258752
13570.4 0 0.0259258
13575 0 0.0259764
13579.6 0 0.026027
13584.2 0 0.0260775
13588.8 0 0.026128
13593.4 0 0.0261784
13598 0 0.0262288
13602.7 0 0.0262791
13607.4 0 0.0263294
13612.1 0 0.0263796
13616.8 0 0.0264298
13621.6 0 0.0264798
13410.3 0 0.0263954
13470.1 0 0.0264039
13494.5 0 0.0264273
