0 -58.4752 -2.26119e-06
634.56 0 2.51572e-05
1173.57 0 5.72346e-05
1709.92 0 8.92639e-05
2243.81 0 0.000121134
2775.24 0 0.000152785
3304.22 0 0.000184212
3830.74 0 0.000215404
4354.77 0 0.000246357
4876.15 0 0.000277072
5394.56 0 0.000307557
5909.16 0 0.000337838
6418.2 0 0.00036797
6918.36 0 0.000398064
7403.99 0 0.000428319
7866.83 0 0.00045902
8297.18 0 0.000490532
8686.59 0 0.000523195
9030.8 0 0.000557219
9330.49 0 0.000592735
9590.04 0 0.000629639
9815.21 0 0.00066787
10011.7 0 0.000707306
10184.8 0 0.000747662
10338.5 0 0.000788796
10475.8 0 0.00083061
10599.4 0 0.00087304
10711.4 0 0.000916093
10812.7 0 0.00096027
10905.5 0 0.00100488
10991.1 0 0.00104987
11070.4 0 0.00109521
11143.9 0 0.00114093
11212.1 0 0.00118715
11276 0 0.00123364
11335.9 0 0.00128036
11392.3 0 0.0013273
11445.5 0 0.00137444
11495.9 0 0.00142175
11543.8 0 0.00146923
11589.3 0 0.00151686
11632.4 0 0.00156478
11673.3 0 0.00161303
11712.4 0 0.00166141
11749.8 0 0.0017099
11785.6 0 0.00175849
11820.1 0 0.00180718
11853.2 0 0.00185595
11885.1 0 0.0019048
11915.6 0 0.00195403
11945 0 0.00200354
11972.9 0 0.00205334
11999.8 0 0.00210323
12025.7 0 0.00215317
12050.7 0 0.00220325
12074.7 0 0.00225375
12097.7 0 0.00230432
12119.8 0 0.00235498
12141.1 0 0.00240567
12161.8 0 0.00245638
12181.9 0 0.00250711
12201.4 0 0.00255786
12220.3 0 0.00260861
12238.6 0 0.00265938
12256.3 0 0.00271015
12273.3 0 0.00276111
12289.7 0 0.00281217
12305.5 0 0.00286323
12320.9 0 0.00291428
12335.7 0 0.00296532
12349.8 0 0.00301632
12363.5 0 0.0030673
12376.5 0 0.00311899
12388.8 0 0.0031713
12400.7 0 0.00322359
12412.4 0 0.00327587
12423.7 0 0.00332812
12434.7 0 0.00338036
12445.5 0 0.00343258
12455.9 0 0.00348478
12466.1 0 0.00353695
12476 0 0.00358911
12485.7 0 0.00364126
12495.1 0 0.00369339
12504.3 0 0.00374551
12513.2 0 0.00379761
12521.8 0 0.00384971
12530.3 0 0.0039018
12538.4 0 0.00395389
12546.4 0 0.00400596
12554.2 0 0.00405803
12561.7 0 0.00411009
12569 0 0.00416215
12576.2 0 0.00421419
12583.1 0 0.00426622
12589.9 0 0.00431823
12596.5 0 0.00437023
12603 0 0.00442221
12609.3 0 0.00447417
12615.5 0 0.00452611
12621.6 0 0.00457803
12627.5 0 0.00462992
12633.3 0 0.00468193
12638.9 0 0.00473425
12644.3 0 0.00478705
12649.5 0 0.00484005
12654.6 0 0.00489302
12659.6 0 0.00494597
12664.4 0 0.00499889
12669.2 0 0.0050518
12673.9 0 0.00510469
12678.6 0 0.00515757
12683.1 0 0.00521043
12687.6 0 0.00526327
12692 0 0.00531611
12696.3 0 0.00536893
12700.6 0 0.00542175
12704.8 0 0.00547456
12708.9 0 0.00552737
12713 0 0.00558017
12717 0 0.00563297
12720.9 0 0.00568578
12724.7 0 0.00573858
12728.5 0 0.00579139
12732.1 0 0.00584416
12735.7 0 0.00589689
12739.2 0 0.00594962
12742.7 0 0.00600234
12746 0 0.00605507
12749.3 0 0.00610781
12752.5 0 0.00616058
12755.5 0 0.00621357
12758.3 0 0.0062666
12761.2 0 0.00631963
12763.9 0 0.00637267
12766.6 0 0.0064257
12769.2 0 0.00647874
12771.7 0 0.00653206
12774.1 0 0.00658575
12776.4 0 0.00663945
12778.6 0 0.00669314
12780.8 0 0.00674684
12783 0 0.00680053
12785.1 0 0.00685421
12787.2 0 0.0069079
12789.2 0 0.00696157
12791.2 0 0.00701524
12793.2 0 0.0070689
12795.1 0 0.00712254
12797 0 0.00717618
12798.8 0 0.0072298
12800.6 0 0.00728342
12802.4 0 0.00733701
12804.2 0 0.0073906
12805.9 0 0.00744417
12807.7 0 0.00749772
12809.4 0 0.00755126
12811 0 0.00760478
12812.7 0 0.00765829
12814.3 0 0.00771178
12815.9 0 0.00776525
12817.5 0 0.0078187
12819.1 0 0.00787214
12820.7 0 0.00792556
12822.2 0 0.00797896
12823.7 0 0.00803235
12825.2 0 0.00808572
12826.7 0 0.00813907
12828.2 0 0.0081924
12829.7 0 0.00824572
12831.1 0 0.00829902
12832.6 0 0.0083523
12834 0 0.00840557
12835.4 0 0.00845882
12836.8 0 0.00851206
12838.2 0 0.00856527
12839.5 0 0.00861848
12840.9 0 0.00867167
12842.2 0 0.00872484
12843.6 0 0.008778
12844.9 0 0.00883114
12846.2 0 0.00888427
12847.5 0 0.00893739
12848.7 0 0.00899049
12850 0 0.00904358
12851.3 0 0.00909666
12852.5 0 0.00914973
12853.7 0 0.00920279
12855 0 0.00925584
12856.2 0 0.00930887
12857.4 0 0.0093619
12858.5 0 0.00941492
12859.7 0 0.00946793
12860.9 0 0.0095209
12862 0 0.00957387
12863.1 0 0.00962683
12864.3 0 0.00967979
12865.4 0 0.00973274
12866.4 0 0.00978568
12867.5 0 0.00983862
12868.6 0 0.00989156
12869.6 0 0.00994449
12870.7 0 0.00999742
12871.7 0 0.0100504
12872.7 0 0.0101033
12873.7 0 0.0101562
12874.7 0 0.0102091
12875.7 0 0.0102621
12876.6 0 0.010315
12877.5 0 0.0103679
12878.5 0 0.0104208
12879.4 0 0.0104738
12880.3 0 0.0105267
12881.2 0 0.0105797
12882 0 0.0106326
12882.9 0 0.0106855
12883.7 0 0.0107385
12884.6 0 0.0107915
12885.4 0 0.0108444
12886.2 0 0.0108974
12886.9 0 0.0109504
12887.7 0 0.0110033
12888.5 0 0.0110563
12889.2 0 0.0111093
12889.9 0 0.0111623
12890.6 0 0.0112153
12891.3 0 0.0112683
12892 0 0.0113213
12892.7 0 0.0113743
12893.3 0 0.0114273
12894 0 0.0114803
12894.6 0 0.0115333
12895.2 0 0.0115864
12895.8 0 0.0116394
12896.4 0 0.0116924
12897 0 0.0117455
12897.6 0 0.0117985
12898.1 0 0.0118515
12898.7 0 0.0119046
12899.2 0 0.0119576
12899.8 0 0.0120107
12900.3 0 0.0120638
12900.7 0 0.0121175
12901.2 0 0.0121711
12901.6 0 0.0122248
12902 0 0.0122785
12902.5 0 0.0123322
12902.9 0 0.012386
12903.3 0 0.0124397
12903.7 0 0.0124934
12904.1 0 0.0125471
12904.5 0 0.0126008
12904.8 0 0.0126545
12905.2 0 0.0127082
12905.5 0 0.0127619
12905.9 0 0.0128157
12906.2 0 0.0128694
12906.6 0 0.0129231
12906.9 0 0.0129768
12907.2 0 0.0130305
12907.5 0 0.0130842
12907.9 0 0.0131379
12908.2 0 0.0131916
12908.5 0 0.0132453
12908.8 0 0.013299
12909 0 0.0133527
12909.3 0 0.0134064
12909.6 0 0.01346
12909.9 0 0.0135137
12910.2 0 0.0135674
12910.4 0 0.0136211
12910.7 0 0.0136747
12910.9 0 0.0137284
12911.2 0 0.013782
12911.4 0 0.0138357
12911.7 0 0.0138893
12911.9 0 0.013943
12912.2 0 0.0139966
12912.4 0 0.0140502
12912.6 0 0.0141039
12912.9 0 0.0141575
12913.1 0 0.0142111
12913.3 0 0.0142647
12913.5 0 0.0143183
12913.7 0 0.0143719
12913.9 0 0.0144255
12914.1 0 0.014479
12914.3 0 0.0145326
12914.5 0 0.0145862
12914.7 0 0.0146397
12914.9 0 0.0146933
12915.1 0 0.0147468
12915.3 0 0.0148004
12915.5 0 0.0148539
12915.7 0 0.0149074
12915.9 0 0.014961
12916 0 0.0150145
12916.2 0 0.015068
12916.4 0 0.0151215
12916.6 0 0.015175
12916.7 0 0.0152285
12916.9 0 0.0152819
12917 0 0.0153354
12917.2 0 0.0153889
12917.4 0 0.0154423
12917.5 0 0.0154958
12917.7 0 0.0155492
12917.8 0 0.0156027
12918 0 0.0156561
12918.1 0 0.0157095
12918.2 0 0.0157629
12918.4 0 0.0158163
12918.5 0 0.0158697
12918.7 0 0.0159231
12918.8 0 0.0159765
12918.9 0 0.0160299
12919.1 0 0.0160833
12919.3 0 0.0161366
12919.6 0 0.0161899
12920.2 0 0.0162432
12921.1 0 0.0162963
12922.2 0 0.0163494
12923.4 0 0.0164024
12924.8 0 0.0164554
12926.3 0 0.0165083
12927.9 0 0.0165612
12929.8 0 0.016614
12931.8 0 0.0166667
12933.7 0 0.0167195
12935.7 0 0.0167723
12937.6 0 0.016825
12939.6 0 0.0168777
12941.8 0 0.0169304
12944.1 0 0.016983
12946.6 0 0.0170356
12949.3 0 0.0170881
12951.9 0 0.0171406
12954.5 0 0.017193
12957.1 0 0.0172455
12959.7 0 0.017298
12962.3 0 0.0173505
12964.9 0 0.0174029
12967.5 0 0.0174553
12970.2 0 0.0175077
12973 0 0.0175601
12976 0 0.0176124
12979.1 0 0.0176646
12982.4 0 0.0177168
12985.6 0 0.017769
12988.8 0 0.017821
12992 0 0.0178731
12995.2 0 0.0179251
12998.4 0 0.0179771
13001.6 0 0.0180291
13004.8 0 0.0180811
13008 0 0.018133
13011.2 0 0.018185
13014.4 0 0.018237
13017.6 0 0.0182889
13020.9 0 0.0183408
13024.2 0 0.0183926
13027.7 0 0.0184444
13031.3 0 0.0184961
13035 0 0.0185478
13038.8 0 0.0185994
13042.5 0 0.0186511
13046.3 0 0.0187027
13050 0 0.0187543
13053.7 0 0.0188059
13057.5 0 0.0188574
13061.2 0 0.018909
13064.9 0 0.0189605
13068.7 0 0.019012
13072.4 0 0.0190636
13076.1 0 0.0191151
13079.8 0 0.0191665
13083.5 0 0.019218
13087.2 0 0.0192695
13090.9 0 0.0193209
13094.6 0 0.0193723
13098.4 0 0.0194237
13102.2 0 0.0194751
13106.1 0 0.0195263
13110 0 0.0195776
13114.2 0 0.0196287
13118.4 0 0.0196798
13122.6 0 0.0197309
13126.8 0 0.019782
13130.9 0 0.019833
13135.1 0 0.0198841
13139.3 0 0.0199351
13143.5 0 0.0199861
13147.6 0 0.0200371
13151.8 0 0.0200881
13155.9 0 0.020139
13160.1 0 0.0201899
13164.3 0 0.0202408
13168.4 0 0.0202917
13172.5 0 0.0203426
13176.7 0 0.0203935
13180.8 0 0.0204443
13185 0 0.0204951
13189.1 0 0.0205459
13193.2 0 0.0205967
13197.4 0 0.0206475
13201.5 0 0.0206982
13205.6 0 0.0207489
13209.7 0 0.0207996
13213.9 0 0.0208503
13218.1 0 0.0209009
13222.4 0 0.0209514
13226.7 0 0.0210019
13231.2 0 0.0210523
13235.7 0 0.0211026
13240.2 0 0.021153
13244.8 0 0.0212033
13249.3 0 0.0212535
13253.8 0 0.0213038
13258.3 0 0.021354
13262.8 0 0.0214043
13267.3 0 0.0214544
13271.8 0 0.0215046
13276.3 0 0.0215548
13280.8 0 0.0216049
13285.3 0 0.021655
13289.8 0 0.021705
13294.3 0 0.0217551
13298.7 0 0.0218051
13303.2 0 0.0218551
13307.7 0 0.0219051
13312.2 0 0.021955
13316.6 0 0.022005
13321.1 0 0.0220549
13325.5 0 0.0221047
13330 0 0.0221546
13334.4 0 0.0222044
13338.9 0 0.0222542
13343.3 0 0.022304
13347.7 0 0.0223537
13352.2 0 0.0224035
13356.6 0 0.0224532
13361 0 0.0225028
13365.5 0 0.0225525
13369.9 0 0.0226021
13374.3 0 0.0226517
13378.8 0 0.0227012
13383.3 0 0.0227506
13387.9 0 0.0228
13392.5 0 0.0228493
13397.2 0 0.0228985
13402 0 0.0229477
13406.7 0 0.0229969
13411.5 0 0.023046
13416.2 0 0.0230951
13420.9 0 0.0231442
13425.7 0 0.0231933
13430.4 0 0.0232423
13435.1 0 0.0232913
13439.8 0 0.0233403
13444.5 0 0.0233892
13449.3 0 0.0234381
13454 0 0.023487
13458.7 0 0.0235359
13463.4 0 0.0235847
13468.1 0 0.0236335
13472.8 0 0.0236822
13477.4 0 0.023731
13482.1 0 0.0237797
13486.8 0 0.0238284
13491.5 0 0.023877
13496.2 0 0.0239256
13500.8 0 0.0239742
13505.5 0 0.0240228
13510.1 0 0.0240713
13514.8 0 0.0241198
13519.5 0 0.0241683
13524.1 0 0.0242168
13528.8 0 0.0242652
13533.4 0 0.0243136
13538 0 0.0243619
13542.7 0 0.0244103
13547.3 0 0.0244586
13551.9 0 0.0245068
13556.6 0 0.0245551
13561.2 0 0.0246033
13565.8 0 0.0246515
13570.4 0 0.0246996
13575 0 0.0247478
13579.6 0 0.0247959
13584.2 0 0.0248439
13588.8 0 0.024892
13593.4 0 0.02494
13598 0 0.0249879
13602.7 0 0.0250358
13607.4 0 0.0250836
13612.1 0 0.0251313
13616.8 0 0.025179
13621.6 0 0.0252266
13410.3 0 0.0251399
13470.1 0 0.0251461
13494.5 0 0.0251672
