0 -58.4752 -2.26119e-06
634.56 0 2.06283e-05
1173.57 0 4.81515e-05
1709.92 0 7.56305e-05
2243.81 0 0.000102948
2775.24 0 0.00013005
3304.22 0 0.000156929
3830.74 0 0.000183574
4354.77 0 0.00020998
4876.15 0 0.000236148
5394.56 0 0.000262086
5909.16 0 0.000287819
6418.2 0 0.000313403
6918.36 0 0.00033895
7403.99 0 0.000364657
7866.83 0 0.000390811
8297.18 0 0.000417775
8686.59 0 0.000445892
9030.8 0 0.000475371
9330.49 0 0.000506333
9590.04 0 0.000538678
9815.21 0 0.000572322
10011.7 0 0.000607136
10184.8 0 0.00064286
10338.5 0 0.000679365
10475.8 0 0.000716653
10599.4 0 0.000754602
10711.4 0 0.000793209
10812.7 0 0.000832874
10905.5 0 0.000872976
10991.1 0 0.000913468
11070.4 0 0.000954307
11143.9 0 0.00099553
11212.1 0 0.00103726
11276 0 0.00107926
11335.9 0 0.0011215
11392.3 0 0.00116395
11445.5 0 0.00120661
11495.9 0 0.00124945
11543.8 0 0.00129245
11589.3 0 0.00133561
11632.4 0 0.00137904
11673.3 0 0.0014228
11712.4 0 0.00146668
11749.8 0 0.00151068
11785.6 0 0.00155479
11820.1 0 0.00159898
11853.2 0 0.00164326
11885.1 0 0.00168762
11915.6 0 0.00173228
11945 0 0.00177715
11972.9 0 0.00182237
11999.8 0 0.00186768
12025.7 0 0.00191304
12050.7 0 0.00195852
12074.7 0 0.00200434
12097.7 0 0.00205026
12119.8 0 0.00209634
12141.1 0 0.00214246
12161.8 0 0.0021886
12181.9 0 0.00223475
12201.4 0 0.00228092
12220.3 0 0.0023271
12238.6 0 0.00237329
12256.3 0 0.00241948
12273.3 0 0.00246587
12289.7 0 0.00251237
12305.5 0 0.00255887
12320.9 0 0.00260536
12335.7 0 0.00265189
12349.8 0 0.00269852
12363.5 0 0.00274514
12376.5 0 0.0027923
12388.8 0 0.00283995
12400.7 0 0.00288759
12412.4 0 0.00293521
12423.7 0 0.0029828
12434.7 0 0.00303038
12445.5 0 0.00307794
12455.9 0 0.00312547
12466.1 0 0.00317298
12476 0 0.00322048
12485.7 0 0.00326796
12495.1 0 0.00331542
12504.3 0 0.00336287
12513.2 0 0.0034103
12521.8 0 0.00345773
12530.3 0 0.00350514
12538.4 0 0.00355255
12546.4 0 0.00359994
12554.2 0 0.00364733
12561.7 0 0.00369471
12569 0 0.00374208
12576.2 0 0.00378944
12583.1 0 0.00383678
12589.9 0 0.00388411
12596.5 0 0.00393142
12603 0 0.00397871
12609.3 0 0.00402598
12615.5 0 0.00407323
12621.6 0 0.00412046
12627.5 0 0.00416766
12633.3 0 0.00421496
12638.9 0 0.00426249
12644.3 0 0.00431039
12649.5 0 0.00435843
12654.6 0 0.00440648
12659.6 0 0.0044546
12664.4 0 0.00450269
12669.2 0 0.00455077
12673.9 0 0.00459883
12678.6 0 0.00464687
12683.1 0 0.0046949
12687.6 0 0.0047429
12692 0 0.00479089
12696.3 0 0.00483887
12700.6 0 0.00488684
12704.8 0 0.0049348
12708.9 0 0.00498274
12713 0 0.00503068
12717 0 0.00507862
12720.9 0 0.00512655
12724.7 0 0.00517448
12728.5 0 0.00522241
12732.1 0 0.00527036
12735.7 0 0.00531833
12739.2 0 0.0053663
12742.7 0 0.00541427
12746 0 0.00546224
12749.3 0 0.00551021
12752.5 0 0.00555825
12755.5 0 0.00560671
12758.3 0 0.00565523
12761.2 0 0.00570375
12763.9 0 0.00575228
12766.6 0 0.00580082
12769.2 0 0.00584936
12771.7 0 0.00589817
12774.1 0 0.00594732
12776.4 0 0.00599649
12778.6 0 0.00604566
12780.8 0 0.00609483
12783 0 0.006144
12785.1 0 0.00619317
12787.2 0 0.00624234
12789.2 0 0.00629151
12791.2 0 0.00634068
12793.2 0 0.00638983
12795.1 0 0.00643898
12797 0 0.00648813
12798.8 0 0.00653726
12800.6 0 0.00658638
12802.4 0 0.00663549
12804.2 0 0.00668459
12805.9 0 0.00673368
12807.7 0 0.00678275
12809.4 0 0.00683181
12811 0 0.00688085
12812.7 0 0.00692988
12814.3 0 0.00697889
12815.9 0 0.00702789
12817.5 0 0.00707687
12819.1 0 0.00712583
12820.7 0 0.00717478
12822.2 0 0.00722371
12823.7 0 0.00727262
12825.2 0 0.00732152
12826.7 0 0.00737039
12828.2 0 0.00741925
12829.7 0 0.0074681
12831.1 0 0.00751692
12832.6 0 0.00756573
12834 0 0.00761452
12835.4 0 0.0076633
12836.8 0 0.00771206
12838.2 0 0.0077608
12839.5 0 0.00780953
12840.9 0 0.00785824
12842.2 0 0.00790693
12843.6 0 0.00795561
12844.9 0 0.00800428
12846.2 0 0.00805293
12847.5 0 0.00810156
12848.7 0 0.00815019
12850 0 0.00819879
12851.3 0 0.00824739
12852.5 0 0.00829598
12853.7 0 0.00834455
12855 0 0.00839311
12856.2 0 0.00844166
12857.4 0 0.0084902
12858.5 0 0.00853873
12859.7 0 0.00858725
12860.9 0 0.00863574
12862 0 0.00868423
12863.1 0 0.00873271
12864.3 0 0.00878118
12865.4 0 0.00882964
12866.4 0 0.0088781
12867.5 0 0.00892656
12868.6 0 0.00897501
12869.6 0 0.00902345
12870.7 0 0.0090719
12871.7 0 0.00912034
12872.7 0 0.00916878
12873.7 0 0.00921722
12874.7 0 0.00926565
12875.7 0 0.00931409
12876.6 0 0.00936253
12877.5 0 0.00941097
12878.5 0 0.00945942
12879.4 0 0.00950786
12880.3 0 0.00955631
12881.2 0 0.00960476
12882 0 0.00965322
12882.9 0 0.00970168
12883.7 0 0.00975014
12884.6 0 0.00979861
12885.4 0 0.00984709
12886.2 0 0.00989557
12886.9 0 0.00994406
12887.7 0 0.00999255
12888.5 0 0.0100411
12889.2 0 0.0100896
12889.9 0 0.0101381
12890.6 0 0.0101866
12891.3 0 0.0102351
12892 0 0.0102836
12892.7 0 0.0103322
12893.3 0 0.0103807
12894 0 0.0104293
12894.6 0 0.0104778
12895.2 0 0.0105264
12895.8 0 0.010575
12896.4 0 0.0106235
12897 0 0.0106721
12897.6 0 0.0107207
12898.1 0 0.0107693
12898.7 0 0.0108179
12899.2 0 0.0108665
12899.8 0 0.0109151
12900.3 0 0.0109637
12900.7 0 0.0110129
12901.2 0 0.011062
12901.6 0 0.0111112
12902 0 0.0111604
12902.5 0 0.0112095
12902.9 0 0.0112587
12903.3 0 0.0113079
12903.7 0 0.0113571
12904.1 0 0.0114063
12904.5 0 0.0114555
12904.8 0 0.0115047
12905.2 0 0.0115539
12905.5 0 0.0116031
12905.9 0 0.0116523
12906.2 0 0.0117015
12906.6 0 0.0117507
12906.9 0 0.0117999
12907.2 0 0.011849
12907.5 0 0.0118982
12907.9 0 0.0119474
12908.2 0 0.0119966
12908.5 0 0.0120458
12908.8 0 0.012095
12909 0 0.0121442
12909.3 0 0.0121933
12909.6 0 0.0122425
12909.9 0 0.0122917
12910.2 0 0.0123408
12910.4 0 0.01239
12910.7 0 0.0124392
12910.9 0 0.0124883
12911.2 0 0.0125374
12911.4 0 0.0125866
12911.7 0 0.0126357
12911.9 0 0.0126848
12912.2 0 0.012734
12912.4 0 0.0127831
12912.6 0 0.0128322
12912.9 0 0.0128813
12913.1 0 0.0129304
12913.3 0 0.0129795
12913.5 0 0.0130286
12913.7 0 0.0130777
12913.9 0 0.0131267
12914.1 0 0.0131758
12914.3 0 0.0132249
12914.5 0 0.0132739
12914.7 0 0.013323
12914.9 0 0.013372
12915.1 0 0.0134211
12915.3 0 0.0134701
12915.5 0 0.0135191
12915.7 0 0.0135681
12915.9 0 0.0136171
12916 0 0.0136661
12916.2 0 0.0137151
12916.4 0 0.0137641
12916.6 0 0.0138131
12916.7 0 0.0138621
12916.9 0 0.013911
12917 0 0.01396
12917.2 0 0.0140089
12917.4 0 0.0140579
12917.5 0 0.0141068
12917.7 0 0.0141557
12917.8 0 0.0142047
12918 0 0.0142536
12918.1 0 0.0143025
12918.2 0 0.0143514
12918.4 0 0.0144003
12918.5 0 0.0144492
12918.7 0 0.014498
12918.8 0 0.0145469
12918.9 0 0.0145958
12919.1 0 0.0146446
12919.3 0 0.0146935
12919.6 0 0.0147422
12920.2 0 0.0147909
12921.1 0 0.0148395
12922.2 0 0.0148881
12923.4 0 0.0149366
12924.8 0 0.014985
12926.3 0 0.0150334
12927.9 0 0.0150817
12929.8 0 0.01513
12931.8 0 0.0151782
12933.7 0 0.0152264
12935.7 0 0.0152746
12937.6 0 0.0153228
12939.6 0 0.015371
12941.8 0 0.0154191
12944.1 0 0.0154672
12946.6 0 0.0155151
12949.3 0 0.0155631
12951.9 0 0.015611
12954.5 0 0.0156589
12957.1 0 0.0157068
12959.7 0 0.0157547
12962.3 0 0.0158026
12964.9 0 0.0158505
12967.5 0 0.0158984
12970.2 0 0.0159462
12973 0 0.015994
12976 0 0.0160417
12979.1 0 0.0160893
12982.4 0 0.0161369
12985.6 0 0.0161845
12988.8 0 0.016232
12992 0 0.0162795
12995.2 0 0.016327
12998.4 0 0.0163744
13001.6 0 0.0164219
13004.8 0 0.0164693
13008 0 0.0165167
13011.2 0 0.0165641
13014.4 0 0.0166115
13017.6 0 0.0166589
13020.9 0 0.0167062
13024.2 0 0.0167535
13027.7 0 0.0168007
13031.3 0 0.0168479
13035 0 0.016895
13038.8 0 0.016942
13042.5 0 0.0169891
13046.3 0 0.0170361
13050 0 0.0170832
13053.7 0 0.0171302
13057.5 0 0.0171772
13061.2 0 0.0172242
13064.9 0 0.0172711
13068.7 0 0.0173181
13072.4 0 0.017365
13076.1 0 0.017412
13079.8 0 0.0174589
13083.5 0 0.0175058
13087.2 0 0.0175526
13090.9 0 0.0175995
13094.6 0 0.0176464
13098.4 0 0.0176932
13102.2 0 0.0177399
13106.1 0 0.0177866
13110 0 0.0178333
13114.2 0 0.0178798
13118.4 0 0.0179264
13122.6 0 0.0179729
13126.8 0 0.0180193
13130.9 0 0.0180658
13135.1 0 0.0181123
13139.3 0 0.0181587
13143.5 0 0.0182051
13147.6 0 0.0182515
13151.8 0 0.0182979
13155.9 0 0.0183442
13160.1 0 0.0183906
13164.3 0 0.0184369
13168.4 0 0.0184832
13172.5 0 0.0185294
13176.7 0 0.0185757
13180.8 0 0.0186219
13185 0 0.0186682
13189.1 0 0.0187143
13193.2 0 0.0187605
13197.4 0 0.0188067
13201.5 0 0.0188528
13205.6 0 0.0188989
13209.7 0 0.018945
13213.9 0 0.0189911
13218.1 0 0.0190371
13222.4 0 0.019083
13226.7 0 0.0191289
13231.2 0 0.0191746
13235.7 0 0.0192204
13240.2 0 0.0192661
13244.8 0 0.0193118
13249.3 0 0.0193574
13253.8 0 0.019403
13258.3 0 0.0194487
13262.8 0 0.0194942
13267.3 0 0.0195398
13271.8 0 0.0195853
13276.3 0 0.0196309
13280.8 0 0.0196763
13285.3 0 0.0197218
13289.8 0 0.0197672
13294.3 0 0.0198127
13298.7 0 0.019858
13303.2 0 0.0199034
13307.7 0 0.0199487
13312.2 0 0.019994
13316.6 0 0.0200393
13321.1 0 0.0200846
13325.5 0 0.0201298
13330 0 0.020175
13334.4 0 0.0202202
13338.9 0 0.0202654
13343.3 0 0.0203105
13347.7 0 0.0203556
13352.2 0 0.0204007
13356.6 0 0.0204457
13361 0 0.0204907
13365.5 0 0.0205357
13369.9 0 0.0205807
13374.3 0 0.0206256
13378.8 0 0.0206705
13383.3 0 0.0207153
13387.9 0 0.02076
13392.5 0 0.0208047
13397.2 0 0.0208492
13402 0 0.0208937
13406.7 0 0.0209382
13411.5 0 0.0209827
13416.2 0 0.0210271
13420.9 0 0.0210715
13425.7 0 0.0211159
13430.4 0 0.0211603
13435.1 0 0.0212046
13439.8 0 0.0212489
13444.5 0 0.0212931
13449.3 0 0.0213374
13454 0 0.0213816
13458.7 0 0.0214257
13463.4 0 0.0214699
13468.1 0 0.021514
13472.8 0 0.0215581
13477.4 0 0.0216021
13482.1 0 0.0216462
13486.8 0 0.0216902
13491.5 0 0.0217341
13496.2 0 0.021778
13500.8 0 0.0218219
13505.5 0 0.0218658
13510.1 0 0.0219097
13514.8 0 0.0219535
13519.5 0 0.0219973
13524.1 0 0.022041
13528.8 0 0.0220847
13533.4 0 0.0221284
13538 0 0.0221721
13542.7 0 0.0222157
13547.3 0 0.0222593
13551.9 0 0.0223029
13556.6 0 0.0223464
13561.2 0 0.02239
13565.8 0 0.0224334
13570.4 0 0.0224769
13575 0 0.0225203
13579.6 0 0.0225637
13584.2 0 0.0226071
13588.8 0 0.0226504
13593.4 0 0.0226937
13598 0 0.022737
13602.7 0 0.0227801
13607.4 0 0.0228233
13612.1 0 0.0228663
13616.8 0 0.0229093
13621.6 0 0.0229522
13410.3 0 0.0228604
13470.1 0 0.0228618
13494.5 0 0.022878
