0 -58.4752 -2.26119e-06
634.56 0 3.11284e-05
1173.57 0 6.90919e-05
1709.92 0 0.00010702
2243.81 0 0.000144784
2775.24 0 0.000182336
3304.22 0 0.000219671
3830.74 0 0.000256775
4354.77 0 0.000293638
4876.15 0 0.000330263
5394.56 0 0.000366657
5909.16 0 0.000402846
6418.2 0 0.000438886
6918.36 0 0.000474887
7403.99 0 0.000511052
7866.83 0 0.000547661
8297.18 0 0.000585082
8686.59 0 0.000623659
9030.8 0 0.000663599
9330.49 0 0.000705004
9590.04 0 0.000747776
9815.21 0 0.000791785
10011.7 0 0.000836879
10184.8 0 0.000882858
10338.5 0 0.000929628
10475.8 0 0.000977424
10599.4 0 0.00102598
10711.4 0 0.00107529
10812.7 0 0.00112549
10905.5 0 0.00117615
10991.1 0 0.0012272
11070.4 0 0.00127861
11143.9 0 0.00133041
11212.1 0 0.00138273
11276 0 0.00143532
11335.9 0 0.00148817
11392.3 0 0.00154124
11445.5 0 0.00159451
11495.9 0 0.00164797
11543.8 0 0.0017016
11589.3 0 0.00175538
11632.4 0 0.00180943
11673.3 0 0.00186377
11712.4 0 0.00191823
11749.8 0 0.00197281
11785.6 0 0.0020275
11820.1 0 0.00208229
11853.2 0 0.00213716
11885.1 0 0.00219211
11915.6 0 0.00224716
11945 0 0.0023023
11972.9 0 0.0023579
11999.8 0 0.00241358
12025.7 0 0.00246932
12050.7 0 0.00252512
12074.7 0 0.00258108
12097.7 0 0.00263721
12119.8 0 0.00269369
12141.1 0 0.0027502
12161.8 0 0.00280673
12181.9 0 0.00286328
12201.4 0 0.00291983
12220.3 0 0.0029764
12238.6 0 0.00303297
12256.3 0 0.00308955
12273.3 0 0.00314635
12289.7 0 0.00320327
12305.5 0 0.00326019
12320.9 0 0.00331711
12335.7 0 0.00337418
12349.8 0 0.00343171
12363.5 0 0.00348923
12376.5 0 0.00354686
12388.8 0 0.00360472
12400.7 0 0.00366255
12412.4 0 0.00372037
12423.7 0 0.00377816
12434.7 0 0.00383593
12445.5 0 0.00389367
12455.9 0 0.00395139
12466.1 0 0.00400909
12476 0 0.00406676
12485.7 0 0.00412441
12495.1 0 0.00418204
12504.3 0 0.00423966
12513.2 0 0.00429725
12521.8 0 0.00435484
12530.3 0 0.0044124
12538.4 0 0.00446996
12546.4 0 0.0045275
12554.2 0 0.00458503
12561.7 0 0.00464255
12569 0 0.00470005
12576.2 0 0.00475754
12583.1 0 0.00481502
12589.9 0 0.00487247
12596.5 0 0.00492991
12603 0 0.00498733
12609.3 0 0.00504472
12615.5 0 0.0051021
12621.6 0 0.00515945
12627.5 0 0.00521677
12633.3 0 0.00527412
12638.9 0 0.00533155
12644.3 0 0.00538906
12649.5 0 0.0054466
12654.6 0 0.00550421
12659.6 0 0.00556213
12664.4 0 0.00562002
12669.2 0 0.00567789
12673.9 0 0.00573573
12678.6 0 0.00579355
12683.1 0 0.00585135
12687.6 0 0.00590912
12692 0 0.00596688
12696.3 0 0.00602461
12700.6 0 0.00608232
12704.8 0 0.00614001
12708.9 0 0.00619768
12713 0 0.00625533
12717 0 0.00631297
12720.9 0 0.0063706
12724.7 0 0.00642821
12728.5 0 0.0064858
12732.1 0 0.00654357
12735.7 0 0.00660151
12739.2 0 0.00665945
12742.7 0 0.00671737
12746 0 0.0067753
12749.3 0 0.00683321
12752.5 0 0.00689129
12755.5 0 0.00695023
12758.3 0 0.00700929
12761.2 0 0.00706837
12763.9 0 0.00712745
12766.6 0 0.00718655
12769.2 0 0.00724566
12771.7 0 0.00730501
12774.1 0 0.00736465
12776.4 0 0.00742431
12778.6 0 0.00748398
12780.8 0 0.00754367
12783 0 0.00760337
12785.1 0 0.00766308
12787.2 0 0.00772279
12789.2 0 0.00778251
12791.2 0 0.00784223
12793.2 0 0.00790196
12795.1 0 0.00796169
12797 0 0.00802141
12798.8 0 0.00808113
12800.6 0 0.00814085
12802.4 0 0.00820056
12804.2 0 0.00826026
12805.9 0 0.00831996
12807.7 0 0.00837964
12809.4 0 0.00843932
12811 0 0.00849898
12812.7 0 0.00855863
12814.3 0 0.00861827
12815.9 0 0.00867789
12817.5 0 0.00873749
12819.1 0 0.00879709
12820.7 0 0.00885666
12822.2 0 0.00891622
12823.7 0 0.00897576
12825.2 0 0.00903529
12826.7 0 0.0090948
12828.2 0 0.00915429
12829.7 0 0.00921376
12831.1 0 0.00927321
12832.6 0 0.00933265
12834 0 0.00939207
12835.4 0 0.00945147
12836.8 0 0.00951086
12838.2 0 0.00957022
12839.5 0 0.00962957
12840.9 0 0.0096889
12842.2 0 0.00974822
12843.6 0 0.00980752
12844.9 0 0.0098668
12846.2 0 0.00992606
12847.5 0 0.00998531
12848.7 0 0.0100445
12850 0 0.0101038
12851.3 0 0.010163
12852.5 0 0.0102222
12853.7 0 0.0102813
12855 0 0.0103405
12856.2 0 0.0103997
12857.4 0 0.0104588
12858.5 0 0.0105179
12859.7 0 0.010577
12860.9 0 0.0106361
12862 0 0.0106952
12863.1 0 0.0107543
12864.3 0 0.0108134
12865.4 0 0.0108725
12866.4 0 0.0109315
12867.5 0 0.0109906
12868.6 0 0.0110496
12869.6 0 0.0111087
12870.7 0 0.0111677
12871.7 0 0.0112268
12872.7 0 0.0112858
12873.7 0 0.0113448
12874.7 0 0.0114039
12875.7 0 0.0114629
12876.6 0 0.0115219
12877.5 0 0.011581
12878.5 0 0.01164
12879.4 0 0.011699
12880.3 0 0.0117581
12881.2 0 0.0118171
12882 0 0.0118762
12882.9 0 0.0119352
12883.7 0 0.0119943
12884.6 0 0.0120534
12885.4 0 0.0121125
12886.2 0 0.0121716
12886.9 0 0.0122307
12887.7 0 0.0122898
12888.5 0 0.0123489
12889.2 0 0.012408
12889.9 0 0.0124671
12890.6 0 0.0125263
12891.3 0 0.0125854
12892 0 0.0126446
12892.7 0 0.0127038
12893.3 0 0.0127629
12894 0 0.0128221
12894.6 0 0.0128813
12895.2 0 0.0129406
12895.8 0 0.0129998
12896.4 0 0.013059
12897 0 0.0131183
12897.6 0 0.0131775
12898.1 0 0.0132368
12898.7 0 0.013296
12899.2 0 0.0133553
12899.8 0 0.0134146
12900.3 0 0.0134739
12900.7 0 0.0135336
12901.2 0 0.0135932
12901.6 0 0.0136529
12902 0 0.0137126
12902.5 0 0.0137723
12902.9 0 0.013832
12903.3 0 0.0138917
12903.7 0 0.0139514
12904.1 0 0.0140111
12904.5 0 0.0140708
12904.8 0 0.0141305
12905.2 0 0.0141903
12905.5 0 0.01425
12905.9 0 0.0143097
12906.2 0 0.0143694
12906.6 0 0.0144292
12906.9 0 0.0144889
12907.2 0 0.0145486
12907.5 0 0.0146084
12907.9 0 0.0146681
12908.2 0 0.0147278
12908.5 0 0.0147875
12908.8 0 0.0148473
12909 0 0.014907
12909.3 0 0.0149667
12909.6 0 0.0150264
12909.9 0 0.0150861
12910.2 0 0.0151458
12910.4 0 0.0152055
12910.7 0 0.0152652
12910.9 0 0.0153249
12911.2 0 0.0153846
12911.4 0 0.0154443
12911.7 0 0.015504
12911.9 0 0.0155636
12912.2 0 0.0156233
12912.4 0 0.015683
12912.6 0 0.0157426
12912.9 0 0.0158023
12913.1 0 0.0158619
12913.3 0 0.0159216
12913.5 0 0.0159812
12913.7 0 0.0160408
12913.9 0 0.0161004
12914.1 0 0.01616
12914.3 0 0.0162197
12914.5 0 0.0162793
12914.7 0 0.0163388
12914.9 0 0.0163984
12915.1 0 0.016458
12915.3 0 0.0165176
12915.5 0 0.0165771
12915.7 0 0.0166367
12915.9 0 0.0166962
12916 0 0.0167558
12916.2 0 0.0168153
12916.4 0 0.0168748
12916.6 0 0.0169343
12916.7 0 0.0169939
12916.9 0 0.0170534
12917 0 0.0171129
12917.2 0 0.0171723
12917.4 0 0.0172318
12917.5 0 0.0172913
12917.7 0 0.0173507
12917.8 0 0.0174102
12918 0 0.0174696
12918.1 0 0.0175291
12918.2 0 0.0175885
12918.4 0 0.0176479
12918.5 0 0.0177073
12918.7 0 0.0177668
12918.8 0 0.0178262
12918.9 0 0.0178855
12919.1 0 0.0179449
12919.3 0 0.0180043
12919.6 0 0.0180636
12920.2 0 0.0181228
12921.1 0 0.0181819
12922.2 0 0.0182409
12923.4 0 0.0182999
12924.8 0 0.0183588
12926.3 0 0.0184176
12927.9 0 0.0184765
12929.8 0 0.0185352
12931.8 0 0.0185938
12933.7 0 0.0186525
12935.7 0 0.0187112
12937.6 0 0.0187698
12939.6 0 0.0188284
12941.8 0 0.0188869
12944.1 0 0.0189454
12946.6 0 0.0190038
12949.3 0 0.0190622
12951.9 0 0.0191205
12954.5 0 0.0191788
12957.1 0 0.0192372
12959.7 0 0.0192955
12962.3 0 0.0193538
12964.9 0 0.019412
12967.5 0 0.0194703
12970.2 0 0.0195285
12973 0 0.0195867
12976 0 0.0196448
12979.1 0 0.0197028
12982.4 0 0.0197608
12985.6 0 0.0198188
12988.8 0 0.0198767
12992 0 0.0199346
12995.2 0 0.0199925
12998.4 0 0.0200504
13001.6 0 0.0201083
13004.8 0 0.0201661
13008 0 0.020224
13011.2 0 0.0202818
13014.4 0 0.0203397
13017.6 0 0.0203975
13020.9 0 0.0204552
13024.2 0 0.0205129
13027.7 0 0.0205706
13031.3 0 0.0206282
13035 0 0.0206857
13038.8 0 0.0207431
13042.5 0 0.0208006
13046.3 0 0.0208581
13050 0 0.0209155
13053.7 0 0.0209729
13057.5 0 0.0210303
13061.2 0 0.0210877
13064.9 0 0.0211451
13068.7 0 0.0212024
13072.4 0 0.0212598
13076.1 0 0.0213171
13079.8 0 0.0213744
13083.5 0 0.0214317
13087.2 0 0.0214889
13090.9 0 0.0215462
13094.6 0 0.0216034
13098.4 0 0.0216606
13102.2 0 0.0217178
13106.1 0 0.0217749
13110 0 0.0218319
13114.2 0 0.0218888
13118.4 0 0.0219457
13122.6 0 0.0220026
13126.8 0 0.0220594
13130.9 0 0.0221162
13135.1 0 0.022173
13139.3 0 0.0222298
13143.5 0 0.0222866
13147.6 0 0.0223433
13151.8 0 0.0224
13155.9 0 0.0224567
13160.1 0 0.0225134
13164.3 0 0.0225701
13168.4 0 0.0226267
13172.5 0 0.0226833
13176.7 0 0.0227399
13180.8 0 0.0227965
13185 0 0.022853
13189.1 0 0.0229095
13193.2 0 0.022966
13197.4 0 0.0230225
13201.5 0 0.023079
13205.6 0 0.0231354
13209.7 0 0.0231918
13213.9 0 0.0232482
13218.1 0 0.0233045
13222.4 0 0.0233607
13226.7 0 0.0234169
13231.2 0 0.023473
13235.7 0 0.023529
13240.2 0 0.023585
13244.8 0 0.023641
13249.3 0 0.0236969
13253.8 0 0.0237528
13258.3 0 0.0238087
13262.8 0 0.0238645
13267.3 0 0.0239204
13271.8 0 0.0239762
13276.3 0 0.0240319
13280.8 0 0.0240877
13285.3 0 0.0241434
13289.8 0 0.0241991
13294.3 0 0.0242548
13298.7 0 0.0243104
13303.2 0 0.024366
13307.7 0 0.0244216
13312.2 0 0.0244771
13316.6 0 0.0245326
13321.1 0 0.0245881
13325.5 0 0.0246436
13330 0 0.024699
13334.4 0 0.0247544
13338.9 0 0.0248098
13343.3 0 0.0248651
13347.7 0 0.0249204
13352.2 0 0.0249757
13356.6 0 0.025031
13361 0 0.0250862
13365.5 0 0.0251414
13369.9 0 0.0251966
13374.3 0 0.0252517
13378.8 0 0.0253068
13383.3 0 0.0253618
13387.9 0 0.0254167
13392.5 0 0.0254716
13397.2 0 0.0255264
13402 0 0.0255811
13406.7 0 0.0256358
13411.5 0 0.0256904
13416.2 0 0.025745
13420.9 0 0.0257995
13425.7 0 0.0258541
13430.4 0 0.0259086
13435.1 0 0.0259631
13439.8 0 0.0260175
13444.5 0 0.0260719
13449.3 0 0.0261263
13454 0 0.0261806
13458.7 0 0.0262349
13463.4 0 0.0262892
13468.1 0 0.0263434
13472.8 0 0.0263977
13477.4 0 0.0264518
13482.1 0 0.026506
13486.8 0 0.0265601
13491.5 0 0.0266142
13496.2 0 0.0266682
13500.8 0 0.0267223
13505.5 0 0.0267763
13510.1 0 0.0268302
13514.8 0 0.0268841
13519.5 0 0.026938
13524.1 0 0.0269919
13528.8 0 0.0270457
13533.4 0 0.0270995
13538 0 0.0271533
13542.7 0 0.027207
13547.3 0 0.0272607
13551.9 0 0.0273144
13556.6 0 0.027368
13561.2 0 0.0274216
13565.8 0 0.0274752
13570.4 0 0.0275288
13575 0 0.0275823
13579.6 0 0.0276358
13584.2 0 0.0276892
13588.8 0 0.0277426
13593.4 0 0.027796
13598 0 0.0278494
13602.7 0 0.0279027
13607.4 0 0.0279559
13612.1 0 0.0280091
13616.8 0 0.0280622
13621.6 0 0.0281152
13410.3 0 0.0280327
13470.1 0 0.0280438
13494.5 0 0.0280697
