0 -58.4752 -2.26119e-06
634.56 0 2.40476e-05
1173.57 0 5.49193e-05
1709.92 0 8.57577e-05
2243.81 0 0.00011643
2775.24 0 0.000146892
3304.22 0 0.000177139
3830.74 0 0.000207154
4354.77 0 0.000236929
4876.15 0 0.000266464
5394.56 0 0.00029577
5909.16 0 0.00032487
6418.2 0 0.00035382
6918.36 0 0.000382733
7403.99 0 0.000411809
7866.83 0 0.000441329
8297.18 0 0.000471661
8686.59 0 0.00050315
9030.8 0 0.000536002
9330.49 0 0.000570316
9590.04 0 0.000605993
9815.21 0 0.000642896
10011.7 0 0.000680869
10184.8 0 0.000719723
10338.5 0 0.000759368
10475.8 0 0.000800085
10599.4 0 0.000841583
10711.4 0 0.000883843
10812.7 0 0.000926977
10905.5 0 0.000970558
10991.1 0 0.00101454
11070.4 0 0.00105888
11143.9 0 0.00110361
11212.1 0 0.00114887
11276 0 0.0011944
11335.9 0 0.00124019
11392.3 0 0.0012862
11445.5 0 0.00133241
11495.9 0 0.00137881
11543.8 0 0.00142538
11589.3 0 0.00147211
11632.4 0 0.00151909
11673.3 0 0.00156636
11712.4 0 0.00161376
11749.8 0 0.00166128
11785.6 0 0.00170891
11820.1 0 0.00175662
11853.2 0 0.00180443
11885.1 0 0.00185232
11915.6 0 0.00190027
11945 0 0.00194829
11972.9 0 0.00199678
11999.8 0 0.00204536
12025.7 0 0.00209399
12050.7 0 0.00214269
12074.7 0 0.00219149
12097.7 0 0.00224049
12119.8 0 0.00228987
12141.1 0 0.00233928
12161.8 0 0.00238871
12181.9 0 0.00243815
12201.4 0 0.00248761
12220.3 0 0.00253707
12238.6 0 0.00258655
12256.3 0 0.00263602
12273.3 0 0.00268572
12289.7 0 0.00273555
12305.5 0 0.00278537
12320.9 0 0.00283519
12335.7 0 0.00288519
12349.8 0 0.00293572
12363.5 0 0.00298623
12376.5 0 0.00303678
12388.8 0 0.0030875
12400.7 0 0.0031382
12412.4 0 0.00318888
12423.7 0 0.00323953
12434.7 0 0.00329016
12445.5 0 0.00334076
12455.9 0 0.00339134
12466.1 0 0.0034419
12476 0 0.00349243
12485.7 0 0.00354294
12495.1 0 0.00359343
12504.3 0 0.00364391
12513.2 0 0.00369436
12521.8 0 0.0037448
12530.3 0 0.00379522
12538.4 0 0.00384563
12546.4 0 0.00389603
12554.2 0 0.00394641
12561.7 0 0.00399678
12569 0 0.00404714
12576.2 0 0.00409748
12583.1 0 0.0041478
12589.9 0 0.00419811
12596.5 0 0.0042484
12603 0 0.00429867
12609.3 0 0.00434891
12615.5 0 0.00439914
12621.6 0 0.00444934
12627.5 0 0.00449951
12633.3 0 0.00454969
12638.9 0 0.00459993
12644.3 0 0.0046502
12649.5 0 0.00470047
12654.6 0 0.00475083
12659.6 0 0.00480154
12664.4 0 0.00485222
12669.2 0 0.00490288
12673.9 0 0.00495351
12678.6 0 0.00500412
12683.1 0 0.0050547
12687.6 0 0.00510526
12692 0 0.00515579
12696.3 0 0.0052063
12700.6 0 0.00525679
12704.8 0 0.00530726
12708.9 0 0.00535771
12713 0 0.00540814
12717 0 0.00545855
12720.9 0 0.00550894
12724.7 0 0.00555932
12728.5 0 0.00560969
12732.1 0 0.00566024
12735.7 0 0.00571101
12739.2 0 0.00576176
12742.7 0 0.00581251
12746 0 0.00586325
12749.3 0 0.00591399
12752.5 0 0.0059649
12755.5 0 0.00601675
12758.3 0 0.00606874
12761.2 0 0.00612075
12763.9 0 0.00617276
12766.6 0 0.00622479
12769.2 0 0.00627684
12771.7 0 0.0063291
12774.1 0 0.00638166
12776.4 0 0.00643424
12778.6 0 0.00648684
12780.8 0 0.00653945
12783 0 0.00659207
12785.1 0 0.0066447
12787.2 0 0.00669734
12789.2 0 0.00674999
12791.2 0 0.00680264
12793.2 0 0.0068553
12795.1 0 0.00690796
12797 0 0.00696062
12798.8 0 0.00701328
12800.6 0 0.00706593
12802.4 0 0.00711858
12804.2 0 0.00717122
12805.9 0 0.00722385
12807.7 0 0.00727648
12809.4 0 0.00732909
12811 0 0.0073817
12812.7 0 0.00743429
12814.3 0 0.00748687
12815.9 0 0.00753943
12817.5 0 0.00759198
12819.1 0 0.00764452
12820.7 0 0.00769703
12822.2 0 0.00774954
12823.7 0 0.00780202
12825.2 0 0.00785449
12826.7 0 0.00790694
12828.2 0 0.00795937
12829.7 0 0.00801179
12831.1 0 0.00806419
12832.6 0 0.00811657
12834 0 0.00816893
12835.4 0 0.00822127
12836.8 0 0.0082736
12838.2 0 0.00832591
12839.5 0 0.0083782
12840.9 0 0.00843047
12842.2 0 0.00848273
12843.6 0 0.00853497
12844.9 0 0.00858719
12846.2 0 0.0086394
12847.5 0 0.00869158
12848.7 0 0.00874376
12850 0 0.00879592
12851.3 0 0.00884806
12852.5 0 0.00890019
12853.7 0 0.0089523
12855 0 0.00900441
12856.2 0 0.00905649
12857.4 0 0.00910857
12858.5 0 0.00916063
12859.7 0 0.00921269
12860.9 0 0.00926473
12862 0 0.00931676
12863.1 0 0.00936879
12864.3 0 0.0094208
12865.4 0 0.00947281
12866.4 0 0.00952481
12867.5 0 0.0095768
12868.6 0 0.00962879
12869.6 0 0.00968077
12870.7 0 0.00973275
12871.7 0 0.00978473
12872.7 0 0.0098367
12873.7 0 0.00988867
12874.7 0 0.00994064
12875.7 0 0.00999261
12876.6 0 0.0100446
12877.5 0 0.0100966
12878.5 0 0.0101485
12879.4 0 0.0102005
12880.3 0 0.0102525
12881.2 0 0.0103045
12882 0 0.0103565
12882.9 0 0.0104085
12883.7 0 0.0104605
12884.6 0 0.0105125
12885.4 0 0.0105645
12886.2 0 0.0106165
12886.9 0 0.0106686
12887.7 0 0.0107206
12888.5 0 0.0107727
12889.2 0 0.0108247
12889.9 0 0.0108768
12890.6 0 0.0109289
12891.3 0 0.010981
12892 0 0.0110331
12892.7 0 0.0110852
12893.3 0 0.0111373
12894 0 0.0111895
12894.6 0 0.0112416
12895.2 0 0.0112938
12895.8 0 0.011346
12896.4 0 0.0113981
12897 0 0.0114503
12897.6 0 0.0115025
12898.1 0 0.0115547
12898.7 0 0.011607
12899.2 0 0.0116592
12899.8 0 0.0117114
12900.3 0 0.0117637
12900.7 0 0.0118163
12901.2 0 0.0118689
12901.6 0 0.0119215
12902 0 0.0119741
12902.5 0 0.0120267
12902.9 0 0.0120793
12903.3 0 0.0121319
12903.7 0 0.0121845
12904.1 0 0.0122372
12904.5 0 0.0122898
12904.8 0 0.0123425
12905.2 0 0.0123951
12905.5 0 0.0124478
12905.9 0 0.0125004
12906.2 0 0.0125531
12906.6 0 0.0126057
12906.9 0 0.0126584
12907.2 0 0.012711
12907.5 0 0.0127637
12907.9 0 0.0128163
12908.2 0 0.012869
12908.5 0 0.0129216
12908.8 0 0.0129743
12909 0 0.0130269
12909.3 0 0.0130796
12909.6 0 0.0131322
12909.9 0 0.0131848
12910.2 0 0.0132375
12910.4 0 0.0132901
12910.7 0 0.0133427
12910.9 0 0.0133954
12911.2 0 0.013448
12911.4 0 0.0135006
12911.7 0 0.0135532
12911.9 0 0.0136058
12912.2 0 0.0136584
12912.4 0 0.013711
12912.6 0 0.0137636
12912.9 0 0.0138161
12913.1 0 0.0138687
12913.3 0 0.0139213
12913.5 0 0.0139738
12913.7 0 0.0140264
12913.9 0 0.0140789
12914.1 0 0.0141315
12914.3 0 0.014184
12914.5 0 0.0142365
12914.7 0 0.0142891
12914.9 0 0.0143416
12915.1 0 0.0143941
12915.3 0 0.0144466
12915.5 0 0.014499
12915.7 0 0.0145515
12915.9 0 0.014604
12916 0 0.0146565
12916.2 0 0.0147089
12916.4 0 0.0147614
12916.6 0 0.0148138
12916.7 0 0.0148663
12916.9 0 0.0149187
12917 0 0.0149711
12917.2 0 0.0150235
12917.4 0 0.0150759
12917.5 0 0.0151283
12917.7 0 0.0151807
12917.8 0 0.0152331
12918 0 0.0152854
12918.1 0 0.0153378
12918.2 0 0.0153902
12918.4 0 0.0154425
12918.5 0 0.0154948
12918.7 0 0.0155472
12918.8 0 0.0155995
12918.9 0 0.0156518
12919.1 0 0.0157041
12919.3 0 0.0157564
12919.6 0 0.0158086
12920.2 0 0.0158607
12921.1 0 0.0159128
12922.2 0 0.0159647
12923.4 0 0.0160166
12924.8 0 0.0160684
12926.3 0 0.0161202
12927.9 0 0.0161719
12929.8 0 0.0162235
12931.8 0 0.0162751
12933.7 0 0.0163267
12935.7 0 0.0163782
12937.6 0 0.0164298
12939.6 0 0.0164813
12941.8 0 0.0165328
12944.1 0 0.0165842
12946.6 0 0.0166355
12949.3 0 0.0166867
12951.9 0 0.016738
12954.5 0 0.0167892
12957.1 0 0.0168404
12959.7 0 0.0168916
12962.3 0 0.0169428
12964.9 0 0.016994
12967.5 0 0.0170452
12970.2 0 0.0170963
12973 0 0.0171473
12976 0 0.0171983
12979.1 0 0.0172493
12982.4 0 0.0173001
12985.6 0 0.017351
12988.8 0 0.0174018
12992 0 0.0174526
12995.2 0 0.0175035
12998.4 0 0.0175543
13001.6 0 0.017605
13004.8 0 0.0176558
13008 0 0.0177066
13011.2 0 0.0177573
13014.4 0 0.017808
13017.6 0 0.0178588
13020.9 0 0.0179094
13024.2 0 0.01796
13027.7 0 0.0180106
13031.3 0 0.0180611
13035 0 0.0181115
13038.8 0 0.0181619
13042.5 0 0.0182122
13046.3 0 0.0182626
13050 0 0.0183129
13053.7 0 0.0183633
13057.5 0 0.0184136
13061.2 0 0.0184638
13064.9 0 0.0185141
13068.7 0 0.0185644
13072.4 0 0.0186146
13076.1 0 0.0186648
13079.8 0 0.018715
13083.5 0 0.0187652
13087.2 0 0.0188154
13090.9 0 0.0188655
13094.6 0 0.0189157
13098.4 0 0.0189658
13102.2 0 0.0190158
13106.1 0 0.0190658
13110 0 0.0191157
13114.2 0 0.0191655
13118.4 0 0.0192153
13122.6 0 0.0192651
13126.8 0 0.0193148
13130.9 0 0.0193645
13135.1 0 0.0194142
13139.3 0 0.0194639
13143.5 0 0.0195135
13147.6 0 0.0195632
13151.8 0 0.0196128
13155.9 0 0.0196624
13160.1 0 0.0197119
13164.3 0 0.0197615
13168.4 0 0.019811
13172.5 0 0.0198605
13176.7 0 0.01991
13180.8 0 0.0199594
13185 0 0.0200089
13189.1 0 0.0200583
13193.2 0 0.0201077
13197.4 0 0.020157
13201.5 0 0.0202064
13205.6 0 0.0202557
13209.7 0 0.020305
13213.9 0 0.0203542
13218.1 0 0.0204034
13222.4 0 0.0204526
13226.7 0 0.0205016
13231.2 0 0.0205506
13235.7 0 0.0205995
13240.2 0 0.0206484
13244.8 0 0.0206972
13249.3 0 0.020746
13253.8 0 0.0207948
13258.3 0 0.0208436
13262.8 0 0.0208923
13267.3 0 0.020941
13271.8 0 0.0209897
13276.3 0 0.0210383
13280.8 0 0.0210869
13285.3 0 0.0211355
13289.8 0 0.0211841
13294.3 0 0.0212326
13298.7 0 0.0212811
13303.2 0 0.0213296
13307.7 0 0.0213781
13312.2 0 0.0214265
13316.6 0 0.0214749
13321.1 0 0.0215232
13325.5 0 0.0215715
13330 0 0.0216199
13334.4 0 0.0216681
13338.9 0 0.0217164
13343.3 0 0.0217646
13347.7 0 0.0218128
13352.2 0 0.0218609
13356.6 0 0.021909
13361 0 0.0219571
13365.5 0 0.0220052
13369.9 0 0.0220532
13374.3 0 0.0221012
13378.8 0 0.0221492
13383.3 0 0.022197
13387.9 0 0.0222448
13392.5 0 0.0222926
13397.2 0 0.0223402
13402 0 0.0223878
13406.7 0 0.0224353
13411.5 0 0.0224828
13416.2 0 0.0225302
13420.9 0 0.0225777
13425.7 0 0.0226251
13430.4 0 0.0226724
13435.1 0 0.0227197
13439.8 0 0.022767
13444.5 0 0.0228143
13449.3 0 0.0228615
13454 0 0.0229087
13458.7 0 0.0229559
13463.4 0 0.023003
13468.1 0 0.0230501
13472.8 0 0.0230972
13477.4 0 0.0231442
13482.1 0 0.0231912
13486.8 0 0.0232382
13491.5 0 0.0232851
13496.2 0 0.023332
13500.8 0 0.0233789
13505.5 0 0.0234257
13510.1 0 0.0234725
13514.8 0 0.0235193
13519.5 0 0.023566
13524.1 0 0.0236127
13528.8 0 0.0236594
13533.4 0 0.0237061
13538 0 0.0237527
13542.7 0 0.0237992
13547.3 0 0.0238458
13551.9 0 0.0238923
13556.6 0 0.0239388
13561.2 0 0.0239853
13565.8 0 0.0240317
13570.4 0 0.0240781
13575 0 0.0241244
13579.6 0 0.0241707
13584.2 0 0.024217
13588.8 0 0.0242633
13593.4 0 0.0243095
13598 0 0.0243557
13602.7 0 0.0244019
13607.4 0 0.024448
13612.1 0 0.024494
13616.8 0 0.02454
13621.6 0 0.0245859
13410.3 0 0.024496
13470.1 0 0.0244999
13494.5 0 0.0245185
