0 -58.4752 -2.26119e-06
634.56 0 2.85007e-05
1173.57 0 6.38514e-05
1709.92 0 9.91649e-05
2243.81 0 0.000134314
2775.24 0 0.000169251
3304.22 0 0.00020397
3830.74 0 0.000238456
4354.77 0 0.000272702
4876.15 0 0.00030671
5394.56 0 0.000340488
5909.16 0 0.00037406
6418.2 0 0.000407483
6918.36 0 0.000440868
7403.99 0 0.000474416
7866.83 0 0.000508408
8297.18 0 0.000543212
8686.59 0 0.000579172
9030.8 0 0.000616494
9330.49 0 0.000655286
9590.04 0 0.000695448
9815.21 0 0.000736863
10011.7 0 0.000779384
10184.8 0 0.000822798
10338.5 0 0.000866999
10475.8 0 0.000912165
10599.4 0 0.000958069
10711.4 0 0.0010047
10812.7 0 0.00105226
10905.5 0 0.00110028
10991.1 0 0.00114869
11070.4 0 0.00119745
11143.9 0 0.0012466
11212.1 0 0.00129627
11276 0 0.00134622
11335.9 0 0.00139641
11392.3 0 0.00144682
11445.5 0 0.00149744
11495.9 0 0.00154824
11543.8 0 0.00159921
11589.3 0 0.00165033
11632.4 0 0.00170172
11673.3 0 0.00175341
11712.4 0 0.00180523
11749.8 0 0.00185716
11785.6 0 0.0019092
11820.1 0 0.00196134
11853.2 0 0.00201356
11885.1 0 0.00206586
11915.6 0 0.00211831
11945 0 0.00217088
11972.9 0 0.00222388
11999.8 0 0.00227696
12025.7 0 0.00233011
12050.7 0 0.00238333
12074.7 0 0.00243675
12097.7 0 0.00249032
12119.8 0 0.0025442
12141.1 0 0.00259811
12161.8 0 0.00265204
12181.9 0 0.00270598
12201.4 0 0.00275994
12220.3 0 0.00281391
12238.6 0 0.00286788
12256.3 0 0.00292186
12273.3 0 0.00297606
12289.7 0 0.00303037
12305.5 0 0.00308468
12320.9 0 0.00313899
12335.7 0 0.00319342
12349.8 0 0.00324823
12363.5 0 0.00330302
12376.5 0 0.00335803
12388.8 0 0.00341333
12400.7 0 0.00346861
12412.4 0 0.00352388
12423.7 0 0.00357912
12434.7 0 0.00363434
12445.5 0 0.00368953
12455.9 0 0.0037447
12466.1 0 0.00379985
12476 0 0.00385497
12485.7 0 0.00391008
12495.1 0 0.00396516
12504.3 0 0.00402023
12513.2 0 0.00407529
12521.8 0 0.00413033
12530.3 0 0.00418536
12538.4 0 0.00424037
12546.4 0 0.00429538
12554.2 0 0.00435037
12561.7 0 0.00440535
12569 0 0.00446032
12576.2 0 0.00451527
12583.1 0 0.00457021
12589.9 0 0.00462513
12596.5 0 0.00468003
12603 0 0.00473492
12609.3 0 0.00478978
12615.5 0 0.00484462
12621.6 0 0.00489944
12627.5 0 0.00495423
12633.3 0 0.00500906
12638.9 0 0.00506402
12644.3 0 0.00511912
12649.5 0 0.00517428
12654.6 0 0.0052295
12659.6 0 0.00528497
12664.4 0 0.00534041
12669.2 0 0.00539583
12673.9 0 0.00545123
12678.6 0 0.0055066
12683.1 0 0.00556195
12687.6 0 0.00561728
12692 0 0.00567259
12696.3 0 0.00572788
12700.6 0 0.00578315
12704.8 0 0.00583841
12708.9 0 0.00589364
12713 0 0.00594887
12717 0 0.00600408
12720.9 0 0.00605928
12724.7 0 0.00611447
12728.5 0 0.00616964
12732.1 0 0.00622495
12735.7 0 0.0062804
12739.2 0 0.00633584
12742.7 0 0.00639128
12746 0 0.00644671
12749.3 0 0.00650214
12752.5 0 0.0065577
12755.5 0 0.00661402
12758.3 0 0.00667044
12761.2 0 0.00672688
12763.9 0 0.00678332
12766.6 0 0.00683978
12769.2 0 0.00689624
12771.7 0 0.00695295
12774.1 0 0.00700997
12776.4 0 0.007067
12778.6 0 0.00712405
12780.8 0 0.0071811
12783 0 0.00723817
12785.1 0 0.00729524
12787.2 0 0.00735231
12789.2 0 0.00740939
12791.2 0 0.00746647
12793.2 0 0.00752355
12795.1 0 0.00758063
12797 0 0.00763771
12798.8 0 0.00769478
12800.6 0 0.00775185
12802.4 0 0.00780891
12804.2 0 0.00786596
12805.9 0 0.007923
12807.7 0 0.00798002
12809.4 0 0.00803704
12811 0 0.00809405
12812.7 0 0.00815104
12814.3 0 0.00820802
12815.9 0 0.00826498
12817.5 0 0.00832193
12819.1 0 0.00837886
12820.7 0 0.00843577
12822.2 0 0.00849267
12823.7 0 0.00854955
12825.2 0 0.00860642
12826.7 0 0.00866327
12828.2 0 0.0087201
12829.7 0 0.00877691
12831.1 0 0.0088337
12832.6 0 0.00889048
12834 0 0.00894724
12835.4 0 0.00900398
12836.8 0 0.00906071
12838.2 0 0.00911742
12839.5 0 0.00917411
12840.9 0 0.00923078
12842.2 0 0.00928744
12843.6 0 0.00934408
12844.9 0 0.0094007
12846.2 0 0.00945731
12847.5 0 0.0095139
12848.7 0 0.00957048
12850 0 0.00962705
12851.3 0 0.0096836
12852.5 0 0.00974013
12853.7 0 0.00979666
12855 0 0.00985317
12856.2 0 0.00990966
12857.4 0 0.00996615
12858.5 0 0.0100226
12859.7 0 0.0100791
12860.9 0 0.0101355
12862 0 0.010192
12863.1 0 0.0102484
12864.3 0 0.0103048
12865.4 0 0.0103612
12866.4 0 0.0104177
12867.5 0 0.0104741
12868.6 0 0.0105305
12869.6 0 0.0105868
12870.7 0 0.0106432
12871.7 0 0.0106996
12872.7 0 0.010756
12873.7 0 0.0108124
12874.7 0 0.0108688
12875.7 0 0.0109252
12876.6 0 0.0109815
12877.5 0 0.0110379
12878.5 0 0.0110943
12879.4 0 0.0111507
12880.3 0 0.0112071
12881.2 0 0.0112635
12882 0 0.0113199
12882.9 0 0.0113763
12883.7 0 0.0114327
12884.6 0 0.0114891
12885.4 0 0.0115456
12886.2 0 0.011602
12886.9 0 0.0116584
12887.7 0 0.0117149
12888.5 0 0.0117713
12889.2 0 0.0118278
12889.9 0 0.0118843
12890.6 0 0.0119408
12891.3 0 0.0119973
12892 0 0.0120538
12892.7 0 0.0121103
12893.3 0 0.0121668
12894 0 0.0122233
12894.6 0 0.0122799
12895.2 0 0.0123364
12895.8 0 0.012393
12896.4 0 0.0124495
12897 0 0.0125061
12897.6 0 0.0125627
12898.1 0 0.0126193
12898.7 0 0.0126759
12899.2 0 0.0127325
12899.8 0 0.0127891
12900.3 0 0.0128457
12900.7 0 0.0129028
12901.2 0 0.0129598
12901.6 0 0.0130168
12902 0 0.0130739
12902.5 0 0.013131
12902.9 0 0.013188
12903.3 0 0.0132451
12903.7 0 0.0133022
12904.1 0 0.0133592
12904.5 0 0.0134163
12904.8 0 0.0134734
12905.2 0 0.0135305
12905.5 0 0.0135876
12905.9 0 0.0136447
12906.2 0 0.0137018
12906.6 0 0.0137589
12906.9 0 0.013816
12907.2 0 0.013873
12907.5 0 0.0139301
12907.9 0 0.0139872
12908.2 0 0.0140443
12908.5 0 0.0141014
12908.8 0 0.0141585
12909 0 0.0142156
12909.3 0 0.0142726
12909.6 0 0.0143297
12909.9 0 0.0143868
12910.2 0 0.0144439
12910.4 0 0.0145009
12910.7 0 0.014558
12910.9 0 0.014615
12911.2 0 0.0146721
12911.4 0 0.0147291
12911.7 0 0.0147862
12911.9 0 0.0148432
12912.2 0 0.0149002
12912.4 0 0.0149573
12912.6 0 0.0150143
12912.9 0 0.0150713
12913.1 0 0.0151283
12913.3 0 0.0151853
12913.5 0 0.0152423
12913.7 0 0.0152993
12913.9 0 0.0153563
12914.1 0 0.0154132
12914.3 0 0.0154702
12914.5 0 0.0155272
12914.7 0 0.0155841
12914.9 0 0.0156411
12915.1 0 0.015698
12915.3 0 0.0157549
12915.5 0 0.0158118
12915.7 0 0.0158688
12915.9 0 0.0159257
12916 0 0.0159826
12916.2 0 0.0160395
12916.4 0 0.0160964
12916.6 0 0.0161532
12916.7 0 0.0162101
12916.9 0 0.016267
12917 0 0.0163238
12917.2 0 0.0163807
12917.4 0 0.0164375
12917.5 0 0.0164944
12917.7 0 0.0165512
12917.8 0 0.016608
12918 0 0.0166648
12918.1 0 0.0167216
12918.2 0 0.0167784
12918.4 0 0.0168352
12918.5 0 0.016892
12918.7 0 0.0169487
12918.8 0 0.0170055
12918.9 0 0.0170623
12919.1 0 0.017119
12919.3 0 0.0171757
12919.6 0 0.0172324
12920.2 0 0.017289
12921.1 0 0.0173454
12922.2 0 0.0174018
12923.4 0 0.0174582
12924.8 0 0.0175145
12926.3 0 0.0175707
12927.9 0 0.0176269
12929.8 0 0.017683
12931.8 0 0.0177391
12933.7 0 0.0177951
12935.7 0 0.0178511
12937.6 0 0.0179072
12939.6 0 0.0179632
12941.8 0 0.0180191
12944.1 0 0.018075
12946.6 0 0.0181308
12949.3 0 0.0181865
12951.9 0 0.0182422
12954.5 0 0.018298
12957.1 0 0.0183537
12959.7 0 0.0184094
12962.3 0 0.0184651
12964.9 0 0.0185208
12967.5 0 0.0185764
12970.2 0 0.018632
12973 0 0.0186876
12976 0 0.0187431
12979.1 0 0.0187985
12982.4 0 0.0188539
12985.6 0 0.0189093
12988.8 0 0.0189646
12992 0 0.0190199
12995.2 0 0.0190752
12998.4 0 0.0191305
13001.6 0 0.0191857
13004.8 0 0.019241
13008 0 0.0192962
13011.2 0 0.0193515
13014.4 0 0.0194067
13017.6 0 0.0194619
13020.9 0 0.019517
13024.2 0 0.0195721
13027.7 0 0.0196272
13031.3 0 0.0196821
13035 0 0.019737
13038.8 0 0.0197919
13042.5 0 0.0198468
13046.3 0 0.0199016
13050 0 0.0199564
13053.7 0 0.0200113
13057.5 0 0.0200661
13061.2 0 0.0201208
13064.9 0 0.0201756
13068.7 0 0.0202304
13072.4 0 0.0202851
13076.1 0 0.0203398
13079.8 0 0.0203945
13083.5 0 0.0204492
13087.2 0 0.0205039
13090.9 0 0.0205585
13094.6 0 0.0206131
13098.4 0 0.0206677
13102.2 0 0.0207223
13106.1 0 0.0207768
13110 0 0.0208312
13114.2 0 0.0208855
13118.4 0 0.0209398
13122.6 0 0.0209941
13126.8 0 0.0210484
13130.9 0 0.0211026
13135.1 0 0.0211568
13139.3 0 0.021211
13143.5 0 0.0212652
13147.6 0 0.0213193
13151.8 0 0.0213735
13155.9 0 0.0214276
13160.1 0 0.0214816
13164.3 0 0.0215357
13168.4 0 0.0215898
13172.5 0 0.0216438
13176.7 0 0.0216978
13180.8 0 0.0217518
13185 0 0.0218057
13189.1 0 0.0218597
13193.2 0 0.0219136
13197.4 0 0.0219675
13201.5 0 0.0220214
13205.6 0 0.0220752
13209.7 0 0.022129
13213.9 0 0.0221828
13218.1 0 0.0222365
13222.4 0 0.0222902
13226.7 0 0.0223438
13231.2 0 0.0223973
13235.7 0 0.0224508
13240.2 0 0.0225042
13244.8 0 0.0225576
13249.3 0 0.0226109
13253.8 0 0.0226643
13258.3 0 0.0227176
13262.8 0 0.0227709
13267.3 0 0.0228241
13271.8 0 0.0228773
13276.3 0 0.0229306
13280.8 0 0.0229837
13285.3 0 0.0230369
13289.8 0 0.02309
13294.3 0 0.0231431
13298.7 0 0.0231962
13303.2 0 0.0232492
13307.7 0 0.0233022
13312.2 0 0.0233552
13316.6 0 0.0234082
13321.1 0 0.0234611
13325.5 0 0.023514
13330 0 0.0235669
13334.4 0 0.0236197
13338.9 0 0.0236725
13343.3 0 0.0237253
13347.7 0 0.0237781
13352.2 0 0.0238308
13356.6 0 0.0238835
13361 0 0.0239362
13365.5 0 0.0239888
13369.9 0 0.0240414
13374.3 0 0.024094
13378.8 0 0.0241465
13383.3 0 0.024199
13387.9 0 0.0242514
13392.5 0 0.0243037
13397.2 0 0.0243559
13402 0 0.0244081
13406.7 0 0.0244602
13411.5 0 0.0245123
13416.2 0 0.0245643
13420.9 0 0.0246163
13425.7 0 0.0246683
13430.4 0 0.0247203
13435.1 0 0.0247722
13439.8 0 0.0248241
13444.5 0 0.024876
13449.3 0 0.0249278
13454 0 0.0249796
13458.7 0 0.0250314
13463.4 0 0.0250832
13468.1 0 0.0251349
13472.8 0 0.0251865
13477.4 0 0.0252382
13482.1 0 0.0252898
13486.8 0 0.0253414
13491.5 0 0.0253929
13496.2 0 0.0254445
13500.8 0 0.0254959
13505.5 0 0.0255474
13510.1 0 0.0255988
13514.8 0 0.0256502
13519.5 0 0.0257016
13524.1 0 0.0257529
13528.8 0 0.0258042
13533.4 0 0.0258555
13538 0 0.0259067
13542.7 0 0.0259579
13547.3 0 0.0260091
13551.9 0 0.0260603
13556.6 0 0.0261114
13561.2 0 0.0261624
13565.8 0 0.0262135
13570.4 0 0.0262645
13575 0 0.0263155
13579.6 0 0.0263665
13584.2 0 0.0264174
13588.8 0 0.0264683
13593.4 0 0.0265192
13598 0 0.02657
13602.7 0 0.0266207
13607.4 0 0.0266715
13612.1 0 0.0267221
13616.8 0 0.0267727
13621.6 0 0.0268232
13410.3 0 0.0267384
13470.1 0 0.026747
13494.5 0 0.0267705
