0 -58.4752 -2.26119e-06
634.56 0 7.83227e-05
1173.57 0 0.000163518
1709.92 0 0.000248673
2243.81 0 0.000333665
2775.24 0 0.000418442
3304.22 0 0.000502999
3830.74 0 0.000587324
4354.77 0 0.000671408
4876.15 0 0.000755254
5394.56 0 0.00083887
5909.16 0 0.000922281
6418.2 0 0.00100554
6918.36 0 0.00108877
7403.99 0 0.00117215
7866.83 0 0.00125598
8297.18 0 0.00134063
8686.59 0 0.00142642
9030.8 0 0.00151358
9330.49 0 0.00160222
9590.04 0 0.00169223
9815.21 0 0.00178352
10011.7 0 0.00187594
10184.8 0 0.00196927
10338.5 0 0.00206338
10475.8 0 0.00215837
10599.4 0 0.00225405
10711.4 0 0.00235043
10812.7 0 0.0024478
10905.5 0 0.00254562
10991.1 0 0.00264383
11070.4 0 0.00274239
11143.9 0 0.00284133
11212.1 0 0.00294079
11276 0 0.00304052
11335.9 0 0.00314049
11392.3 0 0.00324069
11445.5 0 0.00334108
11495.9 0 0.00344166
11543.8 0 0.0035424
11589.3 0 0.0036433
11632.4 0 0.00374447
11673.3 0 0.00384595
11712.4 0 0.00394756
11749.8 0 0.00404928
11785.6 0 0.00415111
11820.1 0 0.00425304
11853.2 0 0.00435504
11885.1 0 0.00445713
11915.6 0 0.00455945
11945 0 0.00466193
11972.9 0 0.0047648
11999.8 0 0.00486775
12025.7 0 0.00497076
12050.7 0 0.00507387
12074.7 0 0.00517725
12097.7 0 0.00528075
12119.8 0 0.0053845
12141.1 0 0.00548826
12161.8 0 0.00559206
12181.9 0 0.00569587
12201.4 0 0.00579969
12220.3 0 0.00590352
12238.6 0 0.00600736
12256.3 0 0.0061112
12273.3 0 0.00621525
12289.7 0 0.00631942
12305.5 0 0.00642358
12320.9 0 0.00652774
12335.7 0 0.00663198
12349.8 0 0.00673646
12363.5 0 0.00684092
12376.5 0 0.00694576
12388.8 0 0.007051
12400.7 0 0.00715622
12412.4 0 0.00726142
12423.7 0 0.00736659
12434.7 0 0.00747175
12445.5 0 0.00757688
12455.9 0 0.007682
12466.1 0 0.00778709
12476 0 0.00789215
12485.7 0 0.00799721
12495.1 0 0.00810224
12504.3 0 0.00820726
12513.2 0 0.00831226
12521.8 0 0.00841725
12530.3 0 0.00852223
12538.4 0 0.0086272
12546.4 0 0.00873216
12554.2 0 0.00883711
12561.7 0 0.00894205
12569 0 0.00904698
12576.2 0 0.00915189
12583.1 0 0.00925679
12589.9 0 0.00936168
12596.5 0 0.00946654
12603 0 0.00957139
12609.3 0 0.00967622
12615.5 0 0.00978102
12621.6 0 0.00988581
12627.5 0 0.00999056
12633.3 0 0.0100954
12638.9 0 0.0102004
12644.3 0 0.0103057
12649.5 0 0.010411
12654.6 0 0.0105164
12659.6 0 0.010622
12664.4 0 0.0107275
12669.2 0 0.010833
12673.9 0 0.0109385
12678.6 0 0.011044
12683.1 0 0.0111494
12687.6 0 0.0112548
12692 0 0.0113602
12696.3 0 0.0114656
12700.6 0 0.011571
12704.8 0 0.0116764
12708.9 0 0.0117817
12713 0 0.0118871
12717 0 0.0119924
12720.9 0 0.0120977
12724.7 0 0.0122031
12728.5 0 0.0123084
12732.1 0 0.0124138
12735.7 0 0.0125192
12739.2 0 0.0126247
12742.7 0 0.0127302
12746 0 0.0128356
12749.3 0 0.0129411
12752.5 0 0.0130466
12755.5 0 0.0131528
12758.3 0 0.013259
12761.2 0 0.0133653
12763.9 0 0.0134715
12766.6 0 0.0135778
12769.2 0 0.013684
12771.7 0 0.0137905
12774.1 0 0.0138974
12776.4 0 0.0140042
12778.6 0 0.0141111
12780.8 0 0.014218
12783 0 0.0143249
12785.1 0 0.0144317
12787.2 0 0.0145386
12789.2 0 0.0146455
12791.2 0 0.0147524
12793.2 0 0.0148593
12795.1 0 0.0149661
12797 0 0.015073
12798.8 0 0.0151799
12800.6 0 0.0152867
12802.4 0 0.0153935
12804.2 0 0.0155004
12805.9 0 0.0156072
12807.7 0 0.015714
12809.4 0 0.0158208
12811 0 0.0159276
12812.7 0 0.0160344
12814.3 0 0.0161411
12815.9 0 0.0162478
12817.5 0 0.0163546
12819.1 0 0.0164613
12820.7 0 0.016568
12822.2 0 0.0166746
12823.7 0 0.0167813
12825.2 0 0.0168879
12826.7 0 0.0169945
12828.2 0 0.0171011
12829.7 0 0.0172077
12831.1 0 0.0173143
12832.6 0 0.0174209
12834 0 0.0175274
12835.4 0 0.0176339
12836.8 0 0.0177404
12838.2 0 0.0178469
12839.5 0 0.0179534
12840.9 0 0.0180598
12842.2 0 0.0181662
12843.6 0 0.0182727
12844.9 0 0.0183791
12846.2 0 0.0184854
12847.5 0 0.0185918
12848.7 0 0.0186982
12850 0 0.0188045
12851.3 0 0.0189108
12852.5 0 0.0190172
12853.7 0 0.0191235
12855 0 0.0192298
12856.2 0 0.019336
12857.4 0 0.0194423
12858.5 0 0.0195486
12859.7 0 0.0196548
12860.9 0 0.0197611
12862 0 0.0198673
12863.1 0 0.0199735
12864.3 0 0.0200797
12865.4 0 0.0201859
12866.4 0 0.0202921
12867.5 0 0.0203983
12868.6 0 0.0205045
12869.6 0 0.0206106
12870.7 0 0.0207168
12871.7 0 0.020823
12872.7 0 0.0209291
12873.7 0 0.0210353
12874.7 0 0.0211415
12875.7 0 0.0212477
12876.6 0 0.0213538
12877.5 0 0.02146
12878.5 0 0.0215662
12879.4 0 0.0216723
12880.3 0 0.0217785
12881.2 0 0.0218847
12882 0 0.0219909
12882.9 0 0.0220971
12883.7 0 0.0222033
12884.6 0 0.0223095
12885.4 0 0.0224157
12886.2 0 0.0225219
12886.9 0 0.0226281
12887.7 0 0.0227344
12888.5 0 0.0228406
12889.2 0 0.0229468
12889.9 0 0.0230531
12890.6 0 0.0231593
12891.3 0 0.0232656
12892 0 0.0233719
12892.7 0 0.0234782
12893.3 0 0.0235845
12894 0 0.0236908
12894.6 0 0.0237971
12895.2 0 0.0239034
12895.8 0 0.0240097
12896.4 0 0.024116
12897 0 0.0242224
12897.6 0 0.0243287
12898.1 0 0.024435
12898.7 0 0.0245414
12899.2 0 0.0246477
12899.8 0 0.0247541
12900.3 0 0.0248605
12900.7 0 0.0249674
12901.2 0 0.0250742
12901.6 0 0.0251811
12902 0 0.025288
12902.5 0 0.0253948
12902.9 0 0.0255017
12903.3 0 0.0256086
12903.7 0 0.0257155
12904.1 0 0.0258224
12904.5 0 0.0259293
12904.8 0 0.0260362
12905.2 0 0.0261431
12905.5 0 0.02625
12905.9 0 0.0263569
12906.2 0 0.0264638
12906.6 0 0.0265707
12906.9 0 0.0266776
12907.2 0 0.0267845
12907.5 0 0.0268914
12907.9 0 0.0269983
12908.2 0 0.0271052
12908.5 0 0.0272121
12908.8 0 0.027319
12909 0 0.0274259
12909.3 0 0.0275327
12909.6 0 0.0276396
12909.9 0 0.0277465
12910.2 0 0.0278534
12910.4 0 0.0279602
12910.7 0 0.0280671
12910.9 0 0.028174
12911.2 0 0.0282808
12911.4 0 0.0283877
12911.7 0 0.0284945
12911.9 0 0.0286014
12912.2 0 0.0287082
12912.4 0 0.028815
12912.6 0 0.0289218
12912.9 0 0.0290287
12913.1 0 0.0291355
12913.3 0 0.0292423
12913.5 0 0.0293491
12913.7 0 0.0294559
12913.9 0 0.0295627
12914.1 0 0.0296694
12914.3 0 0.0297762
12914.5 0 0.029883
12914.7 0 0.0299897
12914.9 0 0.0300965
12915.1 0 0.0302032
12915.3 0 0.03031
12915.5 0 0.0304167
12915.7 0 0.0305234
12915.9 0 0.0306301
12916 0 0.0307368
12916.2 0 0.0308435
12916.4 0 0.0309502
12916.6 0 0.0310569
12916.7 0 0.0311636
12916.9 0 0.0312703
12917 0 0.0313769
12917.2 0 0.0314836
12917.4 0 0.0315903
12917.5 0 0.0316969
12917.7 0 0.0318035
12917.8 0 0.0319102
12918 0 0.0320168
12918.1 0 0.0321234
12918.2 0 0.03223
12918.4 0 0.0323366
12918.5 0 0.0324432
12918.7 0 0.0325498
12918.8 0 0.0326563
12918.9 0 0.0327629
12919.1 0 0.0328695
12919.3 0 0.032976
12919.6 0 0.0330825
12920.2 0 0.0331889
12921.1 0 0.0332952
12922.2 0 0.0334014
12923.4 0 0.0335076
12924.8 0 0.0336137
12926.3 0 0.0337198
12927.9 0 0.0338258
12929.8 0 0.0339317
12931.8 0 0.0340376
12933.7 0 0.0341435
12935.7 0 0.0342494
12937.6 0 0.0343553
12939.6 0 0.0344611
12941.8 0 0.0345669
12944.1 0 0.0346726
12946.6 0 0.0347783
12949.3 0 0.0348839
12951.9 0 0.0349894
12954.5 0 0.035095
12957.1 0 0.0352006
12959.7 0 0.0353062
12962.3 0 0.0354117
12964.9 0 0.0355172
12967.5 0 0.0356228
12970.2 0 0.0357282
12973 0 0.0358337
12976 0 0.035939
12979.1 0 0.0360443
12982.4 0 0.0361496
12985.6 0 0.0362548
12988.8 0 0.03636
12992 0 0.0364651
12995.2 0 0.0365703
12998.4 0 0.0366754
13001.6 0 0.0367805
13004.8 0 0.0368856
13008 0 0.0369907
13011.2 0 0.0370958
13014.4 0 0.0372008
13017.6 0 0.0373059
13020.9 0 0.0374109
13024.2 0 0.0375158
13027.7 0 0.0376207
13031.3 0 0.0377255
13035 0 0.0378303
13038.8 0 0.037935
13042.5 0 0.0380397
13046.3 0 0.0381444
13050 0 0.0382491
13053.7 0 0.0383538
13057.5 0 0.0384585
13061.2 0 0.0385631
13064.9 0 0.0386677
13068.7 0 0.0387724
13072.4 0 0.0388769
13076.1 0 0.0389815
13079.8 0 0.0390861
13083.5 0 0.0391906
13087.2 0 0.0392952
13090.9 0 0.0393997
13094.6 0 0.0395042
13098.4 0 0.0396086
13102.2 0 0.0397131
13106.1 0 0.0398174
13110 0 0.0399217
13114.2 0 0.0400259
13118.4 0 0.0401301
13122.6 0 0.0402342
13126.8 0 0.0403384
13130.9 0 0.0404425
13135.1 0 0.0405466
13139.3 0 0.0406506
13143.5 0 0.0407547
13147.6 0 0.0408587
13151.8 0 0.0409627
13155.9 0 0.0410667
13160.1 0 0.0411707
13164.3 0 0.0412746
13168.4 0 0.0413786
13172.5 0 0.0414825
13176.7 0 0.0415864
13180.8 0 0.0416902
13185 0 0.0417941
13189.1 0 0.0418979
13193.2 0 0.0420017
13197.4 0 0.0421055
13201.5 0 0.0422092
13205.6 0 0.042313
13209.7 0 0.0424167
13213.9 0 0.0425204
13218.1 0 0.042624
13222.4 0 0.0427275
13226.7 0 0.042831
13231.2 0 0.0429344
13235.7 0 0.0430378
13240.2 0 0.0431411
13244.8 0 0.0432444
13249.3 0 0.0433477
13253.8 0 0.0434509
13258.3 0 0.0435541
13262.8 0 0.0436573
13267.3 0 0.0437605
13271.8 0 0.0438636
13276.3 0 0.0439668
13280.8 0 0.0440699
13285.3 0 0.0441729
13289.8 0 0.044276
13294.3 0 0.044379
13298.7 0 0.044482
13303.2 0 0.0445849
13307.7 0 0.0446879
13312.2 0 0.0447908
13316.6 0 0.0448936
13321.1 0 0.0449965
13325.5 0 0.0450993
13330 0 0.0452021
13334.4 0 0.0453049
13338.9 0 0.0454076
13343.3 0 0.0455103
13347.7 0 0.045613
13352.2 0 0.0457157
13356.6 0 0.0458183
13361 0 0.0459209
13365.5 0 0.0460235
13369.9 0 0.0461261
13374.3 0 0.0462286
13378.8 0 0.046331
13383.3 0 0.0464334
13387.9 0 0.0465357
13392.5 0 0.046638
13397.2 0 0.0467401
13402 0 0.0468422
13406.7 0 0.0469443
13411.5 0 0.0470463
13416.2 0 0.0471483
13420.9 0 0.0472503
13425.7 0 0.0473522
13430.4 0 0.0474542
13435.1 0 0.047556
13439.8 0 0.0476579
13444.5 0 0.0477597
13449.3 0 0.0478615
13454 0 0.0479633
13458.7 0 0.048065
13463.4 0 0.0481667
13468.1 0 0.0482684
13472.8 0 0.04837
13477.4 0 0.0484716
13482.1 0 0.0485732
13486.8 0 0.0486748
13491.5 0 0.0487763
13496.2 0 0.0488778
13500.8 0 0.0489792
13505.5 0 0.0490806
13510.1 0 0.049182
13514.8 0 0.0492834
13519.5 0 0.0493847
13524.1 0 0.049486
13528.8 0 0.0495873
13533.4 0 0.0496885
13538 0 0.0497897
13542.7 0 0.0498909
13547.3 0 0.0499921
13551.9 0 0.0500932
13556.6 0 0.0501943
13561.2 0 0.0502953
13565.8 0 0.0503964
13570.4 0 0.0504974
13575 0 0.0505983
13579.6 0 0.0506993
13584.2 0 0.0508002
13588.8 0 0.050901
13593.4 0 0.0510019
13598 0 0.0511027
13602.7 0 0.0512034
13607.4 0 0.0513041
13612.1 0 0.0514047
13616.8 0 0.0515052
13621.6 0 0.0516057
13410.3 0 0.0515712
13470.1 0 0.05163
13494.5 0 0.0517035
