0 -58.4752 -2.26119e-06
634.56 0 6.83966e-05
1173.57 0 0.000143669
1709.92 0 0.0002189
2243.81 0 0.000293969
2775.24 0 0.000368823
3304.22 0 0.000443456
3830.74 0 0.000517857
4354.77 0 0.000592018
4876.15 0 0.00066594
5394.56 0 0.000739632
5909.16 0 0.000813119
6418.2 0 0.000886458
6918.36 0 0.000959758
7403.99 0 0.00103322
7866.83 0 0.00110713
8297.18 0 0.00118185
8686.59 0 0.00125772
9030.8 0 0.00133495
9330.49 0 0.00141367
9590.04 0 0.00149376
9815.21 0 0.00157513
10011.7 0 0.00165764
10184.8 0 0.00174105
10338.5 0 0.00182525
10475.8 0 0.00191031
10599.4 0 0.00199606
10711.4 0 0.0020825
10812.7 0 0.00216995
10905.5 0 0.00225783
10991.1 0 0.00234611
11070.4 0 0.00243474
11143.9 0 0.00252376
11212.1 0 0.00261329
11276 0 0.00270308
11335.9 0 0.00279312
11392.3 0 0.00288338
11445.5 0 0.00297385
11495.9 0 0.00306449
11543.8 0 0.0031553
11589.3 0 0.00324627
11632.4 0 0.00333751
11673.3 0 0.00342906
11712.4 0 0.00352074
11749.8 0 0.00361253
11785.6 0 0.00370443
11820.1 0 0.00379642
11853.2 0 0.0038885
11885.1 0 0.00398065
11915.6 0 0.00407305
11945 0 0.00416561
11972.9 0 0.00425856
11999.8 0 0.0043516
12025.7 0 0.00444469
12050.7 0 0.00453788
12074.7 0 0.00463135
12097.7 0 0.00472495
12119.8 0 0.00481877
12141.1 0 0.00491262
12161.8 0 0.00500649
12181.9 0 0.00510038
12201.4 0 0.00519428
12220.3 0 0.00528819
12238.6 0 0.00538211
12256.3 0 0.00547604
12273.3 0 0.00557017
12289.7 0 0.00566441
12305.5 0 0.00575865
12320.9 0 0.00585288
12335.7 0 0.00594719
12349.8 0 0.00604172
12363.5 0 0.00613624
12376.5 0 0.00623116
12388.8 0 0.00632648
12400.7 0 0.00642179
12412.4 0 0.00651708
12423.7 0 0.00661235
12434.7 0 0.0067076
12445.5 0 0.00680282
12455.9 0 0.00689802
12466.1 0 0.00699321
12476 0 0.00708837
12485.7 0 0.00718351
12495.1 0 0.00727863
12504.3 0 0.00737374
12513.2 0 0.00746884
12521.8 0 0.00756392
12530.3 0 0.007659
12538.4 0 0.00775406
12546.4 0 0.00784911
12554.2 0 0.00794415
12561.7 0 0.00803919
12569 0 0.00813421
12576.2 0 0.00822921
12583.1 0 0.00832421
12589.9 0 0.00841919
12596.5 0 0.00851415
12603 0 0.00860909
12609.3 0 0.00870401
12615.5 0 0.00879891
12621.6 0 0.00889378
12627.5 0 0.00898863
12633.3 0 0.00908355
12638.9 0 0.00917867
12644.3 0 0.00927405
12649.5 0 0.00936954
12654.6 0 0.00946506
12659.6 0 0.00956072
12664.4 0 0.00965636
12669.2 0 0.00975198
12673.9 0 0.00984758
12678.6 0 0.00994316
12683.1 0 0.0100387
12687.6 0 0.0101343
12692 0 0.0102298
12696.3 0 0.0103253
12700.6 0 0.0104208
12704.8 0 0.0105163
12708.9 0 0.0106117
12713 0 0.0107072
12717 0 0.0108027
12720.9 0 0.0108981
12724.7 0 0.0109935
12728.5 0 0.011089
12732.1 0 0.0111845
12735.7 0 0.01128
12739.2 0 0.0113756
12742.7 0 0.0114712
12746 0 0.0115667
12749.3 0 0.0116623
12752.5 0 0.011758
12755.5 0 0.0118542
12758.3 0 0.0119505
12761.2 0 0.0120468
12763.9 0 0.0121431
12766.6 0 0.0122394
12769.2 0 0.0123358
12771.7 0 0.0124323
12774.1 0 0.0125293
12776.4 0 0.0126262
12778.6 0 0.0127231
12780.8 0 0.0128201
12783 0 0.012917
12785.1 0 0.013014
12787.2 0 0.0131109
12789.2 0 0.0132079
12791.2 0 0.0133048
12793.2 0 0.0134018
12795.1 0 0.0134987
12797 0 0.0135957
12798.8 0 0.0136926
12800.6 0 0.0137895
12802.4 0 0.0138864
12804.2 0 0.0139833
12805.9 0 0.0140802
12807.7 0 0.0141771
12809.4 0 0.014274
12811 0 0.0143708
12812.7 0 0.0144676
12814.3 0 0.0145645
12815.9 0 0.0146613
12817.5 0 0.0147581
12819.1 0 0.0148548
12820.7 0 0.0149516
12822.2 0 0.0150483
12823.7 0 0.015145
12825.2 0 0.0152418
12826.7 0 0.0153384
12828.2 0 0.0154351
12829.7 0 0.0155318
12831.1 0 0.0156284
12832.6 0 0.015725
12834 0 0.0158216
12835.4 0 0.0159182
12836.8 0 0.0160148
12838.2 0 0.0161113
12839.5 0 0.0162078
12840.9 0 0.0163044
12842.2 0 0.0164009
12843.6 0 0.0164974
12844.9 0 0.0165938
12846.2 0 0.0166903
12847.5 0 0.0167867
12848.7 0 0.0168831
12850 0 0.0169796
12851.3 0 0.017076
12852.5 0 0.0171723
12853.7 0 0.0172687
12855 0 0.0173651
12856.2 0 0.0174614
12857.4 0 0.0175578
12858.5 0 0.0176541
12859.7 0 0.0177504
12860.9 0 0.0178467
12862 0 0.017943
12863.1 0 0.0180393
12864.3 0 0.0181356
12865.4 0 0.0182318
12866.4 0 0.0183281
12867.5 0 0.0184243
12868.6 0 0.0185206
12869.6 0 0.0186168
12870.7 0 0.0187131
12871.7 0 0.0188093
12872.7 0 0.0189056
12873.7 0 0.0190018
12874.7 0 0.019098
12875.7 0 0.0191943
12876.6 0 0.0192905
12877.5 0 0.0193867
12878.5 0 0.019483
12879.4 0 0.0195792
12880.3 0 0.0196755
12881.2 0 0.0197717
12882 0 0.019868
12882.9 0 0.0199642
12883.7 0 0.0200605
12884.6 0 0.0201568
12885.4 0 0.0202531
12886.2 0 0.0203493
12886.9 0 0.0204456
12887.7 0 0.0205419
12888.5 0 0.0206382
12889.2 0 0.0207345
12889.9 0 0.0208309
12890.6 0 0.0209272
12891.3 0 0.0210235
12892 0 0.0211199
12892.7 0 0.0212162
12893.3 0 0.0213126
12894 0 0.0214089
12894.6 0 0.0215053
12895.2 0 0.0216017
12895.8 0 0.0216981
12896.4 0 0.0217945
12897 0 0.0218909
12897.6 0 0.0219873
12898.1 0 0.0220837
12898.7 0 0.0221801
12899.2 0 0.0222765
12899.8 0 0.0223729
12900.3 0 0.0224694
12900.7 0 0.0225663
12901.2 0 0.0226633
12901.6 0 0.0227602
12902 0 0.0228571
12902.5 0 0.0229541
12902.9 0 0.023051
12903.3 0 0.023148
12903.7 0 0.023245
12904.1 0 0.0233419
12904.5 0 0.0234389
12904.8 0 0.0235359
12905.2 0 0.0236328
12905.5 0 0.0237298
12905.9 0 0.0238268
12906.2 0 0.0239238
12906.6 0 0.0240207
12906.9 0 0.0241177
12907.2 0 0.0242147
12907.5 0 0.0243117
12907.9 0 0.0244086
12908.2 0 0.0245056
12908.5 0 0.0246026
12908.8 0 0.0246995
12909 0 0.0247965
12909.3 0 0.0248934
12909.6 0 0.0249904
12909.9 0 0.0250873
12910.2 0 0.0251843
12910.4 0 0.0252812
12910.7 0 0.0253782
12910.9 0 0.0254751
12911.2 0 0.025572
12911.4 0 0.025669
12911.7 0 0.0257659
12911.9 0 0.0258628
12912.2 0 0.0259597
12912.4 0 0.0260566
12912.6 0 0.0261535
12912.9 0 0.0262504
12913.1 0 0.0263472
12913.3 0 0.0264441
12913.5 0 0.026541
12913.7 0 0.0266379
12913.9 0 0.0267347
12914.1 0 0.0268316
12914.3 0 0.0269284
12914.5 0 0.0270252
12914.7 0 0.0271221
12914.9 0 0.0272189
12915.1 0 0.0273157
12915.3 0 0.0274125
12915.5 0 0.0275093
12915.7 0 0.0276061
12915.9 0 0.0277029
12916 0 0.0277997
12916.2 0 0.0278965
12916.4 0 0.0279932
12916.6 0 0.02809
12916.7 0 0.0281867
12916.9 0 0.0282835
12917 0 0.0283802
12917.2 0 0.028477
12917.4 0 0.0285737
12917.5 0 0.0286704
12917.7 0 0.0287671
12917.8 0 0.0288638
12918 0 0.0289605
12918.1 0 0.0290572
12918.2 0 0.0291539
12918.4 0 0.0292505
12918.5 0 0.0293472
12918.7 0 0.0294438
12918.8 0 0.0295405
12918.9 0 0.0296371
12919.1 0 0.0297338
12919.3 0 0.0298304
12919.6 0 0.0299269
12920.2 0 0.0300234
12921.1 0 0.0301198
12922.2 0 0.0302161
12923.4 0 0.0303123
12924.8 0 0.0304085
12926.3 0 0.0305047
12927.9 0 0.0306008
12929.8 0 0.0306968
12931.8 0 0.0307927
12933.7 0 0.0308887
12935.7 0 0.0309847
12937.6 0 0.0310806
12939.6 0 0.0311765
12941.8 0 0.0312724
12944.1 0 0.0313682
12946.6 0 0.0314639
12949.3 0 0.0315596
12951.9 0 0.0316553
12954.5 0 0.0317509
12957.1 0 0.0318466
12959.7 0 0.0319422
12962.3 0 0.0320378
12964.9 0 0.0321334
12967.5 0 0.032229
12970.2 0 0.0323246
12973 0 0.0324201
12976 0 0.0325156
12979.1 0 0.0326109
12982.4 0 0.0327063
12985.6 0 0.0328016
12988.8 0 0.0328968
12992 0 0.0329921
12995.2 0 0.0330873
12998.4 0 0.0331825
13001.6 0 0.0332777
13004.8 0 0.0333728
13008 0 0.033468
13011.2 0 0.0335632
13014.4 0 0.0336583
13017.6 0 0.0337534
13020.9 0 0.0338485
13024.2 0 0.0339435
13027.7 0 0.0340385
13031.3 0 0.0341334
13035 0 0.0342282
13038.8 0 0.034323
13042.5 0 0.0344178
13046.3 0 0.0345126
13050 0 0.0346074
13053.7 0 0.0347021
13057.5 0 0.0347969
13061.2 0 0.0348916
13064.9 0 0.0349863
13068.7 0 0.035081
13072.4 0 0.0351757
13076.1 0 0.0352703
13079.8 0 0.035365
13083.5 0 0.0354596
13087.2 0 0.0355542
13090.9 0 0.0356488
13094.6 0 0.0357434
13098.4 0 0.0358379
13102.2 0 0.0359324
13106.1 0 0.0360269
13110 0 0.0361212
13114.2 0 0.0362155
13118.4 0 0.0363098
13122.6 0 0.036404
13126.8 0 0.0364982
13130.9 0 0.0365924
13135.1 0 0.0366866
13139.3 0 0.0367807
13143.5 0 0.0368748
13147.6 0 0.036969
13151.8 0 0.0370631
13155.9 0 0.0371571
13160.1 0 0.0372512
13164.3 0 0.0373452
13168.4 0 0.0374392
13172.5 0 0.0375332
13176.7 0 0.0376272
13180.8 0 0.0377211
13185 0 0.0378151
13189.1 0 0.037909
13193.2 0 0.0380029
13197.4 0 0.0380967
13201.5 0 0.0381906
13205.6 0 0.0382844
13209.7 0 0.0383782
13213.9 0 0.038472
13218.1 0 0.0385657
13222.4 0 0.0386593
13226.7 0 0.0387529
13231.2 0 0.0388464
13235.7 0 0.0389398
13240.2 0 0.0390332
13244.8 0 0.0391266
13249.3 0 0.0392199
13253.8 0 0.0393133
13258.3 0 0.0394066
13262.8 0 0.0394999
13267.3 0 0.0395931
13271.8 0 0.0396863
13276.3 0 0.0397795
13280.8 0 0.0398727
13285.3 0 0.0399659
13289.8 0 0.040059
13294.3 0 0.0401521
13298.7 0 0.0402452
13303.2 0 0.0403382
13307.7 0 0.0404312
13312.2 0 0.0405242
13316.6 0 0.0406172
13321.1 0 0.0407101
13325.5 0 0.0408031
13330 0 0.0408959
13334.4 0 0.0409888
13338.9 0 0.0410816
13343.3 0 0.0411744
13347.7 0 0.0412672
13352.2 0 0.04136
13356.6 0 0.0414527
13361 0 0.0415454
13365.5 0 0.0416381
13369.9 0 0.0417307
13374.3 0 0.0418233
13378.8 0 0.0419158
13383.3 0 0.0420083
13387.9 0 0.0421007
13392.5 0 0.0421931
13397.2 0 0.0422853
13402 0 0.0423775
13406.7 0 0.0424696
13411.5 0 0.0425618
13416.2 0 0.0426539
13420.9 0 0.0427459
13425.7 0 0.042838
13430.4 0 0.04293
13435.1 0 0.043022
13439.8 0 0.0431139
13444.5 0 0.0432058
13449.3 0 0.0432977
13454 0 0.0433896
13458.7 0 0.0434814
13463.4 0 0.0435732
13468.1 0 0.0436649
13472.8 0 0.0437567
13477.4 0 0.0438484
13482.1 0 0.04394
13486.8 0 0.0440317
13491.5 0 0.0441233
13496.2 0 0.0442149
13500.8 0 0.0443064
13505.5 0 0.0443979
13510.1 0 0.0444894
13514.8 0 0.0445809
13519.5 0 0.0446723
13524.1 0 0.0447637
13528.8 0 0.0448551
13533.4 0 0.0449464
13538 0 0.0450377
13542.7 0 0.045129
13547.3 0 0.0452202
13551.9 0 0.0453115
13556.6 0 0.0454026
13561.2 0 0.0454938
13565.8 0 0.0455849
13570.4 0 0.045676
13575 0 0.0457671
13579.6 0 0.0458581
13584.2 0 0.0459491
13588.8 0 0.0460401
13593.4 0 0.046131
13598 0 0.0462219
13602.7 0 0.0463127
13607.4 0 0.0464035
13612.1 0 0.0464942
13616.8 0 0.0465848
13621.6 0 0.0466754
13410.3 0 0.046631
13470.1 0 0.0466799
13494.5 0 0.0467436
