0 -58.4752 -2.26119e-06
634.56 0 6.19424e-05
1173.57 0 0.000130749
1709.92 0 0.000199516
2243.81 0 0.00026812
2775.24 0 0.00033651
3304.22 0 0.000404681
3830.74 0 0.000472619
4354.77 0 0.000540317
4876.15 0 0.000607776
5394.56 0 0.000675006
5909.16 0 0.00074203
6418.2 0 0.000808905
6918.36 0 0.000875743
7403.99 0 0.000942743
7866.83 0 0.00101019
8297.18 0 0.00107844
8686.59 0 0.00114785
9030.8 0 0.00121863
9330.49 0 0.00129087
9590.04 0 0.00136449
9815.21 0 0.00143938
10011.7 0 0.0015154
10184.8 0 0.00159231
10338.5 0 0.00167001
10475.8 0 0.00174862
10599.4 0 0.00182793
10711.4 0 0.00190796
10812.7 0 0.00198896
10905.5 0 0.0020704
10991.1 0 0.00215224
11070.4 0 0.00223442
11143.9 0 0.002317
11212.1 0 0.00240009
11276 0 0.00248346
11335.9 0 0.00256706
11392.3 0 0.00265089
11445.5 0 0.00273492
11495.9 0 0.00281914
11543.8 0 0.00290352
11589.3 0 0.00298805
11632.4 0 0.00307286
11673.3 0 0.00315797
11712.4 0 0.00324321
11749.8 0 0.00332857
11785.6 0 0.00341403
11820.1 0 0.00349958
11853.2 0 0.00358522
11885.1 0 0.00367094
11915.6 0 0.00375686
11945 0 0.00384293
11972.9 0 0.0039294
11999.8 0 0.00401596
12025.7 0 0.00410257
12050.7 0 0.00418927
12074.7 0 0.00427622
12097.7 0 0.0043633
12119.8 0 0.00445065
12141.1 0 0.00453803
12161.8 0 0.00462542
12181.9 0 0.00471283
12201.4 0 0.00480026
12220.3 0 0.0048877
12238.6 0 0.00497514
12256.3 0 0.00506259
12273.3 0 0.00515024
12289.7 0 0.00523802
12305.5 0 0.00532579
12320.9 0 0.00541355
12335.7 0 0.00550142
12349.8 0 0.00558957
12363.5 0 0.00567771
12376.5 0 0.00576617
12388.8 0 0.00585498
12400.7 0 0.00594378
12412.4 0 0.00603256
12423.7 0 0.00612131
12434.7 0 0.00621004
12445.5 0 0.00629875
12455.9 0 0.00638744
12466.1 0 0.0064761
12476 0 0.00656475
12485.7 0 0.00665337
12495.1 0 0.00674198
12504.3 0 0.00683057
12513.2 0 0.00691914
12521.8 0 0.0070077
12530.3 0 0.00709626
12538.4 0 0.0071848
12546.4 0 0.00727333
12554.2 0 0.00736184
12561.7 0 0.00745035
12569 0 0.00753885
12576.2 0 0.00762733
12583.1 0 0.00771579
12589.9 0 0.00780424
12596.5 0 0.00789268
12603 0 0.00798109
12609.3 0 0.00806948
12615.5 0 0.00815786
12621.6 0 0.0082462
12627.5 0 0.00833453
12633.3 0 0.0084229
12638.9 0 0.00851144
12644.3 0 0.0086002
12649.5 0 0.00868904
12654.6 0 0.00877792
12659.6 0 0.00886699
12664.4 0 0.00895604
12669.2 0 0.00904507
12673.9 0 0.00913407
12678.6 0 0.00922306
12683.1 0 0.00931202
12687.6 0 0.00940097
12692 0 0.00948989
12696.3 0 0.0095788
12700.6 0 0.00966769
12704.8 0 0.00975657
12708.9 0 0.00984543
12713 0 0.00993428
12717 0 0.0100231
12720.9 0 0.010112
12724.7 0 0.0102008
12728.5 0 0.0102896
12732.1 0 0.0103785
12735.7 0 0.0104675
12739.2 0 0.0105565
12742.7 0 0.0106455
12746 0 0.0107345
12749.3 0 0.0108235
12752.5 0 0.0109127
12755.5 0 0.0110024
12758.3 0 0.0110923
12761.2 0 0.0111821
12763.9 0 0.011272
12766.6 0 0.0113619
12769.2 0 0.0114518
12771.7 0 0.0115419
12774.1 0 0.0116324
12776.4 0 0.0117229
12778.6 0 0.0118133
12780.8 0 0.0119038
12783 0 0.0119943
12785.1 0 0.0120848
12787.2 0 0.0121753
12789.2 0 0.0122659
12791.2 0 0.0123564
12793.2 0 0.0124469
12795.1 0 0.0125374
12797 0 0.0126279
12798.8 0 0.0127184
12800.6 0 0.0128089
12802.4 0 0.0128993
12804.2 0 0.0129898
12805.9 0 0.0130803
12807.7 0 0.0131707
12809.4 0 0.0132611
12811 0 0.0133515
12812.7 0 0.013442
12814.3 0 0.0135323
12815.9 0 0.0136227
12817.5 0 0.0137131
12819.1 0 0.0138034
12820.7 0 0.0138937
12822.2 0 0.0139841
12823.7 0 0.0140743
12825.2 0 0.0141646
12826.7 0 0.0142549
12828.2 0 0.0143451
12829.7 0 0.0144353
12831.1 0 0.0145256
12832.6 0 0.0146157
12834 0 0.0147059
12835.4 0 0.0147961
12836.8 0 0.0148862
12838.2 0 0.0149763
12839.5 0 0.0150664
12840.9 0 0.0151565
12842.2 0 0.0152466
12843.6 0 0.0153366
12844.9 0 0.0154267
12846.2 0 0.0155167
12847.5 0 0.0156067
12848.7 0 0.0156967
12850 0 0.0157867
12851.3 0 0.0158767
12852.5 0 0.0159666
12853.7 0 0.0160565
12855 0 0.0161465
12856.2 0 0.0162364
12857.4 0 0.0163263
12858.5 0 0.0164162
12859.7 0 0.0165061
12860.9 0 0.0165959
12862 0 0.0166858
12863.1 0 0.0167756
12864.3 0 0.0168655
12865.4 0 0.0169553
12866.4 0 0.0170451
12867.5 0 0.017135
12868.6 0 0.0172248
12869.6 0 0.0173146
12870.7 0 0.0174044
12871.7 0 0.0174942
12872.7 0 0.017584
12873.7 0 0.0176738
12874.7 0 0.0177636
12875.7 0 0.0178534
12876.6 0 0.0179432
12877.5 0 0.018033
12878.5 0 0.0181228
12879.4 0 0.0182126
12880.3 0 0.0183024
12881.2 0 0.0183922
12882 0 0.0184821
12882.9 0 0.0185719
12883.7 0 0.0186617
12884.6 0 0.0187516
12885.4 0 0.0188414
12886.2 0 0.0189313
12886.9 0 0.0190211
12887.7 0 0.019111
12888.5 0 0.0192009
12889.2 0 0.0192907
12889.9 0 0.0193806
12890.6 0 0.0194705
12891.3 0 0.0195604
12892 0 0.0196503
12892.7 0 0.0197403
12893.3 0 0.0198302
12894 0 0.0199201
12894.6 0 0.0200101
12895.2 0 0.0201
12895.8 0 0.02019
12896.4 0 0.02028
12897 0 0.0203699
12897.6 0 0.0204599
12898.1 0 0.0205499
12898.7 0 0.0206399
12899.2 0 0.0207299
12899.8 0 0.0208199
12900.3 0 0.0209099
12900.7 0 0.0210004
12901.2 0 0.0210909
12901.6 0 0.0211814
12902 0 0.0212719
12902.5 0 0.0213624
12902.9 0 0.0214529
12903.3 0 0.0215434
12903.7 0 0.0216339
12904.1 0 0.0217244
12904.5 0 0.0218149
12904.8 0 0.0219055
12905.2 0 0.021996
12905.5 0 0.0220865
12905.9 0 0.022177
12906.2 0 0.0222676
12906.6 0 0.0223581
12906.9 0 0.0224486
12907.2 0 0.0225391
12907.5 0 0.0226297
12907.9 0 0.0227202
12908.2 0 0.0228107
12908.5 0 0.0229012
12908.8 0 0.0229917
12909 0 0.0230823
12909.3 0 0.0231728
12909.6 0 0.0232633
12909.9 0 0.0233538
12910.2 0 0.0234443
12910.4 0 0.0235348
12910.7 0 0.0236253
12910.9 0 0.0237158
12911.2 0 0.0238062
12911.4 0 0.0238967
12911.7 0 0.0239872
12911.9 0 0.0240776
12912.2 0 0.0241681
12912.4 0 0.0242586
12912.6 0 0.024349
12912.9 0 0.0244395
12913.1 0 0.0245299
12913.3 0 0.0246203
12913.5 0 0.0247107
12913.7 0 0.0248012
12913.9 0 0.0248916
12914.1 0 0.024982
12914.3 0 0.0250724
12914.5 0 0.0251628
12914.7 0 0.0252532
12914.9 0 0.0253435
12915.1 0 0.0254339
12915.3 0 0.0255243
12915.5 0 0.0256146
12915.7 0 0.025705
12915.9 0 0.0257953
12916 0 0.0258856
12916.2 0 0.025976
12916.4 0 0.0260663
12916.6 0 0.0261566
12916.7 0 0.0262469
12916.9 0 0.0263372
12917 0 0.0264275
12917.2 0 0.0265178
12917.4 0 0.0266081
12917.5 0 0.0266983
12917.7 0 0.0267886
12917.8 0 0.0268788
12918 0 0.0269691
12918.1 0 0.0270593
12918.2 0 0.0271495
12918.4 0 0.0272398
12918.5 0 0.02733
12918.7 0 0.0274202
12918.8 0 0.0275104
12918.9 0 0.0276006
12919.1 0 0.0276908
12919.3 0 0.0277809
12919.6 0 0.027871
12920.2 0 0.027961
12921.1 0 0.028051
12922.2 0 0.0281408
12923.4 0 0.0282306
12924.8 0 0.0283203
12926.3 0 0.02841
12927.9 0 0.0284997
12929.8 0 0.0285892
12931.8 0 0.0286787
12933.7 0 0.0287682
12935.7 0 0.0288577
12937.6 0 0.0289472
12939.6 0 0.0290366
12941.8 0 0.029126
12944.1 0 0.0292154
12946.6 0 0.0293046
12949.3 0 0.0293938
12951.9 0 0.029483
12954.5 0 0.0295722
12957.1 0 0.0296614
12959.7 0 0.0297505
12962.3 0 0.0298397
12964.9 0 0.0299288
12967.5 0 0.030018
12970.2 0 0.0301071
12973 0 0.0301961
12976 0 0.0302851
12979.1 0 0.030374
12982.4 0 0.0304628
12985.6 0 0.0305516
12988.8 0 0.0306404
12992 0 0.0307292
12995.2 0 0.0308179
12998.4 0 0.0309067
13001.6 0 0.0309954
13004.8 0 0.0310841
13008 0 0.0311728
13011.2 0 0.0312615
13014.4 0 0.0313501
13017.6 0 0.0314388
13020.9 0 0.0315274
13024.2 0 0.031616
13027.7 0 0.0317045
13031.3 0 0.0317929
13035 0 0.0318813
13038.8 0 0.0319696
13042.5 0 0.0320579
13046.3 0 0.0321462
13050 0 0.0322345
13053.7 0 0.0323228
13057.5 0 0.0324111
13061.2 0 0.0324993
13064.9 0 0.0325876
13068.7 0 0.0326758
13072.4 0 0.032764
13076.1 0 0.0328522
13079.8 0 0.0329403
13083.5 0 0.0330285
13087.2 0 0.0331166
13090.9 0 0.0332047
13094.6 0 0.0332928
13098.4 0 0.0333809
13102.2 0 0.0334689
13106.1 0 0.0335569
13110 0 0.0336448
13114.2 0 0.0337326
13118.4 0 0.0338204
13122.6 0 0.0339081
13126.8 0 0.0339958
13130.9 0 0.0340835
13135.1 0 0.0341712
13139.3 0 0.0342589
13143.5 0 0.0343465
13147.6 0 0.0344342
13151.8 0 0.0345218
13155.9 0 0.0346094
13160.1 0 0.0346969
13164.3 0 0.0347845
13168.4 0 0.034872
13172.5 0 0.0349595
13176.7 0 0.035047
13180.8 0 0.0351345
13185 0 0.0352219
13189.1 0 0.0353093
13193.2 0 0.0353967
13197.4 0 0.0354841
13201.5 0 0.0355715
13205.6 0 0.0356588
13209.7 0 0.0357461
13213.9 0 0.0358334
13218.1 0 0.0359206
13222.4 0 0.0360077
13226.7 0 0.0360948
13231.2 0 0.0361818
13235.7 0 0.0362687
13240.2 0 0.0363557
13244.8 0 0.0364425
13249.3 0 0.0365294
13253.8 0 0.0366162
13258.3 0 0.036703
13262.8 0 0.0367898
13267.3 0 0.0368766
13271.8 0 0.0369633
13276.3 0 0.03705
13280.8 0 0.0371367
13285.3 0 0.0372233
13289.8 0 0.0373099
13294.3 0 0.0373965
13298.7 0 0.0374831
13303.2 0 0.0375697
13307.7 0 0.0376562
13312.2 0 0.0377427
13316.6 0 0.0378291
13321.1 0 0.0379156
13325.5 0 0.038002
13330 0 0.0380883
13334.4 0 0.0381747
13338.9 0 0.038261
13343.3 0 0.0383473
13347.7 0 0.0384336
13352.2 0 0.0385198
13356.6 0 0.038606
13361 0 0.0386922
13365.5 0 0.0387784
13369.9 0 0.0388645
13374.3 0 0.0389506
13378.8 0 0.0390366
13383.3 0 0.0391226
13387.9 0 0.0392085
13392.5 0 0.0392943
13397.2 0 0.03938
13402 0 0.0394657
13406.7 0 0.0395513
13411.5 0 0.0396369
13416.2 0 0.0397225
13420.9 0 0.0398081
13425.7 0 0.0398936
13430.4 0 0.0399791
13435.1 0 0.0400645
13439.8 0 0.0401499
13444.5 0 0.0402353
13449.3 0 0.0403207
13454 0 0.040406
13458.7 0 0.0404913
13463.4 0 0.0405766
13468.1 0 0.0406618
13472.8 0 0.040747
13477.4 0 0.0408322
13482.1 0 0.0409174
13486.8 0 0.0410025
13491.5 0 0.0410876
13496.2 0 0.0411726
13500.8 0 0.0412576
13505.5 0 0.0413426
13510.1 0 0.0414276
13514.8 0 0.0415125
13519.5 0 0.0415974
13524.1 0 0.0416823
13528.8 0 0.0417671
13533.4 0 0.0418519
13538 0 0.0419367
13542.7 0 0.0420214
13547.3 0 0.0421061
13551.9 0 0.0421908
13556.6 0 0.0422755
13561.2 0 0.0423601
13565.8 0 0.0424447
13570.4 0 0.0425292
13575 0 0.0426138
13579.6 0 0.0426983
13584.2 0 0.0427827
13588.8 0 0.0428672
13593.4 0 0.0429516
13598 0 0.0430359
13602.7 0 0.0431202
13607.4 0 0.0432045
13612.1 0 0.0432886
13616.8 0 0.0433727
13621.6 0 0.0434568
13410.3 0 0.0434057
13470.1 0 0.043448
13494.5 0 0.043505
