0 -58.4752 -2.26119e-06
634.56 0 9.29969e-05
1173.57 0 0.00019288
1709.92 0 0.000292721
2243.81 0 0.0003924
2775.24 0 0.000491863
3304.22 0 0.000591104
3830.74 0 0.000690113
4354.77 0 0.000788881
4876.15 0 0.000887411
5394.56 0 0.000985712
5909.16 0 0.00108381
6418.2 0 0.00118175
6918.36 0 0.00127966
7403.99 0 0.00137773
7866.83 0 0.00147625
8297.18 0 0.00157558
8686.59 0 0.00167606
9030.8 0 0.0017779
9330.49 0 0.00188122
9590.04 0 0.00198592
9815.21 0 0.00209192
10011.7 0 0.00219907
10184.8 0 0.00230713
10338.5 0 0.00241597
10475.8 0 0.00252563
10599.4 0 0.00263596
10711.4 0 0.00274696
10812.7 0 0.002859
10905.5 0 0.00297148
10991.1 0 0.00308435
11070.4 0 0.00319756
11143.9 0 0.00331117
11212.1 0 0.00342528
11276 0 0.00353966
11335.9 0 0.00365428
11392.3 0 0.00376912
11445.5 0 0.00388416
11495.9 0 0.00399939
11543.8 0 0.00411478
11589.3 0 0.00423032
11632.4 0 0.00434614
11673.3 0 0.00446227
11712.4 0 0.00457854
11749.8 0 0.00469492
11785.6 0 0.0048114
11820.1 0 0.00492798
11853.2 0 0.00504464
11885.1 0 0.00516138
11915.6 0 0.00527839
11945 0 0.0053956
11972.9 0 0.00551317
11999.8 0 0.00563083
12025.7 0 0.00574854
12050.7 0 0.00586636
12074.7 0 0.0059845
12097.7 0 0.00610275
12119.8 0 0.00622119
12141.1 0 0.00633966
12161.8 0 0.00645815
12181.9 0 0.00657666
12201.4 0 0.00669518
12220.3 0 0.00681371
12238.6 0 0.00693225
12256.3 0 0.0070508
12273.3 0 0.00716954
12289.7 0 0.0072884
12305.5 0 0.00740726
12320.9 0 0.00752611
12335.7 0 0.00764501
12349.8 0 0.00776407
12363.5 0 0.00788311
12376.5 0 0.00800264
12388.8 0 0.00812261
12400.7 0 0.00824258
12412.4 0 0.00836252
12423.7 0 0.00848245
12434.7 0 0.00860235
12445.5 0 0.00872223
12455.9 0 0.00884209
12466.1 0 0.00896193
12476 0 0.00908174
12485.7 0 0.00920155
12495.1 0 0.00932133
12504.3 0 0.0094411
12513.2 0 0.00956086
12521.8 0 0.0096806
12530.3 0 0.00980034
12538.4 0 0.00992007
12546.4 0 0.0100398
12554.2 0 0.0101595
12561.7 0 0.0102792
12569 0 0.0103989
12576.2 0 0.0105185
12583.1 0 0.0106382
12589.9 0 0.0107579
12596.5 0 0.0108775
12603 0 0.0109971
12609.3 0 0.0111167
12615.5 0 0.0112362
12621.6 0 0.0113558
12627.5 0 0.0114753
12633.3 0 0.0115949
12638.9 0 0.0117147
12644.3 0 0.0118349
12649.5 0 0.0119551
12654.6 0 0.0120754
12659.6 0 0.0121958
12664.4 0 0.0123162
12669.2 0 0.0124365
12673.9 0 0.0125569
12678.6 0 0.0126772
12683.1 0 0.0127975
12687.6 0 0.0129177
12692 0 0.013038
12696.3 0 0.0131582
12700.6 0 0.0132785
12704.8 0 0.0133987
12708.9 0 0.0135189
12713 0 0.0136391
12717 0 0.0137593
12720.9 0 0.0138795
12724.7 0 0.0139997
12728.5 0 0.0141198
12732.1 0 0.0142401
12735.7 0 0.0143603
12739.2 0 0.0144806
12742.7 0 0.0146009
12746 0 0.0147211
12749.3 0 0.0148414
12752.5 0 0.0149617
12755.5 0 0.0150826
12758.3 0 0.0152035
12761.2 0 0.0153244
12763.9 0 0.0154453
12766.6 0 0.0155662
12769.2 0 0.0156871
12771.7 0 0.0158083
12774.1 0 0.0159298
12776.4 0 0.0160513
12778.6 0 0.0161729
12780.8 0 0.0162944
12783 0 0.016416
12785.1 0 0.0165375
12787.2 0 0.016659
12789.2 0 0.0167806
12791.2 0 0.0169021
12793.2 0 0.0170237
12795.1 0 0.0171452
12797 0 0.0172667
12798.8 0 0.0173882
12800.6 0 0.0175097
12802.4 0 0.0176312
12804.2 0 0.0177527
12805.9 0 0.0178742
12807.7 0 0.0179956
12809.4 0 0.0181171
12811 0 0.0182385
12812.7 0 0.0183599
12814.3 0 0.0184813
12815.9 0 0.0186027
12817.5 0 0.0187241
12819.1 0 0.0188454
12820.7 0 0.0189667
12822.2 0 0.0190881
12823.7 0 0.0192094
12825.2 0 0.0193306
12826.7 0 0.0194519
12828.2 0 0.0195732
12829.7 0 0.0196944
12831.1 0 0.0198156
12832.6 0 0.0199368
12834 0 0.020058
12835.4 0 0.0201791
12836.8 0 0.0203003
12838.2 0 0.0204214
12839.5 0 0.0205425
12840.9 0 0.0206636
12842.2 0 0.0207847
12843.6 0 0.0209058
12844.9 0 0.0210268
12846.2 0 0.0211478
12847.5 0 0.0212689
12848.7 0 0.0213899
12850 0 0.0215109
12851.3 0 0.0216318
12852.5 0 0.0217528
12853.7 0 0.0218738
12855 0 0.0219947
12856.2 0 0.0221156
12857.4 0 0.0222366
12858.5 0 0.0223575
12859.7 0 0.0224784
12860.9 0 0.0225993
12862 0 0.0227201
12863.1 0 0.022841
12864.3 0 0.0229618
12865.4 0 0.0230827
12866.4 0 0.0232035
12867.5 0 0.0233244
12868.6 0 0.0234452
12869.6 0 0.023566
12870.7 0 0.0236869
12871.7 0 0.0238077
12872.7 0 0.0239285
12873.7 0 0.0240493
12874.7 0 0.0241701
12875.7 0 0.024291
12876.6 0 0.0244118
12877.5 0 0.0245326
12878.5 0 0.0246534
12879.4 0 0.0247743
12880.3 0 0.0248951
12881.2 0 0.0250159
12882 0 0.0251368
12882.9 0 0.0252576
12883.7 0 0.0253784
12884.6 0 0.0254993
12885.4 0 0.0256202
12886.2 0 0.025741
12886.9 0 0.0258619
12887.7 0 0.0259828
12888.5 0 0.0261037
12889.2 0 0.0262245
12889.9 0 0.0263454
12890.6 0 0.0264663
12891.3 0 0.0265873
12892 0 0.0267082
12892.7 0 0.0268291
12893.3 0 0.02695
12894 0 0.027071
12894.6 0 0.0271919
12895.2 0 0.0273129
12895.8 0 0.0274338
12896.4 0 0.0275548
12897 0 0.0276758
12897.6 0 0.0277967
12898.1 0 0.0279177
12898.7 0 0.0280387
12899.2 0 0.0281597
12899.8 0 0.0282807
12900.3 0 0.0284017
12900.7 0 0.0285232
12901.2 0 0.0286448
12901.6 0 0.0287663
12902 0 0.0288878
12902.5 0 0.0290094
12902.9 0 0.0291309
12903.3 0 0.0292525
12903.7 0 0.0293741
12904.1 0 0.0294956
12904.5 0 0.0296172
12904.8 0 0.0297388
12905.2 0 0.0298603
12905.5 0 0.0299819
12905.9 0 0.0301035
12906.2 0 0.030225
12906.6 0 0.0303466
12906.9 0 0.0304682
12907.2 0 0.0305897
12907.5 0 0.0307113
12907.9 0 0.0308329
12908.2 0 0.0309544
12908.5 0 0.031076
12908.8 0 0.0311975
12909 0 0.0313191
12909.3 0 0.0314406
12909.6 0 0.0315622
12909.9 0 0.0316837
12910.2 0 0.0318053
12910.4 0 0.0319268
12910.7 0 0.0320483
12910.9 0 0.0321699
12911.2 0 0.0322914
12911.4 0 0.0324129
12911.7 0 0.0325344
12911.9 0 0.0326559
12912.2 0 0.0327774
12912.4 0 0.0328989
12912.6 0 0.0330204
12912.9 0 0.0331419
12913.1 0 0.0332633
12913.3 0 0.0333848
12913.5 0 0.0335063
12913.7 0 0.0336277
12913.9 0 0.0337492
12914.1 0 0.0338706
12914.3 0 0.033992
12914.5 0 0.0341135
12914.7 0 0.0342349
12914.9 0 0.0343563
12915.1 0 0.0344777
12915.3 0 0.0345991
12915.5 0 0.0347205
12915.7 0 0.0348419
12915.9 0 0.0349633
12916 0 0.0350847
12916.2 0 0.035206
12916.4 0 0.0353274
12916.6 0 0.0354487
12916.7 0 0.0355701
12916.9 0 0.0356914
12917 0 0.0358128
12917.2 0 0.0359341
12917.4 0 0.0360554
12917.5 0 0.0361767
12917.7 0 0.036298
12917.8 0 0.0364193
12918 0 0.0365406
12918.1 0 0.0366619
12918.2 0 0.0367831
12918.4 0 0.0369044
12918.5 0 0.0370257
12918.7 0 0.0371469
12918.8 0 0.0372682
12918.9 0 0.0373894
12919.1 0 0.0375106
12919.3 0 0.0376318
12919.6 0 0.037753
12920.2 0 0.037874
12921.1 0 0.037995
12922.2 0 0.0381159
12923.4 0 0.0382368
12924.8 0 0.0383576
12926.3 0 0.0384783
12927.9 0 0.038599
12929.8 0 0.0387196
12931.8 0 0.0388402
12933.7 0 0.0389608
12935.7 0 0.0390814
12937.6 0 0.0392019
12939.6 0 0.0393225
12941.8 0 0.0394429
12944.1 0 0.0395633
12946.6 0 0.0396837
12949.3 0 0.039804
12951.9 0 0.0399243
12954.5 0 0.0400445
12957.1 0 0.0401648
12959.7 0 0.0402851
12962.3 0 0.0404053
12964.9 0 0.0405255
12967.5 0 0.0406458
12970.2 0 0.0407659
12973 0 0.0408861
12976 0 0.0410061
12979.1 0 0.0411261
12982.4 0 0.0412461
12985.6 0 0.041366
12988.8 0 0.0414859
12992 0 0.0416057
12995.2 0 0.0417255
12998.4 0 0.0418454
13001.6 0 0.0419652
13004.8 0 0.042085
13008 0 0.0422047
13011.2 0 0.0423245
13014.4 0 0.0424442
13017.6 0 0.042564
13020.9 0 0.0426837
13024.2 0 0.0428033
13027.7 0 0.0429229
13031.3 0 0.0430424
13035 0 0.0431619
13038.8 0 0.0432813
13042.5 0 0.0434007
13046.3 0 0.0435201
13050 0 0.0436395
13053.7 0 0.0437589
13057.5 0 0.0438782
13061.2 0 0.0439976
13064.9 0 0.0441169
13068.7 0 0.0442362
13072.4 0 0.0443555
13076.1 0 0.0444748
13079.8 0 0.044594
13083.5 0 0.0447133
13087.2 0 0.0448325
13090.9 0 0.0449517
13094.6 0 0.0450709
13098.4 0 0.0451901
13102.2 0 0.0453092
13106.1 0 0.0454282
13110 0 0.0455473
13114.2 0 0.0456662
13118.4 0 0.045785
13122.6 0 0.0459039
13126.8 0 0.0460227
13130.9 0 0.0461415
13135.1 0 0.0462603
13139.3 0 0.0463791
13143.5 0 0.0464979
13147.6 0 0.0466166
13151.8 0 0.0467353
13155.9 0 0.046854
13160.1 0 0.0469727
13164.3 0 0.0470914
13168.4 0 0.04721
13172.5 0 0.0473286
13176.7 0 0.0474472
13180.8 0 0.0475658
13185 0 0.0476844
13189.1 0 0.0478029
13193.2 0 0.0479214
13197.4 0 0.0480399
13201.5 0 0.0481584
13205.6 0 0.0482769
13209.7 0 0.0483953
13213.9 0 0.0485137
13218.1 0 0.048632
13222.4 0 0.0487503
13226.7 0 0.0488685
13231.2 0 0.0489866
13235.7 0 0.0491047
13240.2 0 0.0492228
13244.8 0 0.0493408
13249.3 0 0.0494588
13253.8 0 0.0495767
13258.3 0 0.0496947
13262.8 0 0.0498126
13267.3 0 0.0499305
13271.8 0 0.0500484
13276.3 0 0.0501662
13280.8 0 0.0502841
13285.3 0 0.0504018
13289.8 0 0.0505196
13294.3 0 0.0506374
13298.7 0 0.0507551
13303.2 0 0.0508728
13307.7 0 0.0509904
13312.2 0 0.0511081
13316.6 0 0.0512257
13321.1 0 0.0513433
13325.5 0 0.0514609
13330 0 0.0515784
13334.4 0 0.0516959
13338.9 0 0.0518134
13343.3 0 0.0519308
13347.7 0 0.0520483
13352.2 0 0.0521657
13356.6 0 0.052283
13361 0 0.0524004
13365.5 0 0.0525177
13369.9 0 0.052635
13374.3 0 0.0527523
13378.8 0 0.0528694
13383.3 0 0.0529866
13387.9 0 0.0531036
13392.5 0 0.0532206
13397.2 0 0.0533375
13402 0 0.0534544
13406.7 0 0.0535712
13411.5 0 0.053688
13416.2 0 0.0538047
13420.9 0 0.0539215
13425.7 0 0.0540382
13430.4 0 0.0541548
13435.1 0 0.0542715
13439.8 0 0.0543881
13444.5 0 0.0545047
13449.3 0 0.0546212
13454 0 0.0547377
13458.7 0 0.0548542
13463.4 0 0.0549707
13468.1 0 0.0550871
13472.8 0 0.0552035
13477.4 0 0.0553199
13482.1 0 0.0554362
13486.8 0 0.0555525
13491.5 0 0.0556688
13496.2 0 0.055785
13500.8 0 0.0559013
13505.5 0 0.0560175
13510.1 0 0.0561336
13514.8 0 0.0562497
13519.5 0 0.0563658
13524.1 0 0.0564819
13528.8 0 0.0565979
13533.4 0 0.0567139
13538 0 0.0568299
13542.7 0 0.0569459
13547.3 0 0.0570618
13551.9 0 0.0571777
13556.6 0 0.0572935
13561.2 0 0.0574094
13565.8 0 0.0575252
13570.4 0 0.0576409
13575 0 0.0577567
13579.6 0 0.0578724
13584.2 0 0.057988
13588.8 0 0.0581037
13593.4 0 0.0582193
13598 0 0.0583348
13602.7 0 0.0584503
13607.4 0 0.0585658
13612.1 0 0.0586811
13616.8 0 0.0587965
13621.6 0 0.0589116
13410.3 0 0.0588921
13470.1 0 0.0589658
13494.5 0 0.0590542
