0 -58.4752 -2.26119e-06
634.56 0 5.22989e-05
1173.57 0 0.000111466
1709.92 0 0.000170593
2243.81 0 0.000229557
2775.24 0 0.000288307
3304.22 0 0.000346837
3830.74 0 0.000405134
4354.77 0 0.000463192
4876.15 0 0.000521011
5394.56 0 0.0005786
5909.16 0 0.000635983
6418.2 0 0.000693218
6918.36 0 0.000750415
7403.99 0 0.000807774
7866.83 0 0.000865578
8297.18 0 0.000924193
8686.59 0 0.000983963
9030.8 0 0.0010451
9330.49 0 0.0011077
9590.04 0 0.00117169
9815.21 0 0.00123694
10011.7 0 0.00130333
10184.8 0 0.00137061
10338.5 0 0.00143868
10475.8 0 0.00150764
10599.4 0 0.00157731
10711.4 0 0.00164768
10812.7 0 0.00171903
10905.5 0 0.00179083
10991.1 0 0.00186302
11070.4 0 0.00193556
11143.9 0 0.00200849
11212.1 0 0.00208193
11276 0 0.00215564
11335.9 0 0.0022296
11392.3 0 0.00230377
11445.5 0 0.00237815
11495.9 0 0.00245272
11543.8 0 0.00252745
11589.3 0 0.00260233
11632.4 0 0.00267748
11673.3 0 0.00275295
11712.4 0 0.00282854
11749.8 0 0.00290425
11785.6 0 0.00298006
11820.1 0 0.00305596
11853.2 0 0.00313196
11885.1 0 0.00320803
11915.6 0 0.00328431
11945 0 0.00336075
11972.9 0 0.00343758
11999.8 0 0.0035145
12025.7 0 0.00359148
12050.7 0 0.00366855
12074.7 0 0.00374588
12097.7 0 0.00382334
12119.8 0 0.00390105
12141.1 0 0.00397879
12161.8 0 0.00405655
12181.9 0 0.00413432
12201.4 0 0.00421211
12220.3 0 0.00428991
12238.6 0 0.00436772
12256.3 0 0.00444553
12273.3 0 0.00452355
12289.7 0 0.00460169
12305.5 0 0.00467982
12320.9 0 0.00475795
12335.7 0 0.00483617
12349.8 0 0.00491465
12363.5 0 0.00499312
12376.5 0 0.00507194
12388.8 0 0.00515113
12400.7 0 0.0052303
12412.4 0 0.00530945
12423.7 0 0.00538858
12434.7 0 0.00546769
12445.5 0 0.00554678
12455.9 0 0.00562584
12466.1 0 0.00570488
12476 0 0.0057839
12485.7 0 0.00586291
12495.1 0 0.00594189
12504.3 0 0.00602086
12513.2 0 0.00609981
12521.8 0 0.00617876
12530.3 0 0.00625769
12538.4 0 0.00633661
12546.4 0 0.00641552
12554.2 0 0.00649442
12561.7 0 0.0065733
12569 0 0.00665218
12576.2 0 0.00673104
12583.1 0 0.00680989
12589.9 0 0.00688872
12596.5 0 0.00696753
12603 0 0.00704633
12609.3 0 0.0071251
12615.5 0 0.00720386
12621.6 0 0.00728259
12627.5 0 0.00736129
12633.3 0 0.00744005
12638.9 0 0.00751899
12644.3 0 0.00759816
12649.5 0 0.00767742
12654.6 0 0.00775672
12659.6 0 0.0078362
12664.4 0 0.00791565
12669.2 0 0.00799508
12673.9 0 0.00807449
12678.6 0 0.00815388
12683.1 0 0.00823325
12687.6 0 0.0083126
12692 0 0.00839193
12696.3 0 0.00847124
12700.6 0 0.00855054
12704.8 0 0.00862983
12708.9 0 0.0087091
12713 0 0.00878836
12717 0 0.00886761
12720.9 0 0.00894685
12724.7 0 0.00902608
12728.5 0 0.00910531
12732.1 0 0.00918462
12735.7 0 0.00926403
12739.2 0 0.00934343
12742.7 0 0.00942283
12746 0 0.00950222
12749.3 0 0.00958161
12752.5 0 0.00966112
12755.5 0 0.00974124
12758.3 0 0.00982145
12761.2 0 0.00990166
12763.9 0 0.00998189
12766.6 0 0.0100621
12769.2 0 0.0101424
12771.7 0 0.0102229
12774.1 0 0.0103037
12776.4 0 0.0103845
12778.6 0 0.0104654
12780.8 0 0.0105462
12783 0 0.0106271
12785.1 0 0.0107079
12787.2 0 0.0107888
12789.2 0 0.0108696
12791.2 0 0.0109505
12793.2 0 0.0110314
12795.1 0 0.0111122
12797 0 0.0111931
12798.8 0 0.0112739
12800.6 0 0.0113547
12802.4 0 0.0114356
12804.2 0 0.0115164
12805.9 0 0.0115972
12807.7 0 0.011678
12809.4 0 0.0117588
12811 0 0.0118395
12812.7 0 0.0119203
12814.3 0 0.012001
12815.9 0 0.0120817
12817.5 0 0.0121625
12819.1 0 0.0122431
12820.7 0 0.0123238
12822.2 0 0.0124045
12823.7 0 0.0124851
12825.2 0 0.0125657
12826.7 0 0.0126464
12828.2 0 0.0127269
12829.7 0 0.0128075
12831.1 0 0.0128881
12832.6 0 0.0129686
12834 0 0.0130491
12835.4 0 0.0131296
12836.8 0 0.0132101
12838.2 0 0.0132906
12839.5 0 0.013371
12840.9 0 0.0134515
12842.2 0 0.0135319
12843.6 0 0.0136123
12844.9 0 0.0136927
12846.2 0 0.013773
12847.5 0 0.0138534
12848.7 0 0.0139337
12850 0 0.0140141
12851.3 0 0.0140944
12852.5 0 0.0141747
12853.7 0 0.014255
12855 0 0.0143353
12856.2 0 0.0144155
12857.4 0 0.0144958
12858.5 0 0.014576
12859.7 0 0.0146563
12860.9 0 0.0147365
12862 0 0.0148167
12863.1 0 0.0148969
12864.3 0 0.0149771
12865.4 0 0.0150572
12866.4 0 0.0151374
12867.5 0 0.0152176
12868.6 0 0.0152978
12869.6 0 0.0153779
12870.7 0 0.0154581
12871.7 0 0.0155382
12872.7 0 0.0156184
12873.7 0 0.0156985
12874.7 0 0.0157787
12875.7 0 0.0158588
12876.6 0 0.015939
12877.5 0 0.0160191
12878.5 0 0.0160993
12879.4 0 0.0161795
12880.3 0 0.0162596
12881.2 0 0.0163398
12882 0 0.01642
12882.9 0 0.0165001
12883.7 0 0.0165803
12884.6 0 0.0166605
12885.4 0 0.0167407
12886.2 0 0.0168209
12886.9 0 0.0169011
12887.7 0 0.0169813
12888.5 0 0.0170615
12889.2 0 0.0171418
12889.9 0 0.017222
12890.6 0 0.0173023
12891.3 0 0.0173825
12892 0 0.0174628
12892.7 0 0.017543
12893.3 0 0.0176233
12894 0 0.0177036
12894.6 0 0.0177839
12895.2 0 0.0178642
12895.8 0 0.0179445
12896.4 0 0.0180248
12897 0 0.0181051
12897.6 0 0.0181855
12898.1 0 0.0182658
12898.7 0 0.0183461
12899.2 0 0.0184265
12899.8 0 0.0185068
12900.3 0 0.0185872
12900.7 0 0.018668
12901.2 0 0.0187489
12901.6 0 0.0188297
12902 0 0.0189106
12902.5 0 0.0189914
12902.9 0 0.0190723
12903.3 0 0.0191532
12903.7 0 0.019234
12904.1 0 0.0193149
12904.5 0 0.0193958
12904.8 0 0.0194766
12905.2 0 0.0195575
12905.5 0 0.0196384
12905.9 0 0.0197193
12906.2 0 0.0198002
12906.6 0 0.019881
12906.9 0 0.0199619
12907.2 0 0.0200428
12907.5 0 0.0201237
12907.9 0 0.0202046
12908.2 0 0.0202854
12908.5 0 0.0203663
12908.8 0 0.0204472
12909 0 0.020528
12909.3 0 0.0206089
12909.6 0 0.0206898
12909.9 0 0.0207706
12910.2 0 0.0208515
12910.4 0 0.0209323
12910.7 0 0.0210132
12910.9 0 0.021094
12911.2 0 0.0211748
12911.4 0 0.0212557
12911.7 0 0.0213365
12911.9 0 0.0214173
12912.2 0 0.0214981
12912.4 0 0.0215789
12912.6 0 0.0216597
12912.9 0 0.0217405
12913.1 0 0.0218213
12913.3 0 0.0219021
12913.5 0 0.0219829
12913.7 0 0.0220637
12913.9 0 0.0221444
12914.1 0 0.0222252
12914.3 0 0.0223059
12914.5 0 0.0223867
12914.7 0 0.0224674
12914.9 0 0.0225482
12915.1 0 0.0226289
12915.3 0 0.0227096
12915.5 0 0.0227903
12915.7 0 0.022871
12915.9 0 0.0229517
12916 0 0.0230324
12916.2 0 0.0231131
12916.4 0 0.0231937
12916.6 0 0.0232744
12916.7 0 0.0233551
12916.9 0 0.0234357
12917 0 0.0235164
12917.2 0 0.023597
12917.4 0 0.0236776
12917.5 0 0.0237583
12917.7 0 0.0238389
12917.8 0 0.0239195
12918 0 0.0240001
12918.1 0 0.0240807
12918.2 0 0.0241613
12918.4 0 0.0242418
12918.5 0 0.0243224
12918.7 0 0.024403
12918.8 0 0.0244835
12918.9 0 0.0245641
12919.1 0 0.0246446
12919.3 0 0.0247251
12919.6 0 0.0248056
12920.2 0 0.0248859
12921.1 0 0.0249662
12922.2 0 0.0250464
12923.4 0 0.0251266
12924.8 0 0.0252067
12926.3 0 0.0252867
12927.9 0 0.0253667
12929.8 0 0.0254466
12931.8 0 0.0255265
12933.7 0 0.0256063
12935.7 0 0.0256862
12937.6 0 0.025766
12939.6 0 0.0258458
12941.8 0 0.0259256
12944.1 0 0.0260053
12946.6 0 0.0260849
12949.3 0 0.0261645
12951.9 0 0.026244
12954.5 0 0.0263236
12957.1 0 0.0264031
12959.7 0 0.0264826
12962.3 0 0.0265622
12964.9 0 0.0266417
12967.5 0 0.0267212
12970.2 0 0.0268006
12973 0 0.02688
12976 0 0.0269594
12979.1 0 0.0270386
12982.4 0 0.0271178
12985.6 0 0.027197
12988.8 0 0.0272762
12992 0 0.0273553
12995.2 0 0.0274344
12998.4 0 0.0275135
13001.6 0 0.0275926
13004.8 0 0.0276716
13008 0 0.0277507
13011.2 0 0.0278297
13014.4 0 0.0279088
13017.6 0 0.0279878
13020.9 0 0.0280668
13024.2 0 0.0281457
13027.7 0 0.0282246
13031.3 0 0.0283034
13035 0 0.0283821
13038.8 0 0.0284608
13042.5 0 0.0285395
13046.3 0 0.0286181
13050 0 0.0286968
13053.7 0 0.0287754
13057.5 0 0.0288541
13061.2 0 0.0289327
13064.9 0 0.0290113
13068.7 0 0.0290898
13072.4 0 0.0291684
13076.1 0 0.029247
13079.8 0 0.0293255
13083.5 0 0.029404
13087.2 0 0.0294825
13090.9 0 0.029561
13094.6 0 0.0296395
13098.4 0 0.0297179
13102.2 0 0.0297963
13106.1 0 0.0298746
13110 0 0.0299529
13114.2 0 0.030031
13118.4 0 0.0301092
13122.6 0 0.0301873
13126.8 0 0.0302654
13130.9 0 0.0303434
13135.1 0 0.0304215
13139.3 0 0.0304995
13143.5 0 0.0305775
13147.6 0 0.0306555
13151.8 0 0.0307335
13155.9 0 0.0308115
13160.1 0 0.0308894
13164.3 0 0.0309673
13168.4 0 0.0310452
13172.5 0 0.0311231
13176.7 0 0.0312009
13180.8 0 0.0312788
13185 0 0.0313566
13189.1 0 0.0314344
13193.2 0 0.0315121
13197.4 0 0.0315899
13201.5 0 0.0316676
13205.6 0 0.0317453
13209.7 0 0.031823
13213.9 0 0.0319006
13218.1 0 0.0319782
13222.4 0 0.0320557
13226.7 0 0.0321332
13231.2 0 0.0322105
13235.7 0 0.0322878
13240.2 0 0.0323651
13244.8 0 0.0324424
13249.3 0 0.0325196
13253.8 0 0.0325968
13258.3 0 0.032674
13262.8 0 0.0327511
13267.3 0 0.0328283
13271.8 0 0.0329054
13276.3 0 0.0329824
13280.8 0 0.0330595
13285.3 0 0.0331365
13289.8 0 0.0332135
13294.3 0 0.0332905
13298.7 0 0.0333674
13303.2 0 0.0334443
13307.7 0 0.0335212
13312.2 0 0.0335981
13316.6 0 0.0336749
13321.1 0 0.0337517
13325.5 0 0.0338285
13330 0 0.0339053
13334.4 0 0.033982
13338.9 0 0.0340587
13343.3 0 0.0341354
13347.7 0 0.034212
13352.2 0 0.0342886
13356.6 0 0.0343652
13361 0 0.0344418
13365.5 0 0.0345183
13369.9 0 0.0345948
13374.3 0 0.0346713
13378.8 0 0.0347477
13383.3 0 0.034824
13387.9 0 0.0349003
13392.5 0 0.0349765
13397.2 0 0.0350526
13402 0 0.0351286
13406.7 0 0.0352047
13411.5 0 0.0352806
13416.2 0 0.0353566
13420.9 0 0.0354325
13425.7 0 0.0355084
13430.4 0 0.0355843
13435.1 0 0.0356601
13439.8 0 0.0357359
13444.5 0 0.0358117
13449.3 0 0.0358874
13454 0 0.0359631
13458.7 0 0.0360388
13463.4 0 0.0361145
13468.1 0 0.0361901
13472.8 0 0.0362657
13477.4 0 0.0363412
13482.1 0 0.0364168
13486.8 0 0.0364923
13491.5 0 0.0365677
13496.2 0 0.0366431
13500.8 0 0.0367186
13505.5 0 0.0367939
13510.1 0 0.0368693
13514.8 0 0.0369446
13519.5 0 0.0370199
13524.1 0 0.0370951
13528.8 0 0.0371703
13533.4 0 0.0372455
13538 0 0.0373207
13542.7 0 0.0373958
13547.3 0 0.0374709
13551.9 0 0.0375459
13556.6 0 0.037621
13561.2 0 0.037696
13565.8 0 0.037771
13570.4 0 0.0378459
13575 0 0.0379208
13579.6 0 0.0379957
13584.2 0 0.0380705
13588.8 0 0.0381454
13593.4 0 0.0382201
13598 0 0.0382949
13602.7 0 0.0383696
13607.4 0 0.0384442
13612.1 0 0.0385187
13616.8 0 0.0385932
13621.6 0 0.0386676
13410.3 0 0.038607
13470.1 0 0.0386397
13494.5 0 0.0386872
