0 -58.4752 -2.26119e-06
634.56 0 6.55303e-05
1173.57 0 0.000137951
1709.92 0 0.000210329
2243.81 0 0.000282545
2775.24 0 0.000354545
3304.22 0 0.000426324
3830.74 0 0.000497868
4354.77 0 0.000569173
4876.15 0 0.00064024
5394.56 0 0.000711077
5909.16 0 0.000781709
6418.2 0 0.000852192
6918.36 0 0.000922638
7403.99 0 0.000993245
7866.83 0 0.0010643
8297.18 0 0.00113616
8686.59 0 0.00120918
9030.8 0 0.00128356
9330.49 0 0.00135942
9590.04 0 0.00143666
9815.21 0 0.0015152
10011.7 0 0.0015949
10184.8 0 0.00167551
10338.5 0 0.0017569
10475.8 0 0.00183909
10599.4 0 0.00192195
10711.4 0 0.00200547
10812.7 0 0.00209004
10905.5 0 0.00217505
10991.1 0 0.00226044
11070.4 0 0.00234619
11143.9 0 0.00243232
11212.1 0 0.00251896
11276 0 0.00260586
11335.9 0 0.00269301
11392.3 0 0.00278038
11445.5 0 0.00286794
11495.9 0 0.00295569
11543.8 0 0.00304361
11589.3 0 0.00313167
11632.4 0 0.00322002
11673.3 0 0.00330868
11712.4 0 0.00339747
11749.8 0 0.00348638
11785.6 0 0.00357539
11820.1 0 0.00366449
11853.2 0 0.00375368
11885.1 0 0.00384295
11915.6 0 0.0039325
11945 0 0.00402226
11972.9 0 0.00411237
11999.8 0 0.00420257
12025.7 0 0.00429283
12050.7 0 0.0043832
12074.7 0 0.0044739
12097.7 0 0.0045647
12119.8 0 0.00465568
12141.1 0 0.00474669
12161.8 0 0.00483772
12181.9 0 0.00492877
12201.4 0 0.00501983
12220.3 0 0.00511091
12238.6 0 0.00520199
12256.3 0 0.00529308
12273.3 0 0.00538436
12289.7 0 0.00547576
12305.5 0 0.00556715
12320.9 0 0.00565854
12335.7 0 0.00574997
12349.8 0 0.00584154
12363.5 0 0.00593309
12376.5 0 0.00602515
12388.8 0 0.00611768
12400.7 0 0.0062102
12412.4 0 0.0063027
12423.7 0 0.00639518
12434.7 0 0.00648764
12445.5 0 0.00658007
12455.9 0 0.00667249
12466.1 0 0.00676488
12476 0 0.00685726
12485.7 0 0.00694962
12495.1 0 0.00704196
12504.3 0 0.00713429
12513.2 0 0.0072266
12521.8 0 0.00731891
12530.3 0 0.0074112
12538.4 0 0.00750348
12546.4 0 0.00759576
12554.2 0 0.00768803
12561.7 0 0.00778028
12569 0 0.00787253
12576.2 0 0.00796476
12583.1 0 0.00805699
12589.9 0 0.00814919
12596.5 0 0.00824138
12603 0 0.00833355
12609.3 0 0.0084257
12615.5 0 0.00851783
12621.6 0 0.00860993
12627.5 0 0.00870201
12633.3 0 0.00879417
12638.9 0 0.00888658
12644.3 0 0.00897931
12649.5 0 0.00907219
12654.6 0 0.00916508
12659.6 0 0.00925805
12664.4 0 0.00935101
12669.2 0 0.00944394
12673.9 0 0.00953686
12678.6 0 0.00962975
12683.1 0 0.00972263
12687.6 0 0.00981549
12692 0 0.00990833
12696.3 0 0.0100012
12700.6 0 0.010094
12704.8 0 0.0101868
12708.9 0 0.0102796
12713 0 0.0103724
12717 0 0.0104652
12720.9 0 0.0105579
12724.7 0 0.0106507
12728.5 0 0.0107435
12732.1 0 0.0108363
12735.7 0 0.0109291
12739.2 0 0.011022
12742.7 0 0.0111148
12746 0 0.0112077
12749.3 0 0.0113005
12752.5 0 0.0113934
12755.5 0 0.0114868
12758.3 0 0.0115802
12761.2 0 0.0116736
12763.9 0 0.0117671
12766.6 0 0.0118605
12769.2 0 0.0119539
12771.7 0 0.0120477
12774.1 0 0.0121417
12776.4 0 0.0122358
12778.6 0 0.0123298
12780.8 0 0.0124239
12783 0 0.012518
12785.1 0 0.0126121
12787.2 0 0.0127061
12789.2 0 0.0128002
12791.2 0 0.0128943
12793.2 0 0.0129884
12795.1 0 0.0130824
12797 0 0.0131765
12798.8 0 0.0132705
12800.6 0 0.0133645
12802.4 0 0.0134586
12804.2 0 0.0135526
12805.9 0 0.0136466
12807.7 0 0.0137405
12809.4 0 0.0138345
12811 0 0.0139285
12812.7 0 0.0140224
12814.3 0 0.0141163
12815.9 0 0.0142102
12817.5 0 0.0143041
12819.1 0 0.014398
12820.7 0 0.0144918
12822.2 0 0.0145857
12823.7 0 0.0146795
12825.2 0 0.0147733
12826.7 0 0.0148671
12828.2 0 0.0149609
12829.7 0 0.0150546
12831.1 0 0.0151484
12832.6 0 0.0152421
12834 0 0.0153358
12835.4 0 0.0154295
12836.8 0 0.0155231
12838.2 0 0.0156168
12839.5 0 0.0157104
12840.9 0 0.0158041
12842.2 0 0.0158977
12843.6 0 0.0159912
12844.9 0 0.0160848
12846.2 0 0.0161784
12847.5 0 0.0162719
12848.7 0 0.0163655
12850 0 0.016459
12851.3 0 0.0165525
12852.5 0 0.016646
12853.7 0 0.0167395
12855 0 0.0168329
12856.2 0 0.0169264
12857.4 0 0.0170198
12858.5 0 0.0171133
12859.7 0 0.0172067
12860.9 0 0.0173001
12862 0 0.0173935
12863.1 0 0.0174869
12864.3 0 0.0175803
12865.4 0 0.0176736
12866.4 0 0.017767
12867.5 0 0.0178604
12868.6 0 0.0179537
12869.6 0 0.0180471
12870.7 0 0.0181404
12871.7 0 0.0182338
12872.7 0 0.0183271
12873.7 0 0.0184205
12874.7 0 0.0185138
12875.7 0 0.0186072
12876.6 0 0.0187005
12877.5 0 0.0187939
12878.5 0 0.0188872
12879.4 0 0.0189806
12880.3 0 0.0190739
12881.2 0 0.0191673
12882 0 0.0192607
12882.9 0 0.019354
12883.7 0 0.0194474
12884.6 0 0.0195408
12885.4 0 0.0196342
12886.2 0 0.0197275
12886.9 0 0.0198209
12887.7 0 0.0199143
12888.5 0 0.0200078
12889.2 0 0.0201012
12889.9 0 0.0201946
12890.6 0 0.020288
12891.3 0 0.0203815
12892 0 0.0204749
12892.7 0 0.0205684
12893.3 0 0.0206618
12894 0 0.0207553
12894.6 0 0.0208487
12895.2 0 0.0209422
12895.8 0 0.0210357
12896.4 0 0.0211292
12897 0 0.0212227
12897.6 0 0.0213162
12898.1 0 0.0214097
12898.7 0 0.0215032
12899.2 0 0.0215967
12899.8 0 0.0216902
12900.3 0 0.0217837
12900.7 0 0.0218778
12901.2 0 0.0219719
12901.6 0 0.0220659
12902 0 0.02216
12902.5 0 0.0222541
12902.9 0 0.0223482
12903.3 0 0.0224423
12903.7 0 0.0225364
12904.1 0 0.0226304
12904.5 0 0.0227245
12904.8 0 0.0228186
12905.2 0 0.0229127
12905.5 0 0.0230068
12905.9 0 0.0231009
12906.2 0 0.023195
12906.6 0 0.0232891
12906.9 0 0.0233832
12907.2 0 0.0234773
12907.5 0 0.0235714
12907.9 0 0.0236655
12908.2 0 0.0237596
12908.5 0 0.0238537
12908.8 0 0.0239478
12909 0 0.0240419
12909.3 0 0.024136
12909.6 0 0.02423
12909.9 0 0.0243241
12910.2 0 0.0244182
12910.4 0 0.0245122
12910.7 0 0.0246063
12910.9 0 0.0247004
12911.2 0 0.0247944
12911.4 0 0.0248884
12911.7 0 0.0249825
12911.9 0 0.0250765
12912.2 0 0.0251705
12912.4 0 0.0252646
12912.6 0 0.0253586
12912.9 0 0.0254526
12913.1 0 0.0255466
12913.3 0 0.0256406
12913.5 0 0.0257346
12913.7 0 0.0258286
12913.9 0 0.0259226
12914.1 0 0.0260165
12914.3 0 0.0261105
12914.5 0 0.0262045
12914.7 0 0.0262984
12914.9 0 0.0263924
12915.1 0 0.0264863
12915.3 0 0.0265802
12915.5 0 0.0266742
12915.7 0 0.0267681
12915.9 0 0.026862
12916 0 0.0269559
12916.2 0 0.0270498
12916.4 0 0.0271437
12916.6 0 0.0272376
12916.7 0 0.0273314
12916.9 0 0.0274253
12917 0 0.0275192
12917.2 0 0.027613
12917.4 0 0.0277069
12917.5 0 0.0278007
12917.7 0 0.0278945
12917.8 0 0.0279884
12918 0 0.0280822
12918.1 0 0.028176
12918.2 0 0.0282698
12918.4 0 0.0283636
12918.5 0 0.0284574
12918.7 0 0.0285512
12918.8 0 0.0286449
12918.9 0 0.0287387
12919.1 0 0.0288325
12919.3 0 0.0289262
12919.6 0 0.0290199
12920.2 0 0.0291135
12921.1 0 0.029207
12922.2 0 0.0293004
12923.4 0 0.0293938
12924.8 0 0.0294872
12926.3 0 0.0295805
12927.9 0 0.0296737
12929.8 0 0.0297668
12931.8 0 0.02986
12933.7 0 0.0299531
12935.7 0 0.0300462
12937.6 0 0.0301393
12939.6 0 0.0302323
12941.8 0 0.0303253
12944.1 0 0.0304183
12946.6 0 0.0305112
12949.3 0 0.030604
12951.9 0 0.0306968
12954.5 0 0.0307897
12957.1 0 0.0308825
12959.7 0 0.0309753
12962.3 0 0.031068
12964.9 0 0.0311608
12967.5 0 0.0312536
12970.2 0 0.0313463
12973 0 0.031439
12976 0 0.0315316
12979.1 0 0.0316241
12982.4 0 0.0317166
12985.6 0 0.0318091
12988.8 0 0.0319015
12992 0 0.0319939
12995.2 0 0.0320862
12998.4 0 0.0321786
13001.6 0 0.0322709
13004.8 0 0.0323632
13008 0 0.0324556
13011.2 0 0.0325479
13014.4 0 0.0326402
13017.6 0 0.0327324
13020.9 0 0.0328247
13024.2 0 0.0329168
13027.7 0 0.033009
13031.3 0 0.033101
13035 0 0.033193
13038.8 0 0.033285
13042.5 0 0.0333769
13046.3 0 0.0334689
13050 0 0.0335608
13053.7 0 0.0336527
13057.5 0 0.0337446
13061.2 0 0.0338365
13064.9 0 0.0339283
13068.7 0 0.0340202
13072.4 0 0.034112
13076.1 0 0.0342038
13079.8 0 0.0342957
13083.5 0 0.0343874
13087.2 0 0.0344792
13090.9 0 0.034571
13094.6 0 0.0346627
13098.4 0 0.0347544
13102.2 0 0.0348461
13106.1 0 0.0349377
13110 0 0.0350292
13114.2 0 0.0351207
13118.4 0 0.0352121
13122.6 0 0.0353035
13126.8 0 0.0353949
13130.9 0 0.0354862
13135.1 0 0.0355776
13139.3 0 0.0356689
13143.5 0 0.0357602
13147.6 0 0.0358515
13151.8 0 0.0359427
13155.9 0 0.036034
13160.1 0 0.0361252
13164.3 0 0.0362164
13168.4 0 0.0363076
13172.5 0 0.0363988
13176.7 0 0.0364899
13180.8 0 0.036581
13185 0 0.0366721
13189.1 0 0.0367632
13193.2 0 0.0368543
13197.4 0 0.0369453
13201.5 0 0.0370364
13205.6 0 0.0371274
13209.7 0 0.0372184
13213.9 0 0.0373093
13218.1 0 0.0374002
13222.4 0 0.037491
13226.7 0 0.0375818
13231.2 0 0.0376724
13235.7 0 0.037763
13240.2 0 0.0378536
13244.8 0 0.0379442
13249.3 0 0.0380347
13253.8 0 0.0381253
13258.3 0 0.0382158
13262.8 0 0.0383062
13267.3 0 0.0383967
13271.8 0 0.0384871
13276.3 0 0.0385775
13280.8 0 0.0386679
13285.3 0 0.0387582
13289.8 0 0.0388486
13294.3 0 0.0389388
13298.7 0 0.0390291
13303.2 0 0.0391194
13307.7 0 0.0392096
13312.2 0 0.0392998
13316.6 0 0.0393899
13321.1 0 0.0394801
13325.5 0 0.0395702
13330 0 0.0396603
13334.4 0 0.0397504
13338.9 0 0.0398404
13343.3 0 0.0399304
13347.7 0 0.0400204
13352.2 0 0.0401103
13356.6 0 0.0402003
13361 0 0.0402902
13365.5 0 0.04038
13369.9 0 0.0404699
13374.3 0 0.0405597
13378.8 0 0.0406494
13383.3 0 0.0407391
13387.9 0 0.0408287
13392.5 0 0.0409183
13397.2 0 0.0410077
13402 0 0.0410971
13406.7 0 0.0411865
13411.5 0 0.0412759
13416.2 0 0.0413652
13420.9 0 0.0414545
13425.7 0 0.0415437
13430.4 0 0.041633
13435.1 0 0.0417222
13439.8 0 0.0418113
13444.5 0 0.0419005
13449.3 0 0.0419896
13454 0 0.0420786
13458.7 0 0.0421677
13463.4 0 0.0422567
13468.1 0 0.0423457
13472.8 0 0.0424347
13477.4 0 0.0425236
13482.1 0 0.0426125
13486.8 0 0.0427014
13491.5 0 0.0427902
13496.2 0 0.042879
13500.8 0 0.0429678
13505.5 0 0.0430565
13510.1 0 0.0431453
13514.8 0 0.0432339
13519.5 0 0.0433226
13524.1 0 0.0434112
13528.8 0 0.0434998
13533.4 0 0.0435884
13538 0 0.0436769
13542.7 0 0.0437655
13547.3 0 0.0438539
13551.9 0 0.0439424
13556.6 0 0.0440308
13561.2 0 0.0441192
13565.8 0 0.0442075
13570.4 0 0.0442959
13575 0 0.0443842
13579.6 0 0.0444724
13584.2 0 0.0445607
13588.8 0 0.0446489
13593.4 0 0.0447371
13598 0 0.0448252
13602.7 0 0.0449132
13607.4 0 0.0450012
13612.1 0 0.0450892
13616.8 0 0.045177
13621.6 0 0.0452648
13410.3 0 0.0452179
13470.1 0 0.0452641
13494.5 0 0.0453251
