0 -58.4752 -2.26119e-06
634.56 0 5.64483e-05
1173.57 0 0.000119791
1709.92 0 0.000183089
2243.81 0 0.000246227
2775.24 0 0.000309147
3304.22 0 0.000371846
3830.74 0 0.000434311
4354.77 0 0.000496537
4876.15 0 0.000558524
5394.56 0 0.000620281
5909.16 0 0.000681834
6418.2 0 0.000743237
6918.36 0 0.000804603
7403.99 0 0.000866131
7866.83 0 0.000928103
8297.18 0 0.000990887
8686.59 0 0.00105482
9030.8 0 0.00112012
9330.49 0 0.0011869
9590.04 0 0.00125507
9815.21 0 0.00132453
10011.7 0 0.00139516
10184.8 0 0.0014667
10338.5 0 0.00153903
10475.8 0 0.00161213
10599.4 0 0.0016859
10711.4 0 0.00176033
10812.7 0 0.00183582
10905.5 0 0.00191174
10991.1 0 0.00198805
11070.4 0 0.00206471
11143.9 0 0.00214176
11212.1 0 0.00221931
11276 0 0.00229713
11335.9 0 0.00237519
11392.3 0 0.00245347
11445.5 0 0.00253194
11495.9 0 0.0026106
11543.8 0 0.00268943
11589.3 0 0.00276841
11632.4 0 0.00284766
11673.3 0 0.00292724
11712.4 0 0.00300695
11749.8 0 0.00308676
11785.6 0 0.00316669
11820.1 0 0.0032467
11853.2 0 0.00332681
11885.1 0 0.00340699
11915.6 0 0.00348746
11945 0 0.00356816
11972.9 0 0.00364919
11999.8 0 0.00373032
12025.7 0 0.0038115
12050.7 0 0.00389279
12074.7 0 0.00397443
12097.7 0 0.00405617
12119.8 0 0.00413807
12141.1 0 0.00422
12161.8 0 0.00430196
12181.9 0 0.00438393
12201.4 0 0.00446592
12220.3 0 0.00454792
12238.6 0 0.00462993
12256.3 0 0.00471194
12273.3 0 0.00479415
12289.7 0 0.00487647
12305.5 0 0.00495878
12320.9 0 0.00504109
12335.7 0 0.00512344
12349.8 0 0.0052059
12363.5 0 0.00528835
12376.5 0 0.00537133
12388.8 0 0.00545479
12400.7 0 0.00553825
12412.4 0 0.00562168
12423.7 0 0.0057051
12434.7 0 0.00578849
12445.5 0 0.00587186
12455.9 0 0.00595521
12466.1 0 0.00603854
12476 0 0.00612185
12485.7 0 0.00620515
12495.1 0 0.00628842
12504.3 0 0.00637169
12513.2 0 0.00645494
12521.8 0 0.00653818
12530.3 0 0.00662141
12538.4 0 0.00670464
12546.4 0 0.00678785
12554.2 0 0.00687105
12561.7 0 0.00695425
12569 0 0.00703743
12576.2 0 0.00712061
12583.1 0 0.00720376
12589.9 0 0.00728691
12596.5 0 0.00737003
12603 0 0.00745314
12609.3 0 0.00753623
12615.5 0 0.0076193
12621.6 0 0.00770234
12627.5 0 0.00778536
12633.3 0 0.00786847
12638.9 0 0.00795182
12644.3 0 0.00803552
12649.5 0 0.00811937
12654.6 0 0.00820323
12659.6 0 0.00828716
12664.4 0 0.00837107
12669.2 0 0.00845497
12673.9 0 0.00853884
12678.6 0 0.00862269
12683.1 0 0.00870652
12687.6 0 0.00879034
12692 0 0.00887415
12696.3 0 0.00895794
12700.6 0 0.00904172
12704.8 0 0.00912548
12708.9 0 0.00920924
12713 0 0.009293
12717 0 0.00937674
12720.9 0 0.00946049
12724.7 0 0.00954423
12728.5 0 0.00962797
12732.1 0 0.00971173
12735.7 0 0.00979551
12739.2 0 0.0098793
12742.7 0 0.00996308
12746 0 0.0100469
12749.3 0 0.0101307
12752.5 0 0.0102145
12755.5 0 0.0102988
12758.3 0 0.0103831
12761.2 0 0.0104675
12763.9 0 0.0105518
12766.6 0 0.0106362
12769.2 0 0.0107205
12771.7 0 0.0108052
12774.1 0 0.0108901
12776.4 0 0.0109751
12778.6 0 0.0110601
12780.8 0 0.0111451
12783 0 0.0112301
12785.1 0 0.0113151
12787.2 0 0.0114001
12789.2 0 0.0114851
12791.2 0 0.0115701
12793.2 0 0.011655
12795.1 0 0.01174
12797 0 0.011825
12798.8 0 0.0119099
12800.6 0 0.0119949
12802.4 0 0.0120798
12804.2 0 0.0121647
12805.9 0 0.0122496
12807.7 0 0.0123345
12809.4 0 0.0124194
12811 0 0.0125043
12812.7 0 0.0125891
12814.3 0 0.0126739
12815.9 0 0.0127588
12817.5 0 0.0128436
12819.1 0 0.0129284
12820.7 0 0.0130131
12822.2 0 0.0130979
12823.7 0 0.0131826
12825.2 0 0.0132673
12826.7 0 0.013352
12828.2 0 0.0134367
12829.7 0 0.0135214
12831.1 0 0.013606
12832.6 0 0.0136906
12834 0 0.0137753
12835.4 0 0.0138599
12836.8 0 0.0139444
12838.2 0 0.014029
12839.5 0 0.0141135
12840.9 0 0.0141981
12842.2 0 0.0142826
12843.6 0 0.0143671
12844.9 0 0.0144516
12846.2 0 0.0145361
12847.5 0 0.0146205
12848.7 0 0.014705
12850 0 0.0147894
12851.3 0 0.0148738
12852.5 0 0.0149582
12853.7 0 0.0150426
12855 0 0.015127
12856.2 0 0.0152114
12857.4 0 0.0152957
12858.5 0 0.0153801
12859.7 0 0.0154644
12860.9 0 0.0155487
12862 0 0.015633
12863.1 0 0.0157173
12864.3 0 0.0158016
12865.4 0 0.0158859
12866.4 0 0.0159702
12867.5 0 0.0160545
12868.6 0 0.0161387
12869.6 0 0.016223
12870.7 0 0.0163073
12871.7 0 0.0163915
12872.7 0 0.0164758
12873.7 0 0.01656
12874.7 0 0.0166443
12875.7 0 0.0167286
12876.6 0 0.0168128
12877.5 0 0.0168971
12878.5 0 0.0169814
12879.4 0 0.0170656
12880.3 0 0.0171499
12881.2 0 0.0172342
12882 0 0.0173184
12882.9 0 0.0174027
12883.7 0 0.017487
12884.6 0 0.0175713
12885.4 0 0.0176556
12886.2 0 0.0177399
12886.9 0 0.0178242
12887.7 0 0.0179085
12888.5 0 0.0179928
12889.2 0 0.0180772
12889.9 0 0.0181615
12890.6 0 0.0182458
12891.3 0 0.0183302
12892 0 0.0184145
12892.7 0 0.0184989
12893.3 0 0.0185833
12894 0 0.0186676
12894.6 0 0.018752
12895.2 0 0.0188364
12895.8 0 0.0189208
12896.4 0 0.0190052
12897 0 0.0190896
12897.6 0 0.019174
12898.1 0 0.0192584
12898.7 0 0.0193428
12899.2 0 0.0194272
12899.8 0 0.0195116
12900.3 0 0.0195961
12900.7 0 0.0196811
12901.2 0 0.0197661
12901.6 0 0.019851
12902 0 0.019936
12902.5 0 0.020021
12902.9 0 0.020106
12903.3 0 0.0201911
12903.7 0 0.0202761
12904.1 0 0.0203611
12904.5 0 0.0204461
12904.8 0 0.0205311
12905.2 0 0.0206161
12905.5 0 0.0207011
12905.9 0 0.0207861
12906.2 0 0.0208712
12906.6 0 0.0209562
12906.9 0 0.0210412
12907.2 0 0.0211262
12907.5 0 0.0212112
12907.9 0 0.0212962
12908.2 0 0.0213812
12908.5 0 0.0214662
12908.8 0 0.0215512
12909 0 0.0216362
12909.3 0 0.0217212
12909.6 0 0.0218062
12909.9 0 0.0218912
12910.2 0 0.0219762
12910.4 0 0.0220612
12910.7 0 0.0221462
12910.9 0 0.0222311
12911.2 0 0.0223161
12911.4 0 0.0224011
12911.7 0 0.022486
12911.9 0 0.022571
12912.2 0 0.0226559
12912.4 0 0.0227408
12912.6 0 0.0228258
12912.9 0 0.0229107
12913.1 0 0.0229956
12913.3 0 0.0230805
12913.5 0 0.0231654
12913.7 0 0.0232503
12913.9 0 0.0233352
12914.1 0 0.0234201
12914.3 0 0.023505
12914.5 0 0.0235899
12914.7 0 0.0236748
12914.9 0 0.0237596
12915.1 0 0.0238445
12915.3 0 0.0239293
12915.5 0 0.0240142
12915.7 0 0.024099
12915.9 0 0.0241838
12916 0 0.0242686
12916.2 0 0.0243535
12916.4 0 0.0244383
12916.6 0 0.0245231
12916.7 0 0.0246079
12916.9 0 0.0246926
12917 0 0.0247774
12917.2 0 0.0248622
12917.4 0 0.024947
12917.5 0 0.0250317
12917.7 0 0.0251165
12917.8 0 0.0252012
12918 0 0.0252859
12918.1 0 0.0253707
12918.2 0 0.0254554
12918.4 0 0.0255401
12918.5 0 0.0256248
12918.7 0 0.0257095
12918.8 0 0.0257942
12918.9 0 0.0258789
12919.1 0 0.0259636
12919.3 0 0.0260482
12919.6 0 0.0261328
12920.2 0 0.0262173
12921.1 0 0.0263017
12922.2 0 0.0263861
12923.4 0 0.0264704
12924.8 0 0.0265547
12926.3 0 0.0266389
12927.9 0 0.026723
12929.8 0 0.0268071
12931.8 0 0.0268912
12933.7 0 0.0269752
12935.7 0 0.0270592
12937.6 0 0.0271432
12939.6 0 0.0272272
12941.8 0 0.0273111
12944.1 0 0.027395
12946.6 0 0.0274788
12949.3 0 0.0275626
12951.9 0 0.0276463
12954.5 0 0.0277301
12957.1 0 0.0278138
12959.7 0 0.0278975
12962.3 0 0.0279812
12964.9 0 0.0280649
12967.5 0 0.0281486
12970.2 0 0.0282322
12973 0 0.0283158
12976 0 0.0283994
12979.1 0 0.0284828
12982.4 0 0.0285663
12985.6 0 0.0286497
12988.8 0 0.028733
12992 0 0.0288163
12995.2 0 0.0288996
12998.4 0 0.0289828
13001.6 0 0.0290661
13004.8 0 0.0291493
13008 0 0.0292326
13011.2 0 0.0293158
13014.4 0 0.029399
13017.6 0 0.0294822
13020.9 0 0.0295654
13024.2 0 0.0296485
13027.7 0 0.0297315
13031.3 0 0.0298145
13035 0 0.0298974
13038.8 0 0.0299803
13042.5 0 0.0300632
13046.3 0 0.030146
13050 0 0.0302289
13053.7 0 0.0303117
13057.5 0 0.0303945
13061.2 0 0.0304773
13064.9 0 0.0305601
13068.7 0 0.0306429
13072.4 0 0.0307257
13076.1 0 0.0308084
13079.8 0 0.0308911
13083.5 0 0.0309738
13087.2 0 0.0310565
13090.9 0 0.0311392
13094.6 0 0.0312219
13098.4 0 0.0313045
13102.2 0 0.0313871
13106.1 0 0.0314696
13110 0 0.0315521
13114.2 0 0.0316345
13118.4 0 0.0317168
13122.6 0 0.0317991
13126.8 0 0.0318814
13130.9 0 0.0319637
13135.1 0 0.032046
13139.3 0 0.0321282
13143.5 0 0.0322105
13147.6 0 0.0322927
13151.8 0 0.0323749
13155.9 0 0.032457
13160.1 0 0.0325392
13164.3 0 0.0326213
13168.4 0 0.0327034
13172.5 0 0.0327855
13176.7 0 0.0328676
13180.8 0 0.0329497
13185 0 0.0330317
13189.1 0 0.0331137
13193.2 0 0.0331957
13197.4 0 0.0332777
13201.5 0 0.0333596
13205.6 0 0.0334416
13209.7 0 0.0335235
13213.9 0 0.0336053
13218.1 0 0.0336871
13222.4 0 0.0337689
13226.7 0 0.0338506
13231.2 0 0.0339322
13235.7 0 0.0340137
13240.2 0 0.0340952
13244.8 0 0.0341767
13249.3 0 0.0342582
13253.8 0 0.0343397
13258.3 0 0.0344211
13262.8 0 0.0345025
13267.3 0 0.0345839
13271.8 0 0.0346652
13276.3 0 0.0347466
13280.8 0 0.0348279
13285.3 0 0.0349092
13289.8 0 0.0349904
13294.3 0 0.0350716
13298.7 0 0.0351528
13303.2 0 0.035234
13307.7 0 0.0353152
13312.2 0 0.0353963
13316.6 0 0.0354774
13321.1 0 0.0355585
13325.5 0 0.0356395
13330 0 0.0357205
13334.4 0 0.0358015
13338.9 0 0.0358825
13343.3 0 0.0359635
13347.7 0 0.0360444
13352.2 0 0.0361253
13356.6 0 0.0362061
13361 0 0.036287
13365.5 0 0.0363678
13369.9 0 0.0364486
13374.3 0 0.0365293
13378.8 0 0.03661
13383.3 0 0.0366906
13387.9 0 0.0367711
13392.5 0 0.0368516
13397.2 0 0.036932
13402 0 0.0370123
13406.7 0 0.0370926
13411.5 0 0.0371729
13416.2 0 0.0372532
13420.9 0 0.0373334
13425.7 0 0.0374136
13430.4 0 0.0374938
13435.1 0 0.0375739
13439.8 0 0.037654
13444.5 0 0.0377341
13449.3 0 0.0378141
13454 0 0.0378941
13458.7 0 0.0379741
13463.4 0 0.0380541
13468.1 0 0.038134
13472.8 0 0.0382139
13477.4 0 0.0382938
13482.1 0 0.0383736
13486.8 0 0.0384534
13491.5 0 0.0385332
13496.2 0 0.038613
13500.8 0 0.0386927
13505.5 0 0.0387724
13510.1 0 0.038852
13514.8 0 0.0389317
13519.5 0 0.0390113
13524.1 0 0.0390908
13528.8 0 0.0391704
13533.4 0 0.0392499
13538 0 0.0393293
13542.7 0 0.0394088
13547.3 0 0.0394882
13551.9 0 0.0395676
13556.6 0 0.039647
13561.2 0 0.0397263
13565.8 0 0.0398056
13570.4 0 0.0398849
13575 0 0.0399641
13579.6 0 0.0400433
13584.2 0 0.0401225
13588.8 0 0.0402016
13593.4 0 0.0402808
13598 0 0.0403598
13602.7 0 0.0404388
13607.4 0 0.0405177
13612.1 0 0.0405966
13616.8 0 0.0406754
13621.6 0 0.0407541
13410.3 0 0.0406982
13470.1 0 0.0407354
13494.5 0 0.0407873
