0 -58.4752 -2.26119e-06
634.56 0 6.01783e-05
1173.57 0 0.000127178
1709.92 0 0.000194146
2243.81 0 0.000260946
2775.24 0 0.000327537
3304.22 0 0.000393913
3830.74 0 0.000460057
4354.77 0 0.000525961
4876.15 0 0.000591626
5394.56 0 0.00065706
5909.16 0 0.000722289
6418.2 0 0.000787368
6918.36 0 0.00085241
7403.99 0 0.000917615
7866.83 0 0.000983264
8297.18 0 0.00104973
8686.59 0 0.00111734
9030.8 0 0.00118632
9330.49 0 0.00125677
9590.04 0 0.00132857
9815.21 0 0.0014016
10011.7 0 0.00147569
10184.8 0 0.00155067
10338.5 0 0.00162644
10475.8 0 0.00170328
10599.4 0 0.00178092
10711.4 0 0.00185932
10812.7 0 0.00193858
10905.5 0 0.0020183
10991.1 0 0.00209841
11070.4 0 0.00217888
11143.9 0 0.00225975
11212.1 0 0.00234115
11276 0 0.00242281
11335.9 0 0.00250473
11392.3 0 0.00258687
11445.5 0 0.00266922
11495.9 0 0.00275176
11543.8 0 0.00283447
11589.3 0 0.00291733
11632.4 0 0.00300045
11673.3 0 0.00308385
11712.4 0 0.00316739
11749.8 0 0.00325104
11785.6 0 0.0033348
11820.1 0 0.00341865
11853.2 0 0.00350259
11885.1 0 0.00358661
11915.6 0 0.00367069
11945 0 0.00375483
11972.9 0 0.00383945
11999.8 0 0.00392415
12025.7 0 0.00400891
12050.7 0 0.00409373
12074.7 0 0.00417866
12097.7 0 0.00426377
12119.8 0 0.00434928
12141.1 0 0.00443481
12161.8 0 0.00452037
12181.9 0 0.00460594
12201.4 0 0.00469152
12220.3 0 0.00477711
12238.6 0 0.00486271
12256.3 0 0.00494831
12273.3 0 0.00503414
12289.7 0 0.00512009
12305.5 0 0.00520605
12320.9 0 0.005292
12335.7 0 0.00537813
12349.8 0 0.0054648
12363.5 0 0.00555146
12376.5 0 0.00563814
12388.8 0 0.00572497
12400.7 0 0.00581179
12412.4 0 0.00589859
12423.7 0 0.00598536
12434.7 0 0.00607211
12445.5 0 0.00615883
12455.9 0 0.00624553
12466.1 0 0.0063322
12476 0 0.00641885
12485.7 0 0.00650548
12495.1 0 0.00659209
12504.3 0 0.00667868
12513.2 0 0.00676525
12521.8 0 0.00685181
12530.3 0 0.00693835
12538.4 0 0.00702488
12546.4 0 0.00711139
12554.2 0 0.00719789
12561.7 0 0.00728438
12569 0 0.00737085
12576.2 0 0.0074573
12583.1 0 0.00754374
12589.9 0 0.00763017
12596.5 0 0.00771657
12603 0 0.00780295
12609.3 0 0.00788932
12615.5 0 0.00797565
12621.6 0 0.00806197
12627.5 0 0.00814826
12633.3 0 0.00823456
12638.9 0 0.0083209
12644.3 0 0.00840727
12649.5 0 0.00849363
12654.6 0 0.00858008
12659.6 0 0.00866689
12664.4 0 0.00875367
12669.2 0 0.00884043
12673.9 0 0.00892717
12678.6 0 0.00901388
12683.1 0 0.00910056
12687.6 0 0.00918722
12692 0 0.00927386
12696.3 0 0.00936047
12700.6 0 0.00944706
12704.8 0 0.00953363
12708.9 0 0.00962018
12713 0 0.0097067
12717 0 0.00979321
12720.9 0 0.00987971
12724.7 0 0.00996618
12728.5 0 0.0100526
12732.1 0 0.0101393
12735.7 0 0.0102262
12739.2 0 0.010313
12742.7 0 0.0103999
12746 0 0.0104868
12749.3 0 0.0105736
12752.5 0 0.0106606
12755.5 0 0.0107486
12758.3 0 0.0108367
12761.2 0 0.0109249
12763.9 0 0.011013
12766.6 0 0.0111012
12769.2 0 0.0111894
12771.7 0 0.0112777
12774.1 0 0.0113664
12776.4 0 0.0114552
12778.6 0 0.0115439
12780.8 0 0.0116326
12783 0 0.0117214
12785.1 0 0.0118101
12787.2 0 0.0118989
12789.2 0 0.0119877
12791.2 0 0.0120765
12793.2 0 0.0121653
12795.1 0 0.0122541
12797 0 0.0123429
12798.8 0 0.0124316
12800.6 0 0.0125204
12802.4 0 0.0126092
12804.2 0 0.012698
12805.9 0 0.0127868
12807.7 0 0.0128755
12809.4 0 0.0129643
12811 0 0.013053
12812.7 0 0.0131417
12814.3 0 0.0132305
12815.9 0 0.0133192
12817.5 0 0.0134078
12819.1 0 0.0134965
12820.7 0 0.0135852
12822.2 0 0.0136738
12823.7 0 0.0137624
12825.2 0 0.013851
12826.7 0 0.0139396
12828.2 0 0.0140282
12829.7 0 0.0141167
12831.1 0 0.0142053
12832.6 0 0.0142938
12834 0 0.0143823
12835.4 0 0.0144708
12836.8 0 0.0145592
12838.2 0 0.0146477
12839.5 0 0.0147361
12840.9 0 0.0148245
12842.2 0 0.0149129
12843.6 0 0.0150013
12844.9 0 0.0150896
12846.2 0 0.015178
12847.5 0 0.0152663
12848.7 0 0.0153546
12850 0 0.0154429
12851.3 0 0.0155312
12852.5 0 0.0156194
12853.7 0 0.0157077
12855 0 0.0157959
12856.2 0 0.0158841
12857.4 0 0.0159724
12858.5 0 0.0160606
12859.7 0 0.0161487
12860.9 0 0.0162369
12862 0 0.0163251
12863.1 0 0.0164132
12864.3 0 0.0165014
12865.4 0 0.0165895
12866.4 0 0.0166777
12867.5 0 0.0167658
12868.6 0 0.0168539
12869.6 0 0.016942
12870.7 0 0.0170302
12871.7 0 0.0171183
12872.7 0 0.0172064
12873.7 0 0.0172945
12874.7 0 0.0173826
12875.7 0 0.0174707
12876.6 0 0.0175588
12877.5 0 0.0176469
12878.5 0 0.017735
12879.4 0 0.0178231
12880.3 0 0.0179112
12881.2 0 0.0179994
12882 0 0.0180875
12882.9 0 0.0181756
12883.7 0 0.0182638
12884.6 0 0.0183519
12885.4 0 0.0184401
12886.2 0 0.0185282
12886.9 0 0.0186164
12887.7 0 0.0187046
12888.5 0 0.0187928
12889.2 0 0.018881
12889.9 0 0.0189692
12890.6 0 0.0190574
12891.3 0 0.0191456
12892 0 0.0192339
12892.7 0 0.0193221
12893.3 0 0.0194104
12894 0 0.0194987
12894.6 0 0.0195869
12895.2 0 0.0196752
12895.8 0 0.0197636
12896.4 0 0.0198519
12897 0 0.0199402
12897.6 0 0.0200285
12898.1 0 0.0201169
12898.7 0 0.0202052
12899.2 0 0.0202936
12899.8 0 0.020382
12900.3 0 0.0204704
12900.7 0 0.0205591
12901.2 0 0.0206478
12901.6 0 0.0207365
12902 0 0.0208253
12902.5 0 0.020914
12902.9 0 0.0210028
12903.3 0 0.0210915
12903.7 0 0.0211803
12904.1 0 0.0212691
12904.5 0 0.0213578
12904.8 0 0.0214466
12905.2 0 0.0215354
12905.5 0 0.0216242
12905.9 0 0.0217129
12906.2 0 0.0218017
12906.6 0 0.0218905
12906.9 0 0.0219793
12907.2 0 0.0220681
12907.5 0 0.0221569
12907.9 0 0.0222457
12908.2 0 0.0223344
12908.5 0 0.0224232
12908.8 0 0.022512
12909 0 0.0226008
12909.3 0 0.0226896
12909.6 0 0.0227783
12909.9 0 0.0228671
12910.2 0 0.0229559
12910.4 0 0.0230446
12910.7 0 0.0231334
12910.9 0 0.0232221
12911.2 0 0.0233109
12911.4 0 0.0233996
12911.7 0 0.0234884
12911.9 0 0.0235771
12912.2 0 0.0236658
12912.4 0 0.0237546
12912.6 0 0.0238433
12912.9 0 0.023932
12913.1 0 0.0240207
12913.3 0 0.0241094
12913.5 0 0.0241981
12913.7 0 0.0242868
12913.9 0 0.0243754
12914.1 0 0.0244641
12914.3 0 0.0245528
12914.5 0 0.0246414
12914.7 0 0.0247301
12914.9 0 0.0248187
12915.1 0 0.0249074
12915.3 0 0.024996
12915.5 0 0.0250846
12915.7 0 0.0251732
12915.9 0 0.0252618
12916 0 0.0253504
12916.2 0 0.025439
12916.4 0 0.0255276
12916.6 0 0.0256162
12916.7 0 0.0257048
12916.9 0 0.0257933
12917 0 0.0258819
12917.2 0 0.0259704
12917.4 0 0.0260589
12917.5 0 0.0261475
12917.7 0 0.026236
12917.8 0 0.0263245
12918 0 0.026413
12918.1 0 0.0265015
12918.2 0 0.02659
12918.4 0 0.0266785
12918.5 0 0.0267669
12918.7 0 0.0268554
12918.8 0 0.0269438
12918.9 0 0.0270323
12919.1 0 0.0271207
12919.3 0 0.0272091
12919.6 0 0.0272975
12920.2 0 0.0273857
12921.1 0 0.0274739
12922.2 0 0.027562
12923.4 0 0.02765
12924.8 0 0.0277379
12926.3 0 0.0278258
12927.9 0 0.0279137
12929.8 0 0.0280014
12931.8 0 0.0280891
12933.7 0 0.0281769
12935.7 0 0.0282645
12937.6 0 0.0283522
12939.6 0 0.0284399
12941.8 0 0.0285274
12944.1 0 0.028615
12946.6 0 0.0287024
12949.3 0 0.0287898
12951.9 0 0.0288771
12954.5 0 0.0289645
12957.1 0 0.0290519
12959.7 0 0.0291392
12962.3 0 0.0292265
12964.9 0 0.0293138
12967.5 0 0.0294011
12970.2 0 0.0294884
12973 0 0.0295755
12976 0 0.0296627
12979.1 0 0.0297497
12982.4 0 0.0298367
12985.6 0 0.0299237
12988.8 0 0.0300107
12992 0 0.0300976
12995.2 0 0.0301846
12998.4 0 0.0302715
13001.6 0 0.0303584
13004.8 0 0.0304453
13008 0 0.0305322
13011.2 0 0.0306191
13014.4 0 0.0307059
13017.6 0 0.0307928
13020.9 0 0.0308796
13024.2 0 0.0309663
13027.7 0 0.031053
13031.3 0 0.0311396
13035 0 0.0312261
13038.8 0 0.0313126
13042.5 0 0.0313991
13046.3 0 0.0314856
13050 0 0.0315721
13053.7 0 0.0316585
13057.5 0 0.0317449
13061.2 0 0.0318314
13064.9 0 0.0319178
13068.7 0 0.0320041
13072.4 0 0.0320905
13076.1 0 0.0321768
13079.8 0 0.0322632
13083.5 0 0.0323495
13087.2 0 0.0324358
13090.9 0 0.0325221
13094.6 0 0.0326083
13098.4 0 0.0326945
13102.2 0 0.0327807
13106.1 0 0.0328668
13110 0 0.0329529
13114.2 0 0.0330388
13118.4 0 0.0331247
13122.6 0 0.0332106
13126.8 0 0.0332965
13130.9 0 0.0333823
13135.1 0 0.0334681
13139.3 0 0.0335539
13143.5 0 0.0336397
13147.6 0 0.0337255
13151.8 0 0.0338112
13155.9 0 0.0338969
13160.1 0 0.0339826
13164.3 0 0.0340683
13168.4 0 0.0341539
13172.5 0 0.0342395
13176.7 0 0.0343251
13180.8 0 0.0344107
13185 0 0.0344963
13189.1 0 0.0345818
13193.2 0 0.0346673
13197.4 0 0.0347528
13201.5 0 0.0348383
13205.6 0 0.0349237
13209.7 0 0.0350091
13213.9 0 0.0350945
13218.1 0 0.0351798
13222.4 0 0.0352651
13226.7 0 0.0353503
13231.2 0 0.0354354
13235.7 0 0.0355204
13240.2 0 0.0356054
13244.8 0 0.0356903
13249.3 0 0.0357753
13253.8 0 0.0358602
13258.3 0 0.0359451
13262.8 0 0.0360299
13267.3 0 0.0361147
13271.8 0 0.0361995
13276.3 0 0.0362843
13280.8 0 0.036369
13285.3 0 0.0364537
13289.8 0 0.0365384
13294.3 0 0.0366231
13298.7 0 0.0367077
13303.2 0 0.0367923
13307.7 0 0.0368769
13312.2 0 0.0369614
13316.6 0 0.0370459
13321.1 0 0.0371304
13325.5 0 0.0372149
13330 0 0.0372993
13334.4 0 0.0373837
13338.9 0 0.037468
13343.3 0 0.0375524
13347.7 0 0.0376367
13352.2 0 0.0377209
13356.6 0 0.0378052
13361 0 0.0378894
13365.5 0 0.0379736
13369.9 0 0.0380577
13374.3 0 0.0381418
13378.8 0 0.0382259
13383.3 0 0.0383099
13387.9 0 0.0383938
13392.5 0 0.0384777
13397.2 0 0.0385614
13402 0 0.0386451
13406.7 0 0.0387287
13411.5 0 0.0388124
13416.2 0 0.0388959
13420.9 0 0.0389795
13425.7 0 0.039063
13430.4 0 0.0391464
13435.1 0 0.0392299
13439.8 0 0.0393133
13444.5 0 0.0393967
13449.3 0 0.03948
13454 0 0.0395633
13458.7 0 0.0396466
13463.4 0 0.0397299
13468.1 0 0.0398131
13472.8 0 0.0398962
13477.4 0 0.0399794
13482.1 0 0.0400625
13486.8 0 0.0401456
13491.5 0 0.0402286
13496.2 0 0.0403117
13500.8 0 0.0403946
13505.5 0 0.0404776
13510.1 0 0.0405605
13514.8 0 0.0406434
13519.5 0 0.0407263
13524.1 0 0.0408091
13528.8 0 0.0408919
13533.4 0 0.0409746
13538 0 0.0410574
13542.7 0 0.0411401
13547.3 0 0.0412227
13551.9 0 0.0413054
13556.6 0 0.041388
13561.2 0 0.0414705
13565.8 0 0.0415531
13570.4 0 0.0416356
13575 0 0.041718
13579.6 0 0.0418005
13584.2 0 0.0418829
13588.8 0 0.0419653
13593.4 0 0.0420476
13598 0 0.0421299
13602.7 0 0.0422122
13607.4 0 0.0422944
13612.1 0 0.0423765
13616.8 0 0.0424586
13621.6 0 0.0425406
13410.3 0 0.0424869
13470.1 0 0.0425269
13494.5 0 0.0425816
