0 -58.4752 -2.26119e-06
634.56 -962.704 -3.73041e-05
1173.57 -1744.15 -6.77905e-05
1709.92 -2519.71 -9.83092e-05
2243.81 -3291.4 -0.000128994
2775.24 -4059.1 -0.000159889
3304.22 -4821.84 -0.000190999
3830.74 -5579.02 -0.00022234
4354.77 -6329.96 -0.000253921
4876.15 -7073.76 -0.000285742
5394.56 -7809.45 -0.000317793
5909.16 -8535.78 -0.000350049
6418.2 -9250.91 -0.000382455
6918.36 -9951.98 -0.000414899
7403.99 -10634.5 -0.000447179
7866.83 -11292.9 -0.000479016
8297.18 -11920.2 -0.00051004
8686.59 -12510.8 -0.000539908
9030.8 -13062.2 -0.000568411
9330.49 -13574.4 -0.000595455
9590.04 -14051 -0.000621137
9815.21 -14495.9 -0.0006456
10011.7 -14913.5 -0.000669003
10184.8 -15308 -0.000691527
10338.5 -15681.6 -0.000713258
10475.8 -16030.3 -0.000733892
10599.4 -16359.8 -0.000753734
10711.4 -16671.3 -0.000772804
10812.7 -16964.1 -0.000791018
10905.5 -17245.3 -0.000808783
10991.1 -17516 -0.000826147
11070.4 -17777 -0.000843151
11143.9 -18028.3 -0.000859759
11212.1 -18268 -0.000875844
11276 -18500.4 -0.000891653
11335.9 -18725.8 -0.000907211
11392.3 -18944.8 -0.000922543
11445.5 -19158 -0.000937668
11495.9 -19365.6 -0.000952607
11543.8 -19568 -0.000967374
11589.3 -19765.5 -0.000981983
11632.4 -19957.1 -0.00099634
11673.3 -20142.3 -0.00101041
11712.4 -20323.5 -0.00102435
11749.8 -20500.7 -0.00103818
11785.6 -20674.4 -0.0010519
11820.1 -20844.6 -0.00106552
11853.2 -21011.5 -0.00107906
11885.1 -21175.3 -0.00109251
11915.6 -21336.4 -0.00110592
11945 -21494.8 -0.00111928
11972.9 -21645.6 -0.00113216
11999.8 -21793.5 -0.00114494
12025.7 -21938.9 -0.00115767
12050.7 -22081.9 -0.00117035
12074.7 -22222 -0.00118293
12097.7 -22358.3 -0.00119532
12119.8 -22488.5 -0.0012073
12141.1 -22617 -0.00121925
12161.8 -22743.7 -0.00123119
12181.9 -22868.7 -0.00124311
12201.4 -22992.1 -0.00125501
12220.3 -23113.9 -0.00126691
12238.6 -23234.2 -0.00127881
12256.3 -23353.1 -0.00129069
12273.3 -23468.3 -0.00130235
12289.7 -23580.8 -0.00131389
12305.5 -23692.1 -0.00132542
12320.9 -23802.1 -0.00133696
12335.7 -23909 -0.00134831
12349.8 -24009.5 -0.00135909
12363.5 -24108.9 -0.00136989
12376.5 -24207.4 -0.0013807
12388.8 -24303.4 -0.00139136
12400.7 -24398.6 -0.00140205
12412.4 -24492.9 -0.00141275
12423.7 -24586.4 -0.00142348
12434.7 -24679 -0.00143424
12445.5 -24770.8 -0.00144502
12455.9 -24861.8 -0.00145582
12466.1 -24951.9 -0.00146665
12476 -25041.2 -0.00147751
12485.7 -25129.7 -0.00148838
12495.1 -25217.3 -0.00149928
12504.3 -25304 -0.00151019
12513.2 -25389.9 -0.00152113
12521.8 -25474.9 -0.00153208
12530.3 -25559 -0.00154304
12538.4 -25642.2 -0.00155402
12546.4 -25724.6 -0.00156501
12554.2 -25806.1 -0.00157602
12561.7 -25886.7 -0.00158704
12569 -25966.4 -0.00159807
12576.2 -26045.3 -0.00160912
12583.1 -26123.4 -0.00162019
12589.9 -26200.6 -0.00163128
12596.5 -26277.1 -0.00164238
12603 -26352.7 -0.0016535
12609.3 -26427.5 -0.00166465
12615.5 -26501.6 -0.00167582
12621.6 -26575 -0.00168701
12627.5 -26647.5 -0.00169823
12633.3 -26719.2 -0.00170944
12638.9 -26789.7 -0.00172062
12644.3 -26859.3 -0.0017318
12649.5 -26928.2 -0.00174298
12654.6 -26995.6 -0.00175408
12659.6 -27059.9 -0.0017648
12664.4 -27123.6 -0.00177554
12669.2 -27186.6 -0.00178631
12673.9 -27249.1 -0.00179711
12678.6 -27310.9 -0.00180793
12683.1 -27372.1 -0.00181878
12687.6 -27432.6 -0.00182965
12692 -27492.6 -0.00184054
12696.3 -27551.9 -0.00185146
12700.6 -27610.6 -0.00186241
12704.8 -27668.7 -0.00187337
12708.9 -27726.1 -0.00188436
12713 -27782.9 -0.00189536
12717 -27839 -0.00190639
12720.9 -27894.6 -0.00191743
12724.7 -27949.5 -0.00192849
12728.5 -28003.7 -0.00193957
12732.1 -28056.3 -0.00195044
12735.7 -28107.1 -0.00196108
12739.2 -28157.2 -0.00197173
12742.7 -28206.8 -0.0019824
12746 -28255.8 -0.00199306
12749.3 -28304.2 -0.00200374
12752.5 -28351.2 -0.00201423
12755.5 -28393.2 -0.00202373
12758.3 -28434.1 -0.00203309
12761.2 -28474.5 -0.00204243
12763.9 -28514.3 -0.00205176
12766.6 -28553.7 -0.00206108
12769.2 -28592.5 -0.00207038
12771.7 -28630 -0.00207946
12774.1 -28665.9 -0.00208825
12776.4 -28701.3 -0.00209702
12778.6 -28736.2 -0.00210578
12780.8 -28770.8 -0.00211452
12783 -28804.9 -0.00212325
12785.1 -28838.6 -0.00213196
12787.2 -28871.8 -0.00214067
12789.2 -28904.7 -0.00214937
12791.2 -28937.2 -0.00215806
12793.2 -28969.3 -0.00216674
12795.1 -29001.1 -0.00217543
12797 -29032.5 -0.00218411
12798.8 -29063.5 -0.0021928
12800.6 -29094.2 -0.00220149
12802.4 -29124.6 -0.00221018
12804.2 -29154.7 -0.00221888
12805.9 -29184.5 -0.00222758
12807.7 -29213.9 -0.0022363
12809.4 -29243.1 -0.00224502
12811 -29271.9 -0.00225376
12812.7 -29300.5 -0.00226251
12814.3 -29328.8 -0.00227127
12815.9 -29356.7 -0.00228004
12817.5 -29384.5 -0.00228883
12819.1 -29411.9 -0.00229763
12820.7 -29439 -0.00230645
12822.2 -29465.9 -0.00231529
12823.7 -29492.5 -0.00232414
12825.2 -29518.9 -0.00233301
12826.7 -29545 -0.0023419
12828.2 -29570.8 -0.0023508
12829.7 -29596.3 -0.00235972
12831.1 -29621.6 -0.00236866
12832.6 -29646.7 -0.00237762
12834 -29671.4 -0.0023866
12835.4 -29696 -0.00239559
12836.8 -29720.2 -0.0024046
12838.2 -29744.2 -0.00241363
12839.5 -29767.9 -0.00242268
12840.9 -29791.4 -0.00243175
12842.2 -29814.7 -0.00244083
12843.6 -29837.6 -0.00244993
12844.9 -29860.3 -0.00245905
12846.2 -29882.8 -0.00246818
12847.5 -29905 -0.00247733
12848.7 -29926.9 -0.0024865
12850 -29948.6 -0.00249568
12851.3 -29970 -0.00250487
12852.5 -29991.2 -0.00251409
12853.7 -30012.1 -0.00252331
12855 -30032.8 -0.00253255
12856.2 -30053.2 -0.0025418
12857.4 -30073.4 -0.00255107
12858.5 -30093.3 -0.00256035
12859.7 -30112.9 -0.00256964
12860.9 -30132.3 -0.00257893
12862 -30151.4 -0.00258824
12863.1 -30170.3 -0.00259756
12864.3 -30188.9 -0.00260688
12865.4 -30207.3 -0.00261622
12866.4 -30225.4 -0.00262556
12867.5 -30243.2 -0.00263491
12868.6 -30260.8 -0.00264426
12869.6 -30278.2 -0.00265362
12870.7 -30295.3 -0.00266298
12871.7 -30312.1 -0.00267235
12872.7 -30328.7 -0.00268171
12873.7 -30345.1 -0.00269108
12874.7 -30361.1 -0.00270046
12875.7 -30377 -0.00270983
12876.6 -30392.6 -0.0027192
12877.5 -30407.9 -0.00272857
12878.5 -30423 -0.00273793
12879.4 -30437.9 -0.0027473
12880.3 -30452.5 -0.00275666
12881.2 -30466.9 -0.00276601
12882 -30481 -0.00277536
12882.9 -30494.9 -0.0027847
12883.7 -30508.5 -0.00279404
12884.6 -30521.9 -0.00280337
12885.4 -30535.1 -0.00281269
12886.2 -30548.1 -0.002822
12886.9 -30560.8 -0.00283131
12887.7 -30573.3 -0.0028406
12888.5 -30585.5 -0.00284989
12889.2 -30597.5 -0.00285916
12889.9 -30609.3 -0.00286843
12890.6 -30620.9 -0.00287768
12891.3 -30632.3 -0.00288692
12892 -30643.4 -0.00289615
12892.7 -30654.4 -0.00290537
12893.3 -30665.1 -0.00291458
12894 -30675.6 -0.00292378
12894.6 -30685.9 -0.00293296
12895.2 -30696 -0.00294214
12895.8 -30705.9 -0.0029513
12896.4 -30715.6 -0.00296045
12897 -30725.1 -0.0029696
12897.6 -30734.4 -0.00297873
12898.1 -30743.6 -0.00298785
12898.7 -30752.5 -0.00299697
12899.2 -30761.2 -0.00300607
12899.8 -30769.8 -0.00301517
12900.3 -30778.2 -0.00302423
12900.7 -30786.1 -0.003033
12901.2 -30793.9 -0.00304177
12901.6 -30801.5 -0.00305052
12902 -30808.9 -0.00305927
12902.5 -30816.2 -0.003068
12902.9 -30823.3 -0.00307674
12903.3 -30830.2 -0.00308546
12903.7 -30837 -0.00309418
12904.1 -30843.7 -0.0031029
12904.5 -30850.2 -0.00311161
12904.8 -30856.5 -0.00312031
12905.2 -30862.8 -0.00312902
12905.5 -30868.8 -0.00313772
12905.9 -30874.7 -0.00314642
12906.2 -30880.5 -0.00315511
12906.6 -30886.2 -0.00316381
12906.9 -30891.7 -0.0031725
12907.2 -30897 -0.00318119
12907.5 -30902.2 -0.00318989
12907.9 -30907.3 -0.00319858
12908.2 -30912.3 -0.00320728
12908.5 -30917.1 -0.00321598
12908.8 -30921.8 -0.00322468
12909 -30926.4 -0.00323338
12909.3 -30930.8 -0.00324208
12909.6 -30935.2 -0.00325079
12909.9 -30939.4 -0.0032595
12910.2 -30943.4 -0.00326821
12910.4 -30947.4 -0.00327693
12910.7 -30951.2 -0.00328565
12910.9 -30954.9 -0.00329437
12911.2 -30958.5 -0.0033031
12911.4 -30961.9 -0.00331184
12911.7 -30965.3 -0.00332058
12911.9 -30968.5 -0.00332932
12912.2 -30971.6 -0.00333808
12912.4 -30974.6 -0.00334683
12912.6 -30977.5 -0.0033556
12912.9 -30980.2 -0.00336436
12913.1 -30982.9 -0.00337314
12913.3 -30985.4 -0.00338192
12913.5 -30987.8 -0.00339071
12913.7 -30990.1 -0.0033995
12913.9 -30992.3 -0.0034083
12914.1 -30994.4 -0.00341711
12914.3 -30996.4 -0.00342593
12914.5 -30998.3 -0.00343475
12914.7 -31000 -0.00344358
12914.9 -31001.7 -0.00345242
12915.1 -31003.2 -0.00346126
12915.3 -31004.7 -0.00347011
12915.5 -31006 -0.00347897
12915.7 -31007.2 -0.00348784
12915.9 -31008.4 -0.00349671
12916 -31009.4 -0.00350559
12916.2 -31010.3 -0.00351448
12916.4 -31011.2 -0.00352338
12916.6 -31011.9 -0.00353228
12916.7 -31012.5 -0.0035412
12916.9 -31013 -0.00355012
12917 -31013.4 -0.00355905
12917.2 -31013.8 -0.00356798
12917.4 -31014 -0.00357693
12917.5 -31014.1 -0.00358588
12917.7 -31014.1 -0.00359484
12917.8 -31014.1 -0.00360381
12918 -31013.9 -0.00361279
12918.1 -31013.6 -0.00362178
12918.2 -31013.3 -0.00363077
12918.4 -31012.8 -0.00363977
12918.5 -31012.3 -0.00364878
12918.7 -31011.7 -0.0036578
12918.8 -31010.9 -0.00366683
12918.9 -31010.1 -0.00367586
12919.1 -31009.2 -0.00368491
12919.3 -31008.2 -0.00369398
12919.6 -31007.1 -0.00370312
12920.2 -31005.9 -0.00371234
12921.1 -31004.6 -0.00372166
12922.2 -31003.2 -0.00373108
12923.4 -31001.6 -0.00374056
12924.8 -31000 -0.00375008
12926.3 -30998.3 -0.00375966
12927.9 -30996.5 -0.00376929
12929.8 -30994.5 -0.00377903
12931.8 -30992.5 -0.00378881
12933.7 -30990.3 -0.00379859
12935.7 -30988.1 -0.00380838
12937.6 -30985.7 -0.00381819
12939.6 -30983.3 -0.00382803
12941.8 -30980.7 -0.00383794
12944.1 -30978.1 -0.0038479
12946.6 -30975.3 -0.00385796
12949.3 -30972.4 -0.00386807
12951.9 -30969.4 -0.00387819
12954.5 -30966.4 -0.00388832
12957.1 -30963.2 -0.00389846
12959.7 -30959.9 -0.00390861
12962.3 -30956.5 -0.00391878
12964.9 -30953.1 -0.00392896
12967.5 -30949.5 -0.00393916
12970.2 -30945.9 -0.0039494
12973 -30942.1 -0.0039597
12976 -30938.2 -0.00397006
12979.1 -30934.2 -0.00398051
12982.4 -30930.1 -0.00399101
12985.6 -30925.8 -0.00400152
12988.8 -30921.5 -0.00401204
12992 -30917.1 -0.00402257
12995.2 -30912.6 -0.00403311
12998.4 -30908.1 -0.00404367
13001.6 -30903.4 -0.00405425
13004.8 -30898.6 -0.00406483
13008 -30893.7 -0.00407544
13011.2 -30888.8 -0.00408605
13014.4 -30883.8 -0.00409668
13017.6 -30878.6 -0.00410733
13020.9 -30873.4 -0.00411801
13024.2 -30868 -0.00412876
13027.7 -30862.6 -0.00413956
13031.3 -30857 -0.00415042
13035 -30851.3 -0.0041614
13038.8 -30845.5 -0.00417237
13042.5 -30839.6 -0.00418337
13046.3 -30833.6 -0.00419437
13050 -30827.6 -0.0042054
13053.7 -30821.4 -0.00421644
13057.5 -30815.2 -0.0042275
13061.2 -30808.9 -0.00423858
13064.9 -30802.4 -0.00424967
13068.7 -30795.9 -0.00426078
13072.4 -30789.3 -0.0042719
13076.1 -30782.7 -0.00428305
13079.8 -30775.9 -0.00429421
13083.5 -30769.1 -0.00430539
13087.2 -30762.1 -0.00431658
13090.9 -30755.1 -0.0043278
13094.6 -30748 -0.00433903
13098.4 -30740.8 -0.0043503
13102.2 -30733.5 -0.00436162
13106.1 -30726.1 -0.004373
13110 -30718.6 -0.00438444
13114.2 -30710.9 -0.00439597
13118.4 -30703.1 -0.00440756
13122.6 -30695.3 -0.00441917
13126.8 -30687.3 -0.0044308
13130.9 -30679.3 -0.00444245
13135.1 -30671.2 -0.00445412
13139.3 -30663 -0.00446582
13143.5 -30654.7 -0.00447753
13147.6 -30646.4 -0.00448927
13151.8 -30637.9 -0.00450102
13155.9 -30629.4 -0.0045128
13160.1 -30620.8 -0.0045246
13164.3 -30612.1 -0.00453643
13168.4 -30603.3 -0.00454827
13172.5 -30594.5 -0.00456014
13176.7 -30585.5 -0.00457204
13180.8 -30576.5 -0.00458395
13185 -30567.4 -0.00459589
13189.1 -30558.2 -0.00460785
13193.2 -30549 -0.00461983
13197.4 -30539.6 -0.00463184
13201.5 -30530.2 -0.00464387
13205.6 -30520.7 -0.00465593
13209.7 -30511.2 -0.004668
13213.9 -30501.5 -0.00468012
13218.1 -30491.7 -0.0046923
13222.4 -30481.8 -0.00470455
13226.7 -30471.9 -0.00471685
13231.2 -30461.7 -0.00472925
13235.7 -30451.5 -0.00474173
13240.2 -30441.2 -0.00475424
13244.8 -30430.7 -0.00476677
13249.3 -30420.2 -0.00477933
13253.8 -30409.7 -0.00479192
13258.3 -30399 -0.00480454
13262.8 -30388.3 -0.00481718
13267.3 -30377.5 -0.00482986
13271.8 -30366.6 -0.00484256
13276.3 -30355.6 -0.00485529
13280.8 -30344.6 -0.00486805
13285.3 -30333.5 -0.00488083
13289.8 -30322.3 -0.00489365
13294.3 -30311 -0.0049065
13298.7 -30299.6 -0.00491937
13303.2 -30288.2 -0.00493227
13307.7 -30276.7 -0.0049452
13312.2 -30265.1 -0.00495817
13316.6 -30253.5 -0.00497116
13321.1 -30241.7 -0.00498418
13325.5 -30229.9 -0.00499723
13330 -30218 -0.00501031
13334.4 -30206.1 -0.00502342
13338.9 -30194 -0.00503656
13343.3 -30181.9 -0.00504973
13347.7 -30169.8 -0.00506293
13352.2 -30157.5 -0.00507616
13356.6 -30145.2 -0.00508942
13361 -30132.8 -0.00510271
13365.5 -30120.3 -0.00511603
13369.9 -30107.8 -0.00512938
13374.3 -30095.2 -0.00514276
13378.8 -30082.4 -0.0051562
13383.3 -30069.6 -0.00516971
13387.9 -30056.7 -0.00518328
13392.5 -30043.7 -0.00519693
13397.2 -30030.5 -0.00521067
13402 -30017.2 -0.0052245
13406.7 -30003.8 -0.00523837
13411.5 -29990.4 -0.00525227
13416.2 -29976.9 -0.0052662
13420.9 -29963.3 -0.00528017
13425.7 -29949.7 -0.00529416
13430.4 -29935.9 -0.0053082
13435.1 -29922.1 -0.00532226
13439.8 -29908.3 -0.00533636
13444.5 -29894.3 -0.00535049
13449.3 -29880.3 -0.00536465
13454 -29866.3 -0.00537884
13458.7 -29852.1 -0.00539307
13463.4 -29837.9 -0.00540733
13468.1 -29823.7 -0.00542163
13472.8 -29809.3 -0.00543595
13477.4 -29794.9 -0.00545031
13482.1 -29780.5 -0.0054647
13486.8 -29765.9 -0.00547913
13491.5 -29751.3 -0.00549359
13496.2 -29736.7 -0.00550808
13500.8 -29721.9 -0.0055226
13505.5 -29707.1 -0.00553715
13510.1 -29692.3 -0.00555174
13514.8 -29677.4 -0.00556636
13519.5 -29662.4 -0.00558101
13524.1 -29647.3 -0.0055957
13528.8 -29632.2 -0.00561042
13533.4 -29617.1 -0.00562517
13538 -29601.9 -0.00563995
13542.7 -29586.6 -0.00565476
13547.3 -29571.2 -0.00566961
13551.9 -29555.8 -0.00568449
13556.6 -29540.4 -0.0056994
13561.2 -29524.9 -0.00571434
13565.8 -29509.3 -0.00572931
13570.4 -29493.7 -0.00574432
13575 -29478 -0.00575936
13579.6 -29462.2 -0.00577443
13584.2 -29446.4 -0.00578953
13588.8 -29430.6 -0.00580466
13593.4 -29414.7 -0.00581983
13598 -29398.7 -0.00583502
13602.7 -29382.7 -0.00585025
13607.4 -29366.6 -0.00586556
13612.1 -29350.4 -0.00588092
13616.8 -29334.1 -0.00589636
13621.6 -29317.8 -0.00591185
13410.3 -29157 -0.00606315
13470.1 -29095.5 -0.0061207
13494.5 -29049.7 -0.00616352
