0 -58.4752 -2.26119e-06
634.56 0 0.000110254
1173.57 0 0.00022735
1709.92 0 0.000344409
2243.81 0 0.000461304
2775.24 0 0.000577987
3304.22 0 0.000694453
3830.74 0 0.000810687
4354.77 0 0.000926681
4876.15 0 0.00104244
5394.56 0 0.00115796
5909.16 0 0.00127328
6418.2 0 0.00138845
6918.36 0 0.00150358
7403.99 0 0.00161888
7866.83 0 0.00173462
8297.18 0 0.00185117
8686.59 0 0.00196887
9030.8 0 0.00208795
9330.49 0 0.00220848
9590.04 0 0.00233039
9815.21 0 0.00245354
10011.7 0 0.00257778
10184.8 0 0.00270291
10338.5 0 0.00282883
10475.8 0 0.00295575
10599.4 0 0.00308343
10711.4 0 0.00321184
10812.7 0 0.00334116
10905.5 0 0.00347094
10991.1 0 0.00360111
11070.4 0 0.00373163
11143.9 0 0.00386255
11212.1 0 0.00399399
11276 0 0.0041257
11335.9 0 0.00425766
11392.3 0 0.00438984
11445.5 0 0.00452222
11495.9 0 0.00465479
11543.8 0 0.00478754
11589.3 0 0.00492043
11632.4 0 0.00505359
11673.3 0 0.00518704
11712.4 0 0.00532063
11749.8 0 0.00545433
11785.6 0 0.00558813
11820.1 0 0.00572203
11853.2 0 0.00585602
11885.1 0 0.00599008
11915.6 0 0.00612427
11945 0 0.00625857
11972.9 0 0.0063933
11999.8 0 0.00652812
12025.7 0 0.006663
12050.7 0 0.00679795
12074.7 0 0.00693307
12097.7 0 0.00706836
12119.8 0 0.00720398
12141.1 0 0.00733962
12161.8 0 0.00747529
12181.9 0 0.00761097
12201.4 0 0.00774667
12220.3 0 0.00788237
12238.6 0 0.00801809
12256.3 0 0.0081538
12273.3 0 0.00828974
12289.7 0 0.00842579
12305.5 0 0.00856185
12320.9 0 0.0086979
12335.7 0 0.00883409
12349.8 0 0.0089707
12363.5 0 0.00910731
12376.5 0 0.00924407
12388.8 0 0.00938108
12400.7 0 0.00951807
12412.4 0 0.00965505
12423.7 0 0.009792
12434.7 0 0.00992892
12445.5 0 0.0100658
12455.9 0 0.0102027
12466.1 0 0.0103396
12476 0 0.0104764
12485.7 0 0.0106132
12495.1 0 0.01075
12504.3 0 0.0108868
12513.2 0 0.0110235
12521.8 0 0.0111603
12530.3 0 0.011297
12538.4 0 0.0114337
12546.4 0 0.0115704
12554.2 0 0.0117071
12561.7 0 0.0118438
12569 0 0.0119805
12576.2 0 0.0121172
12583.1 0 0.0122538
12589.9 0 0.0123904
12596.5 0 0.012527
12603 0 0.0126636
12609.3 0 0.0128002
12615.5 0 0.0129367
12621.6 0 0.0130732
12627.5 0 0.0132097
12633.3 0 0.0133462
12638.9 0 0.0134829
12644.3 0 0.0136196
12649.5 0 0.0137564
12654.6 0 0.0138932
12659.6 0 0.0140303
12664.4 0 0.0141674
12669.2 0 0.0143045
12673.9 0 0.0144415
12678.6 0 0.0145786
12683.1 0 0.0147156
12687.6 0 0.0148526
12692 0 0.0149895
12696.3 0 0.0151265
12700.6 0 0.0152634
12704.8 0 0.0154003
12708.9 0 0.0155372
12713 0 0.015674
12717 0 0.0158109
12720.9 0 0.0159477
12724.7 0 0.0160845
12728.5 0 0.0162214
12732.1 0 0.0163583
12735.7 0 0.0164955
12739.2 0 0.0166326
12742.7 0 0.0167697
12746 0 0.0169068
12749.3 0 0.0170439
12752.5 0 0.0171811
12755.5 0 0.0173192
12758.3 0 0.0174574
12761.2 0 0.0175956
12763.9 0 0.0177338
12766.6 0 0.017872
12769.2 0 0.0180102
12771.7 0 0.0181487
12774.1 0 0.0182875
12776.4 0 0.0184263
12778.6 0 0.0185651
12780.8 0 0.0187039
12783 0 0.0188427
12785.1 0 0.0189815
12787.2 0 0.0191204
12789.2 0 0.0192592
12791.2 0 0.019398
12793.2 0 0.0195369
12795.1 0 0.0196757
12797 0 0.0198146
12798.8 0 0.0199534
12800.6 0 0.0200922
12802.4 0 0.0202311
12804.2 0 0.0203699
12805.9 0 0.0205087
12807.7 0 0.0206475
12809.4 0 0.0207863
12811 0 0.0209251
12812.7 0 0.0210638
12814.3 0 0.0212026
12815.9 0 0.0213413
12817.5 0 0.02148
12819.1 0 0.0216187
12820.7 0 0.0217574
12822.2 0 0.0218961
12823.7 0 0.0220347
12825.2 0 0.0221734
12826.7 0 0.022312
12828.2 0 0.0224506
12829.7 0 0.0225892
12831.1 0 0.0227277
12832.6 0 0.0228663
12834 0 0.0230048
12835.4 0 0.0231433
12836.8 0 0.0232818
12838.2 0 0.0234203
12839.5 0 0.0235588
12840.9 0 0.0236972
12842.2 0 0.0238356
12843.6 0 0.023974
12844.9 0 0.0241124
12846.2 0 0.0242508
12847.5 0 0.0243892
12848.7 0 0.0245275
12850 0 0.0246659
12851.3 0 0.0248042
12852.5 0 0.0249425
12853.7 0 0.0250808
12855 0 0.0252191
12856.2 0 0.0253573
12857.4 0 0.0254956
12858.5 0 0.0256338
12859.7 0 0.025772
12860.9 0 0.0259103
12862 0 0.0260485
12863.1 0 0.0261867
12864.3 0 0.0263249
12865.4 0 0.026463
12866.4 0 0.0266012
12867.5 0 0.0267394
12868.6 0 0.0268776
12869.6 0 0.0270157
12870.7 0 0.0271539
12871.7 0 0.027292
12872.7 0 0.0274302
12873.7 0 0.0275683
12874.7 0 0.0277065
12875.7 0 0.0278446
12876.6 0 0.0279828
12877.5 0 0.0281209
12878.5 0 0.0282591
12879.4 0 0.0283972
12880.3 0 0.0285354
12881.2 0 0.0286736
12882 0 0.0288117
12882.9 0 0.0289499
12883.7 0 0.0290881
12884.6 0 0.0292263
12885.4 0 0.0293645
12886.2 0 0.0295027
12886.9 0 0.0296409
12887.7 0 0.0297791
12888.5 0 0.0299173
12889.2 0 0.0300556
12889.9 0 0.0301938
12890.6 0 0.0303321
12891.3 0 0.0304703
12892 0 0.0306086
12892.7 0 0.0307469
12893.3 0 0.0308852
12894 0 0.0310235
12894.6 0 0.0311618
12895.2 0 0.0313001
12895.8 0 0.0314384
12896.4 0 0.0315768
12897 0 0.0317151
12897.6 0 0.0318535
12898.1 0 0.0319919
12898.7 0 0.0321302
12899.2 0 0.0322686
12899.8 0 0.032407
12900.3 0 0.0325454
12900.7 0 0.0326842
12901.2 0 0.032823
12901.6 0 0.0329618
12902 0 0.0331006
12902.5 0 0.0332394
12902.9 0 0.0333782
12903.3 0 0.0335171
12903.7 0 0.0336559
12904.1 0 0.0337947
12904.5 0 0.0339336
12904.8 0 0.0340724
12905.2 0 0.0342113
12905.5 0 0.0343501
12905.9 0 0.034489
12906.2 0 0.0346278
12906.6 0 0.0347667
12906.9 0 0.0349055
12907.2 0 0.0350444
12907.5 0 0.0351832
12907.9 0 0.0353221
12908.2 0 0.0354609
12908.5 0 0.0355997
12908.8 0 0.0357386
12909 0 0.0358774
12909.3 0 0.0360163
12909.6 0 0.0361551
12909.9 0 0.0362939
12910.2 0 0.0364328
12910.4 0 0.0365716
12910.7 0 0.0367104
12910.9 0 0.0368492
12911.2 0 0.036988
12911.4 0 0.0371268
12911.7 0 0.0372656
12911.9 0 0.0374044
12912.2 0 0.0375432
12912.4 0 0.037682
12912.6 0 0.0378208
12912.9 0 0.0379595
12913.1 0 0.0380983
12913.3 0 0.0382371
12913.5 0 0.0383758
12913.7 0 0.0385146
12913.9 0 0.0386533
12914.1 0 0.038792
12914.3 0 0.0389308
12914.5 0 0.0390695
12914.7 0 0.0392082
12914.9 0 0.0393469
12915.1 0 0.0394856
12915.3 0 0.0396243
12915.5 0 0.039763
12915.7 0 0.0399016
12915.9 0 0.0400403
12916 0 0.040179
12916.2 0 0.0403176
12916.4 0 0.0404563
12916.6 0 0.0405949
12916.7 0 0.0407335
12916.9 0 0.0408722
12917 0 0.0410108
12917.2 0 0.0411494
12917.4 0 0.041288
12917.5 0 0.0414266
12917.7 0 0.0415652
12917.8 0 0.0417037
12918 0 0.0418423
12918.1 0 0.0419809
12918.2 0 0.0421194
12918.4 0 0.042258
12918.5 0 0.0423965
12918.7 0 0.042535
12918.8 0 0.0426736
12918.9 0 0.0428121
12919.1 0 0.0429506
12919.3 0 0.043089
12919.6 0 0.0432275
12920.2 0 0.0433658
12921.1 0 0.043504
12922.2 0 0.0436422
12923.4 0 0.0437803
12924.8 0 0.0439183
12926.3 0 0.0440563
12927.9 0 0.0441942
12929.8 0 0.0443321
12931.8 0 0.0444699
12933.7 0 0.0446077
12935.7 0 0.0447455
12937.6 0 0.0448832
12939.6 0 0.045021
12941.8 0 0.0451586
12944.1 0 0.0452963
12946.6 0 0.0454338
12949.3 0 0.0455713
12951.9 0 0.0457088
12954.5 0 0.0458462
12957.1 0 0.0459837
12959.7 0 0.0461211
12962.3 0 0.0462585
12964.9 0 0.046396
12967.5 0 0.0465334
12970.2 0 0.0466707
12973 0 0.046808
12976 0 0.0469453
12979.1 0 0.0470824
12982.4 0 0.0472195
12985.6 0 0.0473566
12988.8 0 0.0474937
12992 0 0.0476308
12995.2 0 0.0477678
12998.4 0 0.0479048
13001.6 0 0.0480418
13004.8 0 0.0481788
13008 0 0.0483158
13011.2 0 0.0484528
13014.4 0 0.0485897
13017.6 0 0.0487267
13020.9 0 0.0488636
13024.2 0 0.0490004
13027.7 0 0.0491372
13031.3 0 0.0492739
13035 0 0.0494105
13038.8 0 0.0495472
13042.5 0 0.0496838
13046.3 0 0.0498204
13050 0 0.0499569
13053.7 0 0.0500935
13057.5 0 0.05023
13061.2 0 0.0503665
13064.9 0 0.0505031
13068.7 0 0.0506395
13072.4 0 0.050776
13076.1 0 0.0509125
13079.8 0 0.0510489
13083.5 0 0.0511853
13087.2 0 0.0513217
13090.9 0 0.0514581
13094.6 0 0.0515945
13098.4 0 0.0517308
13102.2 0 0.0518671
13106.1 0 0.0520033
13110 0 0.0521395
13114.2 0 0.0522756
13118.4 0 0.0524116
13122.6 0 0.0525476
13126.8 0 0.0526836
13130.9 0 0.0528196
13135.1 0 0.0529555
13139.3 0 0.0530914
13143.5 0 0.0532273
13147.6 0 0.0533632
13151.8 0 0.0534991
13155.9 0 0.0536349
13160.1 0 0.0537707
13164.3 0 0.0539065
13168.4 0 0.0540423
13172.5 0 0.0541781
13176.7 0 0.0543138
13180.8 0 0.0544495
13185 0 0.0545852
13189.1 0 0.0547209
13193.2 0 0.0548565
13197.4 0 0.0549921
13201.5 0 0.0551277
13205.6 0 0.0552633
13209.7 0 0.0553989
13213.9 0 0.0555344
13218.1 0 0.0556698
13222.4 0 0.0558052
13226.7 0 0.0559406
13231.2 0 0.0560758
13235.7 0 0.056211
13240.2 0 0.0563461
13244.8 0 0.0564812
13249.3 0 0.0566163
13253.8 0 0.0567514
13258.3 0 0.0568864
13262.8 0 0.0570214
13267.3 0 0.0571564
13271.8 0 0.0572913
13276.3 0 0.0574262
13280.8 0 0.0575611
13285.3 0 0.057696
13289.8 0 0.0578309
13294.3 0 0.0579657
13298.7 0 0.0581005
13303.2 0 0.0582352
13307.7 0 0.0583699
13312.2 0 0.0585046
13316.6 0 0.0586393
13321.1 0 0.058774
13325.5 0 0.0589086
13330 0 0.0590432
13334.4 0 0.0591777
13338.9 0 0.0593123
13343.3 0 0.0594468
13347.7 0 0.0595812
13352.2 0 0.0597157
13356.6 0 0.0598501
13361 0 0.0599845
13365.5 0 0.0601188
13369.9 0 0.0602532
13374.3 0 0.0603874
13378.8 0 0.0605217
13383.3 0 0.0606558
13387.9 0 0.0607899
13392.5 0 0.060924
13397.2 0 0.0610579
13402 0 0.0611918
13406.7 0 0.0613256
13411.5 0 0.0614594
13416.2 0 0.0615931
13420.9 0 0.0617269
13425.7 0 0.0618606
13430.4 0 0.0619942
13435.1 0 0.0621279
13439.8 0 0.0622615
13444.5 0 0.062395
13449.3 0 0.0625286
13454 0 0.0626621
13458.7 0 0.0627956
13463.4 0 0.062929
13468.1 0 0.0630624
13472.8 0 0.0631958
13477.4 0 0.0633291
13482.1 0 0.0634625
13486.8 0 0.0635957
13491.5 0 0.063729
13496.2 0 0.0638622
13500.8 0 0.0639954
13505.5 0 0.0641286
13510.1 0 0.0642617
13514.8 0 0.0643948
13519.5 0 0.0645278
13524.1 0 0.0646609
13528.8 0 0.0647939
13533.4 0 0.0649268
13538 0 0.0650598
13542.7 0 0.0651927
13547.3 0 0.0653256
13551.9 0 0.0654584
13556.6 0 0.0655912
13561.2 0 0.065724
13565.8 0 0.0658567
13570.4 0 0.0659894
13575 0 0.0661221
13579.6 0 0.0662548
13584.2 0 0.0663874
13588.8 0 0.06652
13593.4 0 0.0666526
13598 0 0.0667851
13602.7 0 0.0669176
13607.4 0 0.06705
13612.1 0 0.0671823
13616.8 0 0.0673146
13621.6 0 0.0674468
13410.3 0 0.0674435
13470.1 0 0.0675339
13494.5 0 0.0676389
