0 -58.4752 -2.26119e-06
634.56 -470.229 -1.81958e-05
1173.57 -760.129 -2.9436e-05
1709.92 -1050.79 -4.07296e-05
2243.81 -1344.76 -5.21799e-05
2775.24 -1643.56 -6.38525e-05
3304.22 -1947.21 -7.57531e-05
3830.74 -2255.75 -8.78888e-05
4354.77 -2569.12 -0.000100264
4876.15 -2887.13 -0.000112876
5394.56 -3209.41 -0.000125718
5909.16 -3535.2 -0.000138763
6418.2 -3862.96 -0.000151958
6918.36 -4189.82 -0.00016519
7403.99 -4510.88 -0.000178263
7866.83 -4819.14 -0.000190888
8297.18 -5105.98 -0.000202704
8686.59 -5363.5 -0.00021337
9030.8 -5587.06 -0.000222675
9330.49 -5773.73 -0.000230479
9590.04 -5926.4 -0.000236884
9815.21 -6046.18 -0.000241925
10011.7 -6135.96 -0.000245712
10184.8 -6203.42 -0.000248563
10338.5 -6252.58 -0.000250643
10475.8 -6289.02 -0.000252186
10599.4 -6312.34 -0.000253174
10711.4 -6322.19 -0.000253592
10812.7 -6301.52 -0.000252793
10905.5 -6269.81 -0.000251567
10991.1 -6228.28 -0.000249961
11070.4 -6177.97 -0.000248015
11143.9 -6118.01 -0.000245697
11212.1 -6045.18 -0.000242881
11276 -5965.71 -0.000239808
11335.9 -5880.2 -0.000236501
11392.3 -5789.16 -0.000232981
11445.5 -5693.1 -0.000229266
11495.9 -5592.47 -0.000225375
11543.8 -5487.66 -0.000221323
11589.3 -5379.04 -0.000217122
11632.4 -5262.73 -0.000212625
11673.3 -5137.27 -0.000207774
11712.4 -5008.61 -0.000202799
11749.8 -4877.03 -0.000197711
11785.6 -4742.8 -0.00019252
11820.1 -4606.19 -0.000187238
11853.2 -4467.41 -0.000181871
11885.1 -4326.68 -0.00017643
11915.6 -4173.16 -0.000170493
11945 -4010.49 -0.000164203
11972.9 -3841.71 -0.000157677
11999.8 -3670.83 -0.000151069
12025.7 -3498.35 -0.0001444
12050.7 -3321.97 -0.000137579
12074.7 -3131.47 -0.000130213
12097.7 -2940.37 -0.000122824
12119.8 -2749.8 -0.000115455
12141.1 -2558.44 -0.000108055
12161.8 -2366.46 -0.000100632
12181.9 -2173.97 -9.31887e-05
12201.4 -1981.08 -8.573e-05
12220.3 -1787.87 -7.82589e-05
12238.6 -1594.41 -7.07782e-05
12256.3 -1400.77 -6.32905e-05
12273.3 -1202.73 -5.56326e-05
12289.7 -1002.28 -4.78817e-05
12305.5 -801.821 -4.01303e-05
12320.9 -601.454 -3.23826e-05
12335.7 -403.436 -2.47256e-05
12349.8 -211.821 -1.73162e-05
12363.5 -20.7549 -9.92807e-06
12376.5 0 -1.56664e-06
12388.8 0 7.56219e-06
12400.7 0 1.66799e-05
12412.4 0 2.57833e-05
12423.7 0 3.48699e-05
12434.7 0 4.39384e-05
12445.5 0 5.29884e-05
12455.9 0 6.20201e-05
12466.1 0 7.10347e-05
12476 0 8.00336e-05
12485.7 0 8.90187e-05
12495.1 0 9.79921e-05
12504.3 0 0.000106956
12513.2 0 0.000115912
12521.8 0 0.000124861
12530.3 0 0.000133805
12538.4 0 0.000142744
12546.4 0 0.000151679
12554.2 0 0.000160608
12561.7 0 0.000169532
12569 0 0.000178447
12576.2 0 0.000187354
12583.1 0 0.00019625
12589.9 0 0.000205132
12596.5 0 0.000214
12603 0 0.00022285
12609.3 0 0.000231681
12615.5 0 0.000240492
12621.6 0 0.00024928
12627.5 0 0.000258045
12633.3 0 0.000266966
12638.9 0 0.000276302
12644.3 0 0.00028627
12649.5 0 0.000296512
12654.6 0 0.000306691
12659.6 0 0.000316701
12664.4 0 0.000326694
12669.2 0 0.000336671
12673.9 0 0.000346635
12678.6 0 0.000356585
12683.1 0 0.000366525
12687.6 0 0.000376455
12692 0 0.000386377
12696.3 0 0.000396294
12700.6 0 0.000406209
12704.8 0 0.000416122
12708.9 0 0.000426036
12713 0 0.000435955
12717 0 0.000445878
12720.9 0 0.00045581
12724.7 0 0.000465751
12728.5 0 0.000475703
12732.1 0 0.000485527
12735.7 0 0.000495213
12739.2 0 0.00050491
12742.7 0 0.000514604
12746 0 0.000524307
12749.3 0 0.000534019
12752.5 0 0.000543709
12755.5 0 0.000553357
12758.3 0 0.000563009
12761.2 0 0.000572661
12763.9 0 0.000582309
12766.6 0 0.000591953
12769.2 0 0.000601591
12771.7 0 0.000611545
12774.1 0 0.000621892
12776.4 0 0.000632235
12778.6 0 0.000642573
12780.8 0 0.000652904
12783 0 0.000663228
12785.1 0 0.000673541
12787.2 0 0.000683844
12789.2 0 0.000694135
12791.2 0 0.000704413
12793.2 0 0.000714677
12795.1 0 0.000724927
12797 0 0.000735161
12798.8 0 0.00074538
12800.6 0 0.000755583
12802.4 0 0.000765768
12804.2 0 0.000775937
12805.9 0 0.000786088
12807.7 0 0.000796222
12809.4 0 0.000806338
12811 0 0.000816437
12812.7 0 0.000826517
12814.3 0 0.00083658
12815.9 0 0.000846624
12817.5 0 0.00085665
12819.1 0 0.000866659
12820.7 0 0.00087665
12822.2 0 0.000886623
12823.7 0 0.000896578
12825.2 0 0.000906516
12826.7 0 0.000916437
12828.2 0 0.000926341
12829.7 0 0.000936228
12831.1 0 0.000946098
12832.6 0 0.000955952
12834 0 0.00096579
12835.4 0 0.000975612
12836.8 0 0.000985419
12838.2 0 0.000995211
12839.5 0 0.00100499
12840.9 0 0.00101475
12842.2 0 0.0010245
12843.6 0 0.00103423
12844.9 0 0.00104396
12846.2 0 0.00105366
12847.5 0 0.00106336
12848.7 0 0.00107305
12850 0 0.00108272
12851.3 0 0.00109238
12852.5 0 0.00110203
12853.7 0 0.00111168
12855 0 0.00112131
12856.2 0 0.00113093
12857.4 0 0.00114055
12858.5 0 0.00115016
12859.7 0 0.00115975
12860.9 0 0.00116931
12862 0 0.00117886
12863.1 0 0.00118841
12864.3 0 0.00119795
12865.4 0 0.00120749
12866.4 0 0.00121702
12867.5 0 0.00122654
12868.6 0 0.00123607
12869.6 0 0.00124559
12870.7 0 0.00125511
12871.7 0 0.00126463
12872.7 0 0.00127414
12873.7 0 0.00128366
12874.7 0 0.00129318
12875.7 0 0.00130269
12876.6 0 0.00131221
12877.5 0 0.00132173
12878.5 0 0.00133125
12879.4 0 0.00134078
12880.3 0 0.0013503
12881.2 0 0.00135983
12882 0 0.00136936
12882.9 0 0.0013789
12883.7 0 0.00138843
12884.6 0 0.00139798
12885.4 0 0.00140752
12886.2 0 0.00141707
12886.9 0 0.00142662
12887.7 0 0.00143618
12888.5 0 0.00144574
12889.2 0 0.0014553
12889.9 0 0.00146486
12890.6 0 0.00147443
12891.3 0 0.001484
12892 0 0.00149358
12892.7 0 0.00150315
12893.3 0 0.00151273
12894 0 0.00152231
12894.6 0 0.00153189
12895.2 0 0.00154147
12895.8 0 0.00155106
12896.4 0 0.00156064
12897 0 0.00157022
12897.6 0 0.00157981
12898.1 0 0.00158939
12898.7 0 0.00159897
12899.2 0 0.00160855
12899.8 0 0.00161814
12900.3 0 0.00162777
12900.7 0 0.0016381
12901.2 0 0.00164844
12901.6 0 0.00165878
12902 0 0.00166912
12902.5 0 0.00167946
12902.9 0 0.00168981
12903.3 0 0.00170016
12903.7 0 0.0017105
12904.1 0 0.00172085
12904.5 0 0.0017312
12904.8 0 0.00174154
12905.2 0 0.00175189
12905.5 0 0.00176223
12905.9 0 0.00177257
12906.2 0 0.00178291
12906.6 0 0.00179325
12906.9 0 0.00180359
12907.2 0 0.00181392
12907.5 0 0.00182425
12907.9 0 0.00183458
12908.2 0 0.00184491
12908.5 0 0.00185523
12908.8 0 0.00186554
12909 0 0.00187586
12909.3 0 0.00188616
12909.6 0 0.00189647
12909.9 0 0.00190677
12910.2 0 0.00191706
12910.4 0 0.00192735
12910.7 0 0.00193764
12910.9 0 0.00194792
12911.2 0 0.00195819
12911.4 0 0.00196846
12911.7 0 0.00197873
12911.9 0 0.00198899
12912.2 0 0.00199924
12912.4 0 0.00200949
12912.6 0 0.00201973
12912.9 0 0.00202996
12913.1 0 0.00204019
12913.3 0 0.00205042
12913.5 0 0.00206064
12913.7 0 0.00207085
12913.9 0 0.00208105
12914.1 0 0.00209125
12914.3 0 0.00210145
12914.5 0 0.00211164
12914.7 0 0.00212182
12914.9 0 0.00213199
12915.1 0 0.00214216
12915.3 0 0.00215232
12915.5 0 0.00216248
12915.7 0 0.00217263
12915.9 0 0.00218277
12916 0 0.00219291
12916.2 0 0.00220303
12916.4 0 0.00221316
12916.6 0 0.00222328
12916.7 0 0.00223339
12916.9 0 0.00224349
12917 0 0.00225359
12917.2 0 0.00226368
12917.4 0 0.00227376
12917.5 0 0.00228384
12917.7 0 0.00229391
12917.8 0 0.00230398
12918 0 0.00231403
12918.1 0 0.00232409
12918.2 0 0.00233413
12918.4 0 0.00234417
12918.5 0 0.0023542
12918.7 0 0.00236423
12918.8 0 0.00237425
12918.9 0 0.00238426
12919.1 0 0.00239426
12919.3 0 0.00240424
12919.6 0 0.00241418
12920.2 0 0.00242405
12921.1 0 0.00243384
12922.2 0 0.00244356
12923.4 0 0.00245324
12924.8 0 0.00246288
12926.3 0 0.00247248
12927.9 0 0.00248203
12929.8 0 0.0024915
12931.8 0 0.00250096
12933.7 0 0.0025104
12935.7 0 0.00251984
12937.6 0 0.00252927
12939.6 0 0.00253866
12941.8 0 0.00254801
12944.1 0 0.00255732
12946.6 0 0.00256655
12949.3 0 0.00257576
12951.9 0 0.00258495
12954.5 0 0.00259414
12957.1 0 0.00260332
12959.7 0 0.00261249
12962.3 0 0.00262165
12964.9 0 0.00263081
12967.5 0 0.00263995
12970.2 0 0.00264905
12973 0 0.00265812
12976 0 0.00266714
12979.1 0 0.00267608
12982.4 0 0.002685
12985.6 0 0.00269389
12988.8 0 0.00270262
12992 0 0.00271134
12995.2 0 0.00272005
12998.4 0 0.00272874
13001.6 0 0.00273743
13004.8 0 0.0027461
13008 0 0.00275476
13011.2 0 0.00276341
13014.4 0 0.00277205
13017.6 0 0.00278067
13020.9 0 0.00278925
13024.2 0 0.00279778
13027.7 0 0.00280627
13031.3 0 0.00281467
13035 0 0.00282303
13038.8 0 0.00283137
13042.5 0 0.0028397
13046.3 0 0.00284802
13050 0 0.00285632
13053.7 0 0.00286461
13057.5 0 0.00287288
13061.2 0 0.00288115
13064.9 0 0.0028894
13068.7 0 0.00289763
13072.4 0 0.00290585
13076.1 0 0.00291406
13079.8 0 0.00292226
13083.5 0 0.00293044
13087.2 0 0.0029386
13090.9 0 0.00294676
13094.6 0 0.00295489
13098.4 0 0.00296299
13102.2 0 0.00297105
13106.1 0 0.00297905
13110 0 0.002987
13114.2 0 0.00299485
13118.4 0 0.00300269
13122.6 0 0.00301051
13126.8 0 0.00301832
13130.9 0 0.00302611
13135.1 0 0.00303388
13139.3 0 0.00304164
13143.5 0 0.00304938
13147.6 0 0.0030571
13151.8 0 0.00306481
13155.9 0 0.0030725
13160.1 0 0.00308017
13164.3 0 0.00308782
13168.4 0 0.00309546
13172.5 0 0.00310308
13176.7 0 0.00311068
13180.8 0 0.00311827
13185 0 0.00312584
13189.1 0 0.00313339
13193.2 0 0.00314092
13197.4 0 0.00314843
13201.5 0 0.00315592
13205.6 0 0.0031634
13209.7 0 0.00317086
13213.9 0 0.00317826
13218.1 0 0.00318561
13222.4 0 0.00319291
13226.7 0 0.00320016
13231.2 0 0.0032073
13235.7 0 0.00321442
13240.2 0 0.00322153
13244.8 0 0.00322861
13249.3 0 0.00323567
13253.8 0 0.00324271
13258.3 0 0.00324973
13262.8 0 0.00325673
13267.3 0 0.00326371
13271.8 0 0.00327066
13276.3 0 0.00327759
13280.8 0 0.0032845
13285.3 0 0.00329139
13289.8 0 0.00329826
13294.3 0 0.0033051
13298.7 0 0.00331192
13303.2 0 0.00331872
13307.7 0 0.0033255
13312.2 0 0.00333225
13316.6 0 0.00333898
13321.1 0 0.00334568
13325.5 0 0.00335237
13330 0 0.00335903
13334.4 0 0.00336566
13338.9 0 0.00337228
13343.3 0 0.00337886
13347.7 0 0.00338543
13352.2 0 0.00339197
13356.6 0 0.00339849
13361 0 0.00340498
13365.5 0 0.00341145
13369.9 0 0.0034179
13374.3 0 0.00342428
13378.8 0 0.00343061
13383.3 0 0.00343688
13387.9 0 0.00344309
13392.5 0 0.00344924
13397.2 0 0.00345525
13402 0 0.00346129
13406.7 0 0.0034673
13411.5 0 0.00347329
13416.2 0 0.00347925
13420.9 0 0.00348518
13425.7 0 0.00349109
13430.4 0 0.00349697
13435.1 0 0.00350282
13439.8 0 0.00350864
13444.5 0 0.00351444
13449.3 0 0.00352021
13454 0 0.00352595
13458.7 0 0.00353167
13463.4 0 0.00353736
13468.1 0 0.00354302
13472.8 0 0.00354865
13477.4 0 0.00355426
13482.1 0 0.00355984
13486.8 0 0.00356539
13491.5 0 0.00357091
13496.2 0 0.00357641
13500.8 0 0.00358187
13505.5 0 0.00358731
13510.1 0 0.00359272
13514.8 0 0.00359811
13519.5 0 0.00360346
13524.1 0 0.00360879
13528.8 0 0.00361409
13533.4 0 0.00361936
13538 0 0.00362461
13542.7 0 0.00362982
13547.3 0 0.00363501
13551.9 0 0.00364017
13556.6 0 0.0036453
13561.2 0 0.0036504
13565.8 0 0.00365548
13570.4 0 0.00366052
13575 0 0.00366554
13579.6 0 0.00367053
13584.2 0 0.00367549
13588.8 0 0.00368043
13593.4 0 0.00368532
13598 0 0.00369013
13602.7 0 0.00369487
13607.4 0 0.00369955
13612.1 0 0.00370417
13616.8 0 0.00370873
13621.6 0 0.00371311
13410.3 0 0.00358387
13470.1 0 0.0035472
13494.5 0 0.00352534
