0 -58.4752 -2.26119e-06
634.56 0 0.000110668
1173.57 0 0.000228227
1709.92 0 0.000345743
2243.81 0 0.000463097
2775.24 0 0.000580235
3304.22 0 0.000697151
3830.74 0 0.000813834
4354.77 0 0.000930277
4876.15 0 0.00104648
5394.56 0 0.00116246
5909.16 0 0.00127823
6418.2 0 0.00139385
6918.36 0 0.00150943
7403.99 0 0.00162518
7866.83 0 0.00174137
8297.18 0 0.00185837
8686.59 0 0.00197652
9030.8 0 0.00209604
9330.49 0 0.00221704
9590.04 0 0.00233942
9815.21 0 0.00246309
10011.7 0 0.00258794
10184.8 0 0.00271369
10338.5 0 0.00284022
10475.8 0 0.00296755
10599.4 0 0.00309554
10711.4 0 0.0032242
10812.7 0 0.0033539
10905.5 0 0.00348405
10991.1 0 0.00361458
11070.4 0 0.00374546
11143.9 0 0.00387673
11212.1 0 0.00400851
11276 0 0.00414055
11335.9 0 0.00427283
11392.3 0 0.00440533
11445.5 0 0.00453803
11495.9 0 0.00467092
11543.8 0 0.00480397
11589.3 0 0.00493717
11632.4 0 0.00507065
11673.3 0 0.00520445
11712.4 0 0.00533838
11749.8 0 0.00547242
11785.6 0 0.00560656
11820.1 0 0.0057408
11853.2 0 0.00587513
11885.1 0 0.00600953
11915.6 0 0.00614422
11945 0 0.00627913
11972.9 0 0.00641438
11999.8 0 0.00654972
12025.7 0 0.00668511
12050.7 0 0.00682062
12074.7 0 0.00695646
12097.7 0 0.0070924
12119.8 0 0.00722852
12141.1 0 0.00736467
12161.8 0 0.00750084
12181.9 0 0.00763703
12201.4 0 0.00777324
12220.3 0 0.00790945
12238.6 0 0.00804567
12256.3 0 0.0081819
12273.3 0 0.00831832
12289.7 0 0.00845485
12305.5 0 0.00859139
12320.9 0 0.00872791
12335.7 0 0.00886448
12349.8 0 0.00900118
12363.5 0 0.00913786
12376.5 0 0.00927506
12388.8 0 0.00941273
12400.7 0 0.00955039
12412.4 0 0.00968803
12423.7 0 0.00982565
12434.7 0 0.00996326
12445.5 0 0.0101008
12455.9 0 0.0102384
12466.1 0 0.0103759
12476 0 0.0105134
12485.7 0 0.0106509
12495.1 0 0.0107884
12504.3 0 0.0109259
12513.2 0 0.0110634
12521.8 0 0.0112008
12530.3 0 0.0113382
12538.4 0 0.0114757
12546.4 0 0.0116131
12554.2 0 0.0117505
12561.7 0 0.0118879
12569 0 0.0120253
12576.2 0 0.0121627
12583.1 0 0.0123
12589.9 0 0.0124374
12596.5 0 0.0125747
12603 0 0.012712
12609.3 0 0.0128493
12615.5 0 0.0129866
12621.6 0 0.0131238
12627.5 0 0.013261
12633.3 0 0.0133984
12638.9 0 0.0135359
12644.3 0 0.0136738
12649.5 0 0.0138118
12654.6 0 0.0139499
12659.6 0 0.014088
12664.4 0 0.0142261
12669.2 0 0.0143642
12673.9 0 0.0145022
12678.6 0 0.0146403
12683.1 0 0.0147783
12687.6 0 0.0149163
12692 0 0.0150543
12696.3 0 0.0151923
12700.6 0 0.0153302
12704.8 0 0.0154682
12708.9 0 0.0156061
12713 0 0.0157441
12717 0 0.015882
12720.9 0 0.01602
12724.7 0 0.0161579
12728.5 0 0.0162958
12732.1 0 0.0164338
12735.7 0 0.0165717
12739.2 0 0.0167097
12742.7 0 0.0168477
12746 0 0.0169857
12749.3 0 0.0171237
12752.5 0 0.0172617
12755.5 0 0.0174002
12758.3 0 0.0175388
12761.2 0 0.0176773
12763.9 0 0.0178159
12766.6 0 0.0179545
12769.2 0 0.0180931
12771.7 0 0.0182319
12774.1 0 0.0183711
12776.4 0 0.0185103
12778.6 0 0.0186495
12780.8 0 0.0187887
12783 0 0.018928
12785.1 0 0.0190672
12787.2 0 0.0192064
12789.2 0 0.0193456
12791.2 0 0.0194848
12793.2 0 0.019624
12795.1 0 0.0197632
12797 0 0.0199024
12798.8 0 0.0200416
12800.6 0 0.0201807
12802.4 0 0.0203199
12804.2 0 0.020459
12805.9 0 0.0205982
12807.7 0 0.0207373
12809.4 0 0.0208764
12811 0 0.0210155
12812.7 0 0.0211545
12814.3 0 0.0212936
12815.9 0 0.0214326
12817.5 0 0.0215717
12819.1 0 0.0217107
12820.7 0 0.0218497
12822.2 0 0.0219886
12823.7 0 0.0221276
12825.2 0 0.0222665
12826.7 0 0.0224055
12828.2 0 0.0225444
12829.7 0 0.0226833
12831.1 0 0.0228221
12832.6 0 0.022961
12834 0 0.0230998
12835.4 0 0.0232386
12836.8 0 0.0233775
12838.2 0 0.0235162
12839.5 0 0.023655
12840.9 0 0.0237938
12842.2 0 0.0239325
12843.6 0 0.0240712
12844.9 0 0.0242099
12846.2 0 0.0243486
12847.5 0 0.0244873
12848.7 0 0.024626
12850 0 0.0247646
12851.3 0 0.0249033
12852.5 0 0.0250419
12853.7 0 0.0251805
12855 0 0.0253191
12856.2 0 0.0254577
12857.4 0 0.0255963
12858.5 0 0.0257349
12859.7 0 0.0258735
12860.9 0 0.026012
12862 0 0.0261505
12863.1 0 0.026289
12864.3 0 0.0264276
12865.4 0 0.0265661
12866.4 0 0.0267046
12867.5 0 0.0268431
12868.6 0 0.0269816
12869.6 0 0.0271201
12870.7 0 0.0272585
12871.7 0 0.027397
12872.7 0 0.0275355
12873.7 0 0.027674
12874.7 0 0.0278125
12875.7 0 0.027951
12876.6 0 0.0280894
12877.5 0 0.0282279
12878.5 0 0.0283664
12879.4 0 0.0285049
12880.3 0 0.0286434
12881.2 0 0.0287819
12882 0 0.0289204
12882.9 0 0.0290589
12883.7 0 0.0291974
12884.6 0 0.0293359
12885.4 0 0.0294744
12886.2 0 0.029613
12886.9 0 0.0297515
12887.7 0 0.02989
12888.5 0 0.0300286
12889.2 0 0.0301671
12889.9 0 0.0303057
12890.6 0 0.0304443
12891.3 0 0.0305828
12892 0 0.0307214
12892.7 0 0.03086
12893.3 0 0.0309986
12894 0 0.0311372
12894.6 0 0.0312758
12895.2 0 0.0314144
12895.8 0 0.031553
12896.4 0 0.0316916
12897 0 0.0318303
12897.6 0 0.0319689
12898.1 0 0.0321075
12898.7 0 0.0322462
12899.2 0 0.0323848
12899.8 0 0.0325234
12900.3 0 0.0326621
12900.7 0 0.0328013
12901.2 0 0.0329405
12901.6 0 0.0330797
12902 0 0.0332189
12902.5 0 0.0333582
12902.9 0 0.0334974
12903.3 0 0.0336366
12903.7 0 0.0337758
12904.1 0 0.0339151
12904.5 0 0.0340543
12904.8 0 0.0341935
12905.2 0 0.0343328
12905.5 0 0.034472
12905.9 0 0.0346113
12906.2 0 0.0347505
12906.6 0 0.0348897
12906.9 0 0.035029
12907.2 0 0.0351682
12907.5 0 0.0353074
12907.9 0 0.0354467
12908.2 0 0.0355859
12908.5 0 0.0357251
12908.8 0 0.0358643
12909 0 0.0360036
12909.3 0 0.0361428
12909.6 0 0.036282
12909.9 0 0.0364212
12910.2 0 0.0365604
12910.4 0 0.0366996
12910.7 0 0.0368388
12910.9 0 0.036978
12911.2 0 0.0371172
12911.4 0 0.0372564
12911.7 0 0.0373955
12911.9 0 0.0375347
12912.2 0 0.0376739
12912.4 0 0.037813
12912.6 0 0.0379522
12912.9 0 0.0380913
12913.1 0 0.0382305
12913.3 0 0.0383696
12913.5 0 0.0385087
12913.7 0 0.0386479
12913.9 0 0.038787
12914.1 0 0.0389261
12914.3 0 0.0390652
12914.5 0 0.0392043
12914.7 0 0.0393434
12914.9 0 0.0394825
12915.1 0 0.0396215
12915.3 0 0.0397606
12915.5 0 0.0398997
12915.7 0 0.0400387
12915.9 0 0.0401778
12916 0 0.0403168
12916.2 0 0.0404558
12916.4 0 0.0405949
12916.6 0 0.0407339
12916.7 0 0.0408729
12916.9 0 0.0410119
12917 0 0.0411509
12917.2 0 0.0412899
12917.4 0 0.0414289
12917.5 0 0.0415679
12917.7 0 0.0417068
12917.8 0 0.0418458
12918 0 0.0419848
12918.1 0 0.0421237
12918.2 0 0.0422626
12918.4 0 0.0424016
12918.5 0 0.0425405
12918.7 0 0.0426794
12918.8 0 0.0428183
12918.9 0 0.0429572
12919.1 0 0.0430961
12919.3 0 0.043235
12919.6 0 0.0433738
12920.2 0 0.0435126
12921.1 0 0.0436512
12922.2 0 0.0437898
12923.4 0 0.0439283
12924.8 0 0.0440668
12926.3 0 0.0442052
12927.9 0 0.0443436
12929.8 0 0.0444819
12931.8 0 0.0446201
12933.7 0 0.0447584
12935.7 0 0.0448966
12937.6 0 0.0450349
12939.6 0 0.0451731
12941.8 0 0.0453112
12944.1 0 0.0454493
12946.6 0 0.0455873
12949.3 0 0.0457253
12951.9 0 0.0458633
12954.5 0 0.0460012
12957.1 0 0.0461392
12959.7 0 0.0462771
12962.3 0 0.046415
12964.9 0 0.0465529
12967.5 0 0.0466908
12970.2 0 0.0468287
12973 0 0.0469665
12976 0 0.0471042
12979.1 0 0.0472419
12982.4 0 0.0473796
12985.6 0 0.0475172
12988.8 0 0.0476547
12992 0 0.0477922
12995.2 0 0.0479297
12998.4 0 0.0480672
13001.6 0 0.0482047
13004.8 0 0.0483422
13008 0 0.0484796
13011.2 0 0.0486171
13014.4 0 0.0487545
13017.6 0 0.0488919
13020.9 0 0.0490293
13024.2 0 0.0491666
13027.7 0 0.0493038
13031.3 0 0.049441
13035 0 0.0495782
13038.8 0 0.0497153
13042.5 0 0.0498524
13046.3 0 0.0499894
13050 0 0.0501265
13053.7 0 0.0502636
13057.5 0 0.0504006
13061.2 0 0.0505376
13064.9 0 0.0506746
13068.7 0 0.0508116
13072.4 0 0.0509486
13076.1 0 0.0510855
13079.8 0 0.0512225
13083.5 0 0.0513594
13087.2 0 0.0514963
13090.9 0 0.0516332
13094.6 0 0.0517701
13098.4 0 0.0519069
13102.2 0 0.0520437
13106.1 0 0.0521805
13110 0 0.0523172
13114.2 0 0.0524537
13118.4 0 0.0525903
13122.6 0 0.0527268
13126.8 0 0.0528633
13130.9 0 0.0529998
13135.1 0 0.0531363
13139.3 0 0.0532728
13143.5 0 0.0534092
13147.6 0 0.0535457
13151.8 0 0.0536821
13155.9 0 0.0538184
13160.1 0 0.0539548
13164.3 0 0.0540912
13168.4 0 0.0542275
13172.5 0 0.0543638
13176.7 0 0.0545001
13180.8 0 0.0546363
13185 0 0.0547726
13189.1 0 0.0549088
13193.2 0 0.055045
13197.4 0 0.0551812
13201.5 0 0.0553174
13205.6 0 0.0554535
13209.7 0 0.0555896
13213.9 0 0.0557257
13218.1 0 0.0558617
13222.4 0 0.0559977
13226.7 0 0.0561336
13231.2 0 0.0562694
13235.7 0 0.0564052
13240.2 0 0.0565409
13244.8 0 0.0566766
13249.3 0 0.0568123
13253.8 0 0.056948
13258.3 0 0.0570836
13262.8 0 0.0572192
13267.3 0 0.0573548
13271.8 0 0.0574904
13276.3 0 0.0576259
13280.8 0 0.0577614
13285.3 0 0.0578969
13289.8 0 0.0580324
13294.3 0 0.0581678
13298.7 0 0.0583032
13303.2 0 0.0584386
13307.7 0 0.058574
13312.2 0 0.0587093
13316.6 0 0.0588446
13321.1 0 0.0589799
13325.5 0 0.0591152
13330 0 0.0592504
13334.4 0 0.0593856
13338.9 0 0.0595208
13343.3 0 0.0596559
13347.7 0 0.059791
13352.2 0 0.0599261
13356.6 0 0.0600612
13361 0 0.0601963
13365.5 0 0.0603313
13369.9 0 0.0604663
13374.3 0 0.0606012
13378.8 0 0.0607361
13383.3 0 0.0608709
13387.9 0 0.0610057
13392.5 0 0.0611404
13397.2 0 0.0612749
13402 0 0.0614095
13406.7 0 0.061544
13411.5 0 0.0616785
13416.2 0 0.061813
13420.9 0 0.0619474
13425.7 0 0.0620818
13430.4 0 0.0622162
13435.1 0 0.0623505
13439.8 0 0.0624848
13444.5 0 0.0626191
13449.3 0 0.0627533
13454 0 0.0628876
13458.7 0 0.0630218
13463.4 0 0.0631559
13468.1 0 0.0632901
13472.8 0 0.0634242
13477.4 0 0.0635582
13482.1 0 0.0636923
13486.8 0 0.0638263
13491.5 0 0.0639603
13496.2 0 0.0640942
13500.8 0 0.0642281
13505.5 0 0.064362
13510.1 0 0.0644959
13514.8 0 0.0646297
13519.5 0 0.0647635
13524.1 0 0.0648973
13528.8 0 0.065031
13533.4 0 0.0651648
13538 0 0.0652984
13542.7 0 0.0654321
13547.3 0 0.0655657
13551.9 0 0.0656993
13556.6 0 0.0658329
13561.2 0 0.0659664
13565.8 0 0.0660999
13570.4 0 0.0662334
13575 0 0.0663668
13579.6 0 0.0665002
13584.2 0 0.0666336
13588.8 0 0.066767
13593.4 0 0.0669003
13598 0 0.0670335
13602.7 0 0.0671667
13607.4 0 0.0672999
13612.1 0 0.067433
13616.8 0 0.067566
13621.6 0 0.0676989
13410.3 0 0.0676971
13470.1 0 0.0677885
13494.5 0 0.0678946
