0 -58.4752 -2.26119e-06
634.56 -1081.41 -4.19208e-05
1173.57 -1977.69 -7.69501e-05
1709.92 -2865.67 -0.000112023
2243.81 -3746.4 -0.000147257
2775.24 -4619.62 -0.000182708
3304.22 -5484.01 -0.00021838
3830.74 -6338.56 -0.000254286
4354.77 -7182.26 -0.000290432
4876.15 -8014.06 -0.000326816
5394.56 -8832.83 -0.000363429
5909.16 -9637.23 -0.000400248
6418.2 -10425.4 -0.000437215
6918.36 -11194.6 -0.00047422
7403.99 -11940.6 -0.000511064
7866.83 -12658.1 -0.000547463
8297.18 -13340.8 -0.00058305
8686.59 -13983.8 -0.000617484
9030.8 -14585 -0.000650556
9330.49 -15144.6 -0.000682146
9590.04 -15666.3 -0.000712355
9815.21 -16153.4 -0.000741267
10011.7 -16609.8 -0.000769015
10184.8 -17041.1 -0.000795854
10338.5 -17450.3 -0.000821911
10475.8 -17838.2 -0.000847172
10599.4 -18207.6 -0.000871766
10711.4 -18559.3 -0.000895697
10812.7 -18888.5 -0.000918578
10905.5 -19204.8 -0.000941022
10991.1 -19509.4 -0.000963077
11070.4 -19803.1 -0.000984783
11143.9 -20085.9 -0.0010061
11212.1 -20356.5 -0.00102692
11276 -20618.5 -0.00104746
11335.9 -20872.4 -0.00106777
11392.3 -21118.8 -0.00108785
11445.5 -21358.1 -0.00110774
11495.9 -21590.6 -0.00112744
11543.8 -21816.9 -0.00114698
11589.3 -22037.1 -0.00116637
11632.4 -22250.2 -0.00118548
11673.3 -22455.7 -0.00120426
11712.4 -22656.1 -0.00122292
11749.8 -22851.6 -0.00124147
11785.6 -23042.4 -0.00125991
11820.1 -23228.8 -0.00127826
11853.2 -23410.8 -0.00129652
11885.1 -23588.8 -0.00131471
11915.6 -23760.8 -0.00133261
11945 -23927.6 -0.00135029
11972.9 -24088.2 -0.00136763
11999.8 -24245.2 -0.00138488
12025.7 -24398.8 -0.00140207
12050.7 -24548.8 -0.00141916
12074.7 -24693.3 -0.0014359
12097.7 -24834.4 -0.00145255
12119.8 -24971.5 -0.00146902
12141.1 -25106 -0.00148546
12161.8 -25238.1 -0.00150188
12181.9 -25367.6 -0.00151828
12201.4 -25494.8 -0.00153466
12220.3 -25619.8 -0.00155104
12238.6 -25742.4 -0.00156741
12256.3 -25862.9 -0.00158377
12273.3 -25979.8 -0.00159993
12289.7 -26093.9 -0.00161599
12305.5 -26206 -0.00163205
12320.9 -26316.1 -0.00164811
12335.7 -26424.1 -0.00166413
12349.8 -26529.3 -0.00168002
12363.5 -26632.7 -0.00169592
12376.5 -26731.1 -0.00171131
12388.8 -26824.8 -0.00172623
12400.7 -26917 -0.00174116
12412.4 -27007.8 -0.00175611
12423.7 -27097.2 -0.00177108
12434.7 -27185.2 -0.00178607
12445.5 -27271.8 -0.00180108
12455.9 -27357.1 -0.00181611
12466.1 -27441 -0.00183116
12476 -27523.6 -0.00184624
12485.7 -27604.8 -0.00186133
12495.1 -27684.7 -0.00187643
12504.3 -27763.3 -0.00189155
12513.2 -27840.5 -0.00190668
12521.8 -27916.5 -0.00192183
12530.3 -27991.1 -0.00193698
12538.4 -28064.4 -0.00195214
12546.4 -28136.5 -0.00196732
12554.2 -28207.3 -0.0019825
12561.7 -28276.9 -0.00199769
12569 -28345.2 -0.00201289
12576.2 -28412.4 -0.0020281
12583.1 -28478.3 -0.00204333
12589.9 -28543.1 -0.00205857
12596.5 -28606.8 -0.00207383
12603 -28669.3 -0.00208911
12609.3 -28730.8 -0.00210441
12615.5 -28791.2 -0.00211973
12621.6 -28850.5 -0.00213507
12627.5 -28908.7 -0.00215044
12633.3 -28965.5 -0.00216572
12638.9 -29020.4 -0.00218076
12644.3 -29073 -0.00219547
12649.5 -29124.1 -0.00221003
12654.6 -29174.3 -0.00222459
12659.6 -29223.2 -0.00223906
12664.4 -29271.2 -0.00225355
12669.2 -29318.4 -0.00226806
12673.9 -29364.8 -0.00228259
12678.6 -29410.3 -0.00229714
12683.1 -29455.1 -0.0023117
12687.6 -29498.9 -0.00232629
12692 -29542 -0.00234089
12696.3 -29584.3 -0.0023555
12700.6 -29625.7 -0.00237012
12704.8 -29666.4 -0.00238476
12708.9 -29706.3 -0.0023994
12713 -29745.3 -0.00241406
12717 -29783.6 -0.00242871
12720.9 -29821.1 -0.00244338
12724.7 -29857.8 -0.00245804
12728.5 -29893.8 -0.00247271
12732.1 -29928.9 -0.00248735
12735.7 -29963.3 -0.00250196
12739.2 -29996.9 -0.00251656
12742.7 -30029.7 -0.00253117
12746 -30061.9 -0.00254578
12749.3 -30093.4 -0.00256039
12752.5 -30124 -0.00257493
12755.5 -30153 -0.00258902
12758.3 -30181.3 -0.00260305
12761.2 -30208.9 -0.00261707
12763.9 -30236 -0.00263109
12766.6 -30262.4 -0.0026451
12769.2 -30288.2 -0.0026591
12771.7 -30313 -0.00267284
12774.1 -30336.6 -0.00268623
12776.4 -30359.7 -0.00269962
12778.6 -30382.3 -0.002713
12780.8 -30404.4 -0.00272638
12783 -30425.9 -0.00273975
12785.1 -30447 -0.00275313
12787.2 -30467.6 -0.0027665
12789.2 -30487.7 -0.00277988
12791.2 -30507.4 -0.00279326
12793.2 -30526.6 -0.00280665
12795.1 -30545.4 -0.00282004
12797 -30563.7 -0.00283345
12798.8 -30581.5 -0.00284686
12800.6 -30599 -0.00286028
12802.4 -30616 -0.00287371
12804.2 -30632.6 -0.00288715
12805.9 -30648.8 -0.00290061
12807.7 -30664.5 -0.00291408
12809.4 -30679.9 -0.00292757
12811 -30694.8 -0.00294106
12812.7 -30709.4 -0.00295458
12814.3 -30723.6 -0.00296811
12815.9 -30737.4 -0.00298165
12817.5 -30750.8 -0.00299522
12819.1 -30763.8 -0.00300879
12820.7 -30776.5 -0.00302239
12822.2 -30788.8 -0.003036
12823.7 -30800.7 -0.00304963
12825.2 -30812.2 -0.00306328
12826.7 -30823.4 -0.00307694
12828.2 -30834.3 -0.00309062
12829.7 -30844.8 -0.00310432
12831.1 -30854.9 -0.00311804
12832.6 -30864.7 -0.00313177
12834 -30874.1 -0.00314552
12835.4 -30883.2 -0.00315929
12836.8 -30892 -0.00317307
12838.2 -30900.4 -0.00318687
12839.5 -30908.6 -0.00320069
12840.9 -30916.3 -0.00321452
12842.2 -30923.8 -0.00322837
12843.6 -30930.9 -0.00324223
12844.9 -30937.7 -0.00325611
12846.2 -30944.2 -0.00327
12847.5 -30950.4 -0.00328391
12848.7 -30956.3 -0.00329783
12850 -30961.9 -0.00331176
12851.3 -30967.2 -0.00332571
12852.5 -30972.1 -0.00333967
12853.7 -30976.8 -0.00335364
12855 -30981.2 -0.00336762
12856.2 -30985.3 -0.00338161
12857.4 -30989.1 -0.00339562
12858.5 -30992.6 -0.00340963
12859.7 -30995.9 -0.00342365
12860.9 -30998.9 -0.0034377
12862 -31001.6 -0.00345176
12863.1 -31004 -0.00346582
12864.3 -31006.1 -0.0034799
12865.4 -31008 -0.00349397
12866.4 -31009.7 -0.00350806
12867.5 -31011 -0.00352215
12868.6 -31012.2 -0.00353624
12869.6 -31013 -0.00355034
12870.7 -31013.6 -0.00356444
12871.7 -31014 -0.00357854
12872.7 -31014.1 -0.00359264
12873.7 -31014 -0.00360675
12874.7 -31013.7 -0.00362086
12875.7 -31013.1 -0.00363496
12876.6 -31012.3 -0.00364907
12877.5 -31011.2 -0.00366317
12878.5 -31010 -0.00367727
12879.4 -31008.5 -0.00369137
12880.3 -31006.8 -0.00370546
12881.2 -31004.9 -0.00371955
12882 -31002.8 -0.00373364
12882.9 -31000.4 -0.00374773
12883.7 -30997.9 -0.0037618
12884.6 -30995.2 -0.00377588
12885.4 -30992.2 -0.00378994
12886.2 -30989.1 -0.00380401
12886.9 -30985.8 -0.00381806
12887.7 -30982.3 -0.00383211
12888.5 -30978.6 -0.00384615
12889.2 -30974.7 -0.00386019
12889.9 -30970.6 -0.00387422
12890.6 -30966.4 -0.00388824
12891.3 -30962 -0.00390226
12892 -30957.4 -0.00391627
12892.7 -30952.6 -0.00393027
12893.3 -30947.7 -0.00394427
12894 -30942.6 -0.00395826
12894.6 -30937.4 -0.00397224
12895.2 -30931.9 -0.00398622
12895.8 -30926.4 -0.0040002
12896.4 -30920.7 -0.00401417
12897 -30914.8 -0.00402813
12897.6 -30908.8 -0.00404209
12898.1 -30902.6 -0.00405604
12898.7 -30896.3 -0.00406999
12899.2 -30889.8 -0.00408394
12899.8 -30883.2 -0.00409788
12900.3 -30876.4 -0.00411178
12900.7 -30869.8 -0.00412517
12901.2 -30863.1 -0.00413856
12901.6 -30856.2 -0.00415194
12902 -30849.2 -0.00416531
12902.5 -30842.1 -0.00417868
12902.9 -30834.9 -0.00419204
12903.3 -30827.6 -0.00420541
12903.7 -30820.1 -0.00421876
12904.1 -30812.6 -0.00423212
12904.5 -30804.9 -0.00424548
12904.8 -30797.1 -0.00425883
12905.2 -30789.2 -0.00427218
12905.5 -30781.2 -0.00428553
12905.9 -30773 -0.00429888
12906.2 -30764.8 -0.00431223
12906.6 -30756.5 -0.00432558
12906.9 -30748.1 -0.00433894
12907.2 -30739.5 -0.00435229
12907.5 -30730.9 -0.00436565
12907.9 -30722.1 -0.004379
12908.2 -30713.3 -0.00439236
12908.5 -30704.4 -0.00440572
12908.8 -30695.3 -0.00441909
12909 -30686.2 -0.00443246
12909.3 -30677 -0.00444583
12909.6 -30667.6 -0.00445921
12909.9 -30658.2 -0.00447258
12910.2 -30648.7 -0.00448597
12910.4 -30639.1 -0.00449936
12910.7 -30629.4 -0.00451275
12910.9 -30619.7 -0.00452614
12911.2 -30609.8 -0.00453955
12911.4 -30599.8 -0.00455295
12911.7 -30589.8 -0.00456637
12911.9 -30579.7 -0.00457978
12912.2 -30569.5 -0.00459321
12912.4 -30559.2 -0.00460664
12912.6 -30548.8 -0.00462007
12912.9 -30538.3 -0.00463351
12913.1 -30527.8 -0.00464696
12913.3 -30517.2 -0.00466041
12913.5 -30506.5 -0.00467387
12913.7 -30495.7 -0.00468734
12913.9 -30484.9 -0.00470081
12914.1 -30473.9 -0.00471429
12914.3 -30462.9 -0.00472777
12914.5 -30451.9 -0.00474126
12914.7 -30440.7 -0.00475476
12914.9 -30429.5 -0.00476827
12915.1 -30418.2 -0.00478178
12915.3 -30406.8 -0.0047953
12915.5 -30395.4 -0.00480882
12915.7 -30383.9 -0.00482236
12915.9 -30372.3 -0.0048359
12916 -30360.7 -0.00484944
12916.2 -30349 -0.004863
12916.4 -30337.2 -0.00487656
12916.6 -30325.4 -0.00489012
12916.7 -30313.5 -0.0049037
12916.9 -30301.5 -0.00491728
12917 -30289.5 -0.00493087
12917.2 -30277.4 -0.00494447
12917.4 -30265.2 -0.00495807
12917.5 -30253 -0.00497168
12917.7 -30240.7 -0.0049853
12917.8 -30228.4 -0.00499893
12918 -30216 -0.00501256
12918.1 -30203.5 -0.0050262
12918.2 -30191 -0.00503985
12918.4 -30178.5 -0.0050535
12918.5 -30165.8 -0.00506716
12918.7 -30153.2 -0.00508083
12918.8 -30140.4 -0.00509451
12918.9 -30127.6 -0.00510819
12919.1 -30114.8 -0.00512189
12919.3 -30101.9 -0.00513561
12919.6 -30088.9 -0.00514938
12920.2 -30075.8 -0.00516322
12921.1 -30062.5 -0.00517716
12922.2 -30049.2 -0.00519118
12923.4 -30035.7 -0.00520525
12924.8 -30022.2 -0.00521936
12926.3 -30008.5 -0.00523352
12927.9 -29994.8 -0.00524773
12929.8 -29980.9 -0.00526203
12931.8 -29967 -0.00527636
12933.7 -29953.1 -0.00529069
12935.7 -29939 -0.00530504
12937.6 -29925 -0.00531939
12939.6 -29910.8 -0.00533378
12941.8 -29896.6 -0.00534823
12944.1 -29882.3 -0.00536272
12946.6 -29867.8 -0.0053773
12949.3 -29853.3 -0.00539191
12951.9 -29838.7 -0.00540654
12954.5 -29824.1 -0.00542117
12957.1 -29809.5 -0.00543582
12959.7 -29794.8 -0.00545047
12962.3 -29780 -0.00546514
12964.9 -29765.2 -0.00547981
12967.5 -29750.4 -0.0054945
12970.2 -29735.5 -0.00550923
12973 -29720.5 -0.00552401
12976 -29705.4 -0.00553885
12979.1 -29690.2 -0.00555376
12982.4 -29675 -0.00556871
12985.6 -29659.7 -0.00558368
12988.8 -29644.2 -0.00559874
12992 -29628.8 -0.00561381
12995.2 -29613.2 -0.0056289
12998.4 -29597.7 -0.005644
13001.6 -29582.1 -0.00565911
13004.8 -29566.5 -0.00567423
13008 -29550.8 -0.00568936
13011.2 -29535.1 -0.00570451
13014.4 -29519.3 -0.00571967
13017.6 -29503.5 -0.00573485
13020.9 -29487.7 -0.00575007
13024.2 -29471.7 -0.00576534
13027.7 -29455.7 -0.00578067
13031.3 -29439.6 -0.00579606
13035 -29423.4 -0.00581153
13038.8 -29407.2 -0.00582701
13042.5 -29390.9 -0.00584251
13046.3 -29374.6 -0.00585802
13050 -29358.2 -0.00587354
13053.7 -29341.8 -0.00588908
13057.5 -29325.4 -0.00590464
13061.2 -29308.9 -0.0059202
13064.9 -29292.4 -0.00593579
13068.7 -29275.9 -0.00595139
13072.4 -29259.3 -0.005967
13076.1 -29242.7 -0.00598263
13079.8 -29226.1 -0.00599828
13083.5 -29209.5 -0.00601394
13087.2 -29192.8 -0.00602962
13090.9 -29176.1 -0.00604531
13094.6 -29159.3 -0.00606102
13098.4 -29142.5 -0.00607676
13102.2 -29125.6 -0.00609256
13106.1 -29108.7 -0.00610841
13110 -29091.7 -0.00612432
13114.2 -29074.5 -0.00614032
13118.4 -29057.4 -0.00615635
13122.6 -29040.1 -0.00617241
13126.8 -29022.9 -0.00618848
13130.9 -29005.6 -0.00620457
13135.1 -28988.3 -0.00622068
13139.3 -28971 -0.0062368
13143.5 -28953.6 -0.00625295
13147.6 -28936.3 -0.00626912
13151.8 -28918.8 -0.0062853
13155.9 -28901.4 -0.0063015
13160.1 -28883.9 -0.00631773
13164.3 -28866.4 -0.00633397
13168.4 -28848.9 -0.00635023
13172.5 -28831.3 -0.00636651
13176.7 -28813.7 -0.00638281
13180.8 -28796.1 -0.00639914
13185 -28778.5 -0.00641548
13189.1 -28760.8 -0.00643184
13193.2 -28743.1 -0.00644823
13197.4 -28725.4 -0.00646463
13201.5 -28707.7 -0.00648105
13205.6 -28689.9 -0.0064975
13209.7 -28672.1 -0.00651397
13213.9 -28654.3 -0.00653048
13218.1 -28636.4 -0.00654705
13222.4 -28618.4 -0.00656368
13226.7 -28600.3 -0.00658036
13231.2 -28582.2 -0.00659715
13235.7 -28564 -0.00661398
13240.2 -28545.8 -0.00663083
13244.8 -28527.5 -0.00664771
13249.3 -28509.3 -0.00666462
13253.8 -28491 -0.00668154
13258.3 -28472.6 -0.00669849
13262.8 -28454.3 -0.00671547
13267.3 -28435.9 -0.00673247
13271.8 -28417.5 -0.0067495
13276.3 -28399.1 -0.00676655
13280.8 -28380.7 -0.00678362
13285.3 -28362.2 -0.00680072
13289.8 -28343.7 -0.00681785
13294.3 -28325.2 -0.006835
13298.7 -28306.6 -0.00685218
13303.2 -28288.1 -0.00686938
13307.7 -28269.5 -0.00688661
13312.2 -28250.9 -0.00690387
13316.6 -28232.3 -0.00692115
13321.1 -28213.6 -0.00693845
13325.5 -28194.9 -0.00695579
13330 -28176.2 -0.00697315
13334.4 -28157.5 -0.00699053
13338.9 -28138.8 -0.00700794
13343.3 -28120 -0.00702538
13347.7 -28101.2 -0.00704285
13352.2 -28082.4 -0.00706034
13356.6 -28063.6 -0.00707786
13361 -28044.8 -0.0070954
13365.5 -28025.9 -0.00711298
13369.9 -28007.1 -0.00713058
13374.3 -27988.1 -0.00714822
13378.8 -27969.2 -0.00716593
13383.3 -27950.1 -0.0071837
13387.9 -27931 -0.00720153
13392.5 -27911.9 -0.00721942
13397.2 -27892.7 -0.00723743
13402 -27873.4 -0.00725548
13406.7 -27854.1 -0.00727355
13411.5 -27834.8 -0.00729165
13416.2 -27815.4 -0.00730978
13420.9 -27796.1 -0.00732794
13425.7 -27776.7 -0.00734613
13430.4 -27757.3 -0.00736435
13435.1 -27737.9 -0.0073826
13439.8 -27718.5 -0.00740087
13444.5 -27699.1 -0.00741918
13449.3 -27679.6 -0.00743752
13454 -27660.1 -0.00745589
13458.7 -27640.6 -0.00747429
13463.4 -27621.1 -0.00749272
13468.1 -27601.6 -0.00751117
13472.8 -27582.1 -0.00752966
13477.4 -27562.5 -0.00754818
13482.1 -27542.9 -0.00756673
13486.8 -27523.4 -0.00758531
13491.5 -27503.8 -0.00760392
13496.2 -27484.1 -0.00762255
13500.8 -27464.5 -0.00764122
13505.5 -27444.9 -0.00765992
13510.1 -27425.2 -0.00767865
13514.8 -27405.6 -0.00769741
13519.5 -27385.9 -0.00771619
13524.1 -27366.2 -0.00773501
13528.8 -27346.5 -0.00775386
13533.4 -27326.8 -0.00777274
13538 -27307 -0.00779165
13542.7 -27287.3 -0.00781058
13547.3 -27267.5 -0.00782955
13551.9 -27247.8 -0.00784855
13556.6 -27228 -0.00786758
13561.2 -27208.2 -0.00788664
13565.8 -27188.4 -0.00790573
13570.4 -27168.6 -0.00792485
13575 -27148.8 -0.00794399
13579.6 -27129 -0.00796317
13584.2 -27109.1 -0.00798238
13588.8 -27089.3 -0.00800162
13593.4 -27069.4 -0.00802089
13598 -27049.5 -0.00804022
13602.7 -27029.6 -0.00805961
13607.4 -27009.6 -0.00807906
13612.1 -26989.6 -0.00809858
13616.8 -26969.6 -0.00811816
13621.6 -26949.4 -0.00813786
13410.3 -26792.3 -0.0082922
13470.1 -26730.4 -0.00835342
13494.5 -26683.7 -0.00839986
