0 -58.4752 -2.26119e-06
634.56 0 1.01327e-05
1173.57 0 2.70168e-05
1709.92 0 4.38788e-05
2243.81 0 6.05695e-05
2775.24 0 7.70565e-05
3304.22 0 9.33354e-05
3830.74 0 0.000109384
4354.77 0 0.000125192
4876.15 0 0.000140761
5394.56 0 0.000156098
5909.16 0 0.000171229
6418.2 0 0.00018621
6918.36 0 0.000201153
7403.99 0 0.000216263
7866.83 0 0.000231813
8297.18 0 0.000248177
8686.59 0 0.000265702
9030.8 0 0.000284593
9330.49 0 0.000304921
9590.04 0 0.000326596
9815.21 0 0.000349418
10011.7 0 0.000373209
10184.8 0 0.00039785
10338.5 0 0.000423295
10475.8 0 0.000450106
10599.4 0 0.000477824
10711.4 0 0.000506409
10812.7 0 0.000535677
10905.5 0 0.000565406
10991.1 0 0.000595545
11070.4 0 0.000626054
11143.9 0 0.000656969
11212.1 0 0.000688421
11276 0 0.000720158
11335.9 0 0.000752153
11392.3 0 0.000784382
11445.5 0 0.000816822
11495.9 0 0.000849454
11543.8 0 0.000882263
11589.3 0 0.000915233
11632.4 0 0.000948436
11673.3 0 0.000981891
11712.4 0 0.00101548
11749.8 0 0.00104918
11785.6 0 0.001083
11820.1 0 0.00111691
11853.2 0 0.00115091
11885.1 0 0.00118499
11915.6 0 0.00121891
11945 0 0.00125272
11972.9 0 0.00128714
11999.8 0 0.00132166
12025.7 0 0.00135622
12050.7 0 0.00139079
12074.7 0 0.00142525
12097.7 0 0.00145998
12119.8 0 0.00149532
12141.1 0 0.00153068
12161.8 0 0.00156606
12181.9 0 0.00160146
12201.4 0 0.00163686
12220.3 0 0.00167227
12238.6 0 0.00170769
12256.3 0 0.00174311
12273.3 0 0.00177879
12289.7 0 0.00181461
12305.5 0 0.00185042
12320.9 0 0.00188623
12335.7 0 0.00192237
12349.8 0 0.00195946
12363.5 0 0.00199655
12376.5 0 0.00203315
12388.8 0 0.00206959
12400.7 0 0.00210601
12412.4 0 0.00214241
12423.7 0 0.00217877
12434.7 0 0.00221511
12445.5 0 0.00225142
12455.9 0 0.0022877
12466.1 0 0.00232395
12476 0 0.00236018
12485.7 0 0.00239638
12495.1 0 0.00243255
12504.3 0 0.0024687
12513.2 0 0.00250483
12521.8 0 0.00254094
12530.3 0 0.00257703
12538.4 0 0.0026131
12546.4 0 0.00264915
12554.2 0 0.00268518
12561.7 0 0.0027212
12569 0 0.00275719
12576.2 0 0.00279317
12583.1 0 0.00282913
12589.9 0 0.00286507
12596.5 0 0.00290099
12603 0 0.00293688
12609.3 0 0.00297276
12615.5 0 0.00300861
12621.6 0 0.00304443
12627.5 0 0.00308023
12633.3 0 0.00311596
12638.9 0 0.00315154
12644.3 0 0.00318683
12649.5 0 0.00322196
12654.6 0 0.00325726
12659.6 0 0.0032932
12664.4 0 0.00332911
12669.2 0 0.00336499
12673.9 0 0.00340084
12678.6 0 0.00343665
12683.1 0 0.00347244
12687.6 0 0.00350819
12692 0 0.00354391
12696.3 0 0.00357959
12700.6 0 0.00361524
12704.8 0 0.00365087
12708.9 0 0.00368646
12713 0 0.00372201
12717 0 0.00375754
12720.9 0 0.00379304
12724.7 0 0.0038285
12728.5 0 0.00386394
12732.1 0 0.00389975
12735.7 0 0.00393595
12739.2 0 0.00397214
12742.7 0 0.00400832
12746 0 0.00404448
12749.3 0 0.00408062
12752.5 0 0.00411705
12755.5 0 0.00415498
12758.3 0 0.0041931
12761.2 0 0.00423125
12763.9 0 0.00426942
12766.6 0 0.00430761
12769.2 0 0.00434583
12771.7 0 0.00438422
12774.1 0 0.00442285
12776.4 0 0.00446151
12778.6 0 0.0045002
12780.8 0 0.00453891
12783 0 0.00457765
12785.1 0 0.00461641
12787.2 0 0.00465519
12789.2 0 0.00469398
12791.2 0 0.00473279
12793.2 0 0.00477162
12795.1 0 0.00481046
12797 0 0.0048493
12798.8 0 0.00488815
12800.6 0 0.004927
12802.4 0 0.00496586
12804.2 0 0.00500471
12805.9 0 0.00504356
12807.7 0 0.00508241
12809.4 0 0.00512125
12811 0 0.00516008
12812.7 0 0.00519891
12814.3 0 0.00523772
12815.9 0 0.00527652
12817.5 0 0.00531531
12819.1 0 0.00535409
12820.7 0 0.00539285
12822.2 0 0.00543159
12823.7 0 0.00547032
12825.2 0 0.00550903
12826.7 0 0.00554773
12828.2 0 0.0055864
12829.7 0 0.00562506
12831.1 0 0.0056637
12832.6 0 0.00570232
12834 0 0.00574093
12835.4 0 0.00577951
12836.8 0 0.00581807
12838.2 0 0.00585662
12839.5 0 0.00589514
12840.9 0 0.00593365
12842.2 0 0.00597213
12843.6 0 0.0060106
12844.9 0 0.00604905
12846.2 0 0.00608748
12847.5 0 0.0061259
12848.7 0 0.00616429
12850 0 0.00620267
12851.3 0 0.00624103
12852.5 0 0.00627937
12853.7 0 0.0063177
12855 0 0.00635601
12856.2 0 0.0063943
12857.4 0 0.00643258
12858.5 0 0.00647085
12859.7 0 0.00650911
12860.9 0 0.00654737
12862 0 0.00658561
12863.1 0 0.00662385
12864.3 0 0.00666208
12865.4 0 0.0067003
12866.4 0 0.00673851
12867.5 0 0.00677671
12868.6 0 0.0068149
12869.6 0 0.00685309
12870.7 0 0.00689127
12871.7 0 0.00692945
12872.7 0 0.00696763
12873.7 0 0.0070058
12874.7 0 0.00704397
12875.7 0 0.00708214
12876.6 0 0.00712032
12877.5 0 0.00715849
12878.5 0 0.00719667
12879.4 0 0.00723485
12880.3 0 0.00727303
12881.2 0 0.00731122
12882 0 0.00734942
12882.9 0 0.00738762
12883.7 0 0.00742583
12884.6 0 0.00746405
12885.4 0 0.00750228
12886.2 0 0.00754053
12886.9 0 0.00757878
12887.7 0 0.00761705
12888.5 0 0.00765533
12889.2 0 0.00769362
12889.9 0 0.00773193
12890.6 0 0.00777025
12891.3 0 0.00780859
12892 0 0.00784694
12892.7 0 0.00788531
12893.3 0 0.00792369
12894 0 0.00796209
12894.6 0 0.0080005
12895.2 0 0.00803893
12895.8 0 0.00807738
12896.4 0 0.00811584
12897 0 0.00815432
12897.6 0 0.00819281
12898.1 0 0.00823132
12898.7 0 0.00826984
12899.2 0 0.00830838
12899.8 0 0.00834693
12900.3 0 0.00838549
12900.7 0 0.00842416
12901.2 0 0.00846284
12901.6 0 0.00850153
12902 0 0.00854023
12902.5 0 0.00857894
12902.9 0 0.00861766
12903.3 0 0.00865639
12903.7 0 0.00869512
12904.1 0 0.00873387
12904.5 0 0.00877262
12904.8 0 0.00881138
12905.2 0 0.00885014
12905.5 0 0.00888891
12905.9 0 0.00892768
12906.2 0 0.00896645
12906.6 0 0.00900523
12906.9 0 0.00904401
12907.2 0 0.00908279
12907.5 0 0.00912157
12907.9 0 0.00916036
12908.2 0 0.00919914
12908.5 0 0.00923792
12908.8 0 0.00927671
12909 0 0.00931549
12909.3 0 0.00935427
12909.6 0 0.00939304
12909.9 0 0.00943182
12910.2 0 0.00947059
12910.4 0 0.00950936
12910.7 0 0.00954812
12910.9 0 0.00958688
12911.2 0 0.00962564
12911.4 0 0.00966439
12911.7 0 0.00970314
12911.9 0 0.00974188
12912.2 0 0.00978061
12912.4 0 0.00981934
12912.6 0 0.00985807
12912.9 0 0.00989679
12913.1 0 0.0099355
12913.3 0 0.0099742
12913.5 0 0.0100129
12913.7 0 0.0100516
12913.9 0 0.0100903
12914.1 0 0.010129
12914.3 0 0.0101676
12914.5 0 0.0102063
12914.7 0 0.0102449
12914.9 0 0.0102836
12915.1 0 0.0103222
12915.3 0 0.0103609
12915.5 0 0.0103995
12915.7 0 0.0104381
12915.9 0 0.0104767
12916 0 0.0105153
12916.2 0 0.0105539
12916.4 0 0.0105925
12916.6 0 0.010631
12916.7 0 0.0106696
12916.9 0 0.0107082
12917 0 0.0107467
12917.2 0 0.0107852
12917.4 0 0.0108238
12917.5 0 0.0108623
12917.7 0 0.0109008
12917.8 0 0.0109393
12918 0 0.0109778
12918.1 0 0.0110163
12918.2 0 0.0110548
12918.4 0 0.0110932
12918.5 0 0.0111317
12918.7 0 0.0111701
12918.8 0 0.0112086
12918.9 0 0.011247
12919.1 0 0.0112854
12919.3 0 0.0113238
12919.6 0 0.0113621
12920.2 0 0.0114004
12921.1 0 0.0114385
12922.2 0 0.0114765
12923.4 0 0.0115144
12924.8 0 0.0115523
12926.3 0 0.0115901
12927.9 0 0.0116279
12929.8 0 0.0116655
12931.8 0 0.0117032
12933.7 0 0.0117407
12935.7 0 0.0117783
12937.6 0 0.0118159
12939.6 0 0.0118534
12941.8 0 0.0118909
12944.1 0 0.0119283
12946.6 0 0.0119656
12949.3 0 0.0120028
12951.9 0 0.01204
12954.5 0 0.0120772
12957.1 0 0.0121144
12959.7 0 0.0121516
12962.3 0 0.0121888
12964.9 0 0.0122259
12967.5 0 0.012263
12970.2 0 0.0123001
12973 0 0.0123371
12976 0 0.0123741
12979.1 0 0.0124109
12982.4 0 0.0124477
12985.6 0 0.0124845
12988.8 0 0.0125214
12992 0 0.0125582
12995.2 0 0.012595
12998.4 0 0.0126318
13001.6 0 0.0126686
13004.8 0 0.0127054
13008 0 0.0127422
13011.2 0 0.0127789
13014.4 0 0.0128156
13017.6 0 0.0128523
13020.9 0 0.012889
13024.2 0 0.0129256
13027.7 0 0.0129622
13031.3 0 0.0129987
13035 0 0.013035
13038.8 0 0.0130714
13042.5 0 0.0131077
13046.3 0 0.0131441
13050 0 0.0131804
13053.7 0 0.0132166
13057.5 0 0.0132529
13061.2 0 0.0132892
13064.9 0 0.0133254
13068.7 0 0.0133616
13072.4 0 0.0133978
13076.1 0 0.013434
13079.8 0 0.0134701
13083.5 0 0.0135063
13087.2 0 0.0135424
13090.9 0 0.0135785
13094.6 0 0.0136146
13098.4 0 0.0136506
13102.2 0 0.0136866
13106.1 0 0.0137225
13110 0 0.0137584
13114.2 0 0.0137942
13118.4 0 0.0138299
13122.6 0 0.0138655
13126.8 0 0.0139012
13130.9 0 0.0139368
13135.1 0 0.0139724
13139.3 0 0.014008
13143.5 0 0.0140435
13147.6 0 0.0140791
13151.8 0 0.0141146
13155.9 0 0.0141501
13160.1 0 0.0141855
13164.3 0 0.014221
13168.4 0 0.0142564
13172.5 0 0.0142918
13176.7 0 0.0143271
13180.8 0 0.0143625
13185 0 0.0143978
13189.1 0 0.014433
13193.2 0 0.0144683
13197.4 0 0.0145035
13201.5 0 0.0145387
13205.6 0 0.0145739
13209.7 0 0.0146091
13213.9 0 0.0146442
13218.1 0 0.0146792
13222.4 0 0.0147142
13226.7 0 0.0147491
13231.2 0 0.014784
13235.7 0 0.0148187
13240.2 0 0.0148534
13244.8 0 0.014888
13249.3 0 0.0149227
13253.8 0 0.0149573
13258.3 0 0.0149918
13262.8 0 0.0150264
13267.3 0 0.0150609
13271.8 0 0.0150953
13276.3 0 0.0151298
13280.8 0 0.0151642
13285.3 0 0.0151986
13289.8 0 0.0152329
13294.3 0 0.0152672
13298.7 0 0.0153015
13303.2 0 0.0153358
13307.7 0 0.01537
13312.2 0 0.0154042
13316.6 0 0.0154383
13321.1 0 0.0154724
13325.5 0 0.0155065
13330 0 0.0155406
13334.4 0 0.0155746
13338.9 0 0.0156086
13343.3 0 0.0156425
13347.7 0 0.0156765
13352.2 0 0.0157103
13356.6 0 0.0157442
13361 0 0.015778
13365.5 0 0.0158118
13369.9 0 0.0158456
13374.3 0 0.0158793
13378.8 0 0.015913
13383.3 0 0.0159466
13387.9 0 0.0159801
13392.5 0 0.0160136
13397.2 0 0.016047
13402 0 0.0160802
13406.7 0 0.0161134
13411.5 0 0.0161466
13416.2 0 0.0161797
13420.9 0 0.0162128
13425.7 0 0.0162458
13430.4 0 0.0162789
13435.1 0 0.0163119
13439.8 0 0.0163448
13444.5 0 0.0163777
13449.3 0 0.0164106
13454 0 0.0164434
13458.7 0 0.0164762
13463.4 0 0.016509
13468.1 0 0.0165418
13472.8 0 0.0165745
13477.4 0 0.0166071
13482.1 0 0.0166397
13486.8 0 0.0166723
13491.5 0 0.0167049
13496.2 0 0.0167374
13500.8 0 0.0167699
13505.5 0 0.0168024
13510.1 0 0.0168348
13514.8 0 0.0168672
13519.5 0 0.0168995
13524.1 0 0.0169319
13528.8 0 0.0169641
13533.4 0 0.0169964
13538 0 0.0170286
13542.7 0 0.0170608
13547.3 0 0.0170929
13551.9 0 0.017125
13556.6 0 0.0171571
13561.2 0 0.0171892
13565.8 0 0.0172212
13570.4 0 0.0172531
13575 0 0.0172851
13579.6 0 0.017317
13584.2 0 0.0173489
13588.8 0 0.0173807
13593.4 0 0.0174125
13598 0 0.0174444
13602.7 0 0.0174761
13607.4 0 0.0175078
13612.1 0 0.0175395
13616.8 0 0.0175711
13621.6 0 0.0176027
13410.3 0 0.0174974
13470.1 0 0.0174864
13494.5 0 0.0174901
