0 -58.4752 -2.26119e-06
634.56 0 8.38166e-05
1173.57 0 0.000174519
1709.92 0 0.00026518
2243.81 0 0.000355678
2775.24 0 0.00044596
3304.22 0 0.000536022
3830.74 0 0.000625849
4354.77 0 0.000715437
4876.15 0 0.000804787
5394.56 0 0.000893907
5909.16 0 0.000982822
6418.2 0 0.00107159
6918.36 0 0.00116032
7403.99 0 0.00124921
7866.83 0 0.00133854
8297.18 0 0.00142869
8686.59 0 0.00151999
9030.8 0 0.00161265
9330.49 0 0.00170679
9590.04 0 0.00180231
9815.21 0 0.00189913
10011.7 0 0.0019971
10184.8 0 0.00209597
10338.5 0 0.00219563
10475.8 0 0.00229611
10599.4 0 0.00239726
10711.4 0 0.00249909
10812.7 0 0.00260195
10905.5 0 0.00270525
10991.1 0 0.00280893
11070.4 0 0.00291297
11143.9 0 0.00301739
11212.1 0 0.00312233
11276 0 0.00322753
11335.9 0 0.00333297
11392.3 0 0.00343863
11445.5 0 0.00354449
11495.9 0 0.00365054
11543.8 0 0.00375675
11589.3 0 0.00386311
11632.4 0 0.00396975
11673.3 0 0.0040767
11712.4 0 0.00418379
11749.8 0 0.00429099
11785.6 0 0.00439829
11820.1 0 0.00450569
11853.2 0 0.00461317
11885.1 0 0.00472073
11915.6 0 0.00482856
11945 0 0.00493659
11972.9 0 0.00504498
11999.8 0 0.00515346
12025.7 0 0.00526199
12050.7 0 0.00537063
12074.7 0 0.00547959
12097.7 0 0.00558865
12119.8 0 0.00569791
12141.1 0 0.0058072
12161.8 0 0.00591651
12181.9 0 0.00602584
12201.4 0 0.00613518
12220.3 0 0.00624453
12238.6 0 0.00635389
12256.3 0 0.00646325
12273.3 0 0.00657282
12289.7 0 0.00668249
12305.5 0 0.00679217
12320.9 0 0.00690184
12335.7 0 0.00701156
12349.8 0 0.00712144
12363.5 0 0.00723131
12376.5 0 0.00734165
12388.8 0 0.00745245
12400.7 0 0.00756323
12412.4 0 0.00767399
12423.7 0 0.00778473
12434.7 0 0.00789546
12445.5 0 0.00800615
12455.9 0 0.00811683
12466.1 0 0.00822749
12476 0 0.00833812
12485.7 0 0.00844874
12495.1 0 0.00855934
12504.3 0 0.00866993
12513.2 0 0.00878051
12521.8 0 0.00889107
12530.3 0 0.00900163
12538.4 0 0.00911217
12546.4 0 0.0092227
12554.2 0 0.00933323
12561.7 0 0.00944374
12569 0 0.00955425
12576.2 0 0.00966474
12583.1 0 0.00977522
12589.9 0 0.00988568
12596.5 0 0.00999613
12603 0 0.0101066
12609.3 0 0.010217
12615.5 0 0.0103273
12621.6 0 0.0104377
12627.5 0 0.010548
12633.3 0 0.0106585
12638.9 0 0.0107691
12644.3 0 0.0108801
12649.5 0 0.0109911
12654.6 0 0.0111022
12659.6 0 0.0112134
12664.4 0 0.0113246
12669.2 0 0.0114358
12673.9 0 0.0115469
12678.6 0 0.0116581
12683.1 0 0.0117692
12687.6 0 0.0118803
12692 0 0.0119913
12696.3 0 0.0121024
12700.6 0 0.0122134
12704.8 0 0.0123245
12708.9 0 0.0124355
12713 0 0.0125465
12717 0 0.0126575
12720.9 0 0.0127685
12724.7 0 0.0128795
12728.5 0 0.0129905
12732.1 0 0.0131016
12735.7 0 0.0132126
12739.2 0 0.0133237
12742.7 0 0.0134348
12746 0 0.0135459
12749.3 0 0.013657
12752.5 0 0.0137681
12755.5 0 0.0138798
12758.3 0 0.0139915
12761.2 0 0.0141032
12763.9 0 0.0142149
12766.6 0 0.0143267
12769.2 0 0.0144384
12771.7 0 0.0145504
12774.1 0 0.0146628
12776.4 0 0.0147751
12778.6 0 0.0148875
12780.8 0 0.0149998
12783 0 0.0151122
12785.1 0 0.0152246
12787.2 0 0.0153369
12789.2 0 0.0154493
12791.2 0 0.0155616
12793.2 0 0.015674
12795.1 0 0.0157863
12797 0 0.0158987
12798.8 0 0.016011
12800.6 0 0.0161233
12802.4 0 0.0162357
12804.2 0 0.016348
12805.9 0 0.0164603
12807.7 0 0.0165725
12809.4 0 0.0166848
12811 0 0.016797
12812.7 0 0.0169093
12814.3 0 0.0170215
12815.9 0 0.0171337
12817.5 0 0.0172459
12819.1 0 0.0173581
12820.7 0 0.0174702
12822.2 0 0.0175823
12823.7 0 0.0176945
12825.2 0 0.0178066
12826.7 0 0.0179187
12828.2 0 0.0180307
12829.7 0 0.0181428
12831.1 0 0.0182548
12832.6 0 0.0183668
12834 0 0.0184788
12835.4 0 0.0185908
12836.8 0 0.0187028
12838.2 0 0.0188147
12839.5 0 0.0189266
12840.9 0 0.0190386
12842.2 0 0.0191505
12843.6 0 0.0192623
12844.9 0 0.0193742
12846.2 0 0.0194861
12847.5 0 0.0195979
12848.7 0 0.0197097
12850 0 0.0198216
12851.3 0 0.0199334
12852.5 0 0.0200451
12853.7 0 0.0201569
12855 0 0.0202687
12856.2 0 0.0203804
12857.4 0 0.0204922
12858.5 0 0.0206039
12859.7 0 0.0207156
12860.9 0 0.0208273
12862 0 0.020939
12863.1 0 0.0210507
12864.3 0 0.0211624
12865.4 0 0.021274
12866.4 0 0.0213857
12867.5 0 0.0214974
12868.6 0 0.021609
12869.6 0 0.0217207
12870.7 0 0.0218323
12871.7 0 0.021944
12872.7 0 0.0220556
12873.7 0 0.0221672
12874.7 0 0.0222789
12875.7 0 0.0223905
12876.6 0 0.0225022
12877.5 0 0.0226138
12878.5 0 0.0227254
12879.4 0 0.0228371
12880.3 0 0.0229487
12881.2 0 0.0230604
12882 0 0.0231721
12882.9 0 0.0232837
12883.7 0 0.0233954
12884.6 0 0.0235071
12885.4 0 0.0236187
12886.2 0 0.0237304
12886.9 0 0.0238421
12887.7 0 0.0239538
12888.5 0 0.0240655
12889.2 0 0.0241772
12889.9 0 0.0242889
12890.6 0 0.0244007
12891.3 0 0.0245124
12892 0 0.0246241
12892.7 0 0.0247359
12893.3 0 0.0248476
12894 0 0.0249594
12894.6 0 0.0250712
12895.2 0 0.0251829
12895.8 0 0.0252947
12896.4 0 0.0254065
12897 0 0.0255183
12897.6 0 0.0256301
12898.1 0 0.0257419
12898.7 0 0.0258537
12899.2 0 0.0259655
12899.8 0 0.0260773
12900.3 0 0.0261892
12900.7 0 0.0263015
12901.2 0 0.0264139
12901.6 0 0.0265262
12902 0 0.0266386
12902.5 0 0.0267509
12902.9 0 0.0268633
12903.3 0 0.0269757
12903.7 0 0.0270881
12904.1 0 0.0272005
12904.5 0 0.0273128
12904.8 0 0.0274252
12905.2 0 0.0275376
12905.5 0 0.02765
12905.9 0 0.0277624
12906.2 0 0.0278748
12906.6 0 0.0279872
12906.9 0 0.0280996
12907.2 0 0.0282119
12907.5 0 0.0283243
12907.9 0 0.0284367
12908.2 0 0.0285491
12908.5 0 0.0286615
12908.8 0 0.0287739
12909 0 0.0288862
12909.3 0 0.0289986
12909.6 0 0.029111
12909.9 0 0.0292233
12910.2 0 0.0293357
12910.4 0 0.029448
12910.7 0 0.0295604
12910.9 0 0.0296727
12911.2 0 0.0297851
12911.4 0 0.0298974
12911.7 0 0.0300097
12911.9 0 0.0301221
12912.2 0 0.0302344
12912.4 0 0.0303467
12912.6 0 0.030459
12912.9 0 0.0305713
12913.1 0 0.0306836
12913.3 0 0.0307959
12913.5 0 0.0309082
12913.7 0 0.0310204
12913.9 0 0.0311327
12914.1 0 0.031245
12914.3 0 0.0313572
12914.5 0 0.0314695
12914.7 0 0.0315817
12914.9 0 0.0316939
12915.1 0 0.0318062
12915.3 0 0.0319184
12915.5 0 0.0320306
12915.7 0 0.0321428
12915.9 0 0.032255
12916 0 0.0323672
12916.2 0 0.0324794
12916.4 0 0.0325916
12916.6 0 0.0327038
12916.7 0 0.0328159
12916.9 0 0.0329281
12917 0 0.0330402
12917.2 0 0.0331524
12917.4 0 0.0332645
12917.5 0 0.0333766
12917.7 0 0.0334888
12917.8 0 0.0336009
12918 0 0.033713
12918.1 0 0.0338251
12918.2 0 0.0339372
12918.4 0 0.0340493
12918.5 0 0.0341613
12918.7 0 0.0342734
12918.8 0 0.0343855
12918.9 0 0.0344975
12919.1 0 0.0346096
12919.3 0 0.0347216
12919.6 0 0.0348336
12920.2 0 0.0349455
12921.1 0 0.0350573
12922.2 0 0.035169
12923.4 0 0.0352806
12924.8 0 0.0353923
12926.3 0 0.0355038
12927.9 0 0.0356154
12929.8 0 0.0357268
12931.8 0 0.0358382
12933.7 0 0.0359496
12935.7 0 0.036061
12937.6 0 0.0361724
12939.6 0 0.0362837
12941.8 0 0.036395
12944.1 0 0.0365062
12946.6 0 0.0366174
12949.3 0 0.0367285
12951.9 0 0.0368396
12954.5 0 0.0369507
12957.1 0 0.0370618
12959.7 0 0.0371729
12962.3 0 0.0372839
12964.9 0 0.037395
12967.5 0 0.037506
12970.2 0 0.037617
12973 0 0.037728
12976 0 0.0378389
12979.1 0 0.0379497
12982.4 0 0.0380604
12985.6 0 0.0381712
12988.8 0 0.0382819
12992 0 0.0383925
12995.2 0 0.0385032
12998.4 0 0.0386138
13001.6 0 0.0387244
13004.8 0 0.038835
13008 0 0.0389456
13011.2 0 0.0390562
13014.4 0 0.0391668
13017.6 0 0.0392773
13020.9 0 0.0393879
13024.2 0 0.0394983
13027.7 0 0.0396087
13031.3 0 0.0397191
13035 0 0.0398293
13038.8 0 0.0399396
13042.5 0 0.0400498
13046.3 0 0.04016
13050 0 0.0402702
13053.7 0 0.0403804
13057.5 0 0.0404906
13061.2 0 0.0406008
13064.9 0 0.0407109
13068.7 0 0.040821
13072.4 0 0.0409311
13076.1 0 0.0410412
13079.8 0 0.0411513
13083.5 0 0.0412614
13087.2 0 0.0413714
13090.9 0 0.0414815
13094.6 0 0.0415915
13098.4 0 0.0417015
13102.2 0 0.0418114
13106.1 0 0.0419213
13110 0 0.0420311
13114.2 0 0.0421408
13118.4 0 0.0422505
13122.6 0 0.0423602
13126.8 0 0.0424698
13130.9 0 0.0425795
13135.1 0 0.0426891
13139.3 0 0.0427987
13143.5 0 0.0429083
13147.6 0 0.0430178
13151.8 0 0.0431274
13155.9 0 0.0432369
13160.1 0 0.0433464
13164.3 0 0.0434559
13168.4 0 0.0435653
13172.5 0 0.0436748
13176.7 0 0.0437842
13180.8 0 0.0438936
13185 0 0.044003
13189.1 0 0.0441123
13193.2 0 0.0442217
13197.4 0 0.044331
13201.5 0 0.0444403
13205.6 0 0.0445496
13209.7 0 0.0446588
13213.9 0 0.044768
13218.1 0 0.0448772
13222.4 0 0.0449863
13226.7 0 0.0450953
13231.2 0 0.0452042
13235.7 0 0.0453131
13240.2 0 0.045422
13244.8 0 0.0455308
13249.3 0 0.0456396
13253.8 0 0.0457484
13258.3 0 0.0458572
13262.8 0 0.0459659
13267.3 0 0.0460747
13271.8 0 0.0461833
13276.3 0 0.046292
13280.8 0 0.0464007
13285.3 0 0.0465093
13289.8 0 0.0466179
13294.3 0 0.0467264
13298.7 0 0.046835
13303.2 0 0.0469435
13307.7 0 0.047052
13312.2 0 0.0471604
13316.6 0 0.0472688
13321.1 0 0.0473773
13325.5 0 0.0474856
13330 0 0.047594
13334.4 0 0.0477023
13338.9 0 0.0478106
13343.3 0 0.0479189
13347.7 0 0.0480271
13352.2 0 0.0481354
13356.6 0 0.0482436
13361 0 0.0483517
13365.5 0 0.0484599
13369.9 0 0.048568
13374.3 0 0.048676
13378.8 0 0.048784
13383.3 0 0.048892
13387.9 0 0.0489999
13392.5 0 0.0491077
13397.2 0 0.0492154
13402 0 0.0493231
13406.7 0 0.0494307
13411.5 0 0.0495383
13416.2 0 0.0496459
13420.9 0 0.0497534
13425.7 0 0.0498609
13430.4 0 0.0499684
13435.1 0 0.0500759
13439.8 0 0.0501833
13444.5 0 0.0502907
13449.3 0 0.0503981
13454 0 0.0505054
13458.7 0 0.0506127
13463.4 0 0.05072
13468.1 0 0.0508272
13472.8 0 0.0509345
13477.4 0 0.0510417
13482.1 0 0.0511488
13486.8 0 0.0512559
13491.5 0 0.051363
13496.2 0 0.0514701
13500.8 0 0.0515771
13505.5 0 0.0516841
13510.1 0 0.0517911
13514.8 0 0.0518981
13519.5 0 0.052005
13524.1 0 0.0521119
13528.8 0 0.0522187
13533.4 0 0.0523255
13538 0 0.0524323
13542.7 0 0.0525391
13547.3 0 0.0526458
13551.9 0 0.0527525
13556.6 0 0.0528592
13561.2 0 0.0529659
13565.8 0 0.0530725
13570.4 0 0.053179
13575 0 0.0532856
13579.6 0 0.0533921
13584.2 0 0.0534986
13588.8 0 0.0536051
13593.4 0 0.0537115
13598 0 0.0538179
13602.7 0 0.0539242
13607.4 0 0.0540304
13612.1 0 0.0541366
13616.8 0 0.0542428
13621.6 0 0.0543488
13410.3 0 0.0543201
13470.1 0 0.0543845
13494.5 0 0.0544637
