0 -58.4752 -2.26119e-06
634.56 0 1.01682e-05
1173.57 0 2.73185e-05
1709.92 0 4.44113e-05
2243.81 0 6.13492e-05
2775.24 0 7.80625e-05
3304.22 0 9.45452e-05
3830.74 0 0.000110792
4354.77 0 0.0001268
4876.15 0 0.000142571
5394.56 0 0.000158113
5909.16 0 0.00017345
6418.2 0 0.00018864
6918.36 0 0.000203792
7403.99 0 0.000219102
7866.83 0 0.00023486
8297.18 0 0.000251428
8686.59 0 0.000269144
9030.8 0 0.000288219
9330.49 0 0.000308805
9590.04 0 0.000330796
9815.21 0 0.000354179
10011.7 0 0.000378853
10184.8 0 0.000404474
10338.5 0 0.000430862
10475.8 0 0.000457679
10599.4 0 0.000485007
10711.4 0 0.000512866
10812.7 0 0.000542011
10905.5 0 0.000571579
10991.1 0 0.000601523
11070.4 0 0.000631802
11143.9 0 0.00066245
11212.1 0 0.00069359
11276 0 0.000724984
11335.9 0 0.000756608
11392.3 0 0.000788444
11445.5 0 0.000820471
11495.9 0 0.000852673
11543.8 0 0.000885035
11589.3 0 0.000917542
11632.4 0 0.000950355
11673.3 0 0.000983535
11712.4 0 0.00101684
11749.8 0 0.00105025
11785.6 0 0.00108377
11820.1 0 0.00111738
11853.2 0 0.00115107
11885.1 0 0.00118483
11915.6 0 0.00121918
11945 0 0.00125394
11972.9 0 0.00128888
11999.8 0 0.00132391
12025.7 0 0.001359
12050.7 0 0.00139426
12074.7 0 0.00143015
12097.7 0 0.00146603
12119.8 0 0.00150181
12141.1 0 0.00153762
12161.8 0 0.00157345
12181.9 0 0.00160931
12201.4 0 0.00164518
12220.3 0 0.00168107
12238.6 0 0.00171696
12256.3 0 0.00175286
12273.3 0 0.00178893
12289.7 0 0.00182508
12305.5 0 0.00186122
12320.9 0 0.00189737
12335.7 0 0.00193337
12349.8 0 0.00196897
12363.5 0 0.00200455
12376.5 0 0.00204128
12388.8 0 0.00207891
12400.7 0 0.00211652
12412.4 0 0.00215412
12423.7 0 0.00219171
12434.7 0 0.00222928
12445.5 0 0.00226683
12455.9 0 0.00230437
12466.1 0 0.00234188
12476 0 0.00237939
12485.7 0 0.00241688
12495.1 0 0.00245437
12504.3 0 0.00249184
12513.2 0 0.00252931
12521.8 0 0.00256677
12530.3 0 0.00260423
12538.4 0 0.00264169
12546.4 0 0.00267915
12554.2 0 0.0027166
12561.7 0 0.00275405
12569 0 0.00279149
12576.2 0 0.00282892
12583.1 0 0.00286634
12589.9 0 0.00290375
12596.5 0 0.00294115
12603 0 0.00297853
12609.3 0 0.00301589
12615.5 0 0.00305323
12621.6 0 0.00309055
12627.5 0 0.00312785
12633.3 0 0.00316533
12638.9 0 0.0032033
12644.3 0 0.00324202
12649.5 0 0.00328107
12654.6 0 0.00332002
12659.6 0 0.00335871
12664.4 0 0.00339738
12669.2 0 0.00343603
12673.9 0 0.00347467
12678.6 0 0.00351331
12683.1 0 0.00355193
12687.6 0 0.00359055
12692 0 0.00362916
12696.3 0 0.00366777
12700.6 0 0.00370638
12704.8 0 0.003745
12708.9 0 0.00378362
12713 0 0.00382225
12717 0 0.00386089
12720.9 0 0.00389954
12724.7 0 0.00393821
12728.5 0 0.00397689
12732.1 0 0.00401538
12735.7 0 0.00405367
12739.2 0 0.00409196
12742.7 0 0.00413026
12746 0 0.00416857
12749.3 0 0.00420689
12752.5 0 0.00424515
12755.5 0 0.00428317
12758.3 0 0.00432117
12761.2 0 0.00435916
12763.9 0 0.00439715
12766.6 0 0.00443513
12769.2 0 0.0044731
12771.7 0 0.0045114
12774.1 0 0.00455012
12776.4 0 0.00458882
12778.6 0 0.00462752
12780.8 0 0.00466621
12783 0 0.00470489
12785.1 0 0.00474355
12787.2 0 0.0047822
12789.2 0 0.00482083
12791.2 0 0.00485945
12793.2 0 0.00489805
12795.1 0 0.00493663
12797 0 0.00497519
12798.8 0 0.00501373
12800.6 0 0.00505226
12802.4 0 0.00509076
12804.2 0 0.00512925
12805.9 0 0.00516772
12807.7 0 0.00520617
12809.4 0 0.0052446
12811 0 0.005283
12812.7 0 0.0053214
12814.3 0 0.00535977
12815.9 0 0.00539812
12817.5 0 0.00543646
12819.1 0 0.00547477
12820.7 0 0.00551307
12822.2 0 0.00555135
12823.7 0 0.00558961
12825.2 0 0.00562786
12826.7 0 0.00566608
12828.2 0 0.00570429
12829.7 0 0.00574249
12831.1 0 0.00578067
12832.6 0 0.00581883
12834 0 0.00585697
12835.4 0 0.0058951
12836.8 0 0.00593322
12838.2 0 0.00597132
12839.5 0 0.00600941
12840.9 0 0.00604748
12842.2 0 0.00608554
12843.6 0 0.00612359
12844.9 0 0.00616162
12846.2 0 0.00619964
12847.5 0 0.00623765
12848.7 0 0.00627565
12850 0 0.00631364
12851.3 0 0.00635162
12852.5 0 0.00638959
12853.7 0 0.00642755
12855 0 0.0064655
12856.2 0 0.00650345
12857.4 0 0.00654138
12858.5 0 0.00657931
12859.7 0 0.00661723
12860.9 0 0.00665511
12862 0 0.00669297
12863.1 0 0.00673084
12864.3 0 0.00676869
12865.4 0 0.00680655
12866.4 0 0.0068444
12867.5 0 0.00688224
12868.6 0 0.00692009
12869.6 0 0.00695793
12870.7 0 0.00699577
12871.7 0 0.00703361
12872.7 0 0.00707145
12873.7 0 0.00710929
12874.7 0 0.00714713
12875.7 0 0.00718496
12876.6 0 0.0072228
12877.5 0 0.00726065
12878.5 0 0.00729849
12879.4 0 0.00733634
12880.3 0 0.00737418
12881.2 0 0.00741203
12882 0 0.00744989
12882.9 0 0.00748774
12883.7 0 0.0075256
12884.6 0 0.00756346
12885.4 0 0.00760132
12886.2 0 0.00763919
12886.9 0 0.00767705
12887.7 0 0.00771492
12888.5 0 0.0077528
12889.2 0 0.00779067
12889.9 0 0.00782855
12890.6 0 0.00786642
12891.3 0 0.0079043
12892 0 0.00794218
12892.7 0 0.00798006
12893.3 0 0.00801794
12894 0 0.00805582
12894.6 0 0.0080937
12895.2 0 0.00813158
12895.8 0 0.00816946
12896.4 0 0.00820734
12897 0 0.00824521
12897.6 0 0.00828308
12898.1 0 0.00832096
12898.7 0 0.00835882
12899.2 0 0.00839669
12899.8 0 0.00843455
12900.3 0 0.00847247
12900.7 0 0.00851117
12901.2 0 0.00854987
12901.6 0 0.00858857
12902 0 0.00862727
12902.5 0 0.00866597
12902.9 0 0.00870468
12903.3 0 0.00874338
12903.7 0 0.00878208
12904.1 0 0.00882078
12904.5 0 0.00885948
12904.8 0 0.00889818
12905.2 0 0.00893688
12905.5 0 0.00897558
12905.9 0 0.00901427
12906.2 0 0.00905296
12906.6 0 0.00909165
12906.9 0 0.00913034
12907.2 0 0.00916902
12907.5 0 0.0092077
12907.9 0 0.00924637
12908.2 0 0.00928504
12908.5 0 0.00932371
12908.8 0 0.00936238
12909 0 0.00940103
12909.3 0 0.00943969
12909.6 0 0.00947834
12909.9 0 0.00951698
12910.2 0 0.00955562
12910.4 0 0.00959426
12910.7 0 0.00963289
12910.9 0 0.00967151
12911.2 0 0.00971013
12911.4 0 0.00974875
12911.7 0 0.00978735
12911.9 0 0.00982596
12912.2 0 0.00986455
12912.4 0 0.00990315
12912.6 0 0.00994173
12912.9 0 0.00998031
12913.1 0 0.0100189
12913.3 0 0.0100575
12913.5 0 0.010096
12913.7 0 0.0101346
12913.9 0 0.0101731
12914.1 0 0.0102117
12914.3 0 0.0102502
12914.5 0 0.0102887
12914.7 0 0.0103273
12914.9 0 0.0103658
12915.1 0 0.0104043
12915.3 0 0.0104428
12915.5 0 0.0104813
12915.7 0 0.0105198
12915.9 0 0.0105583
12916 0 0.0105968
12916.2 0 0.0106353
12916.4 0 0.0106737
12916.6 0 0.0107122
12916.7 0 0.0107506
12916.9 0 0.0107891
12917 0 0.0108275
12917.2 0 0.010866
12917.4 0 0.0109044
12917.5 0 0.0109428
12917.7 0 0.0109813
12917.8 0 0.0110197
12918 0 0.0110581
12918.1 0 0.0110965
12918.2 0 0.0111349
12918.4 0 0.0111733
12918.5 0 0.0112117
12918.7 0 0.01125
12918.8 0 0.0112884
12918.9 0 0.0113268
12919.1 0 0.0113651
12919.3 0 0.0114035
12919.6 0 0.0114418
12920.2 0 0.01148
12921.1 0 0.0115181
12922.2 0 0.0115562
12923.4 0 0.0115943
12924.8 0 0.0116323
12926.3 0 0.0116703
12927.9 0 0.0117082
12929.8 0 0.0117461
12931.8 0 0.0117839
12933.7 0 0.0118217
12935.7 0 0.0118596
12937.6 0 0.0118974
12939.6 0 0.0119352
12941.8 0 0.0119729
12944.1 0 0.0120106
12946.6 0 0.0120482
12949.3 0 0.0120859
12951.9 0 0.0121234
12954.5 0 0.012161
12957.1 0 0.0121986
12959.7 0 0.0122362
12962.3 0 0.0122738
12964.9 0 0.0123113
12967.5 0 0.0123489
12970.2 0 0.0123864
12973 0 0.0124239
12976 0 0.0124613
12979.1 0 0.0124987
12982.4 0 0.012536
12985.6 0 0.0125733
12988.8 0 0.0126104
12992 0 0.0126476
12995.2 0 0.0126847
12998.4 0 0.0127217
13001.6 0 0.0127588
13004.8 0 0.0127959
13008 0 0.0128329
13011.2 0 0.01287
13014.4 0 0.012907
13017.6 0 0.012944
13020.9 0 0.012981
13024.2 0 0.0130179
13027.7 0 0.0130548
13031.3 0 0.0130916
13035 0 0.0131284
13038.8 0 0.0131651
13042.5 0 0.0132019
13046.3 0 0.0132386
13050 0 0.0132753
13053.7 0 0.013312
13057.5 0 0.0133487
13061.2 0 0.0133853
13064.9 0 0.013422
13068.7 0 0.0134586
13072.4 0 0.0134953
13076.1 0 0.0135319
13079.8 0 0.0135685
13083.5 0 0.0136051
13087.2 0 0.0136417
13090.9 0 0.0136782
13094.6 0 0.0137148
13098.4 0 0.0137513
13102.2 0 0.0137878
13106.1 0 0.0138242
13110 0 0.0138606
13114.2 0 0.0138968
13118.4 0 0.0139331
13122.6 0 0.0139693
13126.8 0 0.0140056
13130.9 0 0.0140418
13135.1 0 0.014078
13139.3 0 0.0141142
13143.5 0 0.0141503
13147.6 0 0.0141865
13151.8 0 0.0142226
13155.9 0 0.0142588
13160.1 0 0.0142949
13164.3 0 0.014331
13168.4 0 0.014367
13172.5 0 0.0144031
13176.7 0 0.0144391
13180.8 0 0.0144752
13185 0 0.0145112
13189.1 0 0.0145471
13193.2 0 0.0145831
13197.4 0 0.0146191
13201.5 0 0.014655
13205.6 0 0.0146909
13209.7 0 0.0147268
13213.9 0 0.0147627
13218.1 0 0.0147985
13222.4 0 0.0148342
13226.7 0 0.0148699
13231.2 0 0.0149055
13235.7 0 0.0149411
13240.2 0 0.0149767
13244.8 0 0.0150122
13249.3 0 0.0150477
13253.8 0 0.0150832
13258.3 0 0.0151187
13262.8 0 0.0151542
13267.3 0 0.0151896
13271.8 0 0.015225
13276.3 0 0.0152605
13280.8 0 0.0152958
13285.3 0 0.0153312
13289.8 0 0.0153665
13294.3 0 0.0154018
13298.7 0 0.0154371
13303.2 0 0.0154724
13307.7 0 0.0155077
13312.2 0 0.0155429
13316.6 0 0.0155781
13321.1 0 0.0156133
13325.5 0 0.0156485
13330 0 0.0156836
13334.4 0 0.0157187
13338.9 0 0.0157538
13343.3 0 0.0157889
13347.7 0 0.015824
13352.2 0 0.015859
13356.6 0 0.015894
13361 0 0.015929
13365.5 0 0.015964
13369.9 0 0.0159989
13374.3 0 0.0160338
13378.8 0 0.0160686
13383.3 0 0.0161034
13387.9 0 0.0161381
13392.5 0 0.0161727
13397.2 0 0.0162072
13402 0 0.0162418
13406.7 0 0.0162763
13411.5 0 0.0163108
13416.2 0 0.0163452
13420.9 0 0.0163797
13425.7 0 0.0164141
13430.4 0 0.0164485
13435.1 0 0.0164829
13439.8 0 0.0165172
13444.5 0 0.0165515
13449.3 0 0.0165858
13454 0 0.0166201
13458.7 0 0.0166543
13463.4 0 0.0166886
13468.1 0 0.0167227
13472.8 0 0.0167569
13477.4 0 0.016791
13482.1 0 0.0168251
13486.8 0 0.0168592
13491.5 0 0.0168933
13496.2 0 0.0169273
13500.8 0 0.0169613
13505.5 0 0.0169953
13510.1 0 0.0170292
13514.8 0 0.0170631
13519.5 0 0.017097
13524.1 0 0.0171309
13528.8 0 0.0171647
13533.4 0 0.0171985
13538 0 0.0172323
13542.7 0 0.0172661
13547.3 0 0.0172998
13551.9 0 0.0173335
13556.6 0 0.0173672
13561.2 0 0.0174008
13565.8 0 0.0174345
13570.4 0 0.017468
13575 0 0.0175016
13579.6 0 0.0175351
13584.2 0 0.0175687
13588.8 0 0.0176021
13593.4 0 0.0176356
13598 0 0.0176689
13602.7 0 0.0177022
13607.4 0 0.0177354
13612.1 0 0.0177686
13616.8 0 0.0178016
13621.6 0 0.0178345
13410.3 0 0.0177342
13470.1 0 0.0177263
13494.5 0 0.0177331
