0 -58.4752 -2.26119e-06
634.56 0 9.80113e-05
1173.57 0 0.000202817
1709.92 0 0.000307595
2243.81 0 0.000412204
2775.24 0 0.000516605
3304.22 0 0.000620794
3830.74 0 0.000724752
4354.77 0 0.00082847
4876.15 0 0.000931948
5394.56 0 0.0010352
5909.16 0 0.00113824
6418.2 0 0.00124113
6918.36 0 0.00134398
7403.99 0 0.001447
7866.83 0 0.00155046
8297.18 0 0.00165474
8686.59 0 0.00176017
9030.8 0 0.00186697
9330.49 0 0.00197522
9590.04 0 0.00208482
9815.21 0 0.00219562
10011.7 0 0.00230745
10184.8 0 0.00242015
10338.5 0 0.00253364
10475.8 0 0.00264833
10599.4 0 0.00276384
10711.4 0 0.00288016
10812.7 0 0.00299728
10905.5 0 0.00311485
10991.1 0 0.00323283
11070.4 0 0.00335116
11143.9 0 0.0034699
11212.1 0 0.00358917
11276 0 0.00370871
11335.9 0 0.00382851
11392.3 0 0.00394854
11445.5 0 0.00406877
11495.9 0 0.00418919
11543.8 0 0.00430979
11589.3 0 0.00443055
11632.4 0 0.00455155
11673.3 0 0.00467282
11712.4 0 0.00479423
11749.8 0 0.00491575
11785.6 0 0.00503738
11820.1 0 0.00515911
11853.2 0 0.00528092
11885.1 0 0.00540282
11915.6 0 0.00552468
11945 0 0.00564655
11972.9 0 0.00576894
11999.8 0 0.00589142
12025.7 0 0.00601396
12050.7 0 0.00613653
12074.7 0 0.00625913
12097.7 0 0.00638194
12119.8 0 0.00650524
12141.1 0 0.00662856
12161.8 0 0.0067519
12181.9 0 0.00687525
12201.4 0 0.00699861
12220.3 0 0.00712199
12238.6 0 0.00724536
12256.3 0 0.00736875
12273.3 0 0.00749237
12289.7 0 0.00761612
12305.5 0 0.00773987
12320.9 0 0.00786362
12335.7 0 0.0079876
12349.8 0 0.00811229
12363.5 0 0.00823696
12376.5 0 0.00836146
12388.8 0 0.00848599
12400.7 0 0.00861051
12412.4 0 0.008735
12423.7 0 0.00885947
12434.7 0 0.00898391
12445.5 0 0.00910832
12455.9 0 0.00923271
12466.1 0 0.00935707
12476 0 0.00948141
12485.7 0 0.00960573
12495.1 0 0.00973002
12504.3 0 0.00985429
12513.2 0 0.00997854
12521.8 0 0.0101028
12530.3 0 0.010227
12538.4 0 0.0103512
12546.4 0 0.0104754
12554.2 0 0.0105996
12561.7 0 0.0107237
12569 0 0.0108478
12576.2 0 0.010972
12583.1 0 0.0110961
12589.9 0 0.0112202
12596.5 0 0.0113442
12603 0 0.0114683
12609.3 0 0.0115923
12615.5 0 0.0117163
12621.6 0 0.0118403
12627.5 0 0.0119642
12633.3 0 0.0120882
12638.9 0 0.0122121
12644.3 0 0.0123359
12649.5 0 0.0124596
12654.6 0 0.0125835
12659.6 0 0.0127078
12664.4 0 0.0128321
12669.2 0 0.0129564
12673.9 0 0.0130806
12678.6 0 0.0132048
12683.1 0 0.013329
12687.6 0 0.0134532
12692 0 0.0135773
12696.3 0 0.0137014
12700.6 0 0.0138255
12704.8 0 0.0139495
12708.9 0 0.0140736
12713 0 0.0141976
12717 0 0.0143216
12720.9 0 0.0144455
12724.7 0 0.0145695
12728.5 0 0.0146934
12732.1 0 0.0148176
12735.7 0 0.014942
12739.2 0 0.0150665
12742.7 0 0.0151909
12746 0 0.0153154
12749.3 0 0.0154398
12752.5 0 0.0155644
12755.5 0 0.0156902
12758.3 0 0.0158162
12761.2 0 0.0159422
12763.9 0 0.0160682
12766.6 0 0.0161942
12769.2 0 0.0163203
12771.7 0 0.0164465
12774.1 0 0.016573
12776.4 0 0.0166996
12778.6 0 0.0168262
12780.8 0 0.0169527
12783 0 0.0170793
12785.1 0 0.0172059
12787.2 0 0.0173326
12789.2 0 0.0174592
12791.2 0 0.0175859
12793.2 0 0.0177125
12795.1 0 0.0178392
12797 0 0.0179658
12798.8 0 0.0180925
12800.6 0 0.0182192
12802.4 0 0.0183458
12804.2 0 0.0184725
12805.9 0 0.0185991
12807.7 0 0.0187258
12809.4 0 0.0188524
12811 0 0.018979
12812.7 0 0.0191056
12814.3 0 0.0192323
12815.9 0 0.0193588
12817.5 0 0.0194854
12819.1 0 0.019612
12820.7 0 0.0197385
12822.2 0 0.0198651
12823.7 0 0.0199916
12825.2 0 0.0201181
12826.7 0 0.0202445
12828.2 0 0.020371
12829.7 0 0.0204974
12831.1 0 0.0206239
12832.6 0 0.0207503
12834 0 0.0208767
12835.4 0 0.021003
12836.8 0 0.0211294
12838.2 0 0.0212557
12839.5 0 0.021382
12840.9 0 0.0215083
12842.2 0 0.0216346
12843.6 0 0.0217609
12844.9 0 0.0218871
12846.2 0 0.0220133
12847.5 0 0.0221396
12848.7 0 0.0222657
12850 0 0.0223919
12851.3 0 0.0225181
12852.5 0 0.0226442
12853.7 0 0.0227704
12855 0 0.0228965
12856.2 0 0.0230226
12857.4 0 0.0231487
12858.5 0 0.0232747
12859.7 0 0.0234008
12860.9 0 0.0235269
12862 0 0.0236529
12863.1 0 0.0237789
12864.3 0 0.023905
12865.4 0 0.024031
12866.4 0 0.024157
12867.5 0 0.024283
12868.6 0 0.024409
12869.6 0 0.024535
12870.7 0 0.024661
12871.7 0 0.024787
12872.7 0 0.024913
12873.7 0 0.025039
12874.7 0 0.0251649
12875.7 0 0.0252909
12876.6 0 0.0254169
12877.5 0 0.0255429
12878.5 0 0.0256689
12879.4 0 0.0257949
12880.3 0 0.0259209
12881.2 0 0.0260469
12882 0 0.0261729
12882.9 0 0.0262989
12883.7 0 0.0264249
12884.6 0 0.0265509
12885.4 0 0.0266769
12886.2 0 0.026803
12886.9 0 0.026929
12887.7 0 0.0270551
12888.5 0 0.0271812
12889.2 0 0.0273073
12889.9 0 0.0274334
12890.6 0 0.0275595
12891.3 0 0.0276856
12892 0 0.0278117
12892.7 0 0.0279379
12893.3 0 0.028064
12894 0 0.0281902
12894.6 0 0.0283164
12895.2 0 0.0284426
12895.8 0 0.0285688
12896.4 0 0.028695
12897 0 0.0288213
12897.6 0 0.0289475
12898.1 0 0.0290738
12898.7 0 0.0292001
12899.2 0 0.0293263
12899.8 0 0.0294526
12900.3 0 0.0295789
12900.7 0 0.0297055
12901.2 0 0.029832
12901.6 0 0.0299586
12902 0 0.0300852
12902.5 0 0.0302118
12902.9 0 0.0303384
12903.3 0 0.030465
12903.7 0 0.0305916
12904.1 0 0.0307182
12904.5 0 0.0308448
12904.8 0 0.0309714
12905.2 0 0.031098
12905.5 0 0.0312246
12905.9 0 0.0313513
12906.2 0 0.0314779
12906.6 0 0.0316045
12906.9 0 0.0317312
12907.2 0 0.0318578
12907.5 0 0.0319844
12907.9 0 0.0321111
12908.2 0 0.0322377
12908.5 0 0.0323643
12908.8 0 0.032491
12909 0 0.0326176
12909.3 0 0.0327442
12909.6 0 0.0328709
12909.9 0 0.0329975
12910.2 0 0.0331241
12910.4 0 0.0332507
12910.7 0 0.0333773
12910.9 0 0.0335039
12911.2 0 0.0336305
12911.4 0 0.0337571
12911.7 0 0.0338837
12911.9 0 0.0340103
12912.2 0 0.0341369
12912.4 0 0.0342635
12912.6 0 0.03439
12912.9 0 0.0345166
12913.1 0 0.0346432
12913.3 0 0.0347697
12913.5 0 0.0348963
12913.7 0 0.0350228
12913.9 0 0.0351493
12914.1 0 0.0352759
12914.3 0 0.0354024
12914.5 0 0.0355289
12914.7 0 0.0356554
12914.9 0 0.0357819
12915.1 0 0.0359084
12915.3 0 0.0360348
12915.5 0 0.0361613
12915.7 0 0.0362878
12915.9 0 0.0364142
12916 0 0.0365407
12916.2 0 0.0366671
12916.4 0 0.0367936
12916.6 0 0.03692
12916.7 0 0.0370464
12916.9 0 0.0371728
12917 0 0.0372992
12917.2 0 0.0374256
12917.4 0 0.037552
12917.5 0 0.0376784
12917.7 0 0.0378047
12917.8 0 0.0379311
12918 0 0.0380574
12918.1 0 0.0381838
12918.2 0 0.0383101
12918.4 0 0.0384364
12918.5 0 0.0385628
12918.7 0 0.0386891
12918.8 0 0.0388154
12918.9 0 0.0389416
12919.1 0 0.0390679
12919.3 0 0.0391942
12919.6 0 0.0393204
12920.2 0 0.0394465
12921.1 0 0.0395724
12922.2 0 0.0396983
12923.4 0 0.0398242
12924.8 0 0.03995
12926.3 0 0.0400757
12927.9 0 0.0402014
12929.8 0 0.0403269
12931.8 0 0.0404524
12933.7 0 0.0405779
12935.7 0 0.0407034
12937.6 0 0.0408289
12939.6 0 0.0409544
12941.8 0 0.0410798
12944.1 0 0.0412051
12946.6 0 0.0413303
12949.3 0 0.0414555
12951.9 0 0.0415807
12954.5 0 0.0417058
12957.1 0 0.0418309
12959.7 0 0.0419561
12962.3 0 0.0420812
12964.9 0 0.0422063
12967.5 0 0.0423314
12970.2 0 0.0424564
12973 0 0.0425814
12976 0 0.0427063
12979.1 0 0.0428311
12982.4 0 0.0429559
12985.6 0 0.0430806
12988.8 0 0.0432054
12992 0 0.0433301
12995.2 0 0.0434549
12998.4 0 0.0435796
13001.6 0 0.0437043
13004.8 0 0.043829
13008 0 0.0439537
13011.2 0 0.0440784
13014.4 0 0.0442031
13017.6 0 0.0443277
13020.9 0 0.0444523
13024.2 0 0.0445769
13027.7 0 0.0447013
13031.3 0 0.0448258
13035 0 0.0449501
13038.8 0 0.0450744
13042.5 0 0.0451987
13046.3 0 0.0453229
13050 0 0.0454472
13053.7 0 0.0455714
13057.5 0 0.0456956
13061.2 0 0.0458198
13064.9 0 0.045944
13068.7 0 0.0460682
13072.4 0 0.0461923
13076.1 0 0.0463165
13079.8 0 0.0464406
13083.5 0 0.0465647
13087.2 0 0.0466888
13090.9 0 0.0468128
13094.6 0 0.0469368
13098.4 0 0.0470609
13102.2 0 0.0471848
13106.1 0 0.0473087
13110 0 0.0474325
13114.2 0 0.0475563
13118.4 0 0.0476799
13122.6 0 0.0478036
13126.8 0 0.0479272
13130.9 0 0.0480508
13135.1 0 0.0481744
13139.3 0 0.048298
13143.5 0 0.0484215
13147.6 0 0.048545
13151.8 0 0.0486685
13155.9 0 0.048792
13160.1 0 0.0489155
13164.3 0 0.0490389
13168.4 0 0.0491623
13172.5 0 0.0492857
13176.7 0 0.049409
13180.8 0 0.0495324
13185 0 0.0496557
13189.1 0 0.049779
13193.2 0 0.0499022
13197.4 0 0.0500255
13201.5 0 0.0501487
13205.6 0 0.0502719
13209.7 0 0.0503951
13213.9 0 0.0505182
13218.1 0 0.0506412
13222.4 0 0.0507642
13226.7 0 0.0508872
13231.2 0 0.05101
13235.7 0 0.0511328
13240.2 0 0.0512555
13244.8 0 0.0513782
13249.3 0 0.0515009
13253.8 0 0.0516235
13258.3 0 0.0517461
13262.8 0 0.0518687
13267.3 0 0.0519912
13271.8 0 0.0521138
13276.3 0 0.0522363
13280.8 0 0.0523587
13285.3 0 0.0524812
13289.8 0 0.0526036
13294.3 0 0.0527259
13298.7 0 0.0528483
13303.2 0 0.0529706
13307.7 0 0.0530929
13312.2 0 0.0532151
13316.6 0 0.0533374
13321.1 0 0.0534595
13325.5 0 0.0535817
13330 0 0.0537038
13334.4 0 0.0538259
13338.9 0 0.053948
13343.3 0 0.05407
13347.7 0 0.054192
13352.2 0 0.054314
13356.6 0 0.054436
13361 0 0.0545579
13365.5 0 0.0546798
13369.9 0 0.0548016
13374.3 0 0.0549234
13378.8 0 0.0550452
13383.3 0 0.0551669
13387.9 0 0.0552885
13392.5 0 0.0554101
13397.2 0 0.0555315
13402 0 0.0556529
13406.7 0 0.0557742
13411.5 0 0.0558955
13416.2 0 0.0560168
13420.9 0 0.056138
13425.7 0 0.0562592
13430.4 0 0.0563803
13435.1 0 0.0565014
13439.8 0 0.0566225
13444.5 0 0.0567436
13449.3 0 0.0568646
13454 0 0.0569855
13458.7 0 0.0571065
13463.4 0 0.0572274
13468.1 0 0.0573483
13472.8 0 0.0574691
13477.4 0 0.0575899
13482.1 0 0.0577107
13486.8 0 0.0578315
13491.5 0 0.0579522
13496.2 0 0.0580729
13500.8 0 0.0581935
13505.5 0 0.0583141
13510.1 0 0.0584347
13514.8 0 0.0585552
13519.5 0 0.0586758
13524.1 0 0.0587962
13528.8 0 0.0589167
13533.4 0 0.0590371
13538 0 0.0591575
13542.7 0 0.0592778
13547.3 0 0.0593981
13551.9 0 0.0595184
13556.6 0 0.0596387
13561.2 0 0.0597589
13565.8 0 0.0598791
13570.4 0 0.0599992
13575 0 0.0601193
13579.6 0 0.0602394
13584.2 0 0.0603595
13588.8 0 0.0604795
13593.4 0 0.0605995
13598 0 0.0607195
13602.7 0 0.0608394
13607.4 0 0.0609593
13612.1 0 0.0610791
13616.8 0 0.0611988
13621.6 0 0.0613185
13410.3 0 0.061302
13470.1 0 0.0613795
13494.5 0 0.0614717
