0 -58.4752 -2.26119e-06
634.56 0 9.66606e-05
1173.57 0 0.000200258
1709.92 0 0.000303805
2243.81 0 0.000407194
2775.24 0 0.000510362
3304.22 0 0.000613304
3830.74 0 0.000716012
4354.77 0 0.00081848
4876.15 0 0.00092071
5394.56 0 0.00102271
5909.16 0 0.00112451
6418.2 0 0.00122616
6918.36 0 0.00132777
7403.99 0 0.00142954
7866.83 0 0.00153175
8297.18 0 0.00163478
8686.59 0 0.00173896
9030.8 0 0.0018445
9330.49 0 0.00195153
9590.04 0 0.00205996
9815.21 0 0.00216973
10011.7 0 0.00228073
10184.8 0 0.00239266
10338.5 0 0.00250536
10475.8 0 0.00261868
10599.4 0 0.00273258
10711.4 0 0.00284708
10812.7 0 0.00296275
10905.5 0 0.00307885
10991.1 0 0.00319533
11070.4 0 0.00331215
11143.9 0 0.00342935
11212.1 0 0.00354706
11276 0 0.00366502
11335.9 0 0.00378321
11392.3 0 0.00390162
11445.5 0 0.00402023
11495.9 0 0.00413902
11543.8 0 0.00425797
11589.3 0 0.00437706
11632.4 0 0.00449645
11673.3 0 0.00461619
11712.4 0 0.00473604
11749.8 0 0.00485601
11785.6 0 0.00497609
11820.1 0 0.00509625
11853.2 0 0.00521651
11885.1 0 0.00533683
11915.6 0 0.00545759
11945 0 0.00557867
11972.9 0 0.00570001
11999.8 0 0.00582143
12025.7 0 0.00594292
12050.7 0 0.00606454
12074.7 0 0.00618665
12097.7 0 0.00630881
12119.8 0 0.006431
12141.1 0 0.00655322
12161.8 0 0.00667547
12181.9 0 0.00679773
12201.4 0 0.00692001
12220.3 0 0.0070423
12238.6 0 0.0071646
12256.3 0 0.00728691
12273.3 0 0.0074094
12289.7 0 0.00753198
12305.5 0 0.00765456
12320.9 0 0.00777714
12335.7 0 0.00789967
12349.8 0 0.00802206
12363.5 0 0.00814443
12376.5 0 0.00826764
12388.8 0 0.00839153
12400.7 0 0.00851541
12412.4 0 0.00863928
12423.7 0 0.00876312
12434.7 0 0.00888695
12445.5 0 0.00901076
12455.9 0 0.00913455
12466.1 0 0.00925832
12476 0 0.00938207
12485.7 0 0.00950581
12495.1 0 0.00962954
12504.3 0 0.00975325
12513.2 0 0.00987696
12521.8 0 0.0100007
12530.3 0 0.0101243
12538.4 0 0.010248
12546.4 0 0.0103717
12554.2 0 0.0104954
12561.7 0 0.010619
12569 0 0.0107427
12576.2 0 0.0108664
12583.1 0 0.01099
12589.9 0 0.0111136
12596.5 0 0.0112372
12603 0 0.0113608
12609.3 0 0.0114844
12615.5 0 0.0116079
12621.6 0 0.0117314
12627.5 0 0.0118549
12633.3 0 0.0119786
12638.9 0 0.0121026
12644.3 0 0.0122271
12649.5 0 0.0123519
12654.6 0 0.0124766
12659.6 0 0.0126013
12664.4 0 0.0127259
12669.2 0 0.0128505
12673.9 0 0.0129751
12678.6 0 0.0130997
12683.1 0 0.0132243
12687.6 0 0.0133488
12692 0 0.0134734
12696.3 0 0.0135979
12700.6 0 0.0137224
12704.8 0 0.013847
12708.9 0 0.0139715
12713 0 0.014096
12717 0 0.0142205
12720.9 0 0.0143451
12724.7 0 0.0144696
12728.5 0 0.0145942
12732.1 0 0.0147186
12735.7 0 0.014843
12739.2 0 0.0149674
12742.7 0 0.0150918
12746 0 0.0152162
12749.3 0 0.0153405
12752.5 0 0.0154649
12755.5 0 0.0155894
12758.3 0 0.015714
12761.2 0 0.0158385
12763.9 0 0.015963
12766.6 0 0.0160875
12769.2 0 0.0162121
12771.7 0 0.0163369
12774.1 0 0.0164621
12776.4 0 0.0165873
12778.6 0 0.0167125
12780.8 0 0.0168377
12783 0 0.0169628
12785.1 0 0.017088
12787.2 0 0.0172132
12789.2 0 0.0173384
12791.2 0 0.0174635
12793.2 0 0.0175887
12795.1 0 0.0177138
12797 0 0.0178389
12798.8 0 0.017964
12800.6 0 0.0180891
12802.4 0 0.0182142
12804.2 0 0.0183392
12805.9 0 0.0184643
12807.7 0 0.0185893
12809.4 0 0.0187143
12811 0 0.0188393
12812.7 0 0.0189643
12814.3 0 0.0190892
12815.9 0 0.0192142
12817.5 0 0.0193391
12819.1 0 0.019464
12820.7 0 0.0195889
12822.2 0 0.0197138
12823.7 0 0.0198386
12825.2 0 0.0199635
12826.7 0 0.0200883
12828.2 0 0.0202131
12829.7 0 0.0203379
12831.1 0 0.0204626
12832.6 0 0.0205874
12834 0 0.0207121
12835.4 0 0.0208368
12836.8 0 0.0209615
12838.2 0 0.0210862
12839.5 0 0.0212109
12840.9 0 0.0213355
12842.2 0 0.0214602
12843.6 0 0.0215848
12844.9 0 0.0217094
12846.2 0 0.021834
12847.5 0 0.0219586
12848.7 0 0.0220832
12850 0 0.0222078
12851.3 0 0.0223323
12852.5 0 0.0224569
12853.7 0 0.0225814
12855 0 0.0227059
12856.2 0 0.0228304
12857.4 0 0.0229549
12858.5 0 0.0230794
12859.7 0 0.0232039
12860.9 0 0.0233284
12862 0 0.0234528
12863.1 0 0.0235772
12864.3 0 0.0237017
12865.4 0 0.0238261
12866.4 0 0.0239505
12867.5 0 0.0240749
12868.6 0 0.0241993
12869.6 0 0.0243237
12870.7 0 0.0244482
12871.7 0 0.0245726
12872.7 0 0.024697
12873.7 0 0.0248214
12874.7 0 0.0249458
12875.7 0 0.0250702
12876.6 0 0.0251946
12877.5 0 0.025319
12878.5 0 0.0254434
12879.4 0 0.0255678
12880.3 0 0.0256922
12881.2 0 0.0258166
12882 0 0.025941
12882.9 0 0.0260655
12883.7 0 0.0261899
12884.6 0 0.0263143
12885.4 0 0.0264388
12886.2 0 0.0265632
12886.9 0 0.0266876
12887.7 0 0.0268121
12888.5 0 0.0269365
12889.2 0 0.027061
12889.9 0 0.0271855
12890.6 0 0.0273099
12891.3 0 0.0274344
12892 0 0.0275589
12892.7 0 0.0276833
12893.3 0 0.0278078
12894 0 0.0279323
12894.6 0 0.0280568
12895.2 0 0.0281813
12895.8 0 0.0283058
12896.4 0 0.0284302
12897 0 0.0285547
12897.6 0 0.0286792
12898.1 0 0.0288037
12898.7 0 0.0289282
12899.2 0 0.0290527
12899.8 0 0.0291772
12900.3 0 0.0293018
12900.7 0 0.029427
12901.2 0 0.0295521
12901.6 0 0.0296773
12902 0 0.0298025
12902.5 0 0.0299277
12902.9 0 0.030053
12903.3 0 0.0301782
12903.7 0 0.0303034
12904.1 0 0.0304286
12904.5 0 0.0305538
12904.8 0 0.030679
12905.2 0 0.0308042
12905.5 0 0.0309294
12905.9 0 0.0310546
12906.2 0 0.0311798
12906.6 0 0.031305
12906.9 0 0.0314302
12907.2 0 0.0315554
12907.5 0 0.0316806
12907.9 0 0.0318058
12908.2 0 0.031931
12908.5 0 0.0320562
12908.8 0 0.0321814
12909 0 0.0323066
12909.3 0 0.0324318
12909.6 0 0.0325569
12909.9 0 0.0326821
12910.2 0 0.0328073
12910.4 0 0.0329324
12910.7 0 0.0330576
12910.9 0 0.0331827
12911.2 0 0.0333079
12911.4 0 0.033433
12911.7 0 0.0335582
12911.9 0 0.0336833
12912.2 0 0.0338084
12912.4 0 0.0339335
12912.6 0 0.0340586
12912.9 0 0.0341838
12913.1 0 0.0343089
12913.3 0 0.0344339
12913.5 0 0.034559
12913.7 0 0.0346841
12913.9 0 0.0348092
12914.1 0 0.0349343
12914.3 0 0.0350593
12914.5 0 0.0351844
12914.7 0 0.0353094
12914.9 0 0.0354345
12915.1 0 0.0355595
12915.3 0 0.0356846
12915.5 0 0.0358096
12915.7 0 0.0359346
12915.9 0 0.0360596
12916 0 0.0361846
12916.2 0 0.0363096
12916.4 0 0.0364346
12916.6 0 0.0365596
12916.7 0 0.0366846
12916.9 0 0.0368095
12917 0 0.0369345
12917.2 0 0.0370595
12917.4 0 0.0371844
12917.5 0 0.0373094
12917.7 0 0.0374343
12917.8 0 0.0375592
12918 0 0.0376842
12918.1 0 0.0378091
12918.2 0 0.037934
12918.4 0 0.0380589
12918.5 0 0.0381838
12918.7 0 0.0383087
12918.8 0 0.0384336
12918.9 0 0.0385584
12919.1 0 0.0386833
12919.3 0 0.0388081
12919.6 0 0.0389329
12920.2 0 0.0390577
12921.1 0 0.0391823
12922.2 0 0.0393069
12923.4 0 0.0394314
12924.8 0 0.0395559
12926.3 0 0.0396804
12927.9 0 0.0398048
12929.8 0 0.0399291
12931.8 0 0.0400534
12933.7 0 0.0401776
12935.7 0 0.0403019
12937.6 0 0.0404262
12939.6 0 0.0405504
12941.8 0 0.0406746
12944.1 0 0.0407988
12946.6 0 0.0409228
12949.3 0 0.0410469
12951.9 0 0.0411709
12954.5 0 0.0412949
12957.1 0 0.0414189
12959.7 0 0.0415429
12962.3 0 0.0416669
12964.9 0 0.0417909
12967.5 0 0.0419148
12970.2 0 0.0420388
12973 0 0.0421626
12976 0 0.0422865
12979.1 0 0.0424102
12982.4 0 0.042534
12985.6 0 0.0426577
12988.8 0 0.0427813
12992 0 0.0429048
12995.2 0 0.0430284
12998.4 0 0.0431519
13001.6 0 0.0432754
13004.8 0 0.0433989
13008 0 0.0435224
13011.2 0 0.0436459
13014.4 0 0.0437694
13017.6 0 0.0438928
13020.9 0 0.0440162
13024.2 0 0.0441396
13027.7 0 0.0442629
13031.3 0 0.0443862
13035 0 0.0445093
13038.8 0 0.0446325
13042.5 0 0.0447557
13046.3 0 0.0448788
13050 0 0.0450019
13053.7 0 0.0451251
13057.5 0 0.0452482
13061.2 0 0.0453712
13064.9 0 0.0454943
13068.7 0 0.0456174
13072.4 0 0.0457404
13076.1 0 0.0458635
13079.8 0 0.0459865
13083.5 0 0.0461095
13087.2 0 0.0462325
13090.9 0 0.0463554
13094.6 0 0.0464784
13098.4 0 0.0466013
13102.2 0 0.0467242
13106.1 0 0.046847
13110 0 0.0469698
13114.2 0 0.0470924
13118.4 0 0.0472151
13122.6 0 0.0473377
13126.8 0 0.0474604
13130.9 0 0.047583
13135.1 0 0.0477055
13139.3 0 0.0478281
13143.5 0 0.0479507
13147.6 0 0.0480732
13151.8 0 0.0481957
13155.9 0 0.0483182
13160.1 0 0.0484407
13164.3 0 0.0485631
13168.4 0 0.0486856
13172.5 0 0.048808
13176.7 0 0.0489304
13180.8 0 0.0490528
13185 0 0.0491752
13189.1 0 0.0492975
13193.2 0 0.0494198
13197.4 0 0.0495422
13201.5 0 0.0496645
13205.6 0 0.0497867
13209.7 0 0.049909
13213.9 0 0.0500312
13218.1 0 0.0501533
13222.4 0 0.0502754
13226.7 0 0.0503975
13231.2 0 0.0505194
13235.7 0 0.0506413
13240.2 0 0.0507632
13244.8 0 0.0508851
13249.3 0 0.0510069
13253.8 0 0.0511288
13258.3 0 0.0512506
13262.8 0 0.0513724
13267.3 0 0.0514941
13271.8 0 0.0516158
13276.3 0 0.0517376
13280.8 0 0.0518592
13285.3 0 0.0519809
13289.8 0 0.0521026
13294.3 0 0.0522242
13298.7 0 0.0523458
13303.2 0 0.0524673
13307.7 0 0.0525889
13312.2 0 0.0527104
13316.6 0 0.0528319
13321.1 0 0.0529534
13325.5 0 0.0530749
13330 0 0.0531963
13334.4 0 0.0533177
13338.9 0 0.0534391
13343.3 0 0.0535604
13347.7 0 0.0536818
13352.2 0 0.0538031
13356.6 0 0.0539244
13361 0 0.0540456
13365.5 0 0.0541668
13369.9 0 0.0542881
13374.3 0 0.0544092
13378.8 0 0.0545303
13383.3 0 0.0546513
13387.9 0 0.0547723
13392.5 0 0.0548932
13397.2 0 0.055014
13402 0 0.0551348
13406.7 0 0.0552556
13411.5 0 0.0553763
13416.2 0 0.055497
13420.9 0 0.0556177
13425.7 0 0.0557383
13430.4 0 0.055859
13435.1 0 0.0559796
13439.8 0 0.0561001
13444.5 0 0.0562207
13449.3 0 0.0563412
13454 0 0.0564617
13458.7 0 0.0565821
13463.4 0 0.0567026
13468.1 0 0.056823
13472.8 0 0.0569433
13477.4 0 0.0570637
13482.1 0 0.057184
13486.8 0 0.0573043
13491.5 0 0.0574245
13496.2 0 0.0575448
13500.8 0 0.057665
13505.5 0 0.0577852
13510.1 0 0.0579053
13514.8 0 0.0580254
13519.5 0 0.0581455
13524.1 0 0.0582656
13528.8 0 0.0583856
13533.4 0 0.0585056
13538 0 0.0586256
13542.7 0 0.0587455
13547.3 0 0.0588654
13551.9 0 0.0589853
13556.6 0 0.0591052
13561.2 0 0.059225
13565.8 0 0.0593448
13570.4 0 0.0594646
13575 0 0.0595843
13579.6 0 0.0597041
13584.2 0 0.0598237
13588.8 0 0.0599434
13593.4 0 0.060063
13598 0 0.0601826
13602.7 0 0.060302
13607.4 0 0.0604215
13612.1 0 0.0605408
13616.8 0 0.0606601
13621.6 0 0.0607792
13410.3 0 0.0607645
13470.1 0 0.0608424
13494.5 0 0.0609351
