0 -58.4752 -2.26119e-06
634.56 0 7.30518e-05
1173.57 0 0.000153075
1709.92 0 0.000233042
2243.81 0 0.000312854
2775.24 0 0.000392442
3304.22 0 0.000471801
3830.74 0 0.000550924
4354.77 0 0.000629808
4876.15 0 0.000708454
5394.56 0 0.000786872
5909.16 0 0.000865086
6418.2 0 0.00094315
6918.36 0 0.00102118
7403.99 0 0.00109936
7866.83 0 0.001178
8297.18 0 0.00125744
8686.59 0 0.00133803
9030.8 0 0.00141999
9330.49 0 0.00150345
9590.04 0 0.00158831
9815.21 0 0.00167455
10011.7 0 0.00176207
10184.8 0 0.00185053
10338.5 0 0.00193976
10475.8 0 0.00202946
10599.4 0 0.00211969
10711.4 0 0.00221047
10812.7 0 0.00230251
10905.5 0 0.00239497
10991.1 0 0.0024878
11070.4 0 0.00258098
11143.9 0 0.00267452
11212.1 0 0.00276856
11276 0 0.00286286
11335.9 0 0.00295738
11392.3 0 0.00305212
11445.5 0 0.00314705
11495.9 0 0.00324216
11543.8 0 0.00333743
11589.3 0 0.00343284
11632.4 0 0.00352856
11673.3 0 0.00362464
11712.4 0 0.00372084
11749.8 0 0.00381715
11785.6 0 0.00391356
11820.1 0 0.00401007
11853.2 0 0.00410666
11885.1 0 0.00420333
11915.6 0 0.00430054
11945 0 0.00439814
11972.9 0 0.00449595
11999.8 0 0.00459383
12025.7 0 0.00469178
12050.7 0 0.0047899
12074.7 0 0.00488861
12097.7 0 0.00498732
12119.8 0 0.00508596
12141.1 0 0.00518464
12161.8 0 0.00528334
12181.9 0 0.00538206
12201.4 0 0.00548079
12220.3 0 0.00557954
12238.6 0 0.0056783
12256.3 0 0.00577707
12273.3 0 0.005876
12289.7 0 0.00597502
12305.5 0 0.00607404
12320.9 0 0.00617305
12335.7 0 0.00627194
12349.8 0 0.0063705
12363.5 0 0.00646903
12376.5 0 0.00656864
12388.8 0 0.0066691
12400.7 0 0.00676954
12412.4 0 0.00686997
12423.7 0 0.00697039
12434.7 0 0.00707079
12445.5 0 0.00717117
12455.9 0 0.00727153
12466.1 0 0.00737188
12476 0 0.00747221
12485.7 0 0.00757253
12495.1 0 0.00767284
12504.3 0 0.00777314
12513.2 0 0.00787343
12521.8 0 0.00797372
12530.3 0 0.008074
12538.4 0 0.00817428
12546.4 0 0.00827456
12554.2 0 0.00837483
12561.7 0 0.00847509
12569 0 0.00857535
12576.2 0 0.00867561
12583.1 0 0.00877585
12589.9 0 0.00887608
12596.5 0 0.00897629
12603 0 0.00907649
12609.3 0 0.00917667
12615.5 0 0.00927682
12621.6 0 0.00937696
12627.5 0 0.00947707
12633.3 0 0.00957736
12638.9 0 0.0096781
12644.3 0 0.00977955
12649.5 0 0.00988131
12654.6 0 0.00998298
12659.6 0 0.0100844
12664.4 0 0.0101859
12669.2 0 0.0102873
12673.9 0 0.0103887
12678.6 0 0.0104901
12683.1 0 0.0105914
12687.6 0 0.0106928
12692 0 0.0107942
12696.3 0 0.0108955
12700.6 0 0.0109969
12704.8 0 0.0110983
12708.9 0 0.0111996
12713 0 0.011301
12717 0 0.0114024
12720.9 0 0.0115038
12724.7 0 0.0116052
12728.5 0 0.0117066
12732.1 0 0.0118079
12735.7 0 0.0119089
12739.2 0 0.01201
12742.7 0 0.0121111
12746 0 0.0122122
12749.3 0 0.0123133
12752.5 0 0.0124144
12755.5 0 0.0125153
12758.3 0 0.0126162
12761.2 0 0.012717
12763.9 0 0.0128179
12766.6 0 0.0129188
12769.2 0 0.0130197
12771.7 0 0.0131209
12774.1 0 0.0132225
12776.4 0 0.013324
12778.6 0 0.0134256
12780.8 0 0.0135272
12783 0 0.0136288
12785.1 0 0.0137303
12787.2 0 0.0138319
12789.2 0 0.0139334
12791.2 0 0.0140349
12793.2 0 0.0141364
12795.1 0 0.0142379
12797 0 0.0143393
12798.8 0 0.0144408
12800.6 0 0.0145422
12802.4 0 0.0146436
12804.2 0 0.014745
12805.9 0 0.0148464
12807.7 0 0.0149477
12809.4 0 0.015049
12811 0 0.0151504
12812.7 0 0.0152517
12814.3 0 0.0153529
12815.9 0 0.0154542
12817.5 0 0.0155554
12819.1 0 0.0156567
12820.7 0 0.0157579
12822.2 0 0.015859
12823.7 0 0.0159602
12825.2 0 0.0160614
12826.7 0 0.0161625
12828.2 0 0.0162636
12829.7 0 0.0163647
12831.1 0 0.0164658
12832.6 0 0.0165669
12834 0 0.0166679
12835.4 0 0.016769
12836.8 0 0.01687
12838.2 0 0.016971
12839.5 0 0.017072
12840.9 0 0.017173
12842.2 0 0.0172739
12843.6 0 0.0173749
12844.9 0 0.0174758
12846.2 0 0.0175767
12847.5 0 0.0176776
12848.7 0 0.0177786
12850 0 0.0178794
12851.3 0 0.0179803
12852.5 0 0.0180812
12853.7 0 0.0181821
12855 0 0.0182829
12856.2 0 0.0183838
12857.4 0 0.0184846
12858.5 0 0.0185854
12859.7 0 0.0186862
12860.9 0 0.018787
12862 0 0.0188878
12863.1 0 0.0189886
12864.3 0 0.0190893
12865.4 0 0.0191901
12866.4 0 0.0192908
12867.5 0 0.0193916
12868.6 0 0.0194923
12869.6 0 0.0195931
12870.7 0 0.0196938
12871.7 0 0.0197945
12872.7 0 0.0198953
12873.7 0 0.019996
12874.7 0 0.0200968
12875.7 0 0.0201975
12876.6 0 0.0202982
12877.5 0 0.020399
12878.5 0 0.0204997
12879.4 0 0.0206005
12880.3 0 0.0207012
12881.2 0 0.020802
12882 0 0.0209027
12882.9 0 0.0210035
12883.7 0 0.0211042
12884.6 0 0.021205
12885.4 0 0.0213058
12886.2 0 0.0214065
12886.9 0 0.0215073
12887.7 0 0.0216081
12888.5 0 0.0217088
12889.2 0 0.0218096
12889.9 0 0.0219104
12890.6 0 0.0220112
12891.3 0 0.022112
12892 0 0.0222128
12892.7 0 0.0223135
12893.3 0 0.0224143
12894 0 0.0225151
12894.6 0 0.0226159
12895.2 0 0.0227167
12895.8 0 0.0228175
12896.4 0 0.0229183
12897 0 0.0230191
12897.6 0 0.0231199
12898.1 0 0.0232206
12898.7 0 0.0233214
12899.2 0 0.0234222
12899.8 0 0.023523
12900.3 0 0.0236238
12900.7 0 0.0237254
12901.2 0 0.023827
12901.6 0 0.0239286
12902 0 0.0240302
12902.5 0 0.0241317
12902.9 0 0.0242333
12903.3 0 0.0243349
12903.7 0 0.0244365
12904.1 0 0.0245381
12904.5 0 0.0246397
12904.8 0 0.0247413
12905.2 0 0.0248429
12905.5 0 0.0249444
12905.9 0 0.025046
12906.2 0 0.0251476
12906.6 0 0.0252492
12906.9 0 0.0253508
12907.2 0 0.0254523
12907.5 0 0.0255539
12907.9 0 0.0256555
12908.2 0 0.025757
12908.5 0 0.0258586
12908.8 0 0.0259601
12909 0 0.0260617
12909.3 0 0.0261632
12909.6 0 0.0262648
12909.9 0 0.0263663
12910.2 0 0.0264678
12910.4 0 0.0265694
12910.7 0 0.0266709
12910.9 0 0.0267724
12911.2 0 0.0268739
12911.4 0 0.0269754
12911.7 0 0.0270769
12911.9 0 0.0271784
12912.2 0 0.0272799
12912.4 0 0.0273814
12912.6 0 0.0274829
12912.9 0 0.0275843
12913.1 0 0.0276858
12913.3 0 0.0277873
12913.5 0 0.0278887
12913.7 0 0.0279902
12913.9 0 0.0280916
12914.1 0 0.028193
12914.3 0 0.0282945
12914.5 0 0.0283959
12914.7 0 0.0284973
12914.9 0 0.0285987
12915.1 0 0.0287001
12915.3 0 0.0288015
12915.5 0 0.0289029
12915.7 0 0.0290043
12915.9 0 0.0291057
12916 0 0.0292071
12916.2 0 0.0293084
12916.4 0 0.0294098
12916.6 0 0.0295111
12916.7 0 0.0296125
12916.9 0 0.0297138
12917 0 0.0298152
12917.2 0 0.0299165
12917.4 0 0.0300178
12917.5 0 0.0301191
12917.7 0 0.0302204
12917.8 0 0.0303218
12918 0 0.0304231
12918.1 0 0.0305243
12918.2 0 0.0306256
12918.4 0 0.0307269
12918.5 0 0.0308282
12918.7 0 0.0309294
12918.8 0 0.0310307
12918.9 0 0.031132
12919.1 0 0.0312332
12919.3 0 0.0313344
12919.6 0 0.0314356
12920.2 0 0.0315367
12921.1 0 0.0316378
12922.2 0 0.0317387
12923.4 0 0.0318397
12924.8 0 0.0319406
12926.3 0 0.0320414
12927.9 0 0.0321422
12929.8 0 0.0322429
12931.8 0 0.0323437
12933.7 0 0.0324444
12935.7 0 0.0325451
12937.6 0 0.0326458
12939.6 0 0.0327464
12941.8 0 0.032847
12944.1 0 0.0329476
12946.6 0 0.0330481
12949.3 0 0.0331486
12951.9 0 0.033249
12954.5 0 0.0333495
12957.1 0 0.03345
12959.7 0 0.0335504
12962.3 0 0.0336508
12964.9 0 0.0337513
12967.5 0 0.0338517
12970.2 0 0.0339521
12973 0 0.0340524
12976 0 0.0341527
12979.1 0 0.0342529
12982.4 0 0.0343531
12985.6 0 0.0344533
12988.8 0 0.0345533
12992 0 0.0346533
12995.2 0 0.0347532
12998.4 0 0.0348532
13001.6 0 0.0349532
13004.8 0 0.0350531
13008 0 0.035153
13011.2 0 0.0352529
13014.4 0 0.0353528
13017.6 0 0.0354527
13020.9 0 0.0355526
13024.2 0 0.0356524
13027.7 0 0.0357521
13031.3 0 0.0358518
13035 0 0.0359514
13038.8 0 0.036051
13042.5 0 0.0361506
13046.3 0 0.0362502
13050 0 0.0363498
13053.7 0 0.0364494
13057.5 0 0.0365489
13061.2 0 0.0366485
13064.9 0 0.036748
13068.7 0 0.0368475
13072.4 0 0.036947
13076.1 0 0.0370465
13079.8 0 0.0371459
13083.5 0 0.0372454
13087.2 0 0.0373448
13090.9 0 0.0374443
13094.6 0 0.0375437
13098.4 0 0.0376431
13102.2 0 0.0377424
13106.1 0 0.0378417
13110 0 0.0379409
13114.2 0 0.03804
13118.4 0 0.0381392
13122.6 0 0.0382383
13126.8 0 0.0383374
13130.9 0 0.0384364
13135.1 0 0.0385355
13139.3 0 0.0386345
13143.5 0 0.0387336
13147.6 0 0.0388326
13151.8 0 0.0389316
13155.9 0 0.0390305
13160.1 0 0.0391295
13164.3 0 0.0392285
13168.4 0 0.0393274
13172.5 0 0.0394263
13176.7 0 0.0395252
13180.8 0 0.0396241
13185 0 0.0397229
13189.1 0 0.0398218
13193.2 0 0.0399206
13197.4 0 0.0400194
13201.5 0 0.0401182
13205.6 0 0.040217
13209.7 0 0.0403157
13213.9 0 0.0404144
13218.1 0 0.0405131
13222.4 0 0.0406117
13226.7 0 0.0407102
13231.2 0 0.0408086
13235.7 0 0.0409071
13240.2 0 0.0410055
13244.8 0 0.0411039
13249.3 0 0.0412022
13253.8 0 0.0413006
13258.3 0 0.0413989
13262.8 0 0.0414972
13267.3 0 0.0415955
13271.8 0 0.0416938
13276.3 0 0.041792
13280.8 0 0.0418902
13285.3 0 0.0419884
13289.8 0 0.0420866
13294.3 0 0.0421848
13298.7 0 0.0422829
13303.2 0 0.042381
13307.7 0 0.0424791
13312.2 0 0.0425772
13316.6 0 0.0426752
13321.1 0 0.0427733
13325.5 0 0.0428713
13330 0 0.0429692
13334.4 0 0.0430672
13338.9 0 0.0431651
13343.3 0 0.043263
13347.7 0 0.0433609
13352.2 0 0.0434588
13356.6 0 0.0435566
13361 0 0.0436545
13365.5 0 0.0437523
13369.9 0 0.04385
13374.3 0 0.0439477
13378.8 0 0.0440454
13383.3 0 0.044143
13387.9 0 0.0442405
13392.5 0 0.044338
13397.2 0 0.0444353
13402 0 0.0445327
13406.7 0 0.04463
13411.5 0 0.0447274
13416.2 0 0.0448247
13420.9 0 0.0449219
13425.7 0 0.0450192
13430.4 0 0.0451164
13435.1 0 0.0452136
13439.8 0 0.0453108
13444.5 0 0.0454079
13449.3 0 0.045505
13454 0 0.0456021
13458.7 0 0.0456992
13463.4 0 0.0457962
13468.1 0 0.0458932
13472.8 0 0.0459902
13477.4 0 0.0460871
13482.1 0 0.046184
13486.8 0 0.0462809
13491.5 0 0.0463778
13496.2 0 0.0464747
13500.8 0 0.0465715
13505.5 0 0.0466683
13510.1 0 0.046765
13514.8 0 0.0468618
13519.5 0 0.0469585
13524.1 0 0.0470551
13528.8 0 0.0471518
13533.4 0 0.0472484
13538 0 0.047345
13542.7 0 0.0474416
13547.3 0 0.0475381
13551.9 0 0.0476346
13556.6 0 0.0477311
13561.2 0 0.0478276
13565.8 0 0.047924
13570.4 0 0.0480204
13575 0 0.0481168
13579.6 0 0.0482131
13584.2 0 0.0483095
13588.8 0 0.0484057
13593.4 0 0.048502
13598 0 0.0485982
13602.7 0 0.0486942
13607.4 0 0.0487903
13612.1 0 0.0488862
13616.8 0 0.0489821
13621.6 0 0.0490779
13410.3 0 0.0490402
13470.1 0 0.049095
13494.5 0 0.0491646
