0 -58.4752 -2.26119e-06
634.56 0 7.29664e-05
1173.57 0 0.000152695
1709.92 0 0.0002324
2243.81 0 0.000311934
2775.24 0 0.000391264
3304.22 0 0.000470385
3830.74 0 0.000549275
4354.77 0 0.000627924
4876.15 0 0.000706334
5394.56 0 0.000784513
5909.16 0 0.000862486
6418.2 0 0.000940309
6918.36 0 0.00101809
7403.99 0 0.00109604
7866.83 0 0.00117444
8297.18 0 0.00125364
8686.59 0 0.00133401
9030.8 0 0.00141574
9330.49 0 0.00149891
9590.04 0 0.00158343
9815.21 0 0.00166912
10011.7 0 0.00175578
10184.8 0 0.0018433
10338.5 0 0.00193162
10475.8 0 0.00202126
10599.4 0 0.00211179
10711.4 0 0.00220318
10812.7 0 0.00229527
10905.5 0 0.00238783
10991.1 0 0.00248079
11070.4 0 0.00257412
11143.9 0 0.00266785
11212.1 0 0.00276212
11276 0 0.00285667
11335.9 0 0.00295148
11392.3 0 0.00304653
11445.5 0 0.00314178
11495.9 0 0.00323722
11543.8 0 0.00333284
11589.3 0 0.00342862
11632.4 0 0.00352464
11673.3 0 0.00362091
11712.4 0 0.00371732
11749.8 0 0.00381384
11785.6 0 0.00391047
11820.1 0 0.0040072
11853.2 0 0.00410402
11885.1 0 0.00420092
11915.6 0 0.00429769
11945 0 0.00439438
11972.9 0 0.00449166
11999.8 0 0.00458903
12025.7 0 0.00468645
12050.7 0 0.00478389
12074.7 0 0.00488124
12097.7 0 0.00497886
12119.8 0 0.00507705
12141.1 0 0.00517527
12161.8 0 0.0052735
12181.9 0 0.00537175
12201.4 0 0.00547001
12220.3 0 0.00556828
12238.6 0 0.00566655
12256.3 0 0.00576482
12273.3 0 0.00586335
12289.7 0 0.00596201
12305.5 0 0.00606068
12320.9 0 0.00615934
12335.7 0 0.0062583
12349.8 0 0.00635815
12363.5 0 0.006458
12376.5 0 0.00655744
12388.8 0 0.00665677
12400.7 0 0.00675608
12412.4 0 0.00685536
12423.7 0 0.00695462
12434.7 0 0.00705385
12445.5 0 0.00715305
12455.9 0 0.00725222
12466.1 0 0.00735136
12476 0 0.00745048
12485.7 0 0.00754957
12495.1 0 0.00764864
12504.3 0 0.00774769
12513.2 0 0.00784671
12521.8 0 0.00794571
12530.3 0 0.0080447
12538.4 0 0.00814366
12546.4 0 0.00824261
12554.2 0 0.00834154
12561.7 0 0.00844046
12569 0 0.00853936
12576.2 0 0.00863823
12583.1 0 0.00873709
12589.9 0 0.00883593
12596.5 0 0.00893476
12603 0 0.00903355
12609.3 0 0.00913233
12615.5 0 0.00923108
12621.6 0 0.00932981
12627.5 0 0.00942851
12633.3 0 0.00952715
12638.9 0 0.00962568
12644.3 0 0.00972396
12649.5 0 0.00982211
12654.6 0 0.00992041
12659.6 0 0.0100193
12664.4 0 0.0101182
12669.2 0 0.010217
12673.9 0 0.0103158
12678.6 0 0.0104146
12683.1 0 0.0105134
12687.6 0 0.0106121
12692 0 0.0107108
12696.3 0 0.0108094
12700.6 0 0.0109081
12704.8 0 0.0110066
12708.9 0 0.0111052
12713 0 0.0112037
12717 0 0.0113023
12720.9 0 0.0114007
12724.7 0 0.0114992
12728.5 0 0.0115976
12732.1 0 0.0116964
12735.7 0 0.0117955
12739.2 0 0.0118946
12742.7 0 0.0119937
12746 0 0.0120928
12749.3 0 0.0121919
12752.5 0 0.0122912
12755.5 0 0.012392
12758.3 0 0.012493
12761.2 0 0.0125939
12763.9 0 0.0126949
12766.6 0 0.0127959
12769.2 0 0.012897
12771.7 0 0.0129982
12774.1 0 0.0130997
12776.4 0 0.0132012
12778.6 0 0.0133027
12780.8 0 0.0134042
12783 0 0.0135058
12785.1 0 0.0136074
12787.2 0 0.013709
12789.2 0 0.0138106
12791.2 0 0.0139122
12793.2 0 0.0140139
12795.1 0 0.0141155
12797 0 0.0142172
12798.8 0 0.0143189
12800.6 0 0.0144205
12802.4 0 0.0145222
12804.2 0 0.0146239
12805.9 0 0.0147255
12807.7 0 0.0148272
12809.4 0 0.0149289
12811 0 0.0150305
12812.7 0 0.0151321
12814.3 0 0.0152338
12815.9 0 0.0153354
12817.5 0 0.015437
12819.1 0 0.0155386
12820.7 0 0.0156401
12822.2 0 0.0157417
12823.7 0 0.0158432
12825.2 0 0.0159447
12826.7 0 0.0160463
12828.2 0 0.0161477
12829.7 0 0.0162492
12831.1 0 0.0163507
12832.6 0 0.0164521
12834 0 0.0165535
12835.4 0 0.0166549
12836.8 0 0.0167563
12838.2 0 0.0168576
12839.5 0 0.016959
12840.9 0 0.0170603
12842.2 0 0.0171616
12843.6 0 0.0172629
12844.9 0 0.0173641
12846.2 0 0.0174654
12847.5 0 0.0175666
12848.7 0 0.0176678
12850 0 0.017769
12851.3 0 0.0178702
12852.5 0 0.0179713
12853.7 0 0.0180725
12855 0 0.0181736
12856.2 0 0.0182747
12857.4 0 0.0183758
12858.5 0 0.0184769
12859.7 0 0.0185779
12860.9 0 0.018679
12862 0 0.0187801
12863.1 0 0.0188811
12864.3 0 0.0189822
12865.4 0 0.0190832
12866.4 0 0.0191842
12867.5 0 0.0192853
12868.6 0 0.0193863
12869.6 0 0.0194873
12870.7 0 0.0195883
12871.7 0 0.0196893
12872.7 0 0.0197903
12873.7 0 0.0198912
12874.7 0 0.0199922
12875.7 0 0.0200932
12876.6 0 0.0201942
12877.5 0 0.0202952
12878.5 0 0.0203962
12879.4 0 0.0204972
12880.3 0 0.0205982
12881.2 0 0.0206992
12882 0 0.0208002
12882.9 0 0.0209012
12883.7 0 0.0210023
12884.6 0 0.0211033
12885.4 0 0.0212043
12886.2 0 0.0213054
12886.9 0 0.0214065
12887.7 0 0.0215075
12888.5 0 0.0216086
12889.2 0 0.0217097
12889.9 0 0.0218109
12890.6 0 0.021912
12891.3 0 0.0220131
12892 0 0.0221143
12892.7 0 0.0222155
12893.3 0 0.0223167
12894 0 0.0224179
12894.6 0 0.0225191
12895.2 0 0.0226203
12895.8 0 0.0227216
12896.4 0 0.0228228
12897 0 0.0229241
12897.6 0 0.0230254
12898.1 0 0.0231267
12898.7 0 0.0232281
12899.2 0 0.0233294
12899.8 0 0.0234307
12900.3 0 0.0235321
12900.7 0 0.0236336
12901.2 0 0.0237351
12901.6 0 0.0238366
12902 0 0.0239382
12902.5 0 0.0240397
12902.9 0 0.0241413
12903.3 0 0.0242428
12903.7 0 0.0243444
12904.1 0 0.024446
12904.5 0 0.0245476
12904.8 0 0.0246491
12905.2 0 0.0247507
12905.5 0 0.0248523
12905.9 0 0.0249539
12906.2 0 0.0250555
12906.6 0 0.0251571
12906.9 0 0.0252587
12907.2 0 0.0253604
12907.5 0 0.025462
12907.9 0 0.0255636
12908.2 0 0.0256652
12908.5 0 0.0257668
12908.8 0 0.0258684
12909 0 0.02597
12909.3 0 0.0260716
12909.6 0 0.0261732
12909.9 0 0.0262748
12910.2 0 0.0263764
12910.4 0 0.026478
12910.7 0 0.0265796
12910.9 0 0.0266812
12911.2 0 0.0267828
12911.4 0 0.0268843
12911.7 0 0.0269859
12911.9 0 0.0270875
12912.2 0 0.027189
12912.4 0 0.0272906
12912.6 0 0.0273921
12912.9 0 0.0274937
12913.1 0 0.0275952
12913.3 0 0.0276968
12913.5 0 0.0277983
12913.7 0 0.0278998
12913.9 0 0.0280013
12914.1 0 0.0281028
12914.3 0 0.0282043
12914.5 0 0.0283058
12914.7 0 0.0284073
12914.9 0 0.0285087
12915.1 0 0.0286102
12915.3 0 0.0287117
12915.5 0 0.0288131
12915.7 0 0.0289146
12915.9 0 0.029016
12916 0 0.0291174
12916.2 0 0.0292188
12916.4 0 0.0293202
12916.6 0 0.0294216
12916.7 0 0.029523
12916.9 0 0.0296244
12917 0 0.0297258
12917.2 0 0.0298272
12917.4 0 0.0299285
12917.5 0 0.0300299
12917.7 0 0.0301312
12917.8 0 0.0302325
12918 0 0.0303339
12918.1 0 0.0304352
12918.2 0 0.0305365
12918.4 0 0.0306378
12918.5 0 0.0307391
12918.7 0 0.0308403
12918.8 0 0.0309416
12918.9 0 0.0310429
12919.1 0 0.0311441
12919.3 0 0.0312453
12919.6 0 0.0313465
12920.2 0 0.0314475
12921.1 0 0.0315485
12922.2 0 0.0316493
12923.4 0 0.0317501
12924.8 0 0.0318508
12926.3 0 0.0319515
12927.9 0 0.0320521
12929.8 0 0.0321526
12931.8 0 0.032253
12933.7 0 0.0323535
12935.7 0 0.0324539
12937.6 0 0.0325543
12939.6 0 0.0326547
12941.8 0 0.032755
12944.1 0 0.0328552
12946.6 0 0.0329554
12949.3 0 0.0330555
12951.9 0 0.0331555
12954.5 0 0.0332556
12957.1 0 0.0333556
12959.7 0 0.0334556
12962.3 0 0.0335557
12964.9 0 0.0336557
12967.5 0 0.0337556
12970.2 0 0.0338556
12973 0 0.0339554
12976 0 0.0340553
12979.1 0 0.034155
12982.4 0 0.0342546
12985.6 0 0.0343542
12988.8 0 0.0344539
12992 0 0.0345536
12995.2 0 0.0346533
12998.4 0 0.0347529
13001.6 0 0.0348526
13004.8 0 0.0349522
13008 0 0.0350518
13011.2 0 0.0351514
13014.4 0 0.035251
13017.6 0 0.0353505
13020.9 0 0.0354501
13024.2 0 0.0355495
13027.7 0 0.0356489
13031.3 0 0.0357483
13035 0 0.0358475
13038.8 0 0.0359467
13042.5 0 0.0360459
13046.3 0 0.036145
13050 0 0.0362442
13053.7 0 0.0363433
13057.5 0 0.0364425
13061.2 0 0.0365416
13064.9 0 0.0366406
13068.7 0 0.0367397
13072.4 0 0.0368388
13076.1 0 0.0369378
13079.8 0 0.0370368
13083.5 0 0.0371358
13087.2 0 0.0372348
13090.9 0 0.0373337
13094.6 0 0.0374326
13098.4 0 0.0375315
13102.2 0 0.0376304
13106.1 0 0.0377292
13110 0 0.0378279
13114.2 0 0.0379265
13118.4 0 0.0380251
13122.6 0 0.0381236
13126.8 0 0.0382221
13130.9 0 0.0383206
13135.1 0 0.038419
13139.3 0 0.0385175
13143.5 0 0.0386159
13147.6 0 0.0387143
13151.8 0 0.0388127
13155.9 0 0.038911
13160.1 0 0.0390093
13164.3 0 0.0391076
13168.4 0 0.0392059
13172.5 0 0.0393042
13176.7 0 0.0394024
13180.8 0 0.0395006
13185 0 0.0395988
13189.1 0 0.0396969
13193.2 0 0.039795
13197.4 0 0.0398931
13201.5 0 0.0399912
13205.6 0 0.0400892
13209.7 0 0.0401873
13213.9 0 0.0402852
13218.1 0 0.0403832
13222.4 0 0.040481
13226.7 0 0.0405788
13231.2 0 0.0406765
13235.7 0 0.0407741
13240.2 0 0.0408717
13244.8 0 0.0409692
13249.3 0 0.0410667
13253.8 0 0.0411642
13258.3 0 0.0412616
13262.8 0 0.041359
13267.3 0 0.0414564
13271.8 0 0.0415537
13276.3 0 0.0416511
13280.8 0 0.0417483
13285.3 0 0.0418456
13289.8 0 0.0419428
13294.3 0 0.04204
13298.7 0 0.0421372
13303.2 0 0.0422343
13307.7 0 0.0423314
13312.2 0 0.0424285
13316.6 0 0.0425255
13321.1 0 0.0426225
13325.5 0 0.0427195
13330 0 0.0428164
13334.4 0 0.0429133
13338.9 0 0.0430102
13343.3 0 0.043107
13347.7 0 0.0432038
13352.2 0 0.0433006
13356.6 0 0.0433974
13361 0 0.0434941
13365.5 0 0.0435907
13369.9 0 0.0436874
13374.3 0 0.043784
13378.8 0 0.0438806
13383.3 0 0.0439771
13387.9 0 0.0440735
13392.5 0 0.0441698
13397.2 0 0.0442661
13402 0 0.0443622
13406.7 0 0.0444583
13411.5 0 0.0445544
13416.2 0 0.0446504
13420.9 0 0.0447464
13425.7 0 0.0448424
13430.4 0 0.0449383
13435.1 0 0.0450342
13439.8 0 0.04513
13444.5 0 0.0452258
13449.3 0 0.0453216
13454 0 0.0454173
13458.7 0 0.045513
13463.4 0 0.0456087
13468.1 0 0.0457043
13472.8 0 0.0457999
13477.4 0 0.0458955
13482.1 0 0.045991
13486.8 0 0.0460865
13491.5 0 0.046182
13496.2 0 0.0462774
13500.8 0 0.0463728
13505.5 0 0.0464682
13510.1 0 0.0465635
13514.8 0 0.0466588
13519.5 0 0.0467541
13524.1 0 0.0468493
13528.8 0 0.0469445
13533.4 0 0.0470396
13538 0 0.0471347
13542.7 0 0.0472298
13547.3 0 0.0473249
13551.9 0 0.0474199
13556.6 0 0.0475149
13561.2 0 0.0476098
13565.8 0 0.0477048
13570.4 0 0.0477996
13575 0 0.0478945
13579.6 0 0.0479893
13584.2 0 0.0480841
13588.8 0 0.0481788
13593.4 0 0.0482736
13598 0 0.0483683
13602.7 0 0.048463
13607.4 0 0.0485576
13612.1 0 0.0486521
13616.8 0 0.0487466
13621.6 0 0.0488411
13410.3 0 0.0487989
13470.1 0 0.0488509
13494.5 0 0.0489176
