0 -58.4752 -2.26119e-06
634.56 -460.876 -1.78335e-05
1173.57 -746.056 -2.88898e-05
1709.92 -1031.32 -3.99722e-05
2243.81 -1320.24 -5.12239e-05
2775.24 -1613.63 -6.26818e-05
3304.22 -1911.47 -7.43502e-05
3830.74 -2214.13 -8.62492e-05
4354.77 -2521.73 -9.8389e-05
4876.15 -2834.08 -0.000110768
5394.56 -3150.82 -0.000123378
5909.16 -3471.18 -0.000136194
6418.2 -3793.61 -0.00014916
6918.36 -4115.23 -0.000162164
7403.99 -4430.97 -0.000175002
7866.83 -4734.12 -0.000187399
8297.18 -5015.8 -0.000198982
8686.59 -5267.94 -0.000209406
9030.8 -5486.03 -0.000218464
9330.49 -5668.53 -0.000226077
9590.04 -5818.08 -0.000232338
9815.21 -5939.2 -0.000237423
10011.7 -6036.16 -0.000241503
10184.8 -6112.5 -0.000244722
10338.5 -6169.8 -0.000247142
10475.8 -6197.22 -0.0002483
10599.4 -6204.23 -0.000248597
10711.4 -6190.42 -0.000248063
10812.7 -6157.2 -0.000246779
10905.5 -6112.2 -0.000245038
10991.1 -6056.67 -0.000242891
11070.4 -5991.68 -0.000240378
11143.9 -5916.29 -0.000237463
11212.1 -5827.16 -0.000234016
11276 -5730.74 -0.000230288
11335.9 -5627.72 -0.000226305
11392.3 -5518.73 -0.00022209
11445.5 -5404.33 -0.000217666
11495.9 -5285.01 -0.000213053
11543.8 -5161.18 -0.000208264
11589.3 -5033.2 -0.000203316
11632.4 -4899.02 -0.000198127
11673.3 -4757.96 -0.000192673
11712.4 -4613.55 -0.000187089
11749.8 -4466.09 -0.000181386
11785.6 -4315.84 -0.000175577
11820.1 -4163.08 -0.00016967
11853.2 -4008.02 -0.000163674
11885.1 -3850.88 -0.000157598
11915.6 -3695.86 -0.000151604
11945 -3541.91 -0.00014565
11972.9 -3373.62 -0.000139143
11999.8 -3202.9 -0.000132542
12025.7 -3030.87 -0.00012589
12050.7 -2858.08 -0.000119208
12074.7 -2686.27 -0.000112564
12097.7 -2508.12 -0.000105676
12119.8 -2316.26 -9.82569e-05
12141.1 -2123.76 -9.08135e-05
12161.8 -1930.78 -8.33513e-05
12181.9 -1737.43 -7.58747e-05
12201.4 -1543.8 -6.83873e-05
12220.3 -1349.97 -6.08923e-05
12238.6 -1156.01 -5.33923e-05
12256.3 -961.992 -4.58901e-05
12273.3 -761.541 -3.8139e-05
12289.7 -557.608 -3.02534e-05
12305.5 -353.726 -2.23697e-05
12320.9 -149.997 -1.44919e-05
12335.7 0 -6.33743e-06
12349.8 0 2.61553e-06
12363.5 0 1.15637e-05
12376.5 0 2.02065e-05
12388.8 0 2.88115e-05
12400.7 0 3.73947e-05
12412.4 0 4.59537e-05
12423.7 0 5.44867e-05
12434.7 0 6.29928e-05
12445.5 0 7.14713e-05
12455.9 0 7.99225e-05
12466.1 0 8.8347e-05
12476 0 9.67456e-05
12485.7 0 0.00010512
12495.1 0 0.00011347
12504.3 0 0.000121799
12513.2 0 0.000130108
12521.8 0 0.000138398
12530.3 0 0.000146669
12538.4 0 0.000154924
12546.4 0 0.000163161
12554.2 0 0.000171383
12561.7 0 0.000179588
12569 0 0.000187776
12576.2 0 0.000195947
12583.1 0 0.0002041
12589.9 0 0.000212234
12596.5 0 0.000220348
12603 0 0.000228441
12609.3 0 0.000236511
12615.5 0 0.000244558
12621.6 0 0.000252581
12627.5 0 0.000260578
12633.3 0 0.000268531
12638.9 0 0.000276412
12644.3 0 0.000284109
12649.5 0 0.000291708
12654.6 0 0.000299449
12659.6 0 0.000307727
12664.4 0 0.000315976
12669.2 0 0.000324196
12673.9 0 0.000332386
12678.6 0 0.000340547
12683.1 0 0.000348679
12687.6 0 0.00035678
12692 0 0.000364853
12696.3 0 0.000372896
12700.6 0 0.000380911
12704.8 0 0.000388898
12708.9 0 0.000396857
12713 0 0.000404788
12717 0 0.000412693
12720.9 0 0.000420573
12724.7 0 0.000428427
12728.5 0 0.000436257
12732.1 0 0.000444396
12735.7 0 0.000452865
12739.2 0 0.000461318
12742.7 0 0.000469761
12746 0 0.000478192
12749.3 0 0.00048661
12752.5 0 0.000495276
12755.5 0 0.000505239
12758.3 0 0.00051538
12761.2 0 0.000525539
12763.9 0 0.000535718
12766.6 0 0.000545918
12769.2 0 0.000556139
12771.7 0 0.00056655
12774.1 0 0.000577221
12776.4 0 0.000587916
12778.6 0 0.000598634
12780.8 0 0.000609374
12783 0 0.000620133
12785.1 0 0.000630911
12787.2 0 0.000641705
12789.2 0 0.000652513
12791.2 0 0.000663333
12793.2 0 0.000674163
12795.1 0 0.000684999
12797 0 0.000695841
12798.8 0 0.000706687
12800.6 0 0.000717533
12802.4 0 0.000728378
12804.2 0 0.000739221
12805.9 0 0.000750059
12807.7 0 0.000760892
12809.4 0 0.000771716
12811 0 0.000782532
12812.7 0 0.000793337
12814.3 0 0.000804131
12815.9 0 0.000814913
12817.5 0 0.00082568
12819.1 0 0.000836434
12820.7 0 0.000847172
12822.2 0 0.000857895
12823.7 0 0.000868601
12825.2 0 0.000879291
12826.7 0 0.000889963
12828.2 0 0.000900617
12829.7 0 0.000911253
12831.1 0 0.000921871
12832.6 0 0.00093247
12834 0 0.000943051
12835.4 0 0.000953613
12836.8 0 0.000964156
12838.2 0 0.000974681
12839.5 0 0.000985187
12840.9 0 0.000995674
12842.2 0 0.00100614
12843.6 0 0.00101659
12844.9 0 0.00102703
12846.2 0 0.00103744
12847.5 0 0.00104784
12848.7 0 0.00105822
12850 0 0.00106858
12851.3 0 0.00107893
12852.5 0 0.00108926
12853.7 0 0.00109958
12855 0 0.00110988
12856.2 0 0.00112016
12857.4 0 0.00113043
12858.5 0 0.00114069
12859.7 0 0.00115094
12860.9 0 0.00116119
12862 0 0.00117142
12863.1 0 0.00118165
12864.3 0 0.00119186
12865.4 0 0.00120207
12866.4 0 0.00121227
12867.5 0 0.00122246
12868.6 0 0.00123265
12869.6 0 0.00124283
12870.7 0 0.001253
12871.7 0 0.00126317
12872.7 0 0.00127334
12873.7 0 0.0012835
12874.7 0 0.00129367
12875.7 0 0.00130383
12876.6 0 0.001314
12877.5 0 0.00132416
12878.5 0 0.00133433
12879.4 0 0.0013445
12880.3 0 0.00135468
12881.2 0 0.00136486
12882 0 0.00137505
12882.9 0 0.00138524
12883.7 0 0.00139544
12884.6 0 0.00140566
12885.4 0 0.00141588
12886.2 0 0.00142611
12886.9 0 0.00143635
12887.7 0 0.0014466
12888.5 0 0.00145686
12889.2 0 0.00146714
12889.9 0 0.00147743
12890.6 0 0.00148773
12891.3 0 0.00149804
12892 0 0.00150837
12892.7 0 0.00151872
12893.3 0 0.00152907
12894 0 0.00153944
12894.6 0 0.00154983
12895.2 0 0.00156023
12895.8 0 0.00157064
12896.4 0 0.00158107
12897 0 0.00159151
12897.6 0 0.00160196
12898.1 0 0.00161242
12898.7 0 0.0016229
12899.2 0 0.00163339
12899.8 0 0.00164389
12900.3 0 0.00165442
12900.7 0 0.00166512
12901.2 0 0.00167583
12901.6 0 0.00168655
12902 0 0.00169728
12902.5 0 0.00170802
12902.9 0 0.00171877
12903.3 0 0.00172952
12903.7 0 0.00174029
12904.1 0 0.00175106
12904.5 0 0.00176183
12904.8 0 0.00177261
12905.2 0 0.0017834
12905.5 0 0.00179418
12905.9 0 0.00180498
12906.2 0 0.00181577
12906.6 0 0.00182657
12906.9 0 0.00183737
12907.2 0 0.00184817
12907.5 0 0.00185897
12907.9 0 0.00186977
12908.2 0 0.00188057
12908.5 0 0.00189137
12908.8 0 0.00190217
12909 0 0.00191297
12909.3 0 0.00192376
12909.6 0 0.00193456
12909.9 0 0.00194535
12910.2 0 0.00195613
12910.4 0 0.00196692
12910.7 0 0.0019777
12910.9 0 0.00198847
12911.2 0 0.00199924
12911.4 0 0.00201001
12911.7 0 0.00202077
12911.9 0 0.00203152
12912.2 0 0.00204227
12912.4 0 0.00205302
12912.6 0 0.00206376
12912.9 0 0.00207449
12913.1 0 0.00208521
12913.3 0 0.00209593
12913.5 0 0.00210665
12913.7 0 0.00211735
12913.9 0 0.00212805
12914.1 0 0.00213874
12914.3 0 0.00214943
12914.5 0 0.00216011
12914.7 0 0.00217078
12914.9 0 0.00218144
12915.1 0 0.00219209
12915.3 0 0.00220274
12915.5 0 0.00221338
12915.7 0 0.00222401
12915.9 0 0.00223463
12916 0 0.00224525
12916.2 0 0.00225586
12916.4 0 0.00226645
12916.6 0 0.00227705
12916.7 0 0.00228763
12916.9 0 0.0022982
12917 0 0.00230877
12917.2 0 0.00231932
12917.4 0 0.00232987
12917.5 0 0.00234041
12917.7 0 0.00235095
12917.8 0 0.00236147
12918 0 0.00237198
12918.1 0 0.00238249
12918.2 0 0.00239299
12918.4 0 0.00240347
12918.5 0 0.00241395
12918.7 0 0.00242442
12918.8 0 0.00243489
12918.9 0 0.00244534
12919.1 0 0.00245578
12919.3 0 0.00246619
12919.6 0 0.00247654
12920.2 0 0.0024868
12921.1 0 0.00249694
12922.2 0 0.00250698
12923.4 0 0.00251696
12924.8 0 0.0025269
12926.3 0 0.00253677
12927.9 0 0.00254658
12929.8 0 0.00255628
12931.8 0 0.00256594
12933.7 0 0.0025756
12935.7 0 0.00258524
12937.6 0 0.00259487
12939.6 0 0.00260445
12941.8 0 0.00261397
12944.1 0 0.00262343
12946.6 0 0.00263279
12949.3 0 0.00264209
12951.9 0 0.00265138
12954.5 0 0.00266066
12957.1 0 0.00266993
12959.7 0 0.00267918
12962.3 0 0.00268842
12964.9 0 0.00269764
12967.5 0 0.00270685
12970.2 0 0.00271601
12973 0 0.00272511
12976 0 0.00273414
12979.1 0 0.00274307
12982.4 0 0.00275195
12985.6 0 0.00276083
12988.8 0 0.00276974
12992 0 0.00277864
12995.2 0 0.00278752
12998.4 0 0.00279639
13001.6 0 0.00280524
13004.8 0 0.00281408
13008 0 0.0028229
13011.2 0 0.00283171
13014.4 0 0.00284051
13017.6 0 0.00284929
13020.9 0 0.00285802
13024.2 0 0.0028667
13027.7 0 0.00287531
13031.3 0 0.00288388
13035 0 0.00289231
13038.8 0 0.00290074
13042.5 0 0.00290915
13046.3 0 0.00291755
13050 0 0.00292593
13053.7 0 0.0029343
13057.5 0 0.00294264
13061.2 0 0.00295097
13064.9 0 0.00295928
13068.7 0 0.00296757
13072.4 0 0.00297585
13076.1 0 0.0029841
13079.8 0 0.00299234
13083.5 0 0.00300056
13087.2 0 0.00300876
13090.9 0 0.00301694
13094.6 0 0.0030251
13098.4 0 0.00303323
13102.2 0 0.0030413
13106.1 0 0.00304931
13110 0 0.00305726
13114.2 0 0.00306511
13118.4 0 0.0030729
13122.6 0 0.00308067
13126.8 0 0.00308841
13130.9 0 0.00309613
13135.1 0 0.00310383
13139.3 0 0.00311151
13143.5 0 0.00311916
13147.6 0 0.0031268
13151.8 0 0.00313441
13155.9 0 0.00314199
13160.1 0 0.00314955
13164.3 0 0.00315709
13168.4 0 0.0031646
13172.5 0 0.00317209
13176.7 0 0.00317956
13180.8 0 0.003187
13185 0 0.00319442
13189.1 0 0.00320181
13193.2 0 0.00320918
13197.4 0 0.00321652
13201.5 0 0.00322384
13205.6 0 0.00323113
13209.7 0 0.0032384
13213.9 0 0.00324563
13218.1 0 0.00325279
13222.4 0 0.00325989
13226.7 0 0.00326692
13231.2 0 0.00327387
13235.7 0 0.00328072
13240.2 0 0.00328754
13244.8 0 0.00329432
13249.3 0 0.00330108
13253.8 0 0.00330781
13258.3 0 0.00331451
13262.8 0 0.00332117
13267.3 0 0.00332781
13271.8 0 0.00333442
13276.3 0 0.003341
13280.8 0 0.00334755
13285.3 0 0.00335406
13289.8 0 0.00336055
13294.3 0 0.00336701
13298.7 0 0.00337343
13303.2 0 0.00337982
13307.7 0 0.00338619
13312.2 0 0.00339252
13316.6 0 0.00339882
13321.1 0 0.00340509
13325.5 0 0.00341132
13330 0 0.00341753
13334.4 0 0.0034237
13338.9 0 0.00342984
13343.3 0 0.00343595
13347.7 0 0.00344203
13352.2 0 0.00344808
13356.6 0 0.00345409
13361 0 0.00346008
13365.5 0 0.00346603
13369.9 0 0.00347194
13374.3 0 0.00347784
13378.8 0 0.00348368
13383.3 0 0.00348944
13387.9 0 0.00349514
13392.5 0 0.00350076
13397.2 0 0.00350631
13402 0 0.00351172
13406.7 0 0.0035171
13411.5 0 0.00352244
13416.2 0 0.00352775
13420.9 0 0.00353302
13425.7 0 0.00353826
13430.4 0 0.00354346
13435.1 0 0.00354863
13439.8 0 0.00355377
13444.5 0 0.00355887
13449.3 0 0.00356394
13454 0 0.00356897
13458.7 0 0.00357396
13463.4 0 0.00357893
13468.1 0 0.00358386
13472.8 0 0.00358875
13477.4 0 0.00359361
13482.1 0 0.00359844
13486.8 0 0.00360323
13491.5 0 0.00360798
13496.2 0 0.00361271
13500.8 0 0.0036174
13505.5 0 0.00362205
13510.1 0 0.00362667
13514.8 0 0.00363126
13519.5 0 0.00363582
13524.1 0 0.00364034
13528.8 0 0.00364482
13533.4 0 0.00364928
13538 0 0.0036537
13542.7 0 0.00365808
13547.3 0 0.00366244
13551.9 0 0.00366676
13556.6 0 0.00367104
13561.2 0 0.0036753
13565.8 0 0.00367952
13570.4 0 0.0036837
13575 0 0.00368786
13579.6 0 0.00369198
13584.2 0 0.00369607
13588.8 0 0.00370012
13593.4 0 0.00370415
13598 0 0.00370817
13602.7 0 0.00371215
13607.4 0 0.00371606
13612.1 0 0.0037199
13616.8 0 0.00372368
13621.6 0 0.00372744
13410.3 0 0.00359474
13470.1 0 0.00355614
13494.5 0 0.00353224
