0 -58.4752 -2.26119e-06
634.56 0 4.2176e-05
1173.57 0 9.1338e-05
1709.92 0 0.000140442
2243.81 0 0.000189391
2775.24 0 0.000238115
3304.22 0 0.000286609
3830.74 0 0.000334866
4354.77 0 0.000382885
4876.15 0 0.000430666
5394.56 0 0.000478219
5909.16 0 0.000525567
6418.2 0 0.000572767
6918.36 0 0.00061993
7403.99 0 0.000667251
7866.83 0 0.00071502
8297.18 0 0.000763598
8686.59 0 0.000813324
9030.8 0 0.00086441
9330.49 0 0.000917008
9590.04 0 0.000971011
9815.21 0 0.00102641
10011.7 0 0.00108311
10184.8 0 0.00114075
10338.5 0 0.00119916
10475.8 0 0.00125799
10599.4 0 0.00131732
10711.4 0 0.00137717
10812.7 0 0.00143832
10905.5 0 0.00149989
10991.1 0 0.00156184
11070.4 0 0.00162412
11143.9 0 0.00168677
11212.1 0 0.00174991
11276 0 0.00181331
11335.9 0 0.00187694
11392.3 0 0.00194077
11445.5 0 0.0020048
11495.9 0 0.002069
11543.8 0 0.00213336
11589.3 0 0.00219787
11632.4 0 0.00226268
11673.3 0 0.00232786
11712.4 0 0.00239317
11749.8 0 0.00245859
11785.6 0 0.0025241
11820.1 0 0.00258971
11853.2 0 0.00265541
11885.1 0 0.00272117
11915.6 0 0.00278753
11945 0 0.00285431
11972.9 0 0.00292128
11999.8 0 0.00298832
12025.7 0 0.00305543
12050.7 0 0.0031227
12074.7 0 0.00319062
12097.7 0 0.00325853
12119.8 0 0.00332633
12141.1 0 0.00339415
12161.8 0 0.003462
12181.9 0 0.00352987
12201.4 0 0.00359776
12220.3 0 0.00366566
12238.6 0 0.00373357
12256.3 0 0.00380149
12273.3 0 0.00386957
12289.7 0 0.00393773
12305.5 0 0.00400589
12320.9 0 0.00407405
12335.7 0 0.00414205
12349.8 0 0.00420963
12363.5 0 0.00427719
12376.5 0 0.00434594
12388.8 0 0.00441559
12400.7 0 0.00448523
12412.4 0 0.00455486
12423.7 0 0.00462447
12434.7 0 0.00469407
12445.5 0 0.00476365
12455.9 0 0.00483322
12466.1 0 0.00490276
12476 0 0.0049723
12485.7 0 0.00504182
12495.1 0 0.00511133
12504.3 0 0.00518084
12513.2 0 0.00525034
12521.8 0 0.00531983
12530.3 0 0.00538932
12538.4 0 0.00545881
12546.4 0 0.0055283
12554.2 0 0.00559778
12561.7 0 0.00566726
12569 0 0.00573673
12576.2 0 0.0058062
12583.1 0 0.00587565
12589.9 0 0.00594509
12596.5 0 0.00601452
12603 0 0.00608393
12609.3 0 0.00615333
12615.5 0 0.0062227
12621.6 0 0.00629205
12627.5 0 0.00636138
12633.3 0 0.0064309
12638.9 0 0.00650092
12644.3 0 0.0065717
12649.5 0 0.00664283
12654.6 0 0.00671386
12659.6 0 0.00678459
12664.4 0 0.00685531
12669.2 0 0.00692602
12673.9 0 0.00699672
12678.6 0 0.00706741
12683.1 0 0.00713809
12687.6 0 0.00720876
12692 0 0.00727943
12696.3 0 0.0073501
12700.6 0 0.00742077
12704.8 0 0.00749144
12708.9 0 0.00756212
12713 0 0.00763281
12717 0 0.00770351
12720.9 0 0.00777423
12724.7 0 0.00784496
12728.5 0 0.0079157
12732.1 0 0.00798624
12735.7 0 0.00805657
12739.2 0 0.00812691
12742.7 0 0.00819725
12746 0 0.0082676
12749.3 0 0.00833797
12752.5 0 0.00840827
12755.5 0 0.00847829
12758.3 0 0.0085483
12761.2 0 0.00861829
12763.9 0 0.00868829
12766.6 0 0.00875827
12769.2 0 0.00882824
12771.7 0 0.00889855
12774.1 0 0.00896928
12776.4 0 0.00903999
12778.6 0 0.0091107
12780.8 0 0.0091814
12783 0 0.00925208
12785.1 0 0.00932275
12787.2 0 0.0093934
12789.2 0 0.00946404
12791.2 0 0.00953465
12793.2 0 0.00960526
12795.1 0 0.00967584
12797 0 0.0097464
12798.8 0 0.00981695
12800.6 0 0.00988748
12802.4 0 0.00995798
12804.2 0 0.0100285
12805.9 0 0.0100989
12807.7 0 0.0101694
12809.4 0 0.0102398
12811 0 0.0103102
12812.7 0 0.0103806
12814.3 0 0.010451
12815.9 0 0.0105213
12817.5 0 0.0105917
12819.1 0 0.010662
12820.7 0 0.0107323
12822.2 0 0.0108026
12823.7 0 0.0108728
12825.2 0 0.0109431
12826.7 0 0.0110133
12828.2 0 0.0110835
12829.7 0 0.0111537
12831.1 0 0.0112239
12832.6 0 0.011294
12834 0 0.0113642
12835.4 0 0.0114343
12836.8 0 0.0115044
12838.2 0 0.0115745
12839.5 0 0.0116446
12840.9 0 0.0117147
12842.2 0 0.0117847
12843.6 0 0.0118548
12844.9 0 0.0119248
12846.2 0 0.0119949
12847.5 0 0.0120649
12848.7 0 0.0121349
12850 0 0.0122049
12851.3 0 0.0122748
12852.5 0 0.0123448
12853.7 0 0.0124148
12855 0 0.0124847
12856.2 0 0.0125547
12857.4 0 0.0126246
12858.5 0 0.0126945
12859.7 0 0.0127645
12860.9 0 0.0128343
12862 0 0.0129042
12863.1 0 0.0129741
12864.3 0 0.0130439
12865.4 0 0.0131138
12866.4 0 0.0131836
12867.5 0 0.0132535
12868.6 0 0.0133233
12869.6 0 0.0133932
12870.7 0 0.013463
12871.7 0 0.0135328
12872.7 0 0.0136027
12873.7 0 0.0136725
12874.7 0 0.0137424
12875.7 0 0.0138122
12876.6 0 0.013882
12877.5 0 0.0139519
12878.5 0 0.0140217
12879.4 0 0.0140916
12880.3 0 0.0141614
12881.2 0 0.0142313
12882 0 0.0143011
12882.9 0 0.014371
12883.7 0 0.0144408
12884.6 0 0.0145107
12885.4 0 0.0145806
12886.2 0 0.0146504
12886.9 0 0.0147203
12887.7 0 0.0147902
12888.5 0 0.01486
12889.2 0 0.0149299
12889.9 0 0.0149998
12890.6 0 0.0150697
12891.3 0 0.0151396
12892 0 0.0152094
12892.7 0 0.0152793
12893.3 0 0.0153492
12894 0 0.0154191
12894.6 0 0.0154889
12895.2 0 0.0155588
12895.8 0 0.0156287
12896.4 0 0.0156986
12897 0 0.0157684
12897.6 0 0.0158383
12898.1 0 0.0159082
12898.7 0 0.015978
12899.2 0 0.0160479
12899.8 0 0.0161178
12900.3 0 0.0161877
12900.7 0 0.0162584
12901.2 0 0.0163291
12901.6 0 0.0163998
12902 0 0.0164705
12902.5 0 0.0165412
12902.9 0 0.0166119
12903.3 0 0.0166826
12903.7 0 0.0167533
12904.1 0 0.0168241
12904.5 0 0.0168948
12904.8 0 0.0169655
12905.2 0 0.0170362
12905.5 0 0.0171069
12905.9 0 0.0171776
12906.2 0 0.0172483
12906.6 0 0.017319
12906.9 0 0.0173897
12907.2 0 0.0174603
12907.5 0 0.017531
12907.9 0 0.0176017
12908.2 0 0.0176724
12908.5 0 0.0177431
12908.8 0 0.0178137
12909 0 0.0178844
12909.3 0 0.0179551
12909.6 0 0.0180257
12909.9 0 0.0180964
12910.2 0 0.018167
12910.4 0 0.0182376
12910.7 0 0.0183083
12910.9 0 0.0183789
12911.2 0 0.0184495
12911.4 0 0.0185201
12911.7 0 0.0185908
12911.9 0 0.0186614
12912.2 0 0.018732
12912.4 0 0.0188026
12912.6 0 0.0188732
12912.9 0 0.0189437
12913.1 0 0.0190143
12913.3 0 0.0190849
12913.5 0 0.0191555
12913.7 0 0.019226
12913.9 0 0.0192966
12914.1 0 0.0193671
12914.3 0 0.0194377
12914.5 0 0.0195082
12914.7 0 0.0195787
12914.9 0 0.0196493
12915.1 0 0.0197198
12915.3 0 0.0197903
12915.5 0 0.0198608
12915.7 0 0.0199313
12915.9 0 0.0200018
12916 0 0.0200723
12916.2 0 0.0201428
12916.4 0 0.0202132
12916.6 0 0.0202837
12916.7 0 0.0203542
12916.9 0 0.0204246
12917 0 0.0204951
12917.2 0 0.0205655
12917.4 0 0.020636
12917.5 0 0.0207064
12917.7 0 0.0207768
12917.8 0 0.0208473
12918 0 0.0209177
12918.1 0 0.0209881
12918.2 0 0.0210585
12918.4 0 0.0211289
12918.5 0 0.0211993
12918.7 0 0.0212696
12918.8 0 0.02134
12918.9 0 0.0214104
12919.1 0 0.0214808
12919.3 0 0.0215511
12919.6 0 0.0216214
12920.2 0 0.0216916
12921.1 0 0.0217618
12922.2 0 0.0218319
12923.4 0 0.021902
12924.8 0 0.021972
12926.3 0 0.022042
12927.9 0 0.0221119
12929.8 0 0.0221818
12931.8 0 0.0222516
12933.7 0 0.0223215
12935.7 0 0.0223913
12937.6 0 0.0224611
12939.6 0 0.0225309
12941.8 0 0.0226007
12944.1 0 0.0226704
12946.6 0 0.02274
12949.3 0 0.0228097
12951.9 0 0.0228793
12954.5 0 0.0229489
12957.1 0 0.0230185
12959.7 0 0.0230881
12962.3 0 0.0231577
12964.9 0 0.0232272
12967.5 0 0.0232968
12970.2 0 0.0233663
12973 0 0.0234358
12976 0 0.0235053
12979.1 0 0.0235746
12982.4 0 0.023644
12985.6 0 0.0237133
12988.8 0 0.0237825
12992 0 0.0238516
12995.2 0 0.0239207
12998.4 0 0.0239898
13001.6 0 0.0240589
13004.8 0 0.024128
13008 0 0.024197
13011.2 0 0.0242661
13014.4 0 0.0243351
13017.6 0 0.0244042
13020.9 0 0.0244731
13024.2 0 0.0245421
13027.7 0 0.024611
13031.3 0 0.0246798
13035 0 0.0247486
13038.8 0 0.0248173
13042.5 0 0.0248861
13046.3 0 0.0249548
13050 0 0.0250235
13053.7 0 0.0250922
13057.5 0 0.0251609
13061.2 0 0.0252296
13064.9 0 0.0252983
13068.7 0 0.025367
13072.4 0 0.0254356
13076.1 0 0.0255042
13079.8 0 0.0255729
13083.5 0 0.0256415
13087.2 0 0.0257101
13090.9 0 0.0257786
13094.6 0 0.0258472
13098.4 0 0.0259157
13102.2 0 0.0259842
13106.1 0 0.0260527
13110 0 0.026121
13114.2 0 0.0261893
13118.4 0 0.0262576
13122.6 0 0.0263259
13126.8 0 0.0263941
13130.9 0 0.0264624
13135.1 0 0.0265306
13139.3 0 0.0265988
13143.5 0 0.026667
13147.6 0 0.0267351
13151.8 0 0.0268033
13155.9 0 0.0268714
13160.1 0 0.0269396
13164.3 0 0.0270077
13168.4 0 0.0270758
13172.5 0 0.0271438
13176.7 0 0.0272119
13180.8 0 0.0272799
13185 0 0.027348
13189.1 0 0.027416
13193.2 0 0.027484
13197.4 0 0.0275519
13201.5 0 0.0276199
13205.6 0 0.0276878
13209.7 0 0.0277558
13213.9 0 0.0278236
13218.1 0 0.0278914
13222.4 0 0.0279592
13226.7 0 0.0280269
13231.2 0 0.0280945
13235.7 0 0.0281621
13240.2 0 0.0282297
13244.8 0 0.0282973
13249.3 0 0.0283648
13253.8 0 0.0284324
13258.3 0 0.0284999
13262.8 0 0.0285674
13267.3 0 0.0286348
13271.8 0 0.0287023
13276.3 0 0.0287697
13280.8 0 0.0288371
13285.3 0 0.0289045
13289.8 0 0.0289719
13294.3 0 0.0290392
13298.7 0 0.0291065
13303.2 0 0.0291738
13307.7 0 0.0292411
13312.2 0 0.0293084
13316.6 0 0.0293756
13321.1 0 0.0294428
13325.5 0 0.02951
13330 0 0.0295772
13334.4 0 0.0296443
13338.9 0 0.0297114
13343.3 0 0.0297785
13347.7 0 0.0298456
13352.2 0 0.0299127
13356.6 0 0.0299797
13361 0 0.0300467
13365.5 0 0.0301137
13369.9 0 0.0301807
13374.3 0 0.0302476
13378.8 0 0.0303144
13383.3 0 0.0303812
13387.9 0 0.030448
13392.5 0 0.0305146
13397.2 0 0.0305811
13402 0 0.0306477
13406.7 0 0.0307143
13411.5 0 0.0307808
13416.2 0 0.0308473
13420.9 0 0.0309138
13425.7 0 0.0309802
13430.4 0 0.0310467
13435.1 0 0.0311131
13439.8 0 0.0311795
13444.5 0 0.0312458
13449.3 0 0.0313121
13454 0 0.0313784
13458.7 0 0.0314447
13463.4 0 0.0315109
13468.1 0 0.0315772
13472.8 0 0.0316434
13477.4 0 0.0317095
13482.1 0 0.0317757
13486.8 0 0.0318418
13491.5 0 0.0319079
13496.2 0 0.0319739
13500.8 0 0.0320399
13505.5 0 0.032106
13510.1 0 0.0321719
13514.8 0 0.0322379
13519.5 0 0.0323038
13524.1 0 0.0323697
13528.8 0 0.0324356
13533.4 0 0.0325014
13538 0 0.0325672
13542.7 0 0.032633
13547.3 0 0.0326988
13551.9 0 0.0327645
13556.6 0 0.0328302
13561.2 0 0.0328959
13565.8 0 0.0329616
13570.4 0 0.0330272
13575 0 0.0330928
13579.6 0 0.0331584
13584.2 0 0.0332239
13588.8 0 0.0332894
13593.4 0 0.0333549
13598 0 0.0334203
13602.7 0 0.0334856
13607.4 0 0.0335508
13612.1 0 0.033616
13616.8 0 0.0336811
13621.6 0 0.033746
13410.3 0 0.0336778
13470.1 0 0.0337019
13494.5 0 0.0337408
