0 -58.4752 -2.26119e-06
634.56 0 4.22782e-05
1173.57 0 9.13037e-05
1709.92 0 0.000140308
2243.81 0 0.00018914
2775.24 0 0.000237769
3304.22 0 0.000286191
3830.74 0 0.000334382
4354.77 0 0.000382333
4876.15 0 0.000430044
5394.56 0 0.000477524
5909.16 0 0.000524797
6418.2 0 0.000571921
6918.36 0 0.000619006
7403.99 0 0.000666258
7866.83 0 0.000713951
8297.18 0 0.000762458
8686.59 0 0.000812126
9030.8 0 0.000863159
9330.49 0 0.000915629
9590.04 0 0.000969444
9815.21 0 0.0010244
10011.7 0 0.00108032
10184.8 0 0.00113709
10338.5 0 0.00119467
10475.8 0 0.00125363
10599.4 0 0.0013135
10711.4 0 0.00137424
10812.7 0 0.00143566
10905.5 0 0.00149753
10991.1 0 0.00155982
11070.4 0 0.00162248
11143.9 0 0.00168555
11212.1 0 0.00174915
11276 0 0.00181304
11335.9 0 0.00187719
11392.3 0 0.00194157
11445.5 0 0.00200616
11495.9 0 0.00207095
11543.8 0 0.00213591
11589.3 0 0.00220104
11632.4 0 0.00226639
11673.3 0 0.002332
11712.4 0 0.00239774
11749.8 0 0.00246359
11785.6 0 0.00252956
11820.1 0 0.00259562
11853.2 0 0.00266177
11885.1 0 0.00272801
11915.6 0 0.00279406
11945 0 0.00286001
11972.9 0 0.00292656
11999.8 0 0.00299322
12025.7 0 0.00305992
12050.7 0 0.00312663
12074.7 0 0.0031932
12097.7 0 0.00326005
12119.8 0 0.00332753
12141.1 0 0.00339503
12161.8 0 0.00346255
12181.9 0 0.00353009
12201.4 0 0.00359763
12220.3 0 0.00366518
12238.6 0 0.00373273
12256.3 0 0.00380029
12273.3 0 0.00386811
12289.7 0 0.00393607
12305.5 0 0.00400402
12320.9 0 0.00407197
12335.7 0 0.00414026
12349.8 0 0.00420953
12363.5 0 0.00427879
12376.5 0 0.00434753
12388.8 0 0.0044161
12400.7 0 0.00448464
12412.4 0 0.00455316
12423.7 0 0.00462165
12434.7 0 0.00469011
12445.5 0 0.00475855
12455.9 0 0.00482695
12466.1 0 0.00489533
12476 0 0.00496368
12485.7 0 0.005032
12495.1 0 0.0051003
12504.3 0 0.00516857
12513.2 0 0.00523682
12521.8 0 0.00530505
12530.3 0 0.00537326
12538.4 0 0.00544145
12546.4 0 0.00550962
12554.2 0 0.00557778
12561.7 0 0.00564591
12569 0 0.00571403
12576.2 0 0.00578213
12583.1 0 0.00585021
12589.9 0 0.00591826
12596.5 0 0.0059863
12603 0 0.00605432
12609.3 0 0.00612231
12615.5 0 0.00619028
12621.6 0 0.00625823
12627.5 0 0.00632615
12633.3 0 0.00639399
12638.9 0 0.00646168
12644.3 0 0.00652904
12649.5 0 0.00659625
12654.6 0 0.00666363
12659.6 0 0.00673167
12664.4 0 0.00679968
12669.2 0 0.00686766
12673.9 0 0.0069356
12678.6 0 0.00700351
12683.1 0 0.00707139
12687.6 0 0.00713924
12692 0 0.00720705
12696.3 0 0.00727483
12700.6 0 0.00734258
12704.8 0 0.00741029
12708.9 0 0.00747797
12713 0 0.00754562
12717 0 0.00761324
12720.9 0 0.00768082
12724.7 0 0.00774838
12728.5 0 0.0078159
12732.1 0 0.00788381
12735.7 0 0.00795213
12739.2 0 0.00802042
12742.7 0 0.00808871
12746 0 0.00815697
12749.3 0 0.00822523
12752.5 0 0.00829377
12755.5 0 0.00836384
12758.3 0 0.00843411
12761.2 0 0.00850441
12763.9 0 0.00857473
12766.6 0 0.00864507
12769.2 0 0.00871544
12771.7 0 0.00878598
12774.1 0 0.00885676
12776.4 0 0.00892756
12778.6 0 0.00899839
12780.8 0 0.00906925
12783 0 0.00914014
12785.1 0 0.00921104
12787.2 0 0.00928197
12789.2 0 0.00935292
12791.2 0 0.00942388
12793.2 0 0.00949485
12795.1 0 0.00956584
12797 0 0.00963683
12798.8 0 0.00970784
12800.6 0 0.00977884
12802.4 0 0.00984985
12804.2 0 0.00992085
12805.9 0 0.00999186
12807.7 0 0.0100629
12809.4 0 0.0101339
12811 0 0.0102048
12812.7 0 0.0102758
12814.3 0 0.0103468
12815.9 0 0.0104177
12817.5 0 0.0104887
12819.1 0 0.0105596
12820.7 0 0.0106305
12822.2 0 0.0107014
12823.7 0 0.0107723
12825.2 0 0.0108432
12826.7 0 0.010914
12828.2 0 0.0109849
12829.7 0 0.0110557
12831.1 0 0.0111265
12832.6 0 0.0111972
12834 0 0.011268
12835.4 0 0.0113387
12836.8 0 0.0114095
12838.2 0 0.0114802
12839.5 0 0.0115508
12840.9 0 0.0116215
12842.2 0 0.0116921
12843.6 0 0.0117628
12844.9 0 0.0118334
12846.2 0 0.0119039
12847.5 0 0.0119745
12848.7 0 0.0120451
12850 0 0.0121156
12851.3 0 0.0121861
12852.5 0 0.0122566
12853.7 0 0.0123271
12855 0 0.0123975
12856.2 0 0.012468
12857.4 0 0.0125384
12858.5 0 0.0126088
12859.7 0 0.0126792
12860.9 0 0.0127497
12862 0 0.0128201
12863.1 0 0.0128904
12864.3 0 0.0129608
12865.4 0 0.0130312
12866.4 0 0.0131016
12867.5 0 0.0131719
12868.6 0 0.0132423
12869.6 0 0.0133126
12870.7 0 0.0133829
12871.7 0 0.0134533
12872.7 0 0.0135236
12873.7 0 0.0135939
12874.7 0 0.0136642
12875.7 0 0.0137346
12876.6 0 0.0138049
12877.5 0 0.0138752
12878.5 0 0.0139455
12879.4 0 0.0140159
12880.3 0 0.0140862
12881.2 0 0.0141566
12882 0 0.0142269
12882.9 0 0.0142973
12883.7 0 0.0143676
12884.6 0 0.014438
12885.4 0 0.0145084
12886.2 0 0.0145788
12886.9 0 0.0146492
12887.7 0 0.0147196
12888.5 0 0.01479
12889.2 0 0.0148605
12889.9 0 0.0149309
12890.6 0 0.0150014
12891.3 0 0.0150719
12892 0 0.0151424
12892.7 0 0.0152129
12893.3 0 0.0152835
12894 0 0.015354
12894.6 0 0.0154246
12895.2 0 0.0154952
12895.8 0 0.0155658
12896.4 0 0.0156364
12897 0 0.015707
12897.6 0 0.0157777
12898.1 0 0.0158484
12898.7 0 0.015919
12899.2 0 0.0159897
12899.8 0 0.0160604
12900.3 0 0.0161312
12900.7 0 0.016202
12901.2 0 0.0162728
12901.6 0 0.0163436
12902 0 0.0164145
12902.5 0 0.0164853
12902.9 0 0.0165562
12903.3 0 0.0166271
12903.7 0 0.016698
12904.1 0 0.0167689
12904.5 0 0.0168398
12904.8 0 0.0169107
12905.2 0 0.0169816
12905.5 0 0.0170525
12905.9 0 0.0171234
12906.2 0 0.0171943
12906.6 0 0.0172653
12906.9 0 0.0173362
12907.2 0 0.0174071
12907.5 0 0.017478
12907.9 0 0.017549
12908.2 0 0.0176199
12908.5 0 0.0176908
12908.8 0 0.0177618
12909 0 0.0178327
12909.3 0 0.0179036
12909.6 0 0.0179745
12909.9 0 0.0180455
12910.2 0 0.0181164
12910.4 0 0.0181873
12910.7 0 0.0182582
12910.9 0 0.0183291
12911.2 0 0.0184
12911.4 0 0.0184709
12911.7 0 0.0185418
12911.9 0 0.0186127
12912.2 0 0.0186836
12912.4 0 0.0187545
12912.6 0 0.0188254
12912.9 0 0.0188962
12913.1 0 0.0189671
12913.3 0 0.0190379
12913.5 0 0.0191088
12913.7 0 0.0191796
12913.9 0 0.0192505
12914.1 0 0.0193213
12914.3 0 0.0193921
12914.5 0 0.0194629
12914.7 0 0.0195337
12914.9 0 0.0196045
12915.1 0 0.0196753
12915.3 0 0.0197461
12915.5 0 0.0198168
12915.7 0 0.0198876
12915.9 0 0.0199584
12916 0 0.0200291
12916.2 0 0.0200998
12916.4 0 0.0201706
12916.6 0 0.0202413
12916.7 0 0.020312
12916.9 0 0.0203827
12917 0 0.0204534
12917.2 0 0.0205241
12917.4 0 0.0205948
12917.5 0 0.0206654
12917.7 0 0.0207361
12917.8 0 0.0208068
12918 0 0.0208774
12918.1 0 0.020948
12918.2 0 0.0210187
12918.4 0 0.0210893
12918.5 0 0.0211599
12918.7 0 0.0212305
12918.8 0 0.0213011
12918.9 0 0.0213716
12919.1 0 0.0214422
12919.3 0 0.0215127
12919.6 0 0.0215832
12920.2 0 0.0216536
12921.1 0 0.0217238
12922.2 0 0.021794
12923.4 0 0.0218641
12924.8 0 0.0219341
12926.3 0 0.0220041
12927.9 0 0.022074
12929.8 0 0.0221438
12931.8 0 0.0222135
12933.7 0 0.0222832
12935.7 0 0.022353
12937.6 0 0.0224227
12939.6 0 0.0224924
12941.8 0 0.022562
12944.1 0 0.0226315
12946.6 0 0.0227009
12949.3 0 0.0227703
12951.9 0 0.0228396
12954.5 0 0.022909
12957.1 0 0.0229783
12959.7 0 0.0230476
12962.3 0 0.0231169
12964.9 0 0.0231862
12967.5 0 0.0232555
12970.2 0 0.0233247
12973 0 0.0233939
12976 0 0.023463
12979.1 0 0.0235319
12982.4 0 0.0236009
12985.6 0 0.0236698
12988.8 0 0.0237388
12992 0 0.0238078
12995.2 0 0.0238767
12998.4 0 0.0239457
13001.6 0 0.0240146
13004.8 0 0.0240835
13008 0 0.0241524
13011.2 0 0.0242213
13014.4 0 0.0242902
13017.6 0 0.024359
13020.9 0 0.0244278
13024.2 0 0.0244966
13027.7 0 0.0245653
13031.3 0 0.0246339
13035 0 0.0247024
13038.8 0 0.0247709
13042.5 0 0.0248394
13046.3 0 0.0249079
13050 0 0.0249763
13053.7 0 0.0250447
13057.5 0 0.0251131
13061.2 0 0.0251815
13064.9 0 0.0252499
13068.7 0 0.0253183
13072.4 0 0.0253866
13076.1 0 0.0254549
13079.8 0 0.0255232
13083.5 0 0.0255915
13087.2 0 0.0256597
13090.9 0 0.025728
13094.6 0 0.0257962
13098.4 0 0.0258644
13102.2 0 0.0259325
13106.1 0 0.0260006
13110 0 0.0260686
13114.2 0 0.0261365
13118.4 0 0.0262043
13122.6 0 0.0262721
13126.8 0 0.0263399
13130.9 0 0.0264076
13135.1 0 0.0264754
13139.3 0 0.0265431
13143.5 0 0.0266108
13147.6 0 0.0266785
13151.8 0 0.0267461
13155.9 0 0.0268137
13160.1 0 0.0268813
13164.3 0 0.0269489
13168.4 0 0.0270164
13172.5 0 0.0270839
13176.7 0 0.0271514
13180.8 0 0.0272189
13185 0 0.0272864
13189.1 0 0.0273538
13193.2 0 0.0274212
13197.4 0 0.0274885
13201.5 0 0.0275559
13205.6 0 0.0276232
13209.7 0 0.0276905
13213.9 0 0.0277577
13218.1 0 0.0278249
13222.4 0 0.027892
13226.7 0 0.0279591
13231.2 0 0.028026
13235.7 0 0.0280929
13240.2 0 0.0281597
13244.8 0 0.0282265
13249.3 0 0.0282932
13253.8 0 0.02836
13258.3 0 0.0284267
13262.8 0 0.0284933
13267.3 0 0.02856
13271.8 0 0.0286266
13276.3 0 0.0286931
13280.8 0 0.0287597
13285.3 0 0.0288262
13289.8 0 0.0288927
13294.3 0 0.0289591
13298.7 0 0.0290255
13303.2 0 0.0290919
13307.7 0 0.0291582
13312.2 0 0.0292245
13316.6 0 0.0292908
13321.1 0 0.0293571
13325.5 0 0.0294233
13330 0 0.0294895
13334.4 0 0.0295556
13338.9 0 0.0296217
13343.3 0 0.0296878
13347.7 0 0.0297538
13352.2 0 0.0298199
13356.6 0 0.0298858
13361 0 0.0299518
13365.5 0 0.0300177
13369.9 0 0.0300836
13374.3 0 0.0301494
13378.8 0 0.0302152
13383.3 0 0.030281
13387.9 0 0.0303466
13392.5 0 0.0304122
13397.2 0 0.0304777
13402 0 0.0305431
13406.7 0 0.0306084
13411.5 0 0.0306737
13416.2 0 0.030739
13420.9 0 0.0308042
13425.7 0 0.0308694
13430.4 0 0.0309345
13435.1 0 0.0309996
13439.8 0 0.0310647
13444.5 0 0.0311297
13449.3 0 0.0311947
13454 0 0.0312597
13458.7 0 0.0313246
13463.4 0 0.0313895
13468.1 0 0.0314543
13472.8 0 0.0315192
13477.4 0 0.031584
13482.1 0 0.0316487
13486.8 0 0.0317134
13491.5 0 0.0317781
13496.2 0 0.0318427
13500.8 0 0.0319074
13505.5 0 0.0319719
13510.1 0 0.0320365
13514.8 0 0.032101
13519.5 0 0.0321654
13524.1 0 0.0322299
13528.8 0 0.0322943
13533.4 0 0.0323586
13538 0 0.032423
13542.7 0 0.0324873
13547.3 0 0.0325515
13551.9 0 0.0326158
13556.6 0 0.03268
13561.2 0 0.0327441
13565.8 0 0.0328083
13570.4 0 0.0328723
13575 0 0.0329364
13579.6 0 0.0330004
13584.2 0 0.0330644
13588.8 0 0.0331284
13593.4 0 0.0331923
13598 0 0.0332563
13602.7 0 0.0333202
13607.4 0 0.033384
13612.1 0 0.0334478
13616.8 0 0.0335115
13621.6 0 0.0335752
13410.3 0 0.0335019
13470.1 0 0.0335231
13494.5 0 0.0335589
