0 -58.4752 -2.26119e-06
634.56 0 2.64735e-05
1173.57 0 5.97573e-05
1709.92 0 9.30099e-05
2243.81 0 0.000126096
2775.24 0 0.000158972
3304.22 0 0.000191635
3830.74 0 0.000224066
4354.77 0 0.000256257
4876.15 0 0.000288208
5394.56 0 0.00031993
5909.16 0 0.000351445
6418.2 0 0.000382811
6918.36 0 0.000414139
7403.99 0 0.000445632
7866.83 0 0.000477567
8297.18 0 0.000510315
8686.59 0 0.00054422
9030.8 0 0.00057949
9330.49 0 0.000616216
9590.04 0 0.000654303
9815.21 0 0.0006936
10011.7 0 0.000733948
10184.8 0 0.000775171
10338.5 0 0.000817189
10475.8 0 0.000860333
10599.4 0 0.000904283
10711.4 0 0.000949014
10812.7 0 0.000994583
10905.5 0 0.0010406
10991.1 0 0.00108702
11070.4 0 0.00113381
11143.9 0 0.00118098
11212.1 0 0.00122869
11276 0 0.00127667
11335.9 0 0.0013249
11392.3 0 0.00137336
11445.5 0 0.00142203
11495.9 0 0.00147088
11543.8 0 0.00151991
11589.3 0 0.00156909
11632.4 0 0.00161853
11673.3 0 0.00166824
11712.4 0 0.00171809
11749.8 0 0.00176805
11785.6 0 0.00181812
11820.1 0 0.00186829
11853.2 0 0.00191854
11885.1 0 0.00196887
11915.6 0 0.00201923
11945 0 0.00206962
11972.9 0 0.00212051
11999.8 0 0.00217148
12025.7 0 0.00222251
12050.7 0 0.00227359
12074.7 0 0.00232474
12097.7 0 0.0023761
12119.8 0 0.00242788
12141.1 0 0.00247969
12161.8 0 0.00253152
12181.9 0 0.00258337
12201.4 0 0.00263522
12220.3 0 0.00268709
12238.6 0 0.00273896
12256.3 0 0.00279083
12273.3 0 0.00284294
12289.7 0 0.00289517
12305.5 0 0.00294741
12320.9 0 0.00299964
12335.7 0 0.00305207
12349.8 0 0.00310511
12363.5 0 0.00315815
12376.5 0 0.00321111
12388.8 0 0.00326419
12400.7 0 0.00331724
12412.4 0 0.00337028
12423.7 0 0.00342329
12434.7 0 0.00347627
12445.5 0 0.00352923
12455.9 0 0.00358216
12466.1 0 0.00363507
12476 0 0.00368795
12485.7 0 0.00374082
12495.1 0 0.00379366
12504.3 0 0.00384648
12513.2 0 0.00389928
12521.8 0 0.00395207
12530.3 0 0.00400484
12538.4 0 0.00405759
12546.4 0 0.00411033
12554.2 0 0.00416306
12561.7 0 0.00421577
12569 0 0.00426847
12576.2 0 0.00432115
12583.1 0 0.00437381
12589.9 0 0.00442646
12596.5 0 0.00447909
12603 0 0.00453169
12609.3 0 0.00458428
12615.5 0 0.00463684
12621.6 0 0.00468938
12627.5 0 0.00474189
12633.3 0 0.0047944
12638.9 0 0.00484692
12644.3 0 0.00489942
12649.5 0 0.00495188
12654.6 0 0.00500445
12659.6 0 0.00505742
12664.4 0 0.00511036
12669.2 0 0.00516328
12673.9 0 0.00521618
12678.6 0 0.00526904
12683.1 0 0.00532188
12687.6 0 0.0053747
12692 0 0.00542749
12696.3 0 0.00548025
12700.6 0 0.00553299
12704.8 0 0.00558571
12708.9 0 0.0056384
12713 0 0.00569108
12717 0 0.00574373
12720.9 0 0.00579636
12724.7 0 0.00584898
12728.5 0 0.00590158
12732.1 0 0.0059544
12735.7 0 0.00600747
12739.2 0 0.00606053
12742.7 0 0.00611358
12746 0 0.00616662
12749.3 0 0.00621965
12752.5 0 0.00627288
12755.5 0 0.00632716
12758.3 0 0.00638158
12761.2 0 0.00643602
12763.9 0 0.00649048
12766.6 0 0.00654495
12769.2 0 0.00659943
12771.7 0 0.00665413
12774.1 0 0.00670912
12776.4 0 0.00676412
12778.6 0 0.00681914
12780.8 0 0.00687418
12783 0 0.00692924
12785.1 0 0.0069843
12787.2 0 0.00703938
12789.2 0 0.00709447
12791.2 0 0.00714956
12793.2 0 0.00720466
12795.1 0 0.00725976
12797 0 0.00731486
12798.8 0 0.00736997
12800.6 0 0.00742507
12802.4 0 0.00748017
12804.2 0 0.00753526
12805.9 0 0.00759034
12807.7 0 0.00764542
12809.4 0 0.00770049
12811 0 0.00775554
12812.7 0 0.00781059
12814.3 0 0.00786562
12815.9 0 0.00792064
12817.5 0 0.00797565
12819.1 0 0.00803064
12820.7 0 0.00808561
12822.2 0 0.00814057
12823.7 0 0.00819551
12825.2 0 0.00825043
12826.7 0 0.00830534
12828.2 0 0.00836023
12829.7 0 0.0084151
12831.1 0 0.00846996
12832.6 0 0.00852479
12834 0 0.00857961
12835.4 0 0.00863441
12836.8 0 0.00868919
12838.2 0 0.00874395
12839.5 0 0.0087987
12840.9 0 0.00885342
12842.2 0 0.00890813
12843.6 0 0.00896283
12844.9 0 0.0090175
12846.2 0 0.00907216
12847.5 0 0.0091268
12848.7 0 0.00918143
12850 0 0.00923604
12851.3 0 0.00929063
12852.5 0 0.00934521
12853.7 0 0.00939977
12855 0 0.00945433
12856.2 0 0.00950886
12857.4 0 0.00956339
12858.5 0 0.0096179
12859.7 0 0.0096724
12860.9 0 0.00972689
12862 0 0.00978138
12863.1 0 0.00983585
12864.3 0 0.00989032
12865.4 0 0.00994477
12866.4 0 0.00999922
12867.5 0 0.0100537
12868.6 0 0.0101081
12869.6 0 0.0101625
12870.7 0 0.010217
12871.7 0 0.0102714
12872.7 0 0.0103258
12873.7 0 0.0103802
12874.7 0 0.0104346
12875.7 0 0.0104891
12876.6 0 0.0105435
12877.5 0 0.0105979
12878.5 0 0.0106523
12879.4 0 0.0107068
12880.3 0 0.0107612
12881.2 0 0.0108156
12882 0 0.0108701
12882.9 0 0.0109245
12883.7 0 0.010979
12884.6 0 0.0110334
12885.4 0 0.0110879
12886.2 0 0.0111424
12886.9 0 0.0111969
12887.7 0 0.0112513
12888.5 0 0.0113059
12889.2 0 0.0113604
12889.9 0 0.0114149
12890.6 0 0.0114694
12891.3 0 0.011524
12892 0 0.0115786
12892.7 0 0.0116331
12893.3 0 0.0116877
12894 0 0.0117423
12894.6 0 0.0117969
12895.2 0 0.0118515
12895.8 0 0.0119062
12896.4 0 0.0119608
12897 0 0.0120155
12897.6 0 0.0120701
12898.1 0 0.0121248
12898.7 0 0.0121795
12899.2 0 0.0122342
12899.8 0 0.0122889
12900.3 0 0.0123436
12900.7 0 0.0123987
12901.2 0 0.0124537
12901.6 0 0.0125087
12902 0 0.0125637
12902.5 0 0.0126188
12902.9 0 0.0126738
12903.3 0 0.0127289
12903.7 0 0.0127839
12904.1 0 0.012839
12904.5 0 0.0128941
12904.8 0 0.0129491
12905.2 0 0.0130042
12905.5 0 0.0130593
12905.9 0 0.0131144
12906.2 0 0.0131695
12906.6 0 0.0132245
12906.9 0 0.0132796
12907.2 0 0.0133347
12907.5 0 0.0133898
12907.9 0 0.0134449
12908.2 0 0.0135
12908.5 0 0.0135551
12908.8 0 0.0136102
12909 0 0.0136652
12909.3 0 0.0137203
12909.6 0 0.0137754
12909.9 0 0.0138305
12910.2 0 0.0138855
12910.4 0 0.0139406
12910.7 0 0.0139957
12910.9 0 0.0140507
12911.2 0 0.0141058
12911.4 0 0.0141608
12911.7 0 0.0142159
12911.9 0 0.0142709
12912.2 0 0.0143259
12912.4 0 0.014381
12912.6 0 0.014436
12912.9 0 0.014491
12913.1 0 0.014546
12913.3 0 0.014601
12913.5 0 0.014656
12913.7 0 0.014711
12913.9 0 0.014766
12914.1 0 0.0148209
12914.3 0 0.0148759
12914.5 0 0.0149309
12914.7 0 0.0149858
12914.9 0 0.0150408
12915.1 0 0.0150957
12915.3 0 0.0151506
12915.5 0 0.0152056
12915.7 0 0.0152605
12915.9 0 0.0153154
12916 0 0.0153703
12916.2 0 0.0154252
12916.4 0 0.0154801
12916.6 0 0.015535
12916.7 0 0.0155898
12916.9 0 0.0156447
12917 0 0.0156995
12917.2 0 0.0157544
12917.4 0 0.0158092
12917.5 0 0.015864
12917.7 0 0.0159189
12917.8 0 0.0159737
12918 0 0.0160285
12918.1 0 0.0160833
12918.2 0 0.0161381
12918.4 0 0.0161928
12918.5 0 0.0162476
12918.7 0 0.0163024
12918.8 0 0.0163571
12918.9 0 0.0164119
12919.1 0 0.0164666
12919.3 0 0.0165213
12919.6 0 0.016576
12920.2 0 0.0166305
12921.1 0 0.016685
12922.2 0 0.0167393
12923.4 0 0.0167936
12924.8 0 0.0168479
12926.3 0 0.0169021
12927.9 0 0.0169562
12929.8 0 0.0170102
12931.8 0 0.0170642
12933.7 0 0.0171182
12935.7 0 0.0171722
12937.6 0 0.0172262
12939.6 0 0.0172801
12941.8 0 0.017334
12944.1 0 0.0173878
12946.6 0 0.0174415
12949.3 0 0.0174951
12951.9 0 0.0175488
12954.5 0 0.0176024
12957.1 0 0.017656
12959.7 0 0.0177097
12962.3 0 0.0177633
12964.9 0 0.0178168
12967.5 0 0.0178704
12970.2 0 0.0179239
12973 0 0.0179774
12976 0 0.0180308
12979.1 0 0.0180841
12982.4 0 0.0181374
12985.6 0 0.0181906
12988.8 0 0.0182439
12992 0 0.0182971
12995.2 0 0.0183503
12998.4 0 0.0184036
13001.6 0 0.0184567
13004.8 0 0.0185099
13008 0 0.0185631
13011.2 0 0.0186163
13014.4 0 0.0186694
13017.6 0 0.0187225
13020.9 0 0.0187756
13024.2 0 0.0188286
13027.7 0 0.0188816
13031.3 0 0.0189345
13035 0 0.0189873
13038.8 0 0.0190401
13042.5 0 0.0190928
13046.3 0 0.0191456
13050 0 0.0191983
13053.7 0 0.0192511
13057.5 0 0.0193038
13061.2 0 0.0193565
13064.9 0 0.0194091
13068.7 0 0.0194618
13072.4 0 0.0195144
13076.1 0 0.0195671
13079.8 0 0.0196197
13083.5 0 0.0196722
13087.2 0 0.0197248
13090.9 0 0.0197774
13094.6 0 0.0198299
13098.4 0 0.0198824
13102.2 0 0.0199348
13106.1 0 0.0199872
13110 0 0.0200395
13114.2 0 0.0200918
13118.4 0 0.0201439
13122.6 0 0.0201961
13126.8 0 0.0202482
13130.9 0 0.0203003
13135.1 0 0.0203524
13139.3 0 0.0204045
13143.5 0 0.0204565
13147.6 0 0.0205085
13151.8 0 0.0205605
13155.9 0 0.0206125
13160.1 0 0.0206645
13164.3 0 0.0207164
13168.4 0 0.0207683
13172.5 0 0.0208202
13176.7 0 0.0208721
13180.8 0 0.0209239
13185 0 0.0209757
13189.1 0 0.0210275
13193.2 0 0.0210793
13197.4 0 0.0211311
13201.5 0 0.0211828
13205.6 0 0.0212345
13209.7 0 0.0212862
13213.9 0 0.0213378
13218.1 0 0.0213894
13222.4 0 0.0214409
13226.7 0 0.0214923
13231.2 0 0.0215437
13235.7 0 0.021595
13240.2 0 0.0216462
13244.8 0 0.0216974
13249.3 0 0.0217486
13253.8 0 0.0217998
13258.3 0 0.0218509
13262.8 0 0.021902
13267.3 0 0.0219531
13271.8 0 0.0220041
13276.3 0 0.0220551
13280.8 0 0.0221061
13285.3 0 0.0221571
13289.8 0 0.022208
13294.3 0 0.0222589
13298.7 0 0.0223098
13303.2 0 0.0223606
13307.7 0 0.0224114
13312.2 0 0.0224622
13316.6 0 0.022513
13321.1 0 0.0225637
13325.5 0 0.0226144
13330 0 0.0226651
13334.4 0 0.0227157
13338.9 0 0.0227663
13343.3 0 0.0228169
13347.7 0 0.0228674
13352.2 0 0.0229179
13356.6 0 0.0229684
13361 0 0.0230189
13365.5 0 0.0230693
13369.9 0 0.0231197
13374.3 0 0.02317
13378.8 0 0.0232203
13383.3 0 0.0232706
13387.9 0 0.0233207
13392.5 0 0.0233708
13397.2 0 0.0234208
13402 0 0.0234707
13406.7 0 0.0235206
13411.5 0 0.0235704
13416.2 0 0.0236202
13420.9 0 0.02367
13425.7 0 0.0237197
13430.4 0 0.0237695
13435.1 0 0.0238191
13439.8 0 0.0238688
13444.5 0 0.0239184
13449.3 0 0.0239679
13454 0 0.0240175
13458.7 0 0.024067
13463.4 0 0.0241164
13468.1 0 0.0241659
13472.8 0 0.0242153
13477.4 0 0.0242647
13482.1 0 0.024314
13486.8 0 0.0243633
13491.5 0 0.0244126
13496.2 0 0.0244618
13500.8 0 0.024511
13505.5 0 0.0245602
13510.1 0 0.0246093
13514.8 0 0.0246585
13519.5 0 0.0247075
13524.1 0 0.0247566
13528.8 0 0.0248056
13533.4 0 0.0248546
13538 0 0.0249035
13542.7 0 0.0249524
13547.3 0 0.0250013
13551.9 0 0.0250502
13556.6 0 0.025099
13561.2 0 0.0251478
13565.8 0 0.0251965
13570.4 0 0.0252452
13575 0 0.0252939
13579.6 0 0.0253426
13584.2 0 0.0253912
13588.8 0 0.0254398
13593.4 0 0.0254884
13598 0 0.0255369
13602.7 0 0.0255854
13607.4 0 0.0256338
13612.1 0 0.0256822
13616.8 0 0.0257305
13621.6 0 0.0257787
13410.3 0 0.025691
13470.1 0 0.0256972
13494.5 0 0.025718
