0 -58.4752 -2.26119e-06
634.56 0 3.59162e-05
1173.57 0 7.86392e-05
1709.92 0 0.000121332
2243.81 0 0.000163857
2775.24 0 0.000206173
3304.22 0 0.000248276
3830.74 0 0.000290147
4354.77 0 0.000331778
4876.15 0 0.00037317
5394.56 0 0.000414332
5909.16 0 0.000455287
6418.2 0 0.000496094
6918.36 0 0.000536862
7403.99 0 0.000577794
7866.83 0 0.00061917
8297.18 0 0.000661358
8686.59 0 0.000704704
9030.8 0 0.000749414
9330.49 0 0.000795579
9590.04 0 0.000843104
9815.21 0 0.000891836
10011.7 0 0.000941614
10184.8 0 0.000992266
10338.5 0 0.00104371
10475.8 0 0.0010963
10599.4 0 0.0011497
10711.4 0 0.00120388
10812.7 0 0.0012589
10905.5 0 0.00131436
10991.1 0 0.00137023
11070.4 0 0.00142646
11143.9 0 0.00148309
11212.1 0 0.00154024
11276 0 0.00159767
11335.9 0 0.00165535
11392.3 0 0.00171326
11445.5 0 0.00177137
11495.9 0 0.00182968
11543.8 0 0.00188815
11589.3 0 0.00194679
11632.4 0 0.00200567
11673.3 0 0.00206483
11712.4 0 0.00212413
11749.8 0 0.00218354
11785.6 0 0.00224305
11820.1 0 0.00230267
11853.2 0 0.00236237
11885.1 0 0.00242215
11915.6 0 0.00248194
11945 0 0.00254176
11972.9 0 0.00260208
11999.8 0 0.0026625
12025.7 0 0.00272296
12050.7 0 0.00278347
12074.7 0 0.00284405
12097.7 0 0.00290483
12119.8 0 0.00296605
12141.1 0 0.0030273
12161.8 0 0.00308856
12181.9 0 0.00314984
12201.4 0 0.00321113
12220.3 0 0.00327244
12238.6 0 0.00333374
12256.3 0 0.00339505
12273.3 0 0.0034566
12289.7 0 0.00351827
12305.5 0 0.00357994
12320.9 0 0.00364161
12335.7 0 0.00370349
12349.8 0 0.003766
12363.5 0 0.0038285
12376.5 0 0.0038909
12388.8 0 0.0039534
12400.7 0 0.00401588
12412.4 0 0.00407834
12423.7 0 0.00414078
12434.7 0 0.00420319
12445.5 0 0.00426557
12455.9 0 0.00432793
12466.1 0 0.00439026
12476 0 0.00445257
12485.7 0 0.00451485
12495.1 0 0.00457712
12504.3 0 0.00463936
12513.2 0 0.00470159
12521.8 0 0.0047638
12530.3 0 0.00482599
12538.4 0 0.00488817
12546.4 0 0.00495033
12554.2 0 0.00501248
12561.7 0 0.00507461
12569 0 0.00513673
12576.2 0 0.00519883
12583.1 0 0.00526092
12589.9 0 0.00532299
12596.5 0 0.00538504
12603 0 0.00544706
12609.3 0 0.00550907
12615.5 0 0.00557105
12621.6 0 0.00563301
12627.5 0 0.00569495
12633.3 0 0.00575687
12638.9 0 0.0058188
12644.3 0 0.00588069
12649.5 0 0.00594253
12654.6 0 0.00600449
12659.6 0 0.00606686
12664.4 0 0.00612921
12669.2 0 0.00619153
12673.9 0 0.00625383
12678.6 0 0.00631609
12683.1 0 0.00637833
12687.6 0 0.00644055
12692 0 0.00650274
12696.3 0 0.0065649
12700.6 0 0.00662704
12704.8 0 0.00668916
12708.9 0 0.00675125
12713 0 0.00681332
12717 0 0.00687537
12720.9 0 0.0069374
12724.7 0 0.00699941
12728.5 0 0.0070614
12732.1 0 0.00712363
12735.7 0 0.00718611
12739.2 0 0.00724858
12742.7 0 0.00731104
12746 0 0.00737349
12749.3 0 0.00743593
12752.5 0 0.00749858
12755.5 0 0.0075623
12758.3 0 0.00762617
12761.2 0 0.00769006
12763.9 0 0.00775396
12766.6 0 0.00781787
12769.2 0 0.00788181
12771.7 0 0.00794595
12774.1 0 0.00801038
12776.4 0 0.00807483
12778.6 0 0.00813929
12780.8 0 0.00820377
12783 0 0.00826827
12785.1 0 0.00833278
12787.2 0 0.0083973
12789.2 0 0.00846184
12791.2 0 0.00852637
12793.2 0 0.00859092
12795.1 0 0.00865547
12797 0 0.00872002
12798.8 0 0.00878457
12800.6 0 0.00884912
12802.4 0 0.00891367
12804.2 0 0.00897821
12805.9 0 0.00904274
12807.7 0 0.00910727
12809.4 0 0.00917179
12811 0 0.00923629
12812.7 0 0.00930079
12814.3 0 0.00936527
12815.9 0 0.00942974
12817.5 0 0.00949419
12819.1 0 0.00955863
12820.7 0 0.00962306
12822.2 0 0.00968746
12823.7 0 0.00975186
12825.2 0 0.00981623
12826.7 0 0.00988059
12828.2 0 0.00994493
12829.7 0 0.0100092
12831.1 0 0.0100736
12832.6 0 0.0101378
12834 0 0.0102021
12835.4 0 0.0102664
12836.8 0 0.0103306
12838.2 0 0.0103948
12839.5 0 0.010459
12840.9 0 0.0105232
12842.2 0 0.0105873
12843.6 0 0.0106515
12844.9 0 0.0107156
12846.2 0 0.0107797
12847.5 0 0.0108438
12848.7 0 0.0109079
12850 0 0.0109719
12851.3 0 0.011036
12852.5 0 0.0111
12853.7 0 0.011164
12855 0 0.011228
12856.2 0 0.011292
12857.4 0 0.011356
12858.5 0 0.0114199
12859.7 0 0.0114839
12860.9 0 0.0115478
12862 0 0.0116118
12863.1 0 0.0116757
12864.3 0 0.0117396
12865.4 0 0.0118035
12866.4 0 0.0118674
12867.5 0 0.0119313
12868.6 0 0.0119952
12869.6 0 0.0120591
12870.7 0 0.0121229
12871.7 0 0.0121868
12872.7 0 0.0122507
12873.7 0 0.0123145
12874.7 0 0.0123784
12875.7 0 0.0124423
12876.6 0 0.0125061
12877.5 0 0.01257
12878.5 0 0.0126339
12879.4 0 0.0126978
12880.3 0 0.0127616
12881.2 0 0.0128255
12882 0 0.0128894
12882.9 0 0.0129533
12883.7 0 0.0130172
12884.6 0 0.0130811
12885.4 0 0.013145
12886.2 0 0.013209
12886.9 0 0.0132729
12887.7 0 0.0133368
12888.5 0 0.0134008
12889.2 0 0.0134648
12889.9 0 0.0135287
12890.6 0 0.0135927
12891.3 0 0.0136567
12892 0 0.0137207
12892.7 0 0.0137848
12893.3 0 0.0138488
12894 0 0.0139129
12894.6 0 0.0139769
12895.2 0 0.014041
12895.8 0 0.0141051
12896.4 0 0.0141692
12897 0 0.0142333
12897.6 0 0.0142974
12898.1 0 0.0143615
12898.7 0 0.0144257
12899.2 0 0.0144898
12899.8 0 0.014554
12900.3 0 0.0146182
12900.7 0 0.0146826
12901.2 0 0.0147471
12901.6 0 0.0148115
12902 0 0.014876
12902.5 0 0.0149405
12902.9 0 0.015005
12903.3 0 0.0150695
12903.7 0 0.015134
12904.1 0 0.0151985
12904.5 0 0.015263
12904.8 0 0.0153275
12905.2 0 0.015392
12905.5 0 0.0154566
12905.9 0 0.0155211
12906.2 0 0.0155856
12906.6 0 0.0156502
12906.9 0 0.0157147
12907.2 0 0.0157792
12907.5 0 0.0158438
12907.9 0 0.0159083
12908.2 0 0.0159728
12908.5 0 0.0160374
12908.8 0 0.0161019
12909 0 0.0161664
12909.3 0 0.0162309
12909.6 0 0.0162955
12909.9 0 0.01636
12910.2 0 0.0164245
12910.4 0 0.016489
12910.7 0 0.0165535
12910.9 0 0.016618
12911.2 0 0.0166825
12911.4 0 0.016747
12911.7 0 0.0168115
12911.9 0 0.016876
12912.2 0 0.0169404
12912.4 0 0.0170049
12912.6 0 0.0170694
12912.9 0 0.0171338
12913.1 0 0.0171983
12913.3 0 0.0172627
12913.5 0 0.0173272
12913.7 0 0.0173916
12913.9 0 0.017456
12914.1 0 0.0175205
12914.3 0 0.0175849
12914.5 0 0.0176493
12914.7 0 0.0177137
12914.9 0 0.0177781
12915.1 0 0.0178425
12915.3 0 0.0179068
12915.5 0 0.0179712
12915.7 0 0.0180356
12915.9 0 0.0180999
12916 0 0.0181643
12916.2 0 0.0182286
12916.4 0 0.0182929
12916.6 0 0.0183573
12916.7 0 0.0184216
12916.9 0 0.0184859
12917 0 0.0185502
12917.2 0 0.0186145
12917.4 0 0.0186787
12917.5 0 0.018743
12917.7 0 0.0188073
12917.8 0 0.0188715
12918 0 0.0189358
12918.1 0 0.019
12918.2 0 0.0190643
12918.4 0 0.0191285
12918.5 0 0.0191927
12918.7 0 0.0192569
12918.8 0 0.0193211
12918.9 0 0.0193853
12919.1 0 0.0194495
12919.3 0 0.0195136
12919.6 0 0.0195777
12920.2 0 0.0196417
12921.1 0 0.0197056
12922.2 0 0.0197694
12923.4 0 0.0198331
12924.8 0 0.0198968
12926.3 0 0.0199605
12927.9 0 0.0200241
12929.8 0 0.0200875
12931.8 0 0.020151
12933.7 0 0.0202144
12935.7 0 0.0202778
12937.6 0 0.0203412
12939.6 0 0.0204046
12941.8 0 0.0204679
12944.1 0 0.0205311
12946.6 0 0.0205943
12949.3 0 0.0206574
12951.9 0 0.0207205
12954.5 0 0.0207835
12957.1 0 0.0208466
12959.7 0 0.0209096
12962.3 0 0.0209727
12964.9 0 0.0210357
12967.5 0 0.0210987
12970.2 0 0.0211617
12973 0 0.0212246
12976 0 0.0212874
12979.1 0 0.0213502
12982.4 0 0.0214128
12985.6 0 0.0214755
12988.8 0 0.0215382
12992 0 0.0216009
12995.2 0 0.0216636
12998.4 0 0.0217262
13001.6 0 0.0217889
13004.8 0 0.0218515
13008 0 0.0219141
13011.2 0 0.0219767
13014.4 0 0.0220393
13017.6 0 0.0221018
13020.9 0 0.0221643
13024.2 0 0.0222268
13027.7 0 0.0222892
13031.3 0 0.0223515
13035 0 0.0224138
13038.8 0 0.022476
13042.5 0 0.0225382
13046.3 0 0.0226004
13050 0 0.0226626
13053.7 0 0.0227247
13057.5 0 0.0227869
13061.2 0 0.022849
13064.9 0 0.0229111
13068.7 0 0.0229732
13072.4 0 0.0230353
13076.1 0 0.0230973
13079.8 0 0.0231594
13083.5 0 0.0232214
13087.2 0 0.0232834
13090.9 0 0.0233454
13094.6 0 0.0234074
13098.4 0 0.0234693
13102.2 0 0.0235312
13106.1 0 0.023593
13110 0 0.0236548
13114.2 0 0.0237164
13118.4 0 0.023778
13122.6 0 0.0238396
13126.8 0 0.0239012
13130.9 0 0.0239627
13135.1 0 0.0240242
13139.3 0 0.0240857
13143.5 0 0.0241472
13147.6 0 0.0242087
13151.8 0 0.0242701
13155.9 0 0.0243315
13160.1 0 0.0243929
13164.3 0 0.0244543
13168.4 0 0.0245156
13172.5 0 0.0245769
13176.7 0 0.0246382
13180.8 0 0.0246995
13185 0 0.0247608
13189.1 0 0.024822
13193.2 0 0.0248832
13197.4 0 0.0249444
13201.5 0 0.0250055
13205.6 0 0.0250667
13209.7 0 0.0251278
13213.9 0 0.0251889
13218.1 0 0.0252499
13222.4 0 0.0253108
13226.7 0 0.0253717
13231.2 0 0.0254325
13235.7 0 0.0254932
13240.2 0 0.0255538
13244.8 0 0.0256145
13249.3 0 0.0256751
13253.8 0 0.0257357
13258.3 0 0.0257963
13262.8 0 0.0258568
13267.3 0 0.0259173
13271.8 0 0.0259778
13276.3 0 0.0260382
13280.8 0 0.0260986
13285.3 0 0.026159
13289.8 0 0.0262194
13294.3 0 0.0262797
13298.7 0 0.02634
13303.2 0 0.0264003
13307.7 0 0.0264605
13312.2 0 0.0265207
13316.6 0 0.0265809
13321.1 0 0.0266411
13325.5 0 0.0267012
13330 0 0.0267613
13334.4 0 0.0268213
13338.9 0 0.0268814
13343.3 0 0.0269414
13347.7 0 0.0270013
13352.2 0 0.0270613
13356.6 0 0.0271212
13361 0 0.0271811
13365.5 0 0.0272409
13369.9 0 0.0273007
13374.3 0 0.0273605
13378.8 0 0.0274202
13383.3 0 0.0274799
13387.9 0 0.0275395
13392.5 0 0.027599
13397.2 0 0.0276584
13402 0 0.0277178
13406.7 0 0.0277771
13411.5 0 0.0278363
13416.2 0 0.0278955
13420.9 0 0.0279547
13425.7 0 0.0280139
13430.4 0 0.028073
13435.1 0 0.0281321
13439.8 0 0.0281912
13444.5 0 0.0282502
13449.3 0 0.0283092
13454 0 0.0283681
13458.7 0 0.0284271
13463.4 0 0.028486
13468.1 0 0.0285448
13472.8 0 0.0286037
13477.4 0 0.0286624
13482.1 0 0.0287212
13486.8 0 0.0287799
13491.5 0 0.0288386
13496.2 0 0.0288973
13500.8 0 0.0289559
13505.5 0 0.0290145
13510.1 0 0.0290731
13514.8 0 0.0291316
13519.5 0 0.0291901
13524.1 0 0.0292486
13528.8 0 0.029307
13533.4 0 0.0293654
13538 0 0.0294238
13542.7 0 0.0294821
13547.3 0 0.0295404
13551.9 0 0.0295987
13556.6 0 0.0296569
13561.2 0 0.0297151
13565.8 0 0.0297733
13570.4 0 0.0298314
13575 0 0.0298895
13579.6 0 0.0299476
13584.2 0 0.0300056
13588.8 0 0.0300637
13593.4 0 0.0301216
13598 0 0.0301796
13602.7 0 0.0302375
13607.4 0 0.0302954
13612.1 0 0.0303531
13616.8 0 0.0304109
13621.6 0 0.0304685
13410.3 0 0.0303902
13470.1 0 0.0304057
13494.5 0 0.030436
