0 -58.4752 -2.26119e-06
634.56 -413.491 -1.59983e-05
1173.57 -650.733 -2.51919e-05
1709.92 -888.378 -3.44158e-05
2243.81 -1129.88 -4.38072e-05
2775.24 -1376.21 -5.34071e-05
3304.22 -1627.4 -6.32202e-05
3830.74 -1883.8 -7.32647e-05
4354.77 -2145.56 -8.35497e-05
4876.15 -2412.53 -9.40739e-05
5394.56 -2684.38 -0.000104828
5909.16 -2960.37 -0.000115789
6418.2 -3238.98 -0.000126899
6918.36 -3517.35 -0.000138047
7403.99 -3790.39 -0.00014903
7866.83 -4051.24 -0.000159571
8297.18 -4290.93 -0.000169299
8686.59 -4501.24 -0.000177869
9030.8 -4677.43 -0.000185075
9330.49 -4817.63 -0.000190826
9590.04 -4924.44 -0.000195218
9815.21 -5001.81 -0.000198405
10011.7 -5053.8 -0.000200549
10184.8 -5084.59 -0.000201821
10338.5 -5096.13 -0.000202297
10475.8 -5078.72 -0.000201624
10599.4 -5040.24 -0.000200136
10711.4 -4981.32 -0.000197858
10812.7 -4901.13 -0.000194757
10905.5 -4809.27 -0.000191205
10991.1 -4706.99 -0.00018725
11070.4 -4595.36 -0.000182933
11143.9 -4473.44 -0.000178219
11212.1 -4337.92 -0.000172978
11276 -4195.21 -0.00016746
11335.9 -4045.97 -0.00016169
11392.3 -3890.84 -0.000155691
11445.5 -3730.37 -0.000149486
11495.9 -3565.02 -0.000143092
11543.8 -3395.22 -0.000136526
11589.3 -3221.31 -0.000129802
11632.4 -3040.98 -0.000122828
11673.3 -2853.42 -0.000115576
11712.4 -2662.53 -0.000108195
11749.8 -2468.61 -0.000100696
11785.6 -2271.93 -9.30906e-05
11820.1 -2072.74 -8.53887e-05
11853.2 -1871.29 -7.7599e-05
11885.1 -1667.77 -6.97292e-05
11915.6 -1464.09 -6.18531e-05
11945 -1259.89 -5.39571e-05
11972.9 -1042.62 -4.55557e-05
11999.8 -822.97 -3.70624e-05
12025.7 -601.967 -2.85166e-05
12050.7 -379.723 -1.99229e-05
12074.7 -156.126 -1.12769e-05
12097.7 0 -2.42024e-06
12119.8 0 6.882e-06
12141.1 0 1.62095e-05
12161.8 0 2.55568e-05
12181.9 0 3.49193e-05
12201.4 0 4.42932e-05
12220.3 0 5.36756e-05
12238.6 0 6.30635e-05
12256.3 0 7.24545e-05
12273.3 0 8.20822e-05
12289.7 0 9.18381e-05
12305.5 0 0.000101592
12320.9 0 0.000111341
12335.7 0 0.00012131
12349.8 0 0.000131916
12363.5 0 0.000142515
12376.5 0 0.000153006
12388.8 0 0.000163583
12400.7 0 0.000174139
12412.4 0 0.000184673
12423.7 0 0.000195182
12434.7 0 0.000205666
12445.5 0 0.000216123
12455.9 0 0.000226555
12466.1 0 0.000236961
12476 0 0.000247343
12485.7 0 0.000257702
12495.1 0 0.00026804
12504.3 0 0.000278357
12513.2 0 0.000288657
12521.8 0 0.000298939
12530.3 0 0.000309205
12538.4 0 0.000319456
12546.4 0 0.000329692
12554.2 0 0.000339913
12561.7 0 0.00035012
12569 0 0.000360311
12576.2 0 0.000370486
12583.1 0 0.000380645
12589.9 0 0.000390785
12596.5 0 0.000400906
12603 0 0.000411006
12609.3 0 0.000421085
12615.5 0 0.00043114
12621.6 0 0.000441172
12627.5 0 0.000451178
12633.3 0 0.000461171
12638.9 0 0.000471167
12644.3 0 0.000481105
12649.5 0 0.000491002
12654.6 0 0.000501009
12659.6 0 0.000511445
12664.4 0 0.000521853
12669.2 0 0.000532235
12673.9 0 0.000542589
12678.6 0 0.000552916
12683.1 0 0.000563217
12687.6 0 0.000573491
12692 0 0.00058374
12696.3 0 0.000593963
12700.6 0 0.000604161
12704.8 0 0.000614335
12708.9 0 0.000624486
12713 0 0.000634614
12717 0 0.000644721
12720.9 0 0.000654807
12724.7 0 0.000664874
12728.5 0 0.000674921
12732.1 0 0.000685211
12735.7 0 0.000695759
12739.2 0 0.000706294
12742.7 0 0.000716821
12746 0 0.000727338
12749.3 0 0.000737846
12752.5 0 0.000748561
12755.5 0 0.000760367
12758.3 0 0.000772323
12761.2 0 0.000784295
12763.9 0 0.000796284
12766.6 0 0.000808289
12769.2 0 0.000820311
12771.7 0 0.000832543
12774.1 0 0.000845055
12776.4 0 0.000857587
12778.6 0 0.000870137
12780.8 0 0.000882705
12783 0 0.000895289
12785.1 0 0.000907886
12787.2 0 0.000920495
12789.2 0 0.000933115
12791.2 0 0.000945742
12793.2 0 0.000958376
12795.1 0 0.000971013
12797 0 0.000983653
12798.8 0 0.000996292
12800.6 0 0.00100893
12802.4 0 0.00102157
12804.2 0 0.0010342
12805.9 0 0.00104682
12807.7 0 0.00105943
12809.4 0 0.00107204
12811 0 0.00108464
12812.7 0 0.00109722
12814.3 0 0.00110979
12815.9 0 0.00112235
12817.5 0 0.0011349
12819.1 0 0.00114743
12820.7 0 0.00115994
12822.2 0 0.00117244
12823.7 0 0.00118492
12825.2 0 0.00119739
12826.7 0 0.00120983
12828.2 0 0.00122226
12829.7 0 0.00123468
12831.1 0 0.00124707
12832.6 0 0.00125944
12834 0 0.0012718
12835.4 0 0.00128414
12836.8 0 0.00129646
12838.2 0 0.00130877
12839.5 0 0.00132105
12840.9 0 0.00133332
12842.2 0 0.00134557
12843.6 0 0.0013578
12844.9 0 0.00137001
12846.2 0 0.00138221
12847.5 0 0.00139439
12848.7 0 0.00140655
12850 0 0.0014187
12851.3 0 0.00143083
12852.5 0 0.00144295
12853.7 0 0.00145505
12855 0 0.00146714
12856.2 0 0.00147922
12857.4 0 0.00149128
12858.5 0 0.00150333
12859.7 0 0.00151537
12860.9 0 0.0015274
12862 0 0.00153942
12863.1 0 0.00155143
12864.3 0 0.00156344
12865.4 0 0.00157543
12866.4 0 0.00158742
12867.5 0 0.0015994
12868.6 0 0.00161137
12869.6 0 0.00162334
12870.7 0 0.00163531
12871.7 0 0.00164727
12872.7 0 0.00165922
12873.7 0 0.00167118
12874.7 0 0.00168314
12875.7 0 0.00169509
12876.6 0 0.00170705
12877.5 0 0.00171901
12878.5 0 0.00173097
12879.4 0 0.00174293
12880.3 0 0.0017549
12881.2 0 0.00176687
12882 0 0.00177884
12882.9 0 0.00179083
12883.7 0 0.00180282
12884.6 0 0.00181482
12885.4 0 0.00182683
12886.2 0 0.00183884
12886.9 0 0.00185087
12887.7 0 0.0018629
12888.5 0 0.00187495
12889.2 0 0.00188701
12889.9 0 0.00189907
12890.6 0 0.00191115
12891.3 0 0.00192325
12892 0 0.00193535
12892.7 0 0.00194747
12893.3 0 0.00195959
12894 0 0.00197173
12894.6 0 0.00198389
12895.2 0 0.00199605
12895.8 0 0.00200823
12896.4 0 0.00202041
12897 0 0.00203261
12897.6 0 0.00204482
12898.1 0 0.00205704
12898.7 0 0.00206927
12899.2 0 0.00208152
12899.8 0 0.00209377
12900.3 0 0.00210604
12900.7 0 0.00211858
12901.2 0 0.00213112
12901.6 0 0.00214368
12902 0 0.00215624
12902.5 0 0.00216881
12902.9 0 0.00218138
12903.3 0 0.00219397
12903.7 0 0.00220656
12904.1 0 0.00221915
12904.5 0 0.00223175
12904.8 0 0.00224436
12905.2 0 0.00225697
12905.5 0 0.00226958
12905.9 0 0.00228219
12906.2 0 0.00229481
12906.6 0 0.00230743
12906.9 0 0.00232004
12907.2 0 0.00233266
12907.5 0 0.00234528
12907.9 0 0.0023579
12908.2 0 0.00237052
12908.5 0 0.00238314
12908.8 0 0.00239575
12909 0 0.00240837
12909.3 0 0.00242098
12909.6 0 0.00243359
12909.9 0 0.00244619
12910.2 0 0.00245879
12910.4 0 0.00247139
12910.7 0 0.00248399
12910.9 0 0.00249658
12911.2 0 0.00250916
12911.4 0 0.00252174
12911.7 0 0.00253432
12911.9 0 0.00254689
12912.2 0 0.00255945
12912.4 0 0.00257201
12912.6 0 0.00258456
12912.9 0 0.00259711
12913.1 0 0.00260965
12913.3 0 0.00262219
12913.5 0 0.00263471
12913.7 0 0.00264723
12913.9 0 0.00265975
12914.1 0 0.00267226
12914.3 0 0.00268476
12914.5 0 0.00269725
12914.7 0 0.00270973
12914.9 0 0.00272221
12915.1 0 0.00273468
12915.3 0 0.00274715
12915.5 0 0.0027596
12915.7 0 0.00277205
12915.9 0 0.00278449
12916 0 0.00279692
12916.2 0 0.00280935
12916.4 0 0.00282177
12916.6 0 0.00283417
12916.7 0 0.00284657
12916.9 0 0.00285897
12917 0 0.00287135
12917.2 0 0.00288373
12917.4 0 0.0028961
12917.5 0 0.00290846
12917.7 0 0.00292081
12917.8 0 0.00293315
12918 0 0.00294549
12918.1 0 0.00295781
12918.2 0 0.00297013
12918.4 0 0.00298244
12918.5 0 0.00299474
12918.7 0 0.00300704
12918.8 0 0.00301932
12918.9 0 0.0030316
12919.1 0 0.00304386
12919.3 0 0.0030561
12919.6 0 0.00306827
12920.2 0 0.00308036
12921.1 0 0.00309234
12922.2 0 0.00310422
12923.4 0 0.00311605
12924.8 0 0.00312783
12926.3 0 0.00313955
12927.9 0 0.00315121
12929.8 0 0.00316277
12931.8 0 0.00317429
12933.7 0 0.0031858
12935.7 0 0.00319731
12937.6 0 0.00320879
12939.6 0 0.00322024
12941.8 0 0.00323163
12944.1 0 0.00324295
12946.6 0 0.00325418
12949.3 0 0.00326536
12951.9 0 0.00327653
12954.5 0 0.00328769
12957.1 0 0.00329883
12959.7 0 0.00330996
12962.3 0 0.00332108
12964.9 0 0.00333218
12967.5 0 0.00334327
12970.2 0 0.00335431
12973 0 0.0033653
12976 0 0.00337622
12979.1 0 0.00338704
12982.4 0 0.00339782
12985.6 0 0.00340859
12988.8 0 0.00341936
12992 0 0.00343012
12995.2 0 0.00344087
12998.4 0 0.0034516
13001.6 0 0.00346232
13004.8 0 0.00347303
13008 0 0.00348372
13011.2 0 0.00349439
13014.4 0 0.00350505
13017.6 0 0.0035157
13020.9 0 0.0035263
13024.2 0 0.00353685
13027.7 0 0.00354733
13031.3 0 0.00355776
13035 0 0.00356807
13038.8 0 0.00357838
13042.5 0 0.00358867
13046.3 0 0.00359895
13050 0 0.00360921
13053.7 0 0.00361945
13057.5 0 0.00362968
13061.2 0 0.00363989
13064.9 0 0.00365008
13068.7 0 0.00366025
13072.4 0 0.00367041
13076.1 0 0.00368055
13079.8 0 0.00369067
13083.5 0 0.00370077
13087.2 0 0.00371086
13090.9 0 0.00372093
13094.6 0 0.00373097
13098.4 0 0.00374099
13102.2 0 0.00375095
13106.1 0 0.00376085
13110 0 0.00377069
13114.2 0 0.00378043
13118.4 0 0.00379012
13122.6 0 0.00379979
13126.8 0 0.00380943
13130.9 0 0.00381906
13135.1 0 0.00382866
13139.3 0 0.00383824
13143.5 0 0.0038478
13147.6 0 0.00385734
13151.8 0 0.00386685
13155.9 0 0.00387634
13160.1 0 0.00388581
13164.3 0 0.00389526
13168.4 0 0.00390468
13172.5 0 0.00391408
13176.7 0 0.00392346
13180.8 0 0.00393282
13185 0 0.00394215
13189.1 0 0.00395146
13193.2 0 0.00396074
13197.4 0 0.00397
13201.5 0 0.00397923
13205.6 0 0.00398844
13209.7 0 0.00399763
13213.9 0 0.00400678
13218.1 0 0.00401586
13222.4 0 0.00402489
13226.7 0 0.00403384
13231.2 0 0.00404271
13235.7 0 0.00405149
13240.2 0 0.00406024
13244.8 0 0.00406897
13249.3 0 0.00407766
13253.8 0 0.00408633
13258.3 0 0.00409497
13262.8 0 0.00410358
13267.3 0 0.00411216
13271.8 0 0.00412071
13276.3 0 0.00412924
13280.8 0 0.00413773
13285.3 0 0.0041462
13289.8 0 0.00415463
13294.3 0 0.00416304
13298.7 0 0.00417141
13303.2 0 0.00417976
13307.7 0 0.00418808
13312.2 0 0.00419637
13316.6 0 0.00420462
13321.1 0 0.00421285
13325.5 0 0.00422105
13330 0 0.00422921
13334.4 0 0.00423735
13338.9 0 0.00424545
13343.3 0 0.00425353
13347.7 0 0.00426157
13352.2 0 0.00426959
13356.6 0 0.00427757
13361 0 0.00428552
13365.5 0 0.00429344
13369.9 0 0.00430133
13374.3 0 0.0043092
13378.8 0 0.004317
13383.3 0 0.00432473
13387.9 0 0.0043324
13392.5 0 0.00433999
13397.2 0 0.0043475
13402 0 0.0043549
13406.7 0 0.00436227
13411.5 0 0.0043696
13416.2 0 0.0043769
13420.9 0 0.00438417
13425.7 0 0.0043914
13430.4 0 0.0043986
13435.1 0 0.00440576
13439.8 0 0.0044129
13444.5 0 0.00441999
13449.3 0 0.00442706
13454 0 0.00443409
13458.7 0 0.00444109
13463.4 0 0.00444806
13468.1 0 0.00445499
13472.8 0 0.00446189
13477.4 0 0.00446875
13482.1 0 0.00447559
13486.8 0 0.00448239
13491.5 0 0.00448915
13496.2 0 0.00449589
13500.8 0 0.00450259
13505.5 0 0.00450925
13510.1 0 0.00451589
13514.8 0 0.00452249
13519.5 0 0.00452906
13524.1 0 0.00453559
13528.8 0 0.0045421
13533.4 0 0.00454857
13538 0 0.004555
13542.7 0 0.00456141
13547.3 0 0.00456778
13551.9 0 0.00457412
13556.6 0 0.00458043
13561.2 0 0.0045867
13565.8 0 0.00459295
13570.4 0 0.00459916
13575 0 0.00460533
13579.6 0 0.00461148
13584.2 0 0.00461759
13588.8 0 0.00462368
13593.4 0 0.00462973
13598 0 0.00463576
13602.7 0 0.00464175
13607.4 0 0.00464767
13612.1 0 0.00465352
13616.8 0 0.00465931
13621.6 0 0.00466506
13410.3 0 0.00453478
13470.1 0 0.00449837
13494.5 0 0.00447668
