0 -58.4752 -2.26119e-06
634.56 0 5.30432e-05
1173.57 0 0.000112897
1709.92 0 0.000172721
2243.81 0 0.000232377
2775.24 0 0.000291823
3304.22 0 0.000351056
3830.74 0 0.000410058
4354.77 0 0.000468819
4876.15 0 0.000527341
5394.56 0 0.000585633
5909.16 0 0.000643718
6418.2 0 0.000701655
6918.36 0 0.000759553
7403.99 0 0.000817616
7866.83 0 0.000876121
8297.18 0 0.00093544
8686.59 0 0.000995915
9030.8 0 0.00105776
9330.49 0 0.00112105
9590.04 0 0.00118571
9815.21 0 0.00125158
10011.7 0 0.0013185
10184.8 0 0.0013863
10338.5 0 0.00145489
10475.8 0 0.0015246
10599.4 0 0.00159512
10711.4 0 0.00166642
10812.7 0 0.00173855
10905.5 0 0.00181114
10991.1 0 0.00188413
11070.4 0 0.00195748
11143.9 0 0.00203123
11212.1 0 0.0021055
11276 0 0.00218005
11335.9 0 0.00225485
11392.3 0 0.00232988
11445.5 0 0.00240511
11495.9 0 0.00248054
11543.8 0 0.00255613
11589.3 0 0.00263188
11632.4 0 0.00270788
11673.3 0 0.00278417
11712.4 0 0.00286058
11749.8 0 0.00293711
11785.6 0 0.00301375
11820.1 0 0.00309049
11853.2 0 0.00316731
11885.1 0 0.00324421
11915.6 0 0.00332114
11945 0 0.0033981
11972.9 0 0.00347556
11999.8 0 0.00355311
12025.7 0 0.00363071
12050.7 0 0.00370836
12074.7 0 0.00378609
12097.7 0 0.00386402
12119.8 0 0.00394237
12141.1 0 0.00402075
12161.8 0 0.00409915
12181.9 0 0.00417757
12201.4 0 0.00425599
12220.3 0 0.00433443
12238.6 0 0.00441287
12256.3 0 0.00449132
12273.3 0 0.00457
12289.7 0 0.0046488
12305.5 0 0.00472761
12320.9 0 0.0048064
12335.7 0 0.00488541
12349.8 0 0.00496502
12363.5 0 0.00504461
12376.5 0 0.00512415
12388.8 0 0.0052038
12400.7 0 0.00528343
12412.4 0 0.00536304
12423.7 0 0.00544262
12434.7 0 0.00552218
12445.5 0 0.00560171
12455.9 0 0.00568122
12466.1 0 0.0057607
12476 0 0.00584016
12485.7 0 0.00591959
12495.1 0 0.00599901
12504.3 0 0.0060784
12513.2 0 0.00615778
12521.8 0 0.00623714
12530.3 0 0.00631649
12538.4 0 0.00639582
12546.4 0 0.00647513
12554.2 0 0.00655443
12561.7 0 0.00663372
12569 0 0.00671299
12576.2 0 0.00679225
12583.1 0 0.00687149
12589.9 0 0.00695071
12596.5 0 0.00702991
12603 0 0.0071091
12609.3 0 0.00718826
12615.5 0 0.00726739
12621.6 0 0.00734651
12627.5 0 0.0074256
12633.3 0 0.00750468
12638.9 0 0.00758378
12644.3 0 0.00766286
12649.5 0 0.0077419
12654.6 0 0.00782105
12659.6 0 0.00790061
12664.4 0 0.00798013
12669.2 0 0.00805963
12673.9 0 0.0081391
12678.6 0 0.00821855
12683.1 0 0.00829797
12687.6 0 0.00837737
12692 0 0.00845674
12696.3 0 0.00853608
12700.6 0 0.0086154
12704.8 0 0.0086947
12708.9 0 0.00877398
12713 0 0.00885323
12717 0 0.00893247
12720.9 0 0.00901168
12724.7 0 0.00909088
12728.5 0 0.00917006
12732.1 0 0.00924946
12735.7 0 0.00932911
12739.2 0 0.00940874
12742.7 0 0.00948837
12746 0 0.00956799
12749.3 0 0.0096476
12752.5 0 0.0097274
12755.5 0 0.00980825
12758.3 0 0.00988924
12761.2 0 0.00997025
12763.9 0 0.0100513
12766.6 0 0.0101323
12769.2 0 0.0102134
12771.7 0 0.0102946
12774.1 0 0.0103762
12776.4 0 0.0104578
12778.6 0 0.0105394
12780.8 0 0.010621
12783 0 0.0107026
12785.1 0 0.0107842
12787.2 0 0.0108659
12789.2 0 0.0109475
12791.2 0 0.0110292
12793.2 0 0.0111109
12795.1 0 0.0111925
12797 0 0.0112742
12798.8 0 0.0113559
12800.6 0 0.0114375
12802.4 0 0.0115192
12804.2 0 0.0116009
12805.9 0 0.0116825
12807.7 0 0.0117642
12809.4 0 0.0118458
12811 0 0.0119274
12812.7 0 0.012009
12814.3 0 0.0120906
12815.9 0 0.0121722
12817.5 0 0.0122538
12819.1 0 0.0123354
12820.7 0 0.0124169
12822.2 0 0.0124984
12823.7 0 0.0125799
12825.2 0 0.0126614
12826.7 0 0.0127429
12828.2 0 0.0128244
12829.7 0 0.0129058
12831.1 0 0.0129872
12832.6 0 0.0130686
12834 0 0.01315
12835.4 0 0.0132314
12836.8 0 0.0133127
12838.2 0 0.0133941
12839.5 0 0.0134754
12840.9 0 0.0135567
12842.2 0 0.0136379
12843.6 0 0.0137192
12844.9 0 0.0138004
12846.2 0 0.0138817
12847.5 0 0.0139629
12848.7 0 0.0140441
12850 0 0.0141252
12851.3 0 0.0142064
12852.5 0 0.0142876
12853.7 0 0.0143687
12855 0 0.0144498
12856.2 0 0.0145309
12857.4 0 0.014612
12858.5 0 0.0146931
12859.7 0 0.0147742
12860.9 0 0.0148552
12862 0 0.0149363
12863.1 0 0.0150173
12864.3 0 0.0150983
12865.4 0 0.0151794
12866.4 0 0.0152604
12867.5 0 0.0153414
12868.6 0 0.0154224
12869.6 0 0.0155034
12870.7 0 0.0155844
12871.7 0 0.0156654
12872.7 0 0.0157464
12873.7 0 0.0158274
12874.7 0 0.0159084
12875.7 0 0.0159893
12876.6 0 0.0160703
12877.5 0 0.0161513
12878.5 0 0.0162323
12879.4 0 0.0163133
12880.3 0 0.0163943
12881.2 0 0.0164753
12882 0 0.0165563
12882.9 0 0.0166373
12883.7 0 0.0167183
12884.6 0 0.0167994
12885.4 0 0.0168804
12886.2 0 0.0169615
12886.9 0 0.0170425
12887.7 0 0.0171236
12888.5 0 0.0172047
12889.2 0 0.0172857
12889.9 0 0.0173668
12890.6 0 0.0174479
12891.3 0 0.0175291
12892 0 0.0176102
12892.7 0 0.0176913
12893.3 0 0.0177725
12894 0 0.0178537
12894.6 0 0.0179348
12895.2 0 0.018016
12895.8 0 0.0180972
12896.4 0 0.0181784
12897 0 0.0182597
12897.6 0 0.0183409
12898.1 0 0.0184221
12898.7 0 0.0185034
12899.2 0 0.0185847
12899.8 0 0.0186659
12900.3 0 0.0187472
12900.7 0 0.0188288
12901.2 0 0.0189104
12901.6 0 0.018992
12902 0 0.0190736
12902.5 0 0.0191552
12902.9 0 0.0192368
12903.3 0 0.0193184
12903.7 0 0.0194001
12904.1 0 0.0194817
12904.5 0 0.0195633
12904.8 0 0.019645
12905.2 0 0.0197266
12905.5 0 0.0198083
12905.9 0 0.0198899
12906.2 0 0.0199716
12906.6 0 0.0200532
12906.9 0 0.0201349
12907.2 0 0.0202166
12907.5 0 0.0202982
12907.9 0 0.0203799
12908.2 0 0.0204615
12908.5 0 0.0205432
12908.8 0 0.0206248
12909 0 0.0207065
12909.3 0 0.0207881
12909.6 0 0.0208698
12909.9 0 0.0209514
12910.2 0 0.0210331
12910.4 0 0.0211147
12910.7 0 0.0211963
12910.9 0 0.021278
12911.2 0 0.0213596
12911.4 0 0.0214412
12911.7 0 0.0215228
12911.9 0 0.0216044
12912.2 0 0.021686
12912.4 0 0.0217676
12912.6 0 0.0218492
12912.9 0 0.0219308
12913.1 0 0.0220124
12913.3 0 0.0220939
12913.5 0 0.0221755
12913.7 0 0.022257
12913.9 0 0.0223386
12914.1 0 0.0224201
12914.3 0 0.0225017
12914.5 0 0.0225832
12914.7 0 0.0226647
12914.9 0 0.0227462
12915.1 0 0.0228278
12915.3 0 0.0229093
12915.5 0 0.0229907
12915.7 0 0.0230722
12915.9 0 0.0231537
12916 0 0.0232352
12916.2 0 0.0233166
12916.4 0 0.0233981
12916.6 0 0.0234795
12916.7 0 0.023561
12916.9 0 0.0236424
12917 0 0.0237238
12917.2 0 0.0238052
12917.4 0 0.0238867
12917.5 0 0.0239681
12917.7 0 0.0240494
12917.8 0 0.0241308
12918 0 0.0242122
12918.1 0 0.0242936
12918.2 0 0.0243749
12918.4 0 0.0244563
12918.5 0 0.0245376
12918.7 0 0.0246189
12918.8 0 0.0247003
12918.9 0 0.0247816
12919.1 0 0.0248629
12919.3 0 0.0249442
12919.6 0 0.0250254
12920.2 0 0.0251065
12921.1 0 0.0251875
12922.2 0 0.0252684
12923.4 0 0.0253493
12924.8 0 0.0254301
12926.3 0 0.0255109
12927.9 0 0.0255916
12929.8 0 0.0256722
12931.8 0 0.0257528
12933.7 0 0.0258333
12935.7 0 0.0259139
12937.6 0 0.0259944
12939.6 0 0.0260749
12941.8 0 0.0261554
12944.1 0 0.0262357
12946.6 0 0.026316
12949.3 0 0.0263962
12951.9 0 0.0264765
12954.5 0 0.0265567
12957.1 0 0.0266369
12959.7 0 0.026717
12962.3 0 0.0267972
12964.9 0 0.0268774
12967.5 0 0.0269575
12970.2 0 0.0270376
12973 0 0.0271176
12976 0 0.0271976
12979.1 0 0.0272775
12982.4 0 0.0273573
12985.6 0 0.0274372
12988.8 0 0.027517
12992 0 0.0275968
12995.2 0 0.0276766
12998.4 0 0.0277564
13001.6 0 0.0278361
13004.8 0 0.0279159
13008 0 0.0279956
13011.2 0 0.0280753
13014.4 0 0.0281551
13017.6 0 0.0282348
13020.9 0 0.0283144
13024.2 0 0.028394
13027.7 0 0.0284735
13031.3 0 0.028553
13035 0 0.0286324
13038.8 0 0.0287117
13042.5 0 0.0287911
13046.3 0 0.0288704
13050 0 0.0289497
13053.7 0 0.029029
13057.5 0 0.0291083
13061.2 0 0.0291876
13064.9 0 0.0292668
13068.7 0 0.029346
13072.4 0 0.0294252
13076.1 0 0.0295044
13079.8 0 0.0295836
13083.5 0 0.0296628
13087.2 0 0.0297419
13090.9 0 0.029821
13094.6 0 0.0299001
13098.4 0 0.0299792
13102.2 0 0.0300582
13106.1 0 0.0301372
13110 0 0.030216
13114.2 0 0.0302948
13118.4 0 0.0303736
13122.6 0 0.0304523
13126.8 0 0.030531
13130.9 0 0.0306097
13135.1 0 0.0306884
13139.3 0 0.030767
13143.5 0 0.0308456
13147.6 0 0.0309242
13151.8 0 0.0310028
13155.9 0 0.0310813
13160.1 0 0.0311599
13164.3 0 0.0312384
13168.4 0 0.0313168
13172.5 0 0.0313953
13176.7 0 0.0314737
13180.8 0 0.0315522
13185 0 0.0316305
13189.1 0 0.0317089
13193.2 0 0.0317873
13197.4 0 0.0318656
13201.5 0 0.0319439
13205.6 0 0.0320221
13209.7 0 0.0321004
13213.9 0 0.0321786
13218.1 0 0.0322568
13222.4 0 0.0323348
13226.7 0 0.0324129
13231.2 0 0.0324908
13235.7 0 0.0325686
13240.2 0 0.0326464
13244.8 0 0.0327242
13249.3 0 0.032802
13253.8 0 0.0328797
13258.3 0 0.0329574
13262.8 0 0.0330351
13267.3 0 0.0331128
13271.8 0 0.0331904
13276.3 0 0.033268
13280.8 0 0.0333455
13285.3 0 0.0334231
13289.8 0 0.0335006
13294.3 0 0.033578
13298.7 0 0.0336555
13303.2 0 0.0337329
13307.7 0 0.0338103
13312.2 0 0.0338876
13316.6 0 0.033965
13321.1 0 0.0340423
13325.5 0 0.0341195
13330 0 0.0341968
13334.4 0 0.034274
13338.9 0 0.0343512
13343.3 0 0.0344283
13347.7 0 0.0345054
13352.2 0 0.0345825
13356.6 0 0.0346596
13361 0 0.0347366
13365.5 0 0.0348136
13369.9 0 0.0348905
13374.3 0 0.0349675
13378.8 0 0.0350444
13383.3 0 0.0351212
13387.9 0 0.0351979
13392.5 0 0.0352746
13397.2 0 0.0353512
13402 0 0.0354276
13406.7 0 0.0355041
13411.5 0 0.0355805
13416.2 0 0.0356569
13420.9 0 0.0357332
13425.7 0 0.0358095
13430.4 0 0.0358858
13435.1 0 0.035962
13439.8 0 0.0360383
13444.5 0 0.0361144
13449.3 0 0.0361906
13454 0 0.0362667
13458.7 0 0.0363428
13463.4 0 0.0364188
13468.1 0 0.0364948
13472.8 0 0.0365708
13477.4 0 0.0366468
13482.1 0 0.0367227
13486.8 0 0.0367985
13491.5 0 0.0368744
13496.2 0 0.0369502
13500.8 0 0.037026
13505.5 0 0.0371017
13510.1 0 0.0371775
13514.8 0 0.0372531
13519.5 0 0.0373288
13524.1 0 0.0374044
13528.8 0 0.03748
13533.4 0 0.0375556
13538 0 0.0376311
13542.7 0 0.0377066
13547.3 0 0.037782
13551.9 0 0.0378575
13556.6 0 0.0379328
13561.2 0 0.0380082
13565.8 0 0.0380835
13570.4 0 0.0381588
13575 0 0.0382341
13579.6 0 0.0383093
13584.2 0 0.0383845
13588.8 0 0.0384597
13593.4 0 0.0385348
13598 0 0.0386099
13602.7 0 0.038685
13607.4 0 0.03876
13612.1 0 0.038835
13616.8 0 0.0389098
13621.6 0 0.0389847
13410.3 0 0.0389236
13470.1 0 0.0389563
13494.5 0 0.0390037
