0 -58.4752 -2.26119e-06
634.56 0 3.19867e-05
1173.57 0 7.09049e-05
1709.92 0 0.000109773
2243.81 0 0.000148483
2775.24 0 0.000186973
3304.22 0 0.000225237
3830.74 0 0.000263267
4354.77 0 0.000301058
4876.15 0 0.00033861
5394.56 0 0.000375934
5909.16 0 0.000413052
6418.2 0 0.000450022
6918.36 0 0.000486954
7403.99 0 0.000524047
7866.83 0 0.000561586
8297.18 0 0.000599935
8686.59 0 0.000639435
9030.8 0 0.000680297
9330.49 0 0.000722653
9590.04 0 0.0007664
9815.21 0 0.000811487
10011.7 0 0.000857793
10184.8 0 0.000905025
10338.5 0 0.000953033
10475.8 0 0.00100167
10599.4 0 0.00105091
10711.4 0 0.00110076
10812.7 0 0.00115176
10905.5 0 0.00120319
10991.1 0 0.001255
11070.4 0 0.00130716
11143.9 0 0.00135969
11212.1 0 0.00141272
11276 0 0.00146602
11335.9 0 0.00151955
11392.3 0 0.0015733
11445.5 0 0.00162724
11495.9 0 0.00168137
11543.8 0 0.00173565
11589.3 0 0.00179009
11632.4 0 0.00184481
11673.3 0 0.00189988
11712.4 0 0.00195507
11749.8 0 0.00201037
11785.6 0 0.00206578
11820.1 0 0.00212128
11853.2 0 0.00217687
11885.1 0 0.00223253
11915.6 0 0.00228861
11945 0 0.00234499
11972.9 0 0.00240164
11999.8 0 0.00245838
12025.7 0 0.00251518
12050.7 0 0.00257212
12074.7 0 0.00262952
12097.7 0 0.00268697
12119.8 0 0.00274448
12141.1 0 0.00280202
12161.8 0 0.00285958
12181.9 0 0.00291716
12201.4 0 0.00297476
12220.3 0 0.00303237
12238.6 0 0.00308998
12256.3 0 0.00314761
12273.3 0 0.00320541
12289.7 0 0.00326331
12305.5 0 0.00332122
12320.9 0 0.00337911
12335.7 0 0.00343697
12349.8 0 0.00349473
12363.5 0 0.00355246
12376.5 0 0.00361099
12388.8 0 0.00367018
12400.7 0 0.00372936
12412.4 0 0.00378852
12423.7 0 0.00384767
12434.7 0 0.00390679
12445.5 0 0.0039659
12455.9 0 0.00402499
12466.1 0 0.00408405
12476 0 0.0041431
12485.7 0 0.00420214
12495.1 0 0.00426116
12504.3 0 0.00432017
12513.2 0 0.00437917
12521.8 0 0.00443817
12530.3 0 0.00449715
12538.4 0 0.00455613
12546.4 0 0.0046151
12554.2 0 0.00467407
12561.7 0 0.00473303
12569 0 0.00479198
12576.2 0 0.00485092
12583.1 0 0.00490985
12589.9 0 0.00496876
12596.5 0 0.00502766
12603 0 0.00508654
12609.3 0 0.0051454
12615.5 0 0.00520424
12621.6 0 0.00526306
12627.5 0 0.00532185
12633.3 0 0.00538077
12638.9 0 0.00544005
12644.3 0 0.00549984
12649.5 0 0.00555985
12654.6 0 0.00561984
12659.6 0 0.00567974
12664.4 0 0.00573963
12669.2 0 0.0057995
12673.9 0 0.00585936
12678.6 0 0.0059192
12683.1 0 0.00597903
12687.6 0 0.00603884
12692 0 0.00609864
12696.3 0 0.00615844
12700.6 0 0.00621823
12704.8 0 0.00627801
12708.9 0 0.0063378
12713 0 0.00639758
12717 0 0.00645736
12720.9 0 0.00651715
12724.7 0 0.00657694
12728.5 0 0.00663673
12732.1 0 0.00669646
12735.7 0 0.00675611
12739.2 0 0.00681578
12742.7 0 0.00687543
12746 0 0.0069351
12749.3 0 0.00699477
12752.5 0 0.00705445
12755.5 0 0.00711427
12758.3 0 0.00717413
12761.2 0 0.00723398
12763.9 0 0.00729383
12766.6 0 0.00735369
12769.2 0 0.00741354
12771.7 0 0.00747369
12774.1 0 0.00753421
12776.4 0 0.00759473
12778.6 0 0.00765526
12780.8 0 0.00771578
12783 0 0.00777629
12785.1 0 0.0078368
12787.2 0 0.00789731
12789.2 0 0.0079578
12791.2 0 0.00801829
12793.2 0 0.00807876
12795.1 0 0.00813922
12797 0 0.00819967
12798.8 0 0.00826011
12800.6 0 0.00832053
12802.4 0 0.00838094
12804.2 0 0.00844134
12805.9 0 0.00850171
12807.7 0 0.00856208
12809.4 0 0.00862242
12811 0 0.00868275
12812.7 0 0.00874306
12814.3 0 0.00880336
12815.9 0 0.00886364
12817.5 0 0.0089239
12819.1 0 0.00898414
12820.7 0 0.00904437
12822.2 0 0.00910457
12823.7 0 0.00916477
12825.2 0 0.00922494
12826.7 0 0.0092851
12828.2 0 0.00934523
12829.7 0 0.00940536
12831.1 0 0.00946546
12832.6 0 0.00952555
12834 0 0.00958562
12835.4 0 0.00964568
12836.8 0 0.00970572
12838.2 0 0.00976574
12839.5 0 0.00982575
12840.9 0 0.00988575
12842.2 0 0.00994573
12843.6 0 0.0100057
12844.9 0 0.0100656
12846.2 0 0.0101256
12847.5 0 0.0101855
12848.7 0 0.0102454
12850 0 0.0103053
12851.3 0 0.0103652
12852.5 0 0.0104251
12853.7 0 0.010485
12855 0 0.0105448
12856.2 0 0.0106047
12857.4 0 0.0106645
12858.5 0 0.0107243
12859.7 0 0.0107841
12860.9 0 0.0108439
12862 0 0.0109037
12863.1 0 0.0109635
12864.3 0 0.0110232
12865.4 0 0.011083
12866.4 0 0.0111428
12867.5 0 0.0112025
12868.6 0 0.0112623
12869.6 0 0.011322
12870.7 0 0.0113817
12871.7 0 0.0114415
12872.7 0 0.0115012
12873.7 0 0.011561
12874.7 0 0.0116207
12875.7 0 0.0116804
12876.6 0 0.0117402
12877.5 0 0.0117999
12878.5 0 0.0118597
12879.4 0 0.0119194
12880.3 0 0.0119792
12881.2 0 0.0120389
12882 0 0.0120987
12882.9 0 0.0121584
12883.7 0 0.0122182
12884.6 0 0.0122779
12885.4 0 0.0123377
12886.2 0 0.0123975
12886.9 0 0.0124573
12887.7 0 0.0125171
12888.5 0 0.0125768
12889.2 0 0.0126366
12889.9 0 0.0126964
12890.6 0 0.0127562
12891.3 0 0.012816
12892 0 0.0128758
12892.7 0 0.0129357
12893.3 0 0.0129955
12894 0 0.0130553
12894.6 0 0.0131151
12895.2 0 0.0131749
12895.8 0 0.0132348
12896.4 0 0.0132946
12897 0 0.0133544
12897.6 0 0.0134143
12898.1 0 0.0134741
12898.7 0 0.013534
12899.2 0 0.0135938
12899.8 0 0.0136536
12900.3 0 0.0137135
12900.7 0 0.013774
12901.2 0 0.0138346
12901.6 0 0.0138951
12902 0 0.0139556
12902.5 0 0.0140161
12902.9 0 0.0140767
12903.3 0 0.0141372
12903.7 0 0.0141977
12904.1 0 0.0142583
12904.5 0 0.0143188
12904.8 0 0.0143794
12905.2 0 0.0144399
12905.5 0 0.0145004
12905.9 0 0.014561
12906.2 0 0.0146215
12906.6 0 0.014682
12906.9 0 0.0147426
12907.2 0 0.0148031
12907.5 0 0.0148636
12907.9 0 0.0149242
12908.2 0 0.0149847
12908.5 0 0.0150452
12908.8 0 0.0151057
12909 0 0.0151662
12909.3 0 0.0152267
12909.6 0 0.0152872
12909.9 0 0.0153477
12910.2 0 0.0154082
12910.4 0 0.0154687
12910.7 0 0.0155292
12910.9 0 0.0155897
12911.2 0 0.0156502
12911.4 0 0.0157106
12911.7 0 0.0157711
12911.9 0 0.0158316
12912.2 0 0.015892
12912.4 0 0.0159525
12912.6 0 0.0160129
12912.9 0 0.0160733
12913.1 0 0.0161338
12913.3 0 0.0161942
12913.5 0 0.0162546
12913.7 0 0.016315
12913.9 0 0.0163754
12914.1 0 0.0164358
12914.3 0 0.0164962
12914.5 0 0.0165566
12914.7 0 0.016617
12914.9 0 0.0166774
12915.1 0 0.0167377
12915.3 0 0.0167981
12915.5 0 0.0168585
12915.7 0 0.0169188
12915.9 0 0.0169791
12916 0 0.0170395
12916.2 0 0.0170998
12916.4 0 0.0171601
12916.6 0 0.0172204
12916.7 0 0.0172808
12916.9 0 0.0173411
12917 0 0.0174013
12917.2 0 0.0174616
12917.4 0 0.0175219
12917.5 0 0.0175822
12917.7 0 0.0176425
12917.8 0 0.0177027
12918 0 0.017763
12918.1 0 0.0178232
12918.2 0 0.0178835
12918.4 0 0.0179437
12918.5 0 0.0180039
12918.7 0 0.0180641
12918.8 0 0.0181244
12918.9 0 0.0181846
12919.1 0 0.0182448
12919.3 0 0.0183049
12919.6 0 0.0183651
12920.2 0 0.0184251
12921.1 0 0.0184851
12922.2 0 0.018545
12923.4 0 0.0186048
12924.8 0 0.0186646
12926.3 0 0.0187244
12927.9 0 0.0187841
12929.8 0 0.0188438
12931.8 0 0.0189034
12933.7 0 0.018963
12935.7 0 0.0190226
12937.6 0 0.0190822
12939.6 0 0.0191417
12941.8 0 0.0192012
12944.1 0 0.0192607
12946.6 0 0.0193201
12949.3 0 0.0193794
12951.9 0 0.0194388
12954.5 0 0.0194981
12957.1 0 0.0195574
12959.7 0 0.0196167
12962.3 0 0.0196761
12964.9 0 0.0197354
12967.5 0 0.0197946
12970.2 0 0.0198539
12973 0 0.0199131
12976 0 0.0199722
12979.1 0 0.0200313
12982.4 0 0.0200904
12985.6 0 0.0201494
12988.8 0 0.0202083
12992 0 0.0202671
12995.2 0 0.020326
12998.4 0 0.0203849
13001.6 0 0.0204437
13004.8 0 0.0205025
13008 0 0.0205613
13011.2 0 0.0206202
13014.4 0 0.0206789
13017.6 0 0.0207377
13020.9 0 0.0207965
13024.2 0 0.0208551
13027.7 0 0.0209138
13031.3 0 0.0209723
13035 0 0.0210308
13038.8 0 0.0210893
13042.5 0 0.0211478
13046.3 0 0.0212063
13050 0 0.0212647
13053.7 0 0.0213231
13057.5 0 0.0213816
13061.2 0 0.02144
13064.9 0 0.0214984
13068.7 0 0.0215567
13072.4 0 0.0216151
13076.1 0 0.0216734
13079.8 0 0.0217318
13083.5 0 0.0217901
13087.2 0 0.0218484
13090.9 0 0.0219067
13094.6 0 0.021965
13098.4 0 0.0220232
13102.2 0 0.0220814
13106.1 0 0.0221395
13110 0 0.0221976
13114.2 0 0.0222556
13118.4 0 0.0223136
13122.6 0 0.0223715
13126.8 0 0.0224294
13130.9 0 0.0224873
13135.1 0 0.0225452
13139.3 0 0.0226031
13143.5 0 0.022661
13147.6 0 0.0227188
13151.8 0 0.0227767
13155.9 0 0.0228345
13160.1 0 0.0228923
13164.3 0 0.02295
13168.4 0 0.0230078
13172.5 0 0.0230655
13176.7 0 0.0231232
13180.8 0 0.0231809
13185 0 0.0232386
13189.1 0 0.0232963
13193.2 0 0.0233539
13197.4 0 0.0234115
13201.5 0 0.0234691
13205.6 0 0.0235267
13209.7 0 0.0235843
13213.9 0 0.0236418
13218.1 0 0.0236993
13222.4 0 0.0237567
13226.7 0 0.023814
13231.2 0 0.0238713
13235.7 0 0.0239285
13240.2 0 0.0239857
13244.8 0 0.0240429
13249.3 0 0.0241
13253.8 0 0.0241572
13258.3 0 0.0242143
13262.8 0 0.0242713
13267.3 0 0.0243284
13271.8 0 0.0243855
13276.3 0 0.0244425
13280.8 0 0.0244995
13285.3 0 0.0245564
13289.8 0 0.0246134
13294.3 0 0.0246703
13298.7 0 0.0247272
13303.2 0 0.0247841
13307.7 0 0.0248409
13312.2 0 0.0248978
13316.6 0 0.0249546
13321.1 0 0.0250113
13325.5 0 0.0250681
13330 0 0.0251248
13334.4 0 0.0251815
13338.9 0 0.0252382
13343.3 0 0.0252949
13347.7 0 0.0253515
13352.2 0 0.0254081
13356.6 0 0.0254647
13361 0 0.0255213
13365.5 0 0.0255778
13369.9 0 0.0256343
13374.3 0 0.0256907
13378.8 0 0.0257471
13383.3 0 0.0258035
13387.9 0 0.0258597
13392.5 0 0.025916
13397.2 0 0.025972
13402 0 0.0260281
13406.7 0 0.0260842
13411.5 0 0.0261402
13416.2 0 0.0261962
13420.9 0 0.0262522
13425.7 0 0.0263082
13430.4 0 0.0263641
13435.1 0 0.02642
13439.8 0 0.0264758
13444.5 0 0.0265317
13449.3 0 0.0265875
13454 0 0.0266433
13458.7 0 0.026699
13463.4 0 0.0267547
13468.1 0 0.0268104
13472.8 0 0.0268661
13477.4 0 0.0269217
13482.1 0 0.0269773
13486.8 0 0.0270329
13491.5 0 0.0270885
13496.2 0 0.027144
13500.8 0 0.0271995
13505.5 0 0.027255
13510.1 0 0.0273104
13514.8 0 0.0273658
13519.5 0 0.0274212
13524.1 0 0.0274765
13528.8 0 0.0275319
13533.4 0 0.0275871
13538 0 0.0276424
13542.7 0 0.0276976
13547.3 0 0.0277529
13551.9 0 0.027808
13556.6 0 0.0278632
13561.2 0 0.0279183
13565.8 0 0.0279734
13570.4 0 0.0280285
13575 0 0.0280835
13579.6 0 0.0281385
13584.2 0 0.0281935
13588.8 0 0.0282484
13593.4 0 0.0283033
13598 0 0.0283582
13602.7 0 0.0284129
13607.4 0 0.0284676
13612.1 0 0.0285223
13616.8 0 0.0285769
13621.6 0 0.0286313
13410.3 0 0.0285517
13470.1 0 0.0285649
13494.5 0 0.0285929
