0 -58.4752 -2.26119e-06
634.56 0 6.442e-05
1173.57 0 0.000135689
1709.92 0 0.000206921
2243.81 0 0.000277989
2775.24 0 0.000348844
3304.22 0 0.000419482
3830.74 0 0.000489887
4354.77 0 0.000560052
4876.15 0 0.000629978
5394.56 0 0.000699674
5909.16 0 0.000769165
6418.2 0 0.000838507
6918.36 0 0.00090781
7403.99 0 0.000977277
7866.83 0 0.00104719
8297.18 0 0.00111791
8686.59 0 0.00118979
9030.8 0 0.00126303
9330.49 0 0.00133774
9590.04 0 0.00141382
9815.21 0 0.00149115
10011.7 0 0.00156959
10184.8 0 0.00164892
10338.5 0 0.00172904
10475.8 0 0.00181012
10599.4 0 0.00189195
10711.4 0 0.0019745
10812.7 0 0.00205798
10905.5 0 0.00214192
10991.1 0 0.00222625
11070.4 0 0.00231093
11143.9 0 0.002396
11212.1 0 0.00248159
11276 0 0.00256746
11335.9 0 0.00265357
11392.3 0 0.0027399
11445.5 0 0.00282644
11495.9 0 0.00291316
11543.8 0 0.00300005
11589.3 0 0.0030871
11632.4 0 0.00317441
11673.3 0 0.00326202
11712.4 0 0.00334976
11749.8 0 0.00343761
11785.6 0 0.00352557
11820.1 0 0.00361363
11853.2 0 0.00370177
11885.1 0 0.00378999
11915.6 0 0.00387836
11945 0 0.00396685
11972.9 0 0.00405576
11999.8 0 0.00414477
12025.7 0 0.00423382
12050.7 0 0.00432296
12074.7 0 0.0044123
12097.7 0 0.00450179
12119.8 0 0.00459158
12141.1 0 0.00468141
12161.8 0 0.00477126
12181.9 0 0.00486112
12201.4 0 0.00495099
12220.3 0 0.00504088
12238.6 0 0.00513077
12256.3 0 0.00522067
12273.3 0 0.00531078
12289.7 0 0.00540101
12305.5 0 0.00549124
12320.9 0 0.00558146
12335.7 0 0.00567182
12349.8 0 0.00576255
12363.5 0 0.00585327
12376.5 0 0.0059442
12388.8 0 0.00603541
12400.7 0 0.00612661
12412.4 0 0.00621779
12423.7 0 0.00630894
12434.7 0 0.00640008
12445.5 0 0.00649118
12455.9 0 0.00658227
12466.1 0 0.00667333
12476 0 0.00676437
12485.7 0 0.00685539
12495.1 0 0.00694639
12504.3 0 0.00703738
12513.2 0 0.00712835
12521.8 0 0.0072193
12530.3 0 0.00731024
12538.4 0 0.00740117
12546.4 0 0.00749209
12554.2 0 0.007583
12561.7 0 0.00767389
12569 0 0.00776477
12576.2 0 0.00785564
12583.1 0 0.00794649
12589.9 0 0.00803733
12596.5 0 0.00812815
12603 0 0.00821894
12609.3 0 0.00830972
12615.5 0 0.00840048
12621.6 0 0.00849121
12627.5 0 0.00858191
12633.3 0 0.00867266
12638.9 0 0.00876352
12644.3 0 0.00885454
12649.5 0 0.0089456
12654.6 0 0.00903672
12659.6 0 0.0091281
12664.4 0 0.00921945
12669.2 0 0.00931078
12673.9 0 0.00940208
12678.6 0 0.00949337
12683.1 0 0.00958463
12687.6 0 0.00967586
12692 0 0.00976708
12696.3 0 0.00985828
12700.6 0 0.00994946
12704.8 0 0.0100406
12708.9 0 0.0101318
12713 0 0.0102229
12717 0 0.010314
12720.9 0 0.0104051
12724.7 0 0.0104962
12728.5 0 0.0105873
12732.1 0 0.0106785
12735.7 0 0.0107699
12739.2 0 0.0108612
12742.7 0 0.0109526
12746 0 0.0110439
12749.3 0 0.0111353
12752.5 0 0.0112267
12755.5 0 0.011319
12758.3 0 0.0114113
12761.2 0 0.0115037
12763.9 0 0.011596
12766.6 0 0.0116884
12769.2 0 0.0117808
12771.7 0 0.0118734
12774.1 0 0.0119664
12776.4 0 0.0120593
12778.6 0 0.0121523
12780.8 0 0.0122453
12783 0 0.0123382
12785.1 0 0.0124312
12787.2 0 0.0125242
12789.2 0 0.0126172
12791.2 0 0.0127102
12793.2 0 0.0128032
12795.1 0 0.0128962
12797 0 0.0129892
12798.8 0 0.0130822
12800.6 0 0.0131752
12802.4 0 0.0132682
12804.2 0 0.0133612
12805.9 0 0.0134541
12807.7 0 0.0135471
12809.4 0 0.01364
12811 0 0.0137329
12812.7 0 0.0138258
12814.3 0 0.0139187
12815.9 0 0.0140116
12817.5 0 0.0141045
12819.1 0 0.0141974
12820.7 0 0.0142902
12822.2 0 0.014383
12823.7 0 0.0144758
12825.2 0 0.0145686
12826.7 0 0.0146614
12828.2 0 0.0147541
12829.7 0 0.0148469
12831.1 0 0.0149396
12832.6 0 0.0150323
12834 0 0.0151249
12835.4 0 0.0152176
12836.8 0 0.0153103
12838.2 0 0.0154029
12839.5 0 0.0154955
12840.9 0 0.0155881
12842.2 0 0.0156807
12843.6 0 0.0157732
12844.9 0 0.0158658
12846.2 0 0.0159583
12847.5 0 0.0160508
12848.7 0 0.0161433
12850 0 0.0162358
12851.3 0 0.0163283
12852.5 0 0.0164207
12853.7 0 0.0165132
12855 0 0.0166056
12856.2 0 0.016698
12857.4 0 0.0167904
12858.5 0 0.0168828
12859.7 0 0.0169752
12860.9 0 0.0170676
12862 0 0.0171599
12863.1 0 0.0172523
12864.3 0 0.0173446
12865.4 0 0.017437
12866.4 0 0.0175293
12867.5 0 0.0176216
12868.6 0 0.0177139
12869.6 0 0.0178063
12870.7 0 0.0178986
12871.7 0 0.0179909
12872.7 0 0.0180832
12873.7 0 0.0181755
12874.7 0 0.0182678
12875.7 0 0.0183601
12876.6 0 0.0184524
12877.5 0 0.0185447
12878.5 0 0.018637
12879.4 0 0.0187293
12880.3 0 0.0188216
12881.2 0 0.0189139
12882 0 0.0190063
12882.9 0 0.0190986
12883.7 0 0.0191909
12884.6 0 0.0192833
12885.4 0 0.0193756
12886.2 0 0.019468
12886.9 0 0.0195603
12887.7 0 0.0196527
12888.5 0 0.0197451
12889.2 0 0.0198375
12889.9 0 0.0199299
12890.6 0 0.0200223
12891.3 0 0.0201147
12892 0 0.0202071
12892.7 0 0.0202995
12893.3 0 0.020392
12894 0 0.0204844
12894.6 0 0.0205769
12895.2 0 0.0206694
12895.8 0 0.0207618
12896.4 0 0.0208543
12897 0 0.0209468
12897.6 0 0.0210393
12898.1 0 0.0211318
12898.7 0 0.0212244
12899.2 0 0.0213169
12899.8 0 0.0214094
12900.3 0 0.021502
12900.7 0 0.0215949
12901.2 0 0.0216879
12901.6 0 0.0217808
12902 0 0.0218738
12902.5 0 0.0219668
12902.9 0 0.0220598
12903.3 0 0.0221528
12903.7 0 0.0222458
12904.1 0 0.0223388
12904.5 0 0.0224318
12904.8 0 0.0225248
12905.2 0 0.0226178
12905.5 0 0.0227108
12905.9 0 0.0228038
12906.2 0 0.0228968
12906.6 0 0.0229898
12906.9 0 0.0230828
12907.2 0 0.0231758
12907.5 0 0.0232689
12907.9 0 0.0233619
12908.2 0 0.0234549
12908.5 0 0.0235479
12908.8 0 0.0236409
12909 0 0.0237339
12909.3 0 0.0238269
12909.6 0 0.0239199
12909.9 0 0.0240129
12910.2 0 0.0241059
12910.4 0 0.0241988
12910.7 0 0.0242918
12910.9 0 0.0243848
12911.2 0 0.0244778
12911.4 0 0.0245707
12911.7 0 0.0246637
12911.9 0 0.0247567
12912.2 0 0.0248496
12912.4 0 0.0249425
12912.6 0 0.0250355
12912.9 0 0.0251284
12913.1 0 0.0252213
12913.3 0 0.0253143
12913.5 0 0.0254072
12913.7 0 0.0255001
12913.9 0 0.025593
12914.1 0 0.0256859
12914.3 0 0.0257788
12914.5 0 0.0258716
12914.7 0 0.0259645
12914.9 0 0.0260574
12915.1 0 0.0261502
12915.3 0 0.0262431
12915.5 0 0.0263359
12915.7 0 0.0264288
12915.9 0 0.0265216
12916 0 0.0266144
12916.2 0 0.0267072
12916.4 0 0.0268
12916.6 0 0.0268928
12916.7 0 0.0269856
12916.9 0 0.0270784
12917 0 0.0271712
12917.2 0 0.027264
12917.4 0 0.0273567
12917.5 0 0.0274495
12917.7 0 0.0275422
12917.8 0 0.027635
12918 0 0.0277277
12918.1 0 0.0278204
12918.2 0 0.0279131
12918.4 0 0.0280058
12918.5 0 0.0280985
12918.7 0 0.0281912
12918.8 0 0.0282839
12918.9 0 0.0283766
12919.1 0 0.0284692
12919.3 0 0.0285619
12919.6 0 0.0286545
12920.2 0 0.028747
12921.1 0 0.0288394
12922.2 0 0.0289317
12923.4 0 0.0290239
12924.8 0 0.0291161
12926.3 0 0.0292083
12927.9 0 0.0293004
12929.8 0 0.0293924
12931.8 0 0.0294844
12933.7 0 0.0295764
12935.7 0 0.0296683
12937.6 0 0.0297603
12939.6 0 0.0298522
12941.8 0 0.029944
12944.1 0 0.0300358
12946.6 0 0.0301275
12949.3 0 0.0302192
12951.9 0 0.0303109
12954.5 0 0.0304025
12957.1 0 0.0304941
12959.7 0 0.0305857
12962.3 0 0.0306774
12964.9 0 0.0307689
12967.5 0 0.0308605
12970.2 0 0.0309521
12973 0 0.0310435
12976 0 0.031135
12979.1 0 0.0312263
12982.4 0 0.0313176
12985.6 0 0.0314089
12988.8 0 0.0315001
12992 0 0.0315913
12995.2 0 0.0316826
12998.4 0 0.0317738
13001.6 0 0.0318649
13004.8 0 0.0319561
13008 0 0.0320473
13011.2 0 0.0321384
13014.4 0 0.0322295
13017.6 0 0.0323207
13020.9 0 0.0324117
13024.2 0 0.0325028
13027.7 0 0.0325937
13031.3 0 0.0326846
13035 0 0.0327754
13038.8 0 0.0328662
13042.5 0 0.032957
13046.3 0 0.0330478
13050 0 0.0331385
13053.7 0 0.0332292
13057.5 0 0.03332
13061.2 0 0.0334107
13064.9 0 0.0335013
13068.7 0 0.033592
13072.4 0 0.0336827
13076.1 0 0.0337733
13079.8 0 0.0338639
13083.5 0 0.0339545
13087.2 0 0.0340451
13090.9 0 0.0341357
13094.6 0 0.0342262
13098.4 0 0.0343167
13102.2 0 0.0344072
13106.1 0 0.0344976
13110 0 0.034588
13114.2 0 0.0346782
13118.4 0 0.0347684
13122.6 0 0.0348586
13126.8 0 0.0349488
13130.9 0 0.0350389
13135.1 0 0.0351291
13139.3 0 0.0352192
13143.5 0 0.0353093
13147.6 0 0.0353993
13151.8 0 0.0354894
13155.9 0 0.0355794
13160.1 0 0.0356694
13164.3 0 0.0357594
13168.4 0 0.0358494
13172.5 0 0.0359393
13176.7 0 0.0360292
13180.8 0 0.0361191
13185 0 0.036209
13189.1 0 0.0362988
13193.2 0 0.0363887
13197.4 0 0.0364785
13201.5 0 0.0365683
13205.6 0 0.036658
13209.7 0 0.0367478
13213.9 0 0.0368375
13218.1 0 0.0369271
13222.4 0 0.0370167
13226.7 0 0.0371062
13231.2 0 0.0371957
13235.7 0 0.037285
13240.2 0 0.0373743
13244.8 0 0.0374636
13249.3 0 0.0375529
13253.8 0 0.0376422
13258.3 0 0.0377314
13262.8 0 0.0378206
13267.3 0 0.0379098
13271.8 0 0.0379989
13276.3 0 0.038088
13280.8 0 0.0381771
13285.3 0 0.0382662
13289.8 0 0.0383552
13294.3 0 0.0384443
13298.7 0 0.0385332
13303.2 0 0.0386222
13307.7 0 0.0387111
13312.2 0 0.0388
13316.6 0 0.0388889
13321.1 0 0.0389777
13325.5 0 0.0390666
13330 0 0.0391554
13334.4 0 0.0392441
13338.9 0 0.0393328
13343.3 0 0.0394215
13347.7 0 0.0395102
13352.2 0 0.0395989
13356.6 0 0.0396875
13361 0 0.0397761
13365.5 0 0.0398646
13369.9 0 0.0399532
13374.3 0 0.0400417
13378.8 0 0.0401301
13383.3 0 0.0402185
13387.9 0 0.0403068
13392.5 0 0.040395
13397.2 0 0.0404831
13402 0 0.0405712
13406.7 0 0.0406592
13411.5 0 0.0407472
13416.2 0 0.0408352
13420.9 0 0.0409231
13425.7 0 0.041011
13430.4 0 0.0410989
13435.1 0 0.0411868
13439.8 0 0.0412746
13444.5 0 0.0413624
13449.3 0 0.0414501
13454 0 0.0415378
13458.7 0 0.0416255
13463.4 0 0.0417132
13468.1 0 0.0418008
13472.8 0 0.0418884
13477.4 0 0.0419759
13482.1 0 0.0420635
13486.8 0 0.042151
13491.5 0 0.0422384
13496.2 0 0.0423259
13500.8 0 0.0424133
13505.5 0 0.0425006
13510.1 0 0.042588
13514.8 0 0.0426753
13519.5 0 0.0427626
13524.1 0 0.0428498
13528.8 0 0.042937
13533.4 0 0.0430242
13538 0 0.0431114
13542.7 0 0.0431985
13547.3 0 0.0432856
13551.9 0 0.0433726
13556.6 0 0.0434597
13561.2 0 0.0435466
13565.8 0 0.0436336
13570.4 0 0.0437205
13575 0 0.0438074
13579.6 0 0.0438943
13584.2 0 0.0439812
13588.8 0 0.044068
13593.4 0 0.0441547
13598 0 0.0442415
13602.7 0 0.0443282
13607.4 0 0.0444148
13612.1 0 0.0445013
13616.8 0 0.0445878
13621.6 0 0.0446742
13410.3 0 0.0446253
13470.1 0 0.0446699
13494.5 0 0.0447292
