0 -58.4752 -2.26119e-06
634.56 0 4.31882e-05
1173.57 0 9.31931e-05
1709.92 0 0.000143166
2243.81 0 0.000192972
2775.24 0 0.000242568
3304.22 0 0.00029195
3830.74 0 0.000341101
4354.77 0 0.000390011
4876.15 0 0.000438682
5394.56 0 0.000487122
5909.16 0 0.000535357
6418.2 0 0.000583443
6918.36 0 0.00063149
7403.99 0 0.000679702
7866.83 0 0.000728357
8297.18 0 0.000777824
8686.59 0 0.000828448
9030.8 0 0.000880437
9330.49 0 0.000933884
9590.04 0 0.000988693
9815.21 0 0.00104472
10011.7 0 0.00110181
10184.8 0 0.00115977
10338.5 0 0.00121853
10475.8 0 0.00127838
10599.4 0 0.00133904
10711.4 0 0.00140046
10812.7 0 0.00146274
10905.5 0 0.00152547
10991.1 0 0.0015886
11070.4 0 0.00165209
11143.9 0 0.00171597
11212.1 0 0.00178038
11276 0 0.00184507
11335.9 0 0.00191
11392.3 0 0.00197517
11445.5 0 0.00204054
11495.9 0 0.00210609
11543.8 0 0.00217182
11589.3 0 0.0022377
11632.4 0 0.00230384
11673.3 0 0.00237027
11712.4 0 0.00243682
11749.8 0 0.00250348
11785.6 0 0.00257026
11820.1 0 0.00263713
11853.2 0 0.00270409
11885.1 0 0.00277113
11915.6 0 0.00283821
11945 0 0.00290534
11972.9 0 0.00297295
11999.8 0 0.00304066
12025.7 0 0.00310841
12050.7 0 0.00317623
12074.7 0 0.00324413
12097.7 0 0.00331223
12119.8 0 0.00338074
12141.1 0 0.00344928
12161.8 0 0.00351783
12181.9 0 0.00358641
12201.4 0 0.00365499
12220.3 0 0.00372358
12238.6 0 0.00379218
12256.3 0 0.00386078
12273.3 0 0.00392961
12289.7 0 0.00399857
12305.5 0 0.00406752
12320.9 0 0.00413648
12335.7 0 0.00420562
12349.8 0 0.00427534
12363.5 0 0.00434504
12376.5 0 0.00441472
12388.8 0 0.00448455
12400.7 0 0.00455435
12412.4 0 0.00462413
12423.7 0 0.00469389
12434.7 0 0.00476362
12445.5 0 0.00483332
12455.9 0 0.00490301
12466.1 0 0.00497266
12476 0 0.0050423
12485.7 0 0.00511191
12495.1 0 0.0051815
12504.3 0 0.00525107
12513.2 0 0.00532062
12521.8 0 0.00539016
12530.3 0 0.00545968
12538.4 0 0.00552919
12546.4 0 0.00559868
12554.2 0 0.00566816
12561.7 0 0.00573762
12569 0 0.00580708
12576.2 0 0.00587651
12583.1 0 0.00594593
12589.9 0 0.00601533
12596.5 0 0.00608471
12603 0 0.00615407
12609.3 0 0.00622341
12615.5 0 0.00629273
12621.6 0 0.00636202
12627.5 0 0.00643129
12633.3 0 0.00650056
12638.9 0 0.00656987
12644.3 0 0.00663917
12649.5 0 0.00670845
12654.6 0 0.00677783
12659.6 0 0.00684759
12664.4 0 0.00691733
12669.2 0 0.00698704
12673.9 0 0.00705672
12678.6 0 0.00712638
12683.1 0 0.00719601
12687.6 0 0.00726562
12692 0 0.0073352
12696.3 0 0.00740476
12700.6 0 0.0074743
12704.8 0 0.00754381
12708.9 0 0.0076133
12713 0 0.00768278
12717 0 0.00775223
12720.9 0 0.00782166
12724.7 0 0.00789108
12728.5 0 0.00796048
12732.1 0 0.00803009
12735.7 0 0.00809993
12739.2 0 0.00816976
12742.7 0 0.00823958
12746 0 0.00830939
12749.3 0 0.0083792
12752.5 0 0.00844919
12755.5 0 0.00852019
12758.3 0 0.00859132
12761.2 0 0.00866247
12763.9 0 0.00873364
12766.6 0 0.00880482
12769.2 0 0.00887601
12771.7 0 0.00894742
12774.1 0 0.00901912
12776.4 0 0.00909084
12778.6 0 0.00916258
12780.8 0 0.00923433
12783 0 0.00930609
12785.1 0 0.00937787
12787.2 0 0.00944966
12789.2 0 0.00952145
12791.2 0 0.00959326
12793.2 0 0.00966506
12795.1 0 0.00973687
12797 0 0.00980868
12798.8 0 0.00988049
12800.6 0 0.0099523
12802.4 0 0.0100241
12804.2 0 0.0100959
12805.9 0 0.0101677
12807.7 0 0.0102395
12809.4 0 0.0103112
12811 0 0.010383
12812.7 0 0.0104547
12814.3 0 0.0105265
12815.9 0 0.0105982
12817.5 0 0.0106699
12819.1 0 0.0107416
12820.7 0 0.0108133
12822.2 0 0.0108849
12823.7 0 0.0109566
12825.2 0 0.0110282
12826.7 0 0.0110998
12828.2 0 0.0111714
12829.7 0 0.011243
12831.1 0 0.0113145
12832.6 0 0.0113861
12834 0 0.0114576
12835.4 0 0.0115291
12836.8 0 0.0116006
12838.2 0 0.011672
12839.5 0 0.0117435
12840.9 0 0.0118149
12842.2 0 0.0118863
12843.6 0 0.0119577
12844.9 0 0.0120291
12846.2 0 0.0121004
12847.5 0 0.0121718
12848.7 0 0.0122431
12850 0 0.0123144
12851.3 0 0.0123857
12852.5 0 0.012457
12853.7 0 0.0125283
12855 0 0.0125995
12856.2 0 0.0126708
12857.4 0 0.012742
12858.5 0 0.0128132
12859.7 0 0.0128844
12860.9 0 0.0129556
12862 0 0.0130268
12863.1 0 0.013098
12864.3 0 0.0131691
12865.4 0 0.0132403
12866.4 0 0.0133115
12867.5 0 0.0133826
12868.6 0 0.0134537
12869.6 0 0.0135249
12870.7 0 0.013596
12871.7 0 0.0136671
12872.7 0 0.0137383
12873.7 0 0.0138094
12874.7 0 0.0138805
12875.7 0 0.0139516
12876.6 0 0.0140228
12877.5 0 0.0140939
12878.5 0 0.014165
12879.4 0 0.0142361
12880.3 0 0.0143073
12881.2 0 0.0143784
12882 0 0.0144496
12882.9 0 0.0145207
12883.7 0 0.0145919
12884.6 0 0.014663
12885.4 0 0.0147342
12886.2 0 0.0148054
12886.9 0 0.0148766
12887.7 0 0.0149478
12888.5 0 0.015019
12889.2 0 0.0150902
12889.9 0 0.0151614
12890.6 0 0.0152327
12891.3 0 0.0153039
12892 0 0.0153752
12892.7 0 0.0154465
12893.3 0 0.0155178
12894 0 0.0155891
12894.6 0 0.0156604
12895.2 0 0.0157317
12895.8 0 0.015803
12896.4 0 0.0158744
12897 0 0.0159457
12897.6 0 0.0160171
12898.1 0 0.0160884
12898.7 0 0.0161598
12899.2 0 0.0162312
12899.8 0 0.0163026
12900.3 0 0.0163741
12900.7 0 0.0164458
12901.2 0 0.0165175
12901.6 0 0.0165892
12902 0 0.016661
12902.5 0 0.0167327
12902.9 0 0.0168045
12903.3 0 0.0168763
12903.7 0 0.016948
12904.1 0 0.0170198
12904.5 0 0.0170916
12904.8 0 0.0171634
12905.2 0 0.0172352
12905.5 0 0.017307
12905.9 0 0.0173788
12906.2 0 0.0174506
12906.6 0 0.0175224
12906.9 0 0.0175942
12907.2 0 0.017666
12907.5 0 0.0177378
12907.9 0 0.0178096
12908.2 0 0.0178813
12908.5 0 0.0179531
12908.8 0 0.0180249
12909 0 0.0180967
12909.3 0 0.0181685
12909.6 0 0.0182403
12909.9 0 0.0183121
12910.2 0 0.0183839
12910.4 0 0.0184556
12910.7 0 0.0185274
12910.9 0 0.0185992
12911.2 0 0.0186709
12911.4 0 0.0187427
12911.7 0 0.0188145
12911.9 0 0.0188862
12912.2 0 0.0189579
12912.4 0 0.0190297
12912.6 0 0.0191014
12912.9 0 0.0191731
12913.1 0 0.0192449
12913.3 0 0.0193166
12913.5 0 0.0193883
12913.7 0 0.01946
12913.9 0 0.0195317
12914.1 0 0.0196034
12914.3 0 0.019675
12914.5 0 0.0197467
12914.7 0 0.0198184
12914.9 0 0.01989
12915.1 0 0.0199617
12915.3 0 0.0200333
12915.5 0 0.0201049
12915.7 0 0.0201766
12915.9 0 0.0202482
12916 0 0.0203198
12916.2 0 0.0203914
12916.4 0 0.020463
12916.6 0 0.0205346
12916.7 0 0.0206062
12916.9 0 0.0206777
12917 0 0.0207493
12917.2 0 0.0208209
12917.4 0 0.0208924
12917.5 0 0.0209639
12917.7 0 0.0210355
12917.8 0 0.021107
12918 0 0.0211785
12918.1 0 0.02125
12918.2 0 0.0213215
12918.4 0 0.021393
12918.5 0 0.0214645
12918.7 0 0.021536
12918.8 0 0.0216074
12918.9 0 0.0216789
12919.1 0 0.0217503
12919.3 0 0.0218218
12919.6 0 0.0218931
12920.2 0 0.0219644
12921.1 0 0.0220356
12922.2 0 0.0221066
12923.4 0 0.0221776
12924.8 0 0.0222486
12926.3 0 0.0223195
12927.9 0 0.0223904
12929.8 0 0.0224611
12931.8 0 0.0225319
12933.7 0 0.0226026
12935.7 0 0.0226733
12937.6 0 0.022744
12939.6 0 0.0228146
12941.8 0 0.0228852
12944.1 0 0.0229557
12946.6 0 0.0230261
12949.3 0 0.0230965
12951.9 0 0.0231669
12954.5 0 0.0232373
12957.1 0 0.0233076
12959.7 0 0.0233779
12962.3 0 0.0234483
12964.9 0 0.0235186
12967.5 0 0.0235889
12970.2 0 0.0236591
12973 0 0.0237293
12976 0 0.0237994
12979.1 0 0.0238695
12982.4 0 0.0239395
12985.6 0 0.0240094
12988.8 0 0.0240794
12992 0 0.0241494
12995.2 0 0.0242193
12998.4 0 0.0242893
13001.6 0 0.0243592
13004.8 0 0.0244291
13008 0 0.024499
13011.2 0 0.0245688
13014.4 0 0.0246387
13017.6 0 0.0247086
13020.9 0 0.0247784
13024.2 0 0.0248481
13027.7 0 0.0249178
13031.3 0 0.0249874
13035 0 0.0250569
13038.8 0 0.0251265
13042.5 0 0.0251959
13046.3 0 0.0252654
13050 0 0.0253349
13053.7 0 0.0254043
13057.5 0 0.0254738
13061.2 0 0.0255432
13064.9 0 0.0256126
13068.7 0 0.025682
13072.4 0 0.0257513
13076.1 0 0.0258207
13079.8 0 0.02589
13083.5 0 0.0259593
13087.2 0 0.0260286
13090.9 0 0.0260979
13094.6 0 0.0261671
13098.4 0 0.0262364
13102.2 0 0.0263055
13106.1 0 0.0263747
13110 0 0.0264437
13114.2 0 0.0265127
13118.4 0 0.0265816
13122.6 0 0.0266504
13126.8 0 0.0267193
13130.9 0 0.0267881
13135.1 0 0.026857
13139.3 0 0.0269258
13143.5 0 0.0269945
13147.6 0 0.0270633
13151.8 0 0.027132
13155.9 0 0.0272007
13160.1 0 0.0272694
13164.3 0 0.0273381
13168.4 0 0.0274067
13172.5 0 0.0274753
13176.7 0 0.0275439
13180.8 0 0.0276125
13185 0 0.0276811
13189.1 0 0.0277496
13193.2 0 0.0278181
13197.4 0 0.0278866
13201.5 0 0.027955
13205.6 0 0.0280235
13209.7 0 0.0280919
13213.9 0 0.0281603
13218.1 0 0.0282286
13222.4 0 0.0282968
13226.7 0 0.028365
13231.2 0 0.0284331
13235.7 0 0.0285011
13240.2 0 0.0285691
13244.8 0 0.028637
13249.3 0 0.028705
13253.8 0 0.0287729
13258.3 0 0.0288407
13262.8 0 0.0289086
13267.3 0 0.0289764
13271.8 0 0.0290442
13276.3 0 0.0291119
13280.8 0 0.0291797
13285.3 0 0.0292474
13289.8 0 0.029315
13294.3 0 0.0293827
13298.7 0 0.0294503
13303.2 0 0.0295179
13307.7 0 0.0295854
13312.2 0 0.029653
13316.6 0 0.0297204
13321.1 0 0.0297879
13325.5 0 0.0298554
13330 0 0.0299228
13334.4 0 0.0299901
13338.9 0 0.0300575
13343.3 0 0.0301248
13347.7 0 0.0301921
13352.2 0 0.0302593
13356.6 0 0.0303266
13361 0 0.0303938
13365.5 0 0.0304609
13369.9 0 0.0305281
13374.3 0 0.0305952
13378.8 0 0.0306622
13383.3 0 0.0307292
13387.9 0 0.0307961
13392.5 0 0.030863
13397.2 0 0.0309297
13402 0 0.0309964
13406.7 0 0.031063
13411.5 0 0.0311296
13416.2 0 0.0311961
13420.9 0 0.0312626
13425.7 0 0.0313291
13430.4 0 0.0313956
13435.1 0 0.031462
13439.8 0 0.0315284
13444.5 0 0.0315948
13449.3 0 0.0316611
13454 0 0.0317274
13458.7 0 0.0317936
13463.4 0 0.0318598
13468.1 0 0.031926
13472.8 0 0.0319922
13477.4 0 0.0320583
13482.1 0 0.0321244
13486.8 0 0.0321905
13491.5 0 0.0322565
13496.2 0 0.0323225
13500.8 0 0.0323885
13505.5 0 0.0324544
13510.1 0 0.0325203
13514.8 0 0.0325862
13519.5 0 0.032652
13524.1 0 0.0327178
13528.8 0 0.0327836
13533.4 0 0.0328493
13538 0 0.032915
13542.7 0 0.0329807
13547.3 0 0.0330463
13551.9 0 0.0331119
13556.6 0 0.0331775
13561.2 0 0.033243
13565.8 0 0.0333085
13570.4 0 0.033374
13575 0 0.0334395
13579.6 0 0.0335049
13584.2 0 0.0335703
13588.8 0 0.0336356
13593.4 0 0.0337009
13598 0 0.0337662
13602.7 0 0.0338315
13607.4 0 0.0338967
13612.1 0 0.0339618
13616.8 0 0.0340268
13621.6 0 0.0340918
13410.3 0 0.034021
13470.1 0 0.0340439
13494.5 0 0.0340816
