0 -58.4752 -2.26119e-06
634.56 0 5.74042e-05
1173.57 0 0.000121647
1709.92 0 0.000185854
2243.81 0 0.000249895
2775.24 0 0.000313726
3304.22 0 0.000377339
3830.74 0 0.000440721
4354.77 0 0.000503862
4876.15 0 0.000566765
5394.56 0 0.000629437
5909.16 0 0.000691904
6418.2 0 0.000754222
6918.36 0 0.000816502
7403.99 0 0.000878945
7866.83 0 0.000941831
8297.18 0 0.00100553
8686.59 0 0.00107039
9030.8 0 0.0011366
9330.49 0 0.00120429
9590.04 0 0.00127334
9815.21 0 0.00134363
10011.7 0 0.00141501
10184.8 0 0.00148728
10338.5 0 0.00156034
10475.8 0 0.00163441
10599.4 0 0.00170924
10711.4 0 0.00178481
10812.7 0 0.00186129
10905.5 0 0.00193821
10991.1 0 0.00201554
11070.4 0 0.00209322
11143.9 0 0.00217129
11212.1 0 0.00224988
11276 0 0.00232875
11335.9 0 0.00240786
11392.3 0 0.0024872
11445.5 0 0.00256675
11495.9 0 0.00264647
11543.8 0 0.00272637
11589.3 0 0.00280643
11632.4 0 0.00288674
11673.3 0 0.00296735
11712.4 0 0.00304809
11749.8 0 0.00312894
11785.6 0 0.0032099
11820.1 0 0.00329096
11853.2 0 0.0033721
11885.1 0 0.00345332
11915.6 0 0.00353466
11945 0 0.00361609
11972.9 0 0.00369796
11999.8 0 0.00377993
12025.7 0 0.00386195
12050.7 0 0.00394404
12074.7 0 0.00402629
12097.7 0 0.00410871
12119.8 0 0.00419147
12141.1 0 0.00427426
12161.8 0 0.00435707
12181.9 0 0.0044399
12201.4 0 0.00452274
12220.3 0 0.00460559
12238.6 0 0.00468844
12256.3 0 0.0047713
12273.3 0 0.00485438
12289.7 0 0.00493758
12305.5 0 0.00502078
12320.9 0 0.00510398
12335.7 0 0.00518732
12349.8 0 0.00527111
12363.5 0 0.00535489
12376.5 0 0.0054388
12388.8 0 0.00552294
12400.7 0 0.00560707
12412.4 0 0.00569117
12423.7 0 0.00577526
12434.7 0 0.00585932
12445.5 0 0.00594335
12455.9 0 0.00602736
12466.1 0 0.00611135
12476 0 0.00619532
12485.7 0 0.00627926
12495.1 0 0.00636318
12504.3 0 0.00644709
12513.2 0 0.00653098
12521.8 0 0.00661486
12530.3 0 0.00669872
12538.4 0 0.00678257
12546.4 0 0.00686641
12554.2 0 0.00695023
12561.7 0 0.00703405
12569 0 0.00711784
12576.2 0 0.00720163
12583.1 0 0.0072854
12589.9 0 0.00736915
12596.5 0 0.00745288
12603 0 0.00753659
12609.3 0 0.00762028
12615.5 0 0.00770395
12621.6 0 0.0077876
12627.5 0 0.00787122
12633.3 0 0.00795486
12638.9 0 0.0080386
12644.3 0 0.00812244
12649.5 0 0.0082063
12654.6 0 0.00829024
12659.6 0 0.00837447
12664.4 0 0.00845867
12669.2 0 0.00854285
12673.9 0 0.00862701
12678.6 0 0.00871114
12683.1 0 0.00879525
12687.6 0 0.00887934
12692 0 0.00896341
12696.3 0 0.00904745
12700.6 0 0.00913148
12704.8 0 0.00921548
12708.9 0 0.00929947
12713 0 0.00938344
12717 0 0.0094674
12720.9 0 0.00955134
12724.7 0 0.00963527
12728.5 0 0.00971918
12732.1 0 0.00980326
12735.7 0 0.00988751
12739.2 0 0.00997175
12742.7 0 0.010056
12746 0 0.0101402
12749.3 0 0.0102244
12752.5 0 0.0103088
12755.5 0 0.010394
12758.3 0 0.0104794
12761.2 0 0.0105647
12763.9 0 0.0106501
12766.6 0 0.0107354
12769.2 0 0.0108208
12771.7 0 0.0109064
12774.1 0 0.0109924
12776.4 0 0.0110783
12778.6 0 0.0111642
12780.8 0 0.0112502
12783 0 0.0113362
12785.1 0 0.0114222
12787.2 0 0.0115081
12789.2 0 0.0115941
12791.2 0 0.0116801
12793.2 0 0.0117661
12795.1 0 0.0118521
12797 0 0.0119381
12798.8 0 0.0120241
12800.6 0 0.0121101
12802.4 0 0.0121961
12804.2 0 0.0122821
12805.9 0 0.012368
12807.7 0 0.012454
12809.4 0 0.0125399
12811 0 0.0126259
12812.7 0 0.0127118
12814.3 0 0.0127977
12815.9 0 0.0128836
12817.5 0 0.0129694
12819.1 0 0.0130553
12820.7 0 0.0131412
12822.2 0 0.013227
12823.7 0 0.0133128
12825.2 0 0.0133986
12826.7 0 0.0134844
12828.2 0 0.0135701
12829.7 0 0.0136559
12831.1 0 0.0137416
12832.6 0 0.0138273
12834 0 0.013913
12835.4 0 0.0139987
12836.8 0 0.0140843
12838.2 0 0.0141699
12839.5 0 0.0142556
12840.9 0 0.0143412
12842.2 0 0.0144267
12843.6 0 0.0145123
12844.9 0 0.0145979
12846.2 0 0.0146834
12847.5 0 0.0147689
12848.7 0 0.0148544
12850 0 0.0149399
12851.3 0 0.0150254
12852.5 0 0.0151109
12853.7 0 0.0151963
12855 0 0.0152817
12856.2 0 0.0153672
12857.4 0 0.0154526
12858.5 0 0.015538
12859.7 0 0.0156233
12860.9 0 0.0157087
12862 0 0.0157941
12863.1 0 0.0158794
12864.3 0 0.0159648
12865.4 0 0.0160501
12866.4 0 0.0161355
12867.5 0 0.0162208
12868.6 0 0.0163061
12869.6 0 0.0163914
12870.7 0 0.0164767
12871.7 0 0.016562
12872.7 0 0.0166473
12873.7 0 0.0167327
12874.7 0 0.016818
12875.7 0 0.0169033
12876.6 0 0.0169886
12877.5 0 0.0170739
12878.5 0 0.0171592
12879.4 0 0.0172445
12880.3 0 0.0173298
12881.2 0 0.0174151
12882 0 0.0175005
12882.9 0 0.0175858
12883.7 0 0.0176711
12884.6 0 0.0177565
12885.4 0 0.0178418
12886.2 0 0.0179272
12886.9 0 0.0180125
12887.7 0 0.0180979
12888.5 0 0.0181833
12889.2 0 0.0182687
12889.9 0 0.0183541
12890.6 0 0.0184395
12891.3 0 0.0185249
12892 0 0.0186104
12892.7 0 0.0186958
12893.3 0 0.0187813
12894 0 0.0188667
12894.6 0 0.0189522
12895.2 0 0.0190377
12895.8 0 0.0191232
12896.4 0 0.0192087
12897 0 0.0192942
12897.6 0 0.0193797
12898.1 0 0.0194652
12898.7 0 0.0195508
12899.2 0 0.0196363
12899.8 0 0.0197218
12900.3 0 0.0198074
12900.7 0 0.0198934
12901.2 0 0.0199793
12901.6 0 0.0200653
12902 0 0.0201512
12902.5 0 0.0202372
12902.9 0 0.0203232
12903.3 0 0.0204091
12903.7 0 0.0204951
12904.1 0 0.0205811
12904.5 0 0.0206671
12904.8 0 0.0207531
12905.2 0 0.0208391
12905.5 0 0.0209251
12905.9 0 0.0210111
12906.2 0 0.0210971
12906.6 0 0.0211831
12906.9 0 0.0212691
12907.2 0 0.0213551
12907.5 0 0.0214411
12907.9 0 0.0215271
12908.2 0 0.0216131
12908.5 0 0.0216991
12908.8 0 0.0217851
12909 0 0.0218711
12909.3 0 0.0219571
12909.6 0 0.0220431
12909.9 0 0.022129
12910.2 0 0.022215
12910.4 0 0.022301
12910.7 0 0.022387
12910.9 0 0.0224729
12911.2 0 0.0225589
12911.4 0 0.0226449
12911.7 0 0.0227308
12911.9 0 0.0228168
12912.2 0 0.0229027
12912.4 0 0.0229886
12912.6 0 0.0230746
12912.9 0 0.0231605
12913.1 0 0.0232464
12913.3 0 0.0233323
12913.5 0 0.0234182
12913.7 0 0.0235041
12913.9 0 0.02359
12914.1 0 0.0236759
12914.3 0 0.0237618
12914.5 0 0.0238477
12914.7 0 0.0239335
12914.9 0 0.0240194
12915.1 0 0.0241052
12915.3 0 0.0241911
12915.5 0 0.0242769
12915.7 0 0.0243627
12915.9 0 0.0244485
12916 0 0.0245344
12916.2 0 0.0246202
12916.4 0 0.024706
12916.6 0 0.0247918
12916.7 0 0.0248775
12916.9 0 0.0249633
12917 0 0.0250491
12917.2 0 0.0251348
12917.4 0 0.0252206
12917.5 0 0.0253063
12917.7 0 0.0253921
12917.8 0 0.0254778
12918 0 0.0255635
12918.1 0 0.0256492
12918.2 0 0.0257349
12918.4 0 0.0258206
12918.5 0 0.0259063
12918.7 0 0.025992
12918.8 0 0.0260777
12918.9 0 0.0261633
12919.1 0 0.026249
12919.3 0 0.0263346
12919.6 0 0.0264202
12920.2 0 0.0265057
12921.1 0 0.0265911
12922.2 0 0.0266763
12923.4 0 0.0267616
12924.8 0 0.0268468
12926.3 0 0.0269319
12927.9 0 0.027017
12929.8 0 0.027102
12931.8 0 0.0271869
12933.7 0 0.0272719
12935.7 0 0.0273568
12937.6 0 0.0274417
12939.6 0 0.0275266
12941.8 0 0.0276114
12944.1 0 0.0276962
12946.6 0 0.0277809
12949.3 0 0.0278655
12951.9 0 0.0279501
12954.5 0 0.0280348
12957.1 0 0.0281194
12959.7 0 0.0282039
12962.3 0 0.0282885
12964.9 0 0.0283731
12967.5 0 0.0284576
12970.2 0 0.0285421
12973 0 0.0286266
12976 0 0.028711
12979.1 0 0.0287953
12982.4 0 0.0288795
12985.6 0 0.0289638
12988.8 0 0.029048
12992 0 0.0291322
12995.2 0 0.0292163
12998.4 0 0.0293005
13001.6 0 0.0293847
13004.8 0 0.0294688
13008 0 0.0295529
13011.2 0 0.0296371
13014.4 0 0.0297212
13017.6 0 0.0298053
13020.9 0 0.0298893
13024.2 0 0.0299733
13027.7 0 0.0300572
13031.3 0 0.0301411
13035 0 0.0302249
13038.8 0 0.0303086
13042.5 0 0.0303924
13046.3 0 0.0304761
13050 0 0.0305598
13053.7 0 0.0306435
13057.5 0 0.0307272
13061.2 0 0.0308109
13064.9 0 0.0308945
13068.7 0 0.0309781
13072.4 0 0.0310618
13076.1 0 0.0311454
13079.8 0 0.0312289
13083.5 0 0.0313125
13087.2 0 0.0313961
13090.9 0 0.0314796
13094.6 0 0.0315631
13098.4 0 0.0316466
13102.2 0 0.03173
13106.1 0 0.0318134
13110 0 0.0318967
13114.2 0 0.0319799
13118.4 0 0.0320631
13122.6 0 0.0321462
13126.8 0 0.0322294
13130.9 0 0.0323125
13135.1 0 0.0323955
13139.3 0 0.0324786
13143.5 0 0.0325617
13147.6 0 0.0326447
13151.8 0 0.0327277
13155.9 0 0.0328107
13160.1 0 0.0328936
13164.3 0 0.0329766
13168.4 0 0.0330595
13172.5 0 0.0331424
13176.7 0 0.0332253
13180.8 0 0.0333081
13185 0 0.0333909
13189.1 0 0.0334737
13193.2 0 0.0335565
13197.4 0 0.0336393
13201.5 0 0.033722
13205.6 0 0.0338047
13209.7 0 0.0338874
13213.9 0 0.0339701
13218.1 0 0.0340527
13222.4 0 0.0341352
13226.7 0 0.0342177
13231.2 0 0.0343001
13235.7 0 0.0343824
13240.2 0 0.0344646
13244.8 0 0.0345469
13249.3 0 0.0346291
13253.8 0 0.0347113
13258.3 0 0.0347935
13262.8 0 0.0348756
13267.3 0 0.0349577
13271.8 0 0.0350398
13276.3 0 0.0351219
13280.8 0 0.0352039
13285.3 0 0.0352859
13289.8 0 0.0353679
13294.3 0 0.0354498
13298.7 0 0.0355318
13303.2 0 0.0356137
13307.7 0 0.0356955
13312.2 0 0.0357774
13316.6 0 0.0358592
13321.1 0 0.0359409
13325.5 0 0.0360227
13330 0 0.0361044
13334.4 0 0.0361861
13338.9 0 0.0362678
13343.3 0 0.0363494
13347.7 0 0.036431
13352.2 0 0.0365126
13356.6 0 0.0365941
13361 0 0.0366757
13365.5 0 0.0367571
13369.9 0 0.0368386
13374.3 0 0.03692
13378.8 0 0.0370014
13383.3 0 0.0370827
13387.9 0 0.0371639
13392.5 0 0.0372451
13397.2 0 0.0373262
13402 0 0.0374071
13406.7 0 0.0374881
13411.5 0 0.037569
13416.2 0 0.0376499
13420.9 0 0.0377308
13425.7 0 0.0378116
13430.4 0 0.0378924
13435.1 0 0.0379732
13439.8 0 0.0380539
13444.5 0 0.0381346
13449.3 0 0.0382153
13454 0 0.0382959
13458.7 0 0.0383765
13463.4 0 0.0384571
13468.1 0 0.0385376
13472.8 0 0.0386181
13477.4 0 0.0386986
13482.1 0 0.0387791
13486.8 0 0.0388595
13491.5 0 0.0389398
13496.2 0 0.0390202
13500.8 0 0.0391005
13505.5 0 0.0391808
13510.1 0 0.039261
13514.8 0 0.0393413
13519.5 0 0.0394215
13524.1 0 0.0395016
13528.8 0 0.0395817
13533.4 0 0.0396618
13538 0 0.0397419
13542.7 0 0.0398219
13547.3 0 0.0399019
13551.9 0 0.0399819
13556.6 0 0.0400618
13561.2 0 0.0401417
13565.8 0 0.0402216
13570.4 0 0.0403015
13575 0 0.0403813
13579.6 0 0.040461
13584.2 0 0.0405408
13588.8 0 0.0406205
13593.4 0 0.0407002
13598 0 0.0407798
13602.7 0 0.0408594
13607.4 0 0.040939
13612.1 0 0.0410184
13616.8 0 0.0410979
13621.6 0 0.0411772
13410.3 0 0.041121
13470.1 0 0.0411584
13494.5 0 0.0412106
