0 -58.4752 -2.26119e-06
634.56 0 5.36801e-05
1173.57 0 0.00011427
1709.92 0 0.000174813
2243.81 0 0.000235196
2775.24 0 0.000295361
3304.22 0 0.000355302
3830.74 0 0.00041501
4354.77 0 0.000474478
4876.15 0 0.000533708
5394.56 0 0.000592708
5909.16 0 0.000651504
6418.2 0 0.00071015
6918.36 0 0.00076876
7403.99 0 0.00082753
7866.83 0 0.000886745
8297.18 0 0.000946772
8686.59 0 0.00100795
9030.8 0 0.00107049
9330.49 0 0.00113452
9590.04 0 0.00119993
9815.21 0 0.00126666
10011.7 0 0.00133458
10184.8 0 0.00140342
10338.5 0 0.00147303
10475.8 0 0.00154337
10599.4 0 0.00161434
10711.4 0 0.00168595
10812.7 0 0.00175866
10905.5 0 0.0018318
10991.1 0 0.00190533
11070.4 0 0.0019792
11143.9 0 0.00205346
11212.1 0 0.00212822
11276 0 0.00220325
11335.9 0 0.00227851
11392.3 0 0.00235399
11445.5 0 0.00242967
11495.9 0 0.00250553
11543.8 0 0.00258156
11589.3 0 0.00265774
11632.4 0 0.00273419
11673.3 0 0.00281098
11712.4 0 0.0028879
11749.8 0 0.00296493
11785.6 0 0.00304206
11820.1 0 0.00311929
11853.2 0 0.0031966
11885.1 0 0.00327399
11915.6 0 0.00335172
11945 0 0.00342971
11972.9 0 0.00350801
11999.8 0 0.0035864
12025.7 0 0.00366484
12050.7 0 0.00374341
12074.7 0 0.00382237
12097.7 0 0.00390141
12119.8 0 0.00398058
12141.1 0 0.00405977
12161.8 0 0.00413898
12181.9 0 0.00421822
12201.4 0 0.00429746
12220.3 0 0.00437672
12238.6 0 0.00445599
12256.3 0 0.00453526
12273.3 0 0.00461473
12289.7 0 0.0046943
12305.5 0 0.00477386
12320.9 0 0.00485343
12335.7 0 0.004933
12349.8 0 0.00501259
12363.5 0 0.00509216
12376.5 0 0.00517238
12388.8 0 0.00525315
12400.7 0 0.00533391
12412.4 0 0.00541466
12423.7 0 0.00549538
12434.7 0 0.00557609
12445.5 0 0.00565677
12455.9 0 0.00573743
12466.1 0 0.00581808
12476 0 0.0058987
12485.7 0 0.00597931
12495.1 0 0.0060599
12504.3 0 0.00614048
12513.2 0 0.00622105
12521.8 0 0.00630161
12530.3 0 0.00638216
12538.4 0 0.00646271
12546.4 0 0.00654324
12554.2 0 0.00662377
12561.7 0 0.00670429
12569 0 0.0067848
12576.2 0 0.0068653
12583.1 0 0.00694578
12589.9 0 0.00702625
12596.5 0 0.0071067
12603 0 0.00718714
12609.3 0 0.00726755
12615.5 0 0.00734795
12621.6 0 0.00742832
12627.5 0 0.00750867
12633.3 0 0.00758912
12638.9 0 0.00766986
12644.3 0 0.00775102
12649.5 0 0.00783236
12654.6 0 0.00791368
12659.6 0 0.00799503
12664.4 0 0.00807635
12669.2 0 0.00815765
12673.9 0 0.00823894
12678.6 0 0.0083202
12683.1 0 0.00840146
12687.6 0 0.00848269
12692 0 0.00856392
12696.3 0 0.00864513
12700.6 0 0.00872633
12704.8 0 0.00880753
12708.9 0 0.00888872
12713 0 0.0089699
12717 0 0.00905108
12720.9 0 0.00913226
12724.7 0 0.00921344
12728.5 0 0.00929463
12732.1 0 0.00937579
12735.7 0 0.00945695
12739.2 0 0.0095381
12742.7 0 0.00961925
12746 0 0.00970041
12749.3 0 0.00978156
12752.5 0 0.00986277
12755.5 0 0.00994428
12758.3 0 0.0100258
12761.2 0 0.0101074
12763.9 0 0.010189
12766.6 0 0.0102705
12769.2 0 0.0103521
12771.7 0 0.010434
12774.1 0 0.0105162
12776.4 0 0.0105984
12778.6 0 0.0106806
12780.8 0 0.0107628
12783 0 0.0108451
12785.1 0 0.0109273
12787.2 0 0.0110095
12789.2 0 0.0110917
12791.2 0 0.0111739
12793.2 0 0.0112561
12795.1 0 0.0113383
12797 0 0.0114204
12798.8 0 0.0115026
12800.6 0 0.0115848
12802.4 0 0.0116669
12804.2 0 0.011749
12805.9 0 0.0118311
12807.7 0 0.0119132
12809.4 0 0.0119953
12811 0 0.0120774
12812.7 0 0.0121594
12814.3 0 0.0122415
12815.9 0 0.0123235
12817.5 0 0.0124055
12819.1 0 0.0124875
12820.7 0 0.0125694
12822.2 0 0.0126514
12823.7 0 0.0127333
12825.2 0 0.0128152
12826.7 0 0.0128971
12828.2 0 0.012979
12829.7 0 0.0130609
12831.1 0 0.0131427
12832.6 0 0.0132245
12834 0 0.0133064
12835.4 0 0.0133882
12836.8 0 0.0134699
12838.2 0 0.0135517
12839.5 0 0.0136334
12840.9 0 0.0137152
12842.2 0 0.0137969
12843.6 0 0.0138786
12844.9 0 0.0139603
12846.2 0 0.014042
12847.5 0 0.0141236
12848.7 0 0.0142053
12850 0 0.0142869
12851.3 0 0.0143685
12852.5 0 0.0144501
12853.7 0 0.0145317
12855 0 0.0146133
12856.2 0 0.0146949
12857.4 0 0.0147765
12858.5 0 0.014858
12859.7 0 0.0149396
12860.9 0 0.0150211
12862 0 0.0151026
12863.1 0 0.0151841
12864.3 0 0.0152656
12865.4 0 0.0153471
12866.4 0 0.0154286
12867.5 0 0.0155101
12868.6 0 0.0155915
12869.6 0 0.015673
12870.7 0 0.0157545
12871.7 0 0.015836
12872.7 0 0.0159174
12873.7 0 0.0159989
12874.7 0 0.0160804
12875.7 0 0.0161618
12876.6 0 0.0162433
12877.5 0 0.0163248
12878.5 0 0.0164062
12879.4 0 0.0164877
12880.3 0 0.0165692
12881.2 0 0.0166507
12882 0 0.0167321
12882.9 0 0.0168136
12883.7 0 0.0168951
12884.6 0 0.0169766
12885.4 0 0.0170581
12886.2 0 0.0171396
12886.9 0 0.0172211
12887.7 0 0.0173027
12888.5 0 0.0173842
12889.2 0 0.0174657
12889.9 0 0.0175473
12890.6 0 0.0176288
12891.3 0 0.0177103
12892 0 0.0177919
12892.7 0 0.0178734
12893.3 0 0.017955
12894 0 0.0180366
12894.6 0 0.0181182
12895.2 0 0.0181997
12895.8 0 0.0182813
12896.4 0 0.0183629
12897 0 0.0184445
12897.6 0 0.0185261
12898.1 0 0.0186077
12898.7 0 0.0186893
12899.2 0 0.0187709
12899.8 0 0.0188525
12900.3 0 0.0189341
12900.7 0 0.0190163
12901.2 0 0.0190985
12901.6 0 0.0191808
12902 0 0.019263
12902.5 0 0.0193452
12902.9 0 0.0194274
12903.3 0 0.0195097
12903.7 0 0.0195919
12904.1 0 0.0196741
12904.5 0 0.0197564
12904.8 0 0.0198386
12905.2 0 0.0199209
12905.5 0 0.0200031
12905.9 0 0.0200854
12906.2 0 0.0201676
12906.6 0 0.0202498
12906.9 0 0.0203321
12907.2 0 0.0204143
12907.5 0 0.0204965
12907.9 0 0.0205788
12908.2 0 0.020661
12908.5 0 0.0207432
12908.8 0 0.0208255
12909 0 0.0209077
12909.3 0 0.0209899
12909.6 0 0.0210721
12909.9 0 0.0211543
12910.2 0 0.0212365
12910.4 0 0.0213187
12910.7 0 0.0214009
12910.9 0 0.0214831
12911.2 0 0.0215653
12911.4 0 0.0216475
12911.7 0 0.0217296
12911.9 0 0.0218118
12912.2 0 0.021894
12912.4 0 0.0219761
12912.6 0 0.0220583
12912.9 0 0.0221404
12913.1 0 0.0222226
12913.3 0 0.0223047
12913.5 0 0.0223868
12913.7 0 0.022469
12913.9 0 0.0225511
12914.1 0 0.0226332
12914.3 0 0.0227153
12914.5 0 0.0227974
12914.7 0 0.0228795
12914.9 0 0.0229616
12915.1 0 0.0230436
12915.3 0 0.0231257
12915.5 0 0.0232078
12915.7 0 0.0232898
12915.9 0 0.0233719
12916 0 0.0234539
12916.2 0 0.023536
12916.4 0 0.023618
12916.6 0 0.0237
12916.7 0 0.023782
12916.9 0 0.023864
12917 0 0.023946
12917.2 0 0.024028
12917.4 0 0.02411
12917.5 0 0.024192
12917.7 0 0.024274
12917.8 0 0.0243559
12918 0 0.0244379
12918.1 0 0.0245198
12918.2 0 0.0246018
12918.4 0 0.0246837
12918.5 0 0.0247656
12918.7 0 0.0248476
12918.8 0 0.0249295
12918.9 0 0.0250114
12919.1 0 0.0250933
12919.3 0 0.0251752
12919.6 0 0.025257
12920.2 0 0.0253387
12921.1 0 0.0254204
12922.2 0 0.025502
12923.4 0 0.0255835
12924.8 0 0.025665
12926.3 0 0.0257465
12927.9 0 0.0258279
12929.8 0 0.0259092
12931.8 0 0.0259905
12933.7 0 0.0260718
12935.7 0 0.026153
12937.6 0 0.0262343
12939.6 0 0.0263155
12941.8 0 0.0263967
12944.1 0 0.0264778
12946.6 0 0.0265589
12949.3 0 0.0266399
12951.9 0 0.0267209
12954.5 0 0.0268019
12957.1 0 0.0268829
12959.7 0 0.0269638
12962.3 0 0.0270448
12964.9 0 0.0271258
12967.5 0 0.0272067
12970.2 0 0.0272876
12973 0 0.0273685
12976 0 0.0274493
12979.1 0 0.02753
12982.4 0 0.0276107
12985.6 0 0.0276914
12988.8 0 0.0277719
12992 0 0.0278525
12995.2 0 0.027933
12998.4 0 0.0280135
13001.6 0 0.028094
13004.8 0 0.0281745
13008 0 0.028255
13011.2 0 0.0283355
13014.4 0 0.0284159
13017.6 0 0.0284964
13020.9 0 0.0285768
13024.2 0 0.0286571
13027.7 0 0.0287374
13031.3 0 0.0288177
13035 0 0.0288978
13038.8 0 0.028978
13042.5 0 0.0290581
13046.3 0 0.0291382
13050 0 0.0292183
13053.7 0 0.0292984
13057.5 0 0.0293785
13061.2 0 0.0294586
13064.9 0 0.0295386
13068.7 0 0.0296186
13072.4 0 0.0296987
13076.1 0 0.0297787
13079.8 0 0.0298586
13083.5 0 0.0299386
13087.2 0 0.0300186
13090.9 0 0.0300985
13094.6 0 0.0301784
13098.4 0 0.0302583
13102.2 0 0.0303382
13106.1 0 0.030418
13110 0 0.0304977
13114.2 0 0.0305773
13118.4 0 0.0306569
13122.6 0 0.0307365
13126.8 0 0.0308161
13130.9 0 0.0308956
13135.1 0 0.0309752
13139.3 0 0.0310547
13143.5 0 0.0311342
13147.6 0 0.0312137
13151.8 0 0.0312931
13155.9 0 0.0313726
13160.1 0 0.031452
13164.3 0 0.0315314
13168.4 0 0.0316108
13172.5 0 0.0316902
13176.7 0 0.0317695
13180.8 0 0.0318488
13185 0 0.0319282
13189.1 0 0.0320074
13193.2 0 0.0320867
13197.4 0 0.032166
13201.5 0 0.0322452
13205.6 0 0.0323244
13209.7 0 0.0324036
13213.9 0 0.0324827
13218.1 0 0.0325618
13222.4 0 0.0326409
13226.7 0 0.0327198
13231.2 0 0.0327987
13235.7 0 0.0328775
13240.2 0 0.0329563
13244.8 0 0.0330351
13249.3 0 0.0331139
13253.8 0 0.0331926
13258.3 0 0.0332714
13262.8 0 0.0333501
13267.3 0 0.0334287
13271.8 0 0.0335074
13276.3 0 0.033586
13280.8 0 0.0336646
13285.3 0 0.0337432
13289.8 0 0.0338217
13294.3 0 0.0339002
13298.7 0 0.0339787
13303.2 0 0.0340572
13307.7 0 0.0341357
13312.2 0 0.0342141
13316.6 0 0.0342925
13321.1 0 0.0343709
13325.5 0 0.0344492
13330 0 0.0345275
13334.4 0 0.0346058
13338.9 0 0.0346841
13343.3 0 0.0347623
13347.7 0 0.0348406
13352.2 0 0.0349188
13356.6 0 0.0349969
13361 0 0.0350751
13365.5 0 0.0351532
13369.9 0 0.0352313
13374.3 0 0.0353093
13378.8 0 0.0353873
13383.3 0 0.0354652
13387.9 0 0.0355431
13392.5 0 0.0356209
13397.2 0 0.0356985
13402 0 0.0357762
13406.7 0 0.0358538
13411.5 0 0.0359314
13416.2 0 0.036009
13420.9 0 0.0360866
13425.7 0 0.0361641
13430.4 0 0.0362416
13435.1 0 0.036319
13439.8 0 0.0363964
13444.5 0 0.0364738
13449.3 0 0.0365512
13454 0 0.0366285
13458.7 0 0.0367059
13463.4 0 0.0367831
13468.1 0 0.0368604
13472.8 0 0.0369376
13477.4 0 0.0370148
13482.1 0 0.037092
13486.8 0 0.0371691
13491.5 0 0.0372462
13496.2 0 0.0373233
13500.8 0 0.0374003
13505.5 0 0.0374774
13510.1 0 0.0375543
13514.8 0 0.0376313
13519.5 0 0.0377082
13524.1 0 0.0377851
13528.8 0 0.037862
13533.4 0 0.0379388
13538 0 0.0380157
13542.7 0 0.0380924
13547.3 0 0.0381692
13551.9 0 0.0382459
13556.6 0 0.0383226
13561.2 0 0.0383993
13565.8 0 0.0384759
13570.4 0 0.0385525
13575 0 0.0386291
13579.6 0 0.0387056
13584.2 0 0.0387821
13588.8 0 0.0388586
13593.4 0 0.0389351
13598 0 0.0390115
13602.7 0 0.0390878
13607.4 0 0.0391641
13612.1 0 0.0392403
13616.8 0 0.0393164
13621.6 0 0.0393924
13410.3 0 0.039334
13470.1 0 0.0393687
13494.5 0 0.039418
