0 -58.4752 -2.26119e-06
634.56 0 4.14136e-05
1173.57 0 8.97556e-05
1709.92 0 0.000138048
2243.81 0 0.000186182
2775.24 0 0.000234097
3304.22 0 0.000281785
3830.74 0 0.00032924
4354.77 0 0.000376455
4876.15 0 0.000423432
5394.56 0 0.00047018
5909.16 0 0.000516723
6418.2 0 0.000563118
6918.36 0 0.000609475
7403.99 0 0.000655992
7866.83 0 0.000702956
8297.18 0 0.00075073
8686.59 0 0.000799654
9030.8 0 0.000849941
9330.49 0 0.000901721
9590.04 0 0.000954891
9815.21 0 0.0010094
10011.7 0 0.00106512
10184.8 0 0.00112177
10338.5 0 0.00117919
10475.8 0 0.00123726
10599.4 0 0.00129593
10711.4 0 0.00135521
10812.7 0 0.00141564
10905.5 0 0.0014765
10991.1 0 0.00153774
11070.4 0 0.00159933
11143.9 0 0.00166129
11212.1 0 0.00172376
11276 0 0.00178648
11335.9 0 0.00184945
11392.3 0 0.00191263
11445.5 0 0.00197601
11495.9 0 0.00203956
11543.8 0 0.00210328
11589.3 0 0.00216715
11632.4 0 0.00223131
11673.3 0 0.00229581
11712.4 0 0.00236043
11749.8 0 0.00242516
11785.6 0 0.00249
11820.1 0 0.00255494
11853.2 0 0.00261995
11885.1 0 0.00268505
11915.6 0 0.00275054
11945 0 0.00281634
11972.9 0 0.00288241
11999.8 0 0.00294857
12025.7 0 0.0030148
12050.7 0 0.00308115
12074.7 0 0.00314796
12097.7 0 0.00321482
12119.8 0 0.00328176
12141.1 0 0.00334872
12161.8 0 0.0034157
12181.9 0 0.0034827
12201.4 0 0.00354972
12220.3 0 0.00361675
12238.6 0 0.00368378
12256.3 0 0.00375083
12273.3 0 0.00381805
12289.7 0 0.00388538
12305.5 0 0.0039527
12320.9 0 0.00402003
12335.7 0 0.00408731
12349.8 0 0.00415451
12363.5 0 0.00422169
12376.5 0 0.00428965
12388.8 0 0.00435826
12400.7 0 0.00442685
12412.4 0 0.00449542
12423.7 0 0.00456397
12434.7 0 0.00463251
12445.5 0 0.00470103
12455.9 0 0.00476952
12466.1 0 0.004838
12476 0 0.00490646
12485.7 0 0.00497491
12495.1 0 0.00504334
12504.3 0 0.00511176
12513.2 0 0.00518017
12521.8 0 0.00524857
12530.3 0 0.00531697
12538.4 0 0.00538536
12546.4 0 0.00545374
12554.2 0 0.00552211
12561.7 0 0.00559048
12569 0 0.00565884
12576.2 0 0.00572719
12583.1 0 0.00579552
12589.9 0 0.00586384
12596.5 0 0.00593215
12603 0 0.00600044
12609.3 0 0.00606871
12615.5 0 0.00613695
12621.6 0 0.00620518
12627.5 0 0.00627338
12633.3 0 0.00634171
12638.9 0 0.00641037
12644.3 0 0.00647955
12649.5 0 0.00654894
12654.6 0 0.0066183
12659.6 0 0.00668759
12664.4 0 0.00675687
12669.2 0 0.00682614
12673.9 0 0.00689538
12678.6 0 0.00696461
12683.1 0 0.00703383
12687.6 0 0.00710303
12692 0 0.00717222
12696.3 0 0.00724141
12700.6 0 0.00731058
12704.8 0 0.00737976
12708.9 0 0.00744892
12713 0 0.00751809
12717 0 0.00758726
12720.9 0 0.00765643
12724.7 0 0.00772561
12728.5 0 0.00779479
12732.1 0 0.00786391
12735.7 0 0.00793296
12739.2 0 0.00800202
12742.7 0 0.00807108
12746 0 0.00814014
12749.3 0 0.00820921
12752.5 0 0.00827829
12755.5 0 0.00834754
12758.3 0 0.00841682
12761.2 0 0.00848611
12763.9 0 0.00855539
12766.6 0 0.00862467
12769.2 0 0.00869396
12771.7 0 0.00876353
12774.1 0 0.00883348
12776.4 0 0.00890343
12778.6 0 0.00897338
12780.8 0 0.00904333
12783 0 0.00911328
12785.1 0 0.00918322
12787.2 0 0.00925315
12789.2 0 0.00932307
12791.2 0 0.00939299
12793.2 0 0.00946289
12795.1 0 0.00953279
12797 0 0.00960267
12798.8 0 0.00967254
12800.6 0 0.00974239
12802.4 0 0.00981223
12804.2 0 0.00988206
12805.9 0 0.00995187
12807.7 0 0.0100217
12809.4 0 0.0100914
12811 0 0.0101612
12812.7 0 0.0102309
12814.3 0 0.0103007
12815.9 0 0.0103704
12817.5 0 0.0104401
12819.1 0 0.0105098
12820.7 0 0.0105794
12822.2 0 0.0106491
12823.7 0 0.0107187
12825.2 0 0.0107883
12826.7 0 0.0108579
12828.2 0 0.0109275
12829.7 0 0.010997
12831.1 0 0.0110665
12832.6 0 0.0111361
12834 0 0.0112056
12835.4 0 0.0112751
12836.8 0 0.0113445
12838.2 0 0.011414
12839.5 0 0.0114834
12840.9 0 0.0115529
12842.2 0 0.0116223
12843.6 0 0.0116917
12844.9 0 0.0117611
12846.2 0 0.0118304
12847.5 0 0.0118998
12848.7 0 0.0119691
12850 0 0.0120385
12851.3 0 0.0121078
12852.5 0 0.0121771
12853.7 0 0.0122464
12855 0 0.0123157
12856.2 0 0.012385
12857.4 0 0.0124542
12858.5 0 0.0125235
12859.7 0 0.0125928
12860.9 0 0.012662
12862 0 0.0127312
12863.1 0 0.0128004
12864.3 0 0.0128696
12865.4 0 0.0129388
12866.4 0 0.013008
12867.5 0 0.0130771
12868.6 0 0.0131463
12869.6 0 0.0132155
12870.7 0 0.0132847
12871.7 0 0.0133538
12872.7 0 0.013423
12873.7 0 0.0134922
12874.7 0 0.0135614
12875.7 0 0.0136305
12876.6 0 0.0136997
12877.5 0 0.0137689
12878.5 0 0.013838
12879.4 0 0.0139072
12880.3 0 0.0139764
12881.2 0 0.0140456
12882 0 0.0141148
12882.9 0 0.014184
12883.7 0 0.0142532
12884.6 0 0.0143224
12885.4 0 0.0143916
12886.2 0 0.0144608
12886.9 0 0.01453
12887.7 0 0.0145992
12888.5 0 0.0146684
12889.2 0 0.0147376
12889.9 0 0.0148069
12890.6 0 0.0148761
12891.3 0 0.0149453
12892 0 0.0150146
12892.7 0 0.0150838
12893.3 0 0.0151531
12894 0 0.0152223
12894.6 0 0.0152916
12895.2 0 0.0153609
12895.8 0 0.0154301
12896.4 0 0.0154994
12897 0 0.0155687
12897.6 0 0.0156379
12898.1 0 0.0157072
12898.7 0 0.0157765
12899.2 0 0.0158457
12899.8 0 0.015915
12900.3 0 0.0159843
12900.7 0 0.0160543
12901.2 0 0.0161242
12901.6 0 0.0161942
12902 0 0.0162641
12902.5 0 0.0163341
12902.9 0 0.0164041
12903.3 0 0.016474
12903.7 0 0.016544
12904.1 0 0.016614
12904.5 0 0.0166839
12904.8 0 0.0167539
12905.2 0 0.0168239
12905.5 0 0.0168938
12905.9 0 0.0169638
12906.2 0 0.0170338
12906.6 0 0.0171037
12906.9 0 0.0171737
12907.2 0 0.0172436
12907.5 0 0.0173136
12907.9 0 0.0173835
12908.2 0 0.0174535
12908.5 0 0.0175234
12908.8 0 0.0175934
12909 0 0.0176633
12909.3 0 0.0177333
12909.6 0 0.0178032
12909.9 0 0.0178731
12910.2 0 0.0179431
12910.4 0 0.018013
12910.7 0 0.0180829
12910.9 0 0.0181528
12911.2 0 0.0182227
12911.4 0 0.0182926
12911.7 0 0.0183625
12911.9 0 0.0184324
12912.2 0 0.0185023
12912.4 0 0.0185721
12912.6 0 0.018642
12912.9 0 0.0187119
12913.1 0 0.0187817
12913.3 0 0.0188516
12913.5 0 0.0189214
12913.7 0 0.0189913
12913.9 0 0.0190611
12914.1 0 0.019131
12914.3 0 0.0192008
12914.5 0 0.0192706
12914.7 0 0.0193404
12914.9 0 0.0194102
12915.1 0 0.01948
12915.3 0 0.0195498
12915.5 0 0.0196196
12915.7 0 0.0196894
12915.9 0 0.0197591
12916 0 0.0198289
12916.2 0 0.0198986
12916.4 0 0.0199684
12916.6 0 0.0200381
12916.7 0 0.0201079
12916.9 0 0.0201776
12917 0 0.0202473
12917.2 0 0.020317
12917.4 0 0.0203868
12917.5 0 0.0204565
12917.7 0 0.0205262
12917.8 0 0.0205958
12918 0 0.0206655
12918.1 0 0.0207352
12918.2 0 0.0208049
12918.4 0 0.0208745
12918.5 0 0.0209442
12918.7 0 0.0210138
12918.8 0 0.0210835
12918.9 0 0.0211531
12919.1 0 0.0212227
12919.3 0 0.0212923
12919.6 0 0.0213619
12920.2 0 0.0214314
12921.1 0 0.0215008
12922.2 0 0.0215701
12923.4 0 0.0216394
12924.8 0 0.0217086
12926.3 0 0.0217778
12927.9 0 0.0218469
12929.8 0 0.021916
12931.8 0 0.021985
12933.7 0 0.0220541
12935.7 0 0.0221231
12937.6 0 0.0221921
12939.6 0 0.0222611
12941.8 0 0.02233
12944.1 0 0.0223989
12946.6 0 0.0224677
12949.3 0 0.0225365
12951.9 0 0.0226053
12954.5 0 0.022674
12957.1 0 0.0227428
12959.7 0 0.0228115
12962.3 0 0.0228802
12964.9 0 0.0229489
12967.5 0 0.0230176
12970.2 0 0.0230863
12973 0 0.0231549
12976 0 0.0232235
12979.1 0 0.023292
12982.4 0 0.0233605
12985.6 0 0.0234289
12988.8 0 0.0234972
12992 0 0.0235655
12995.2 0 0.0236338
12998.4 0 0.0237021
13001.6 0 0.0237704
13004.8 0 0.0238386
13008 0 0.0239068
13011.2 0 0.0239751
13014.4 0 0.0240433
13017.6 0 0.0241115
13020.9 0 0.0241797
13024.2 0 0.0242478
13027.7 0 0.0243158
13031.3 0 0.0243838
13035 0 0.0244517
13038.8 0 0.0245196
13042.5 0 0.0245875
13046.3 0 0.0246554
13050 0 0.0247233
13053.7 0 0.0247911
13057.5 0 0.024859
13061.2 0 0.0249268
13064.9 0 0.0249946
13068.7 0 0.0250624
13072.4 0 0.0251302
13076.1 0 0.025198
13079.8 0 0.0252657
13083.5 0 0.0253335
13087.2 0 0.0254012
13090.9 0 0.0254689
13094.6 0 0.0255366
13098.4 0 0.0256042
13102.2 0 0.0256719
13106.1 0 0.0257394
13110 0 0.0258069
13114.2 0 0.0258743
13118.4 0 0.0259417
13122.6 0 0.0260091
13126.8 0 0.0260764
13130.9 0 0.0261438
13135.1 0 0.0262111
13139.3 0 0.0262784
13143.5 0 0.0263457
13147.6 0 0.0264129
13151.8 0 0.0264802
13155.9 0 0.0265474
13160.1 0 0.0266146
13164.3 0 0.0266818
13168.4 0 0.026749
13172.5 0 0.0268161
13176.7 0 0.0268833
13180.8 0 0.0269504
13185 0 0.0270175
13189.1 0 0.0270845
13193.2 0 0.0271516
13197.4 0 0.0272187
13201.5 0 0.0272857
13205.6 0 0.0273527
13209.7 0 0.0274197
13213.9 0 0.0274866
13218.1 0 0.0275535
13222.4 0 0.0276203
13226.7 0 0.0276871
13231.2 0 0.0277537
13235.7 0 0.0278204
13240.2 0 0.027887
13244.8 0 0.0279536
13249.3 0 0.0280201
13253.8 0 0.0280867
13258.3 0 0.0281532
13262.8 0 0.0282197
13267.3 0 0.0282862
13271.8 0 0.0283526
13276.3 0 0.0284191
13280.8 0 0.0284855
13285.3 0 0.0285519
13289.8 0 0.0286182
13294.3 0 0.0286846
13298.7 0 0.0287509
13303.2 0 0.0288172
13307.7 0 0.0288834
13312.2 0 0.0289497
13316.6 0 0.0290159
13321.1 0 0.0290821
13325.5 0 0.0291483
13330 0 0.0292144
13334.4 0 0.0292805
13338.9 0 0.0293466
13343.3 0 0.0294127
13347.7 0 0.0294787
13352.2 0 0.0295447
13356.6 0 0.0296107
13361 0 0.0296767
13365.5 0 0.0297427
13369.9 0 0.0298086
13374.3 0 0.0298744
13378.8 0 0.0299402
13383.3 0 0.030006
13387.9 0 0.0300717
13392.5 0 0.0301373
13397.2 0 0.0302028
13402 0 0.0302683
13406.7 0 0.0303338
13411.5 0 0.0303992
13416.2 0 0.0304646
13420.9 0 0.03053
13425.7 0 0.0305954
13430.4 0 0.0306607
13435.1 0 0.030726
13439.8 0 0.0307913
13444.5 0 0.0308565
13449.3 0 0.0309217
13454 0 0.0309869
13458.7 0 0.0310521
13463.4 0 0.0311172
13468.1 0 0.0311823
13472.8 0 0.0312474
13477.4 0 0.0313124
13482.1 0 0.0313774
13486.8 0 0.0314424
13491.5 0 0.0315074
13496.2 0 0.0315723
13500.8 0 0.0316372
13505.5 0 0.0317021
13510.1 0 0.0317669
13514.8 0 0.0318317
13519.5 0 0.0318965
13524.1 0 0.0319613
13528.8 0 0.032026
13533.4 0 0.0320907
13538 0 0.0321554
13542.7 0 0.03222
13547.3 0 0.0322846
13551.9 0 0.0323492
13556.6 0 0.0324138
13561.2 0 0.0324783
13565.8 0 0.0325428
13570.4 0 0.0326073
13575 0 0.0326717
13579.6 0 0.0327361
13584.2 0 0.0328005
13588.8 0 0.0328649
13593.4 0 0.0329292
13598 0 0.0329934
13602.7 0 0.0330576
13607.4 0 0.0331217
13612.1 0 0.0331858
13616.8 0 0.0332498
13621.6 0 0.0333136
13410.3 0 0.0332434
13470.1 0 0.033266
13494.5 0 0.0333034
