0 -58.4752 -2.26119e-06
634.56 0 4.08264e-05
1173.57 0 8.84838e-05
1709.92 0 0.000136107
2243.81 0 0.000183564
2775.24 0 0.000230811
3304.22 0 0.000277842
3830.74 0 0.00032464
4354.77 0 0.000371199
4876.15 0 0.000417518
5394.56 0 0.000463608
5909.16 0 0.000509492
6418.2 0 0.000555226
6918.36 0 0.000600923
7403.99 0 0.000646783
7866.83 0 0.000693086
8297.18 0 0.000740202
8686.59 0 0.000788475
9030.8 0 0.00083811
9330.49 0 0.000889209
9590.04 0 0.000941674
9815.21 0 0.000995372
10011.7 0 0.00105015
10184.8 0 0.00110581
10338.5 0 0.00116226
10475.8 0 0.00121976
10599.4 0 0.00127802
10711.4 0 0.00133704
10812.7 0 0.00139694
10905.5 0 0.0014573
10991.1 0 0.00151805
11070.4 0 0.00157916
11143.9 0 0.00164067
11212.1 0 0.00170269
11276 0 0.00176499
11335.9 0 0.00182754
11392.3 0 0.00189031
11445.5 0 0.00195329
11495.9 0 0.00201646
11543.8 0 0.00207979
11589.3 0 0.00214329
11632.4 0 0.00220704
11673.3 0 0.00227108
11712.4 0 0.00233525
11749.8 0 0.00239953
11785.6 0 0.00246392
11820.1 0 0.00252841
11853.2 0 0.00259299
11885.1 0 0.00265764
11915.6 0 0.00272239
11945 0 0.00278721
11972.9 0 0.00285249
11999.8 0 0.00291787
12025.7 0 0.00298329
12050.7 0 0.00304879
12074.7 0 0.00311442
12097.7 0 0.00318022
12119.8 0 0.0032464
12141.1 0 0.0033126
12161.8 0 0.00337882
12181.9 0 0.00344505
12201.4 0 0.0035113
12220.3 0 0.00357756
12238.6 0 0.00364382
12256.3 0 0.00371009
12273.3 0 0.00377658
12289.7 0 0.00384319
12305.5 0 0.00390981
12320.9 0 0.00397642
12335.7 0 0.00404319
12349.8 0 0.00411045
12363.5 0 0.00417769
12376.5 0 0.00424502
12388.8 0 0.00431255
12400.7 0 0.00438006
12412.4 0 0.00444756
12423.7 0 0.00451503
12434.7 0 0.00458247
12445.5 0 0.00464989
12455.9 0 0.00471729
12466.1 0 0.00478466
12476 0 0.00485201
12485.7 0 0.00491934
12495.1 0 0.00498664
12504.3 0 0.00505393
12513.2 0 0.00512121
12521.8 0 0.00518846
12530.3 0 0.00525571
12538.4 0 0.00532294
12546.4 0 0.00539015
12554.2 0 0.00545736
12561.7 0 0.00552455
12569 0 0.00559173
12576.2 0 0.00565889
12583.1 0 0.00572604
12589.9 0 0.00579316
12596.5 0 0.00586027
12603 0 0.00592737
12609.3 0 0.00599443
12615.5 0 0.00606148
12621.6 0 0.0061285
12627.5 0 0.0061955
12633.3 0 0.00626252
12638.9 0 0.00632961
12644.3 0 0.00639676
12649.5 0 0.00646392
12654.6 0 0.00653117
12659.6 0 0.00659874
12664.4 0 0.00666628
12669.2 0 0.0067338
12673.9 0 0.0068013
12678.6 0 0.00686877
12683.1 0 0.00693621
12687.6 0 0.00700363
12692 0 0.00707103
12696.3 0 0.00713841
12700.6 0 0.00720577
12704.8 0 0.00727311
12708.9 0 0.00734042
12713 0 0.00740773
12717 0 0.00747501
12720.9 0 0.00754228
12724.7 0 0.00760953
12728.5 0 0.00767677
12732.1 0 0.00774419
12735.7 0 0.00781179
12739.2 0 0.00787939
12742.7 0 0.00794698
12746 0 0.00801456
12749.3 0 0.00808214
12752.5 0 0.00814988
12755.5 0 0.00821852
12758.3 0 0.00828728
12761.2 0 0.00835606
12763.9 0 0.00842485
12766.6 0 0.00849365
12769.2 0 0.00856246
12771.7 0 0.0086315
12774.1 0 0.00870085
12776.4 0 0.0087702
12778.6 0 0.00883958
12780.8 0 0.00890896
12783 0 0.00897836
12785.1 0 0.00904777
12787.2 0 0.00911718
12789.2 0 0.0091866
12791.2 0 0.00925603
12793.2 0 0.00932546
12795.1 0 0.00939489
12797 0 0.00946431
12798.8 0 0.00953374
12800.6 0 0.00960316
12802.4 0 0.00967258
12804.2 0 0.00974198
12805.9 0 0.00981139
12807.7 0 0.00988078
12809.4 0 0.00995016
12811 0 0.0100195
12812.7 0 0.0100889
12814.3 0 0.0101582
12815.9 0 0.0102276
12817.5 0 0.0102969
12819.1 0 0.0103662
12820.7 0 0.0104354
12822.2 0 0.0105047
12823.7 0 0.010574
12825.2 0 0.0106432
12826.7 0 0.0107124
12828.2 0 0.0107816
12829.7 0 0.0108508
12831.1 0 0.0109199
12832.6 0 0.0109891
12834 0 0.0110582
12835.4 0 0.0111273
12836.8 0 0.0111964
12838.2 0 0.0112655
12839.5 0 0.0113345
12840.9 0 0.0114036
12842.2 0 0.0114726
12843.6 0 0.0115416
12844.9 0 0.0116106
12846.2 0 0.0116796
12847.5 0 0.0117485
12848.7 0 0.0118175
12850 0 0.0118864
12851.3 0 0.0119553
12852.5 0 0.0120242
12853.7 0 0.0120931
12855 0 0.0121619
12856.2 0 0.0122308
12857.4 0 0.0122996
12858.5 0 0.0123685
12859.7 0 0.0124373
12860.9 0 0.0125061
12862 0 0.0125749
12863.1 0 0.0126437
12864.3 0 0.0127125
12865.4 0 0.0127812
12866.4 0 0.01285
12867.5 0 0.0129188
12868.6 0 0.0129875
12869.6 0 0.0130563
12870.7 0 0.013125
12871.7 0 0.0131938
12872.7 0 0.0132625
12873.7 0 0.0133312
12874.7 0 0.0134
12875.7 0 0.0134687
12876.6 0 0.0135374
12877.5 0 0.0136062
12878.5 0 0.0136749
12879.4 0 0.0137437
12880.3 0 0.0138124
12881.2 0 0.0138812
12882 0 0.0139499
12882.9 0 0.0140187
12883.7 0 0.0140875
12884.6 0 0.0141563
12885.4 0 0.014225
12886.2 0 0.0142938
12886.9 0 0.0143626
12887.7 0 0.0144314
12888.5 0 0.0145003
12889.2 0 0.0145691
12889.9 0 0.0146379
12890.6 0 0.0147068
12891.3 0 0.0147756
12892 0 0.0148445
12892.7 0 0.0149134
12893.3 0 0.0149823
12894 0 0.0150512
12894.6 0 0.0151201
12895.2 0 0.015189
12895.8 0 0.015258
12896.4 0 0.0153269
12897 0 0.0153958
12897.6 0 0.0154648
12898.1 0 0.0155338
12898.7 0 0.0156027
12899.2 0 0.0156717
12899.8 0 0.0157407
12900.3 0 0.0158098
12900.7 0 0.0158791
12901.2 0 0.0159485
12901.6 0 0.0160179
12902 0 0.0160872
12902.5 0 0.0161566
12902.9 0 0.016226
12903.3 0 0.0162954
12903.7 0 0.0163648
12904.1 0 0.0164342
12904.5 0 0.0165037
12904.8 0 0.0165731
12905.2 0 0.0166425
12905.5 0 0.0167119
12905.9 0 0.0167813
12906.2 0 0.0168508
12906.6 0 0.0169202
12906.9 0 0.0169896
12907.2 0 0.0170591
12907.5 0 0.0171285
12907.9 0 0.0171979
12908.2 0 0.0172673
12908.5 0 0.0173368
12908.8 0 0.0174062
12909 0 0.0174756
12909.3 0 0.017545
12909.6 0 0.0176144
12909.9 0 0.0176838
12910.2 0 0.0177533
12910.4 0 0.0178227
12910.7 0 0.0178921
12910.9 0 0.0179615
12911.2 0 0.0180308
12911.4 0 0.0181002
12911.7 0 0.0181696
12911.9 0 0.018239
12912.2 0 0.0183084
12912.4 0 0.0183777
12912.6 0 0.0184471
12912.9 0 0.0185164
12913.1 0 0.0185858
12913.3 0 0.0186551
12913.5 0 0.0187244
12913.7 0 0.0187938
12913.9 0 0.0188631
12914.1 0 0.0189324
12914.3 0 0.0190017
12914.5 0 0.019071
12914.7 0 0.0191403
12914.9 0 0.0192096
12915.1 0 0.0192789
12915.3 0 0.0193481
12915.5 0 0.0194174
12915.7 0 0.0194866
12915.9 0 0.0195559
12916 0 0.0196251
12916.2 0 0.0196944
12916.4 0 0.0197636
12916.6 0 0.0198328
12916.7 0 0.019902
12916.9 0 0.0199712
12917 0 0.0200404
12917.2 0 0.0201096
12917.4 0 0.0201788
12917.5 0 0.0202479
12917.7 0 0.0203171
12917.8 0 0.0203863
12918 0 0.0204554
12918.1 0 0.0205245
12918.2 0 0.0205937
12918.4 0 0.0206628
12918.5 0 0.0207319
12918.7 0 0.020801
12918.8 0 0.0208701
12918.9 0 0.0209392
12919.1 0 0.0210083
12919.3 0 0.0210773
12919.6 0 0.0211463
12920.2 0 0.0212152
12921.1 0 0.021284
12922.2 0 0.0213528
12923.4 0 0.0214214
12924.8 0 0.02149
12926.3 0 0.0215586
12927.9 0 0.0216271
12929.8 0 0.0216955
12931.8 0 0.0217639
12933.7 0 0.0218322
12935.7 0 0.0219006
12937.6 0 0.0219689
12939.6 0 0.0220372
12941.8 0 0.0221054
12944.1 0 0.0221736
12946.6 0 0.0222417
12949.3 0 0.0223098
12951.9 0 0.0223778
12954.5 0 0.0224458
12957.1 0 0.0225138
12959.7 0 0.0225818
12962.3 0 0.0226498
12964.9 0 0.0227178
12967.5 0 0.0227857
12970.2 0 0.0228536
12973 0 0.0229215
12976 0 0.0229893
12979.1 0 0.023057
12982.4 0 0.0231247
12985.6 0 0.0231923
12988.8 0 0.0232599
12992 0 0.0233275
12995.2 0 0.0233951
12998.4 0 0.0234627
13001.6 0 0.0235303
13004.8 0 0.0235979
13008 0 0.0236654
13011.2 0 0.0237329
13014.4 0 0.0238005
13017.6 0 0.023868
13020.9 0 0.0239354
13024.2 0 0.0240028
13027.7 0 0.0240702
13031.3 0 0.0241374
13035 0 0.0242046
13038.8 0 0.0242718
13042.5 0 0.024339
13046.3 0 0.0244061
13050 0 0.0244732
13053.7 0 0.0245403
13057.5 0 0.0246074
13061.2 0 0.0246745
13064.9 0 0.0247416
13068.7 0 0.0248086
13072.4 0 0.0248756
13076.1 0 0.0249426
13079.8 0 0.0250096
13083.5 0 0.0250766
13087.2 0 0.0251436
13090.9 0 0.0252105
13094.6 0 0.0252774
13098.4 0 0.0253443
13102.2 0 0.0254112
13106.1 0 0.0254779
13110 0 0.0255447
13114.2 0 0.0256113
13118.4 0 0.0256779
13122.6 0 0.0257444
13126.8 0 0.0258109
13130.9 0 0.0258775
13135.1 0 0.0259439
13139.3 0 0.0260104
13143.5 0 0.0260769
13147.6 0 0.0261433
13151.8 0 0.0262097
13155.9 0 0.0262761
13160.1 0 0.0263424
13164.3 0 0.0264088
13168.4 0 0.0264751
13172.5 0 0.0265414
13176.7 0 0.0266077
13180.8 0 0.0266739
13185 0 0.0267402
13189.1 0 0.0268064
13193.2 0 0.0268726
13197.4 0 0.0269387
13201.5 0 0.0270049
13205.6 0 0.027071
13209.7 0 0.0271371
13213.9 0 0.0272031
13218.1 0 0.0272691
13222.4 0 0.027335
13226.7 0 0.0274009
13231.2 0 0.0274667
13235.7 0 0.0275324
13240.2 0 0.0275981
13244.8 0 0.0276637
13249.3 0 0.0277293
13253.8 0 0.0277949
13258.3 0 0.0278605
13262.8 0 0.027926
13267.3 0 0.0279915
13271.8 0 0.028057
13276.3 0 0.0281225
13280.8 0 0.0281879
13285.3 0 0.0282533
13289.8 0 0.0283187
13294.3 0 0.028384
13298.7 0 0.0284493
13303.2 0 0.0285146
13307.7 0 0.0285799
13312.2 0 0.0286451
13316.6 0 0.0287103
13321.1 0 0.0287755
13325.5 0 0.0288406
13330 0 0.0289057
13334.4 0 0.0289708
13338.9 0 0.0290358
13343.3 0 0.0291009
13347.7 0 0.0291659
13352.2 0 0.0292308
13356.6 0 0.0292958
13361 0 0.0293607
13365.5 0 0.0294255
13369.9 0 0.0294904
13374.3 0 0.0295552
13378.8 0 0.02962
13383.3 0 0.0296846
13387.9 0 0.0297493
13392.5 0 0.0298138
13397.2 0 0.0298783
13402 0 0.0299426
13406.7 0 0.030007
13411.5 0 0.0300713
13416.2 0 0.0301356
13420.9 0 0.0301998
13425.7 0 0.030264
13430.4 0 0.0303282
13435.1 0 0.0303923
13439.8 0 0.0304564
13444.5 0 0.0305205
13449.3 0 0.0305846
13454 0 0.0306486
13458.7 0 0.0307126
13463.4 0 0.0307765
13468.1 0 0.0308404
13472.8 0 0.0309043
13477.4 0 0.0309682
13482.1 0 0.031032
13486.8 0 0.0310958
13491.5 0 0.0311595
13496.2 0 0.0312233
13500.8 0 0.031287
13505.5 0 0.0313506
13510.1 0 0.0314143
13514.8 0 0.0314779
13519.5 0 0.0315414
13524.1 0 0.031605
13528.8 0 0.0316685
13533.4 0 0.0317319
13538 0 0.0317954
13542.7 0 0.0318588
13547.3 0 0.0319221
13551.9 0 0.0319855
13556.6 0 0.0320488
13561.2 0 0.0321121
13565.8 0 0.0321753
13570.4 0 0.0322385
13575 0 0.0323017
13579.6 0 0.0323649
13584.2 0 0.032428
13588.8 0 0.0324911
13593.4 0 0.0325541
13598 0 0.0326172
13602.7 0 0.0326801
13607.4 0 0.0327431
13612.1 0 0.0328059
13616.8 0 0.0328687
13621.6 0 0.0329314
13410.3 0 0.0328585
13470.1 0 0.0328793
13494.5 0 0.0329148
