0 -58.4752 -2.26119e-06
634.56 0 4.79072e-05
1173.57 0 0.000102656
1709.92 0 0.00015737
2243.81 0 0.000211918
2775.24 0 0.000266255
3304.22 0 0.000320374
3830.74 0 0.000374261
4354.77 0 0.000427909
4876.15 0 0.000481317
5394.56 0 0.000534495
5909.16 0 0.000587468
6418.2 0 0.000640291
6918.36 0 0.000693077
7403.99 0 0.000746026
7866.83 0 0.000799419
8297.18 0 0.000853623
8686.59 0 0.000908984
9030.8 0 0.000965708
9330.49 0 0.0010239
9590.04 0 0.00108346
9815.21 0 0.00114426
10011.7 0 0.00120616
10184.8 0 0.00126895
10338.5 0 0.00133252
10475.8 0 0.0013971
10599.4 0 0.00146242
10711.4 0 0.00152848
10812.7 0 0.00159546
10905.5 0 0.00166289
10991.1 0 0.00173071
11070.4 0 0.00179889
11143.9 0 0.00186746
11212.1 0 0.00193655
11276 0 0.00200591
11335.9 0 0.00207552
11392.3 0 0.00214536
11445.5 0 0.0022154
11495.9 0 0.00228562
11543.8 0 0.00235601
11589.3 0 0.00242656
11632.4 0 0.00249737
11673.3 0 0.00256848
11712.4 0 0.00263971
11749.8 0 0.00271107
11785.6 0 0.00278252
11820.1 0 0.00285407
11853.2 0 0.00292571
11885.1 0 0.00299743
11915.6 0 0.00306928
11945 0 0.00314123
11972.9 0 0.00321361
11999.8 0 0.00328609
12025.7 0 0.00335862
12050.7 0 0.00343122
12074.7 0 0.003504
12097.7 0 0.00357694
12119.8 0 0.00365022
12141.1 0 0.00372352
12161.8 0 0.00379684
12181.9 0 0.00387017
12201.4 0 0.00394352
12220.3 0 0.00401688
12238.6 0 0.00409025
12256.3 0 0.00416362
12273.3 0 0.00423721
12289.7 0 0.00431092
12305.5 0 0.00438462
12320.9 0 0.00445833
12335.7 0 0.00453217
12349.8 0 0.00460644
12363.5 0 0.00468069
12376.5 0 0.0047551
12388.8 0 0.00482977
12400.7 0 0.00490442
12412.4 0 0.00497905
12423.7 0 0.00505366
12434.7 0 0.00512824
12445.5 0 0.0052028
12455.9 0 0.00527733
12466.1 0 0.00535184
12476 0 0.00542633
12485.7 0 0.0055008
12495.1 0 0.00557525
12504.3 0 0.00564968
12513.2 0 0.0057241
12521.8 0 0.0057985
12530.3 0 0.00587289
12538.4 0 0.00594726
12546.4 0 0.00602163
12554.2 0 0.00609598
12561.7 0 0.00617032
12569 0 0.00624464
12576.2 0 0.00631895
12583.1 0 0.00639325
12589.9 0 0.00646753
12596.5 0 0.00654179
12603 0 0.00661603
12609.3 0 0.00669024
12615.5 0 0.00676444
12621.6 0 0.00683861
12627.5 0 0.00691276
12633.3 0 0.00698694
12638.9 0 0.00706122
12644.3 0 0.00713562
12649.5 0 0.00721005
12654.6 0 0.00728455
12659.6 0 0.00735933
12664.4 0 0.00743408
12669.2 0 0.00750881
12673.9 0 0.00758352
12678.6 0 0.0076582
12683.1 0 0.00773286
12687.6 0 0.0078075
12692 0 0.00788212
12696.3 0 0.00795672
12700.6 0 0.00803129
12704.8 0 0.00810585
12708.9 0 0.00818039
12713 0 0.00825492
12717 0 0.00832943
12720.9 0 0.00840393
12724.7 0 0.00847841
12728.5 0 0.00855289
12732.1 0 0.00862751
12735.7 0 0.00870229
12739.2 0 0.00877707
12742.7 0 0.00885184
12746 0 0.0089266
12749.3 0 0.00900137
12752.5 0 0.00907628
12755.5 0 0.009152
12758.3 0 0.00922783
12761.2 0 0.00930368
12763.9 0 0.00937954
12766.6 0 0.00945541
12769.2 0 0.00953129
12771.7 0 0.00960741
12774.1 0 0.00968383
12776.4 0 0.00976027
12778.6 0 0.00983672
12780.8 0 0.00991319
12783 0 0.00998966
12785.1 0 0.0100661
12787.2 0 0.0101426
12789.2 0 0.0102191
12791.2 0 0.0102956
12793.2 0 0.0103721
12795.1 0 0.0104486
12797 0 0.0105251
12798.8 0 0.0106016
12800.6 0 0.0106781
12802.4 0 0.0107546
12804.2 0 0.010831
12805.9 0 0.0109075
12807.7 0 0.0109839
12809.4 0 0.0110604
12811 0 0.0111368
12812.7 0 0.0112132
12814.3 0 0.0112896
12815.9 0 0.011366
12817.5 0 0.0114424
12819.1 0 0.0115187
12820.7 0 0.0115951
12822.2 0 0.0116714
12823.7 0 0.0117477
12825.2 0 0.011824
12826.7 0 0.0119003
12828.2 0 0.0119765
12829.7 0 0.0120528
12831.1 0 0.012129
12832.6 0 0.0122052
12834 0 0.0122814
12835.4 0 0.0123575
12836.8 0 0.0124337
12838.2 0 0.0125098
12839.5 0 0.0125859
12840.9 0 0.012662
12842.2 0 0.0127381
12843.6 0 0.0128142
12844.9 0 0.0128902
12846.2 0 0.0129662
12847.5 0 0.0130422
12848.7 0 0.0131182
12850 0 0.0131942
12851.3 0 0.0132702
12852.5 0 0.0133462
12853.7 0 0.0134221
12855 0 0.013498
12856.2 0 0.0135739
12857.4 0 0.0136499
12858.5 0 0.0137257
12859.7 0 0.0138016
12860.9 0 0.0138775
12862 0 0.0139534
12863.1 0 0.0140292
12864.3 0 0.0141051
12865.4 0 0.0141809
12866.4 0 0.0142567
12867.5 0 0.0143325
12868.6 0 0.0144084
12869.6 0 0.0144842
12870.7 0 0.01456
12871.7 0 0.0146358
12872.7 0 0.0147116
12873.7 0 0.0147874
12874.7 0 0.0148632
12875.7 0 0.014939
12876.6 0 0.0150148
12877.5 0 0.0150906
12878.5 0 0.0151664
12879.4 0 0.0152422
12880.3 0 0.015318
12881.2 0 0.0153938
12882 0 0.0154697
12882.9 0 0.0155455
12883.7 0 0.0156213
12884.6 0 0.0156972
12885.4 0 0.015773
12886.2 0 0.0158489
12886.9 0 0.0159247
12887.7 0 0.0160006
12888.5 0 0.0160765
12889.2 0 0.0161524
12889.9 0 0.0162283
12890.6 0 0.0163042
12891.3 0 0.0163801
12892 0 0.016456
12892.7 0 0.016532
12893.3 0 0.0166079
12894 0 0.0166839
12894.6 0 0.0167598
12895.2 0 0.0168358
12895.8 0 0.0169118
12896.4 0 0.0169878
12897 0 0.0170638
12897.6 0 0.0171398
12898.1 0 0.0172158
12898.7 0 0.0172918
12899.2 0 0.0173679
12899.8 0 0.0174439
12900.3 0 0.01752
12900.7 0 0.0175964
12901.2 0 0.0176729
12901.6 0 0.0177493
12902 0 0.0178258
12902.5 0 0.0179022
12902.9 0 0.0179787
12903.3 0 0.0180552
12903.7 0 0.0181317
12904.1 0 0.0182082
12904.5 0 0.0182847
12904.8 0 0.0183612
12905.2 0 0.0184376
12905.5 0 0.0185141
12905.9 0 0.0185906
12906.2 0 0.0186672
12906.6 0 0.0187437
12906.9 0 0.0188202
12907.2 0 0.0188967
12907.5 0 0.0189732
12907.9 0 0.0190497
12908.2 0 0.0191262
12908.5 0 0.0192027
12908.8 0 0.0192792
12909 0 0.0193557
12909.3 0 0.0194321
12909.6 0 0.0195086
12909.9 0 0.0195851
12910.2 0 0.0196616
12910.4 0 0.0197381
12910.7 0 0.0198145
12910.9 0 0.019891
12911.2 0 0.0199675
12911.4 0 0.0200439
12911.7 0 0.0201204
12911.9 0 0.0201968
12912.2 0 0.0202733
12912.4 0 0.0203497
12912.6 0 0.0204261
12912.9 0 0.0205026
12913.1 0 0.020579
12913.3 0 0.0206554
12913.5 0 0.0207318
12913.7 0 0.0208082
12913.9 0 0.0208846
12914.1 0 0.020961
12914.3 0 0.0210374
12914.5 0 0.0211137
12914.7 0 0.0211901
12914.9 0 0.0212664
12915.1 0 0.0213428
12915.3 0 0.0214191
12915.5 0 0.0214955
12915.7 0 0.0215718
12915.9 0 0.0216481
12916 0 0.0217244
12916.2 0 0.0218007
12916.4 0 0.021877
12916.6 0 0.0219533
12916.7 0 0.0220296
12916.9 0 0.0221059
12917 0 0.0221822
12917.2 0 0.0222584
12917.4 0 0.0223347
12917.5 0 0.0224109
12917.7 0 0.0224872
12917.8 0 0.0225634
12918 0 0.0226396
12918.1 0 0.0227158
12918.2 0 0.022792
12918.4 0 0.0228682
12918.5 0 0.0229444
12918.7 0 0.0230206
12918.8 0 0.0230968
12918.9 0 0.0231729
12919.1 0 0.0232491
12919.3 0 0.0233252
12919.6 0 0.0234013
12920.2 0 0.0234773
12921.1 0 0.0235532
12922.2 0 0.023629
12923.4 0 0.0237047
12924.8 0 0.0237804
12926.3 0 0.023856
12927.9 0 0.0239316
12929.8 0 0.0240071
12931.8 0 0.0240826
12933.7 0 0.024158
12935.7 0 0.0242335
12937.6 0 0.0243089
12939.6 0 0.0243843
12941.8 0 0.0244596
12944.1 0 0.0245349
12946.6 0 0.0246101
12949.3 0 0.0246852
12951.9 0 0.0247604
12954.5 0 0.0248355
12957.1 0 0.0249106
12959.7 0 0.0249857
12962.3 0 0.0250608
12964.9 0 0.0251358
12967.5 0 0.0252109
12970.2 0 0.0252859
12973 0 0.0253609
12976 0 0.0254358
12979.1 0 0.0255106
12982.4 0 0.0255853
12985.6 0 0.0256601
12988.8 0 0.0257348
12992 0 0.0258095
12995.2 0 0.0258842
12998.4 0 0.0259589
13001.6 0 0.0260335
13004.8 0 0.0261082
13008 0 0.0261828
13011.2 0 0.0262574
13014.4 0 0.0263321
13017.6 0 0.0264067
13020.9 0 0.0264812
13024.2 0 0.0265557
13027.7 0 0.0266301
13031.3 0 0.0267045
13035 0 0.0267788
13038.8 0 0.0268531
13042.5 0 0.0269273
13046.3 0 0.0270016
13050 0 0.0270758
13053.7 0 0.02715
13057.5 0 0.0272242
13061.2 0 0.0272984
13064.9 0 0.0273725
13068.7 0 0.0274467
13072.4 0 0.0275208
13076.1 0 0.0275949
13079.8 0 0.027669
13083.5 0 0.0277431
13087.2 0 0.0278171
13090.9 0 0.0278912
13094.6 0 0.0279652
13098.4 0 0.0280392
13102.2 0 0.0281131
13106.1 0 0.028187
13110 0 0.0282608
13114.2 0 0.0283346
13118.4 0 0.0284082
13122.6 0 0.0284819
13126.8 0 0.0285555
13130.9 0 0.0286292
13135.1 0 0.0287028
13139.3 0 0.0287763
13143.5 0 0.0288499
13147.6 0 0.0289234
13151.8 0 0.0289969
13155.9 0 0.0290704
13160.1 0 0.0291439
13164.3 0 0.0292174
13168.4 0 0.0292908
13172.5 0 0.0293642
13176.7 0 0.0294376
13180.8 0 0.029511
13185 0 0.0295843
13189.1 0 0.0296576
13193.2 0 0.0297309
13197.4 0 0.0298042
13201.5 0 0.0298775
13205.6 0 0.0299507
13209.7 0 0.0300239
13213.9 0 0.0300971
13218.1 0 0.0301702
13222.4 0 0.0302432
13226.7 0 0.0303162
13231.2 0 0.0303891
13235.7 0 0.0304619
13240.2 0 0.0305347
13244.8 0 0.0306075
13249.3 0 0.0306802
13253.8 0 0.0307529
13258.3 0 0.0308256
13262.8 0 0.0308983
13267.3 0 0.0309709
13271.8 0 0.0310435
13276.3 0 0.0311161
13280.8 0 0.0311886
13285.3 0 0.0312612
13289.8 0 0.0313337
13294.3 0 0.0314061
13298.7 0 0.0314786
13303.2 0 0.031551
13307.7 0 0.0316234
13312.2 0 0.0316957
13316.6 0 0.0317681
13321.1 0 0.0318404
13325.5 0 0.0319126
13330 0 0.0319849
13334.4 0 0.0320571
13338.9 0 0.0321293
13343.3 0 0.0322014
13347.7 0 0.0322735
13352.2 0 0.0323456
13356.6 0 0.0324177
13361 0 0.0324898
13365.5 0 0.0325618
13369.9 0 0.0326338
13374.3 0 0.0327057
13378.8 0 0.0327776
13383.3 0 0.0328494
13387.9 0 0.0329212
13392.5 0 0.0329928
13397.2 0 0.0330644
13402 0 0.0331359
13406.7 0 0.0332074
13411.5 0 0.0332789
13416.2 0 0.0333503
13420.9 0 0.0334217
13425.7 0 0.033493
13430.4 0 0.0335644
13435.1 0 0.0336356
13439.8 0 0.0337069
13444.5 0 0.0337781
13449.3 0 0.0338493
13454 0 0.0339205
13458.7 0 0.0339916
13463.4 0 0.0340627
13468.1 0 0.0341338
13472.8 0 0.0342048
13477.4 0 0.0342758
13482.1 0 0.0343468
13486.8 0 0.0344177
13491.5 0 0.0344886
13496.2 0 0.0345595
13500.8 0 0.0346304
13505.5 0 0.0347012
13510.1 0 0.034772
13514.8 0 0.0348427
13519.5 0 0.0349134
13524.1 0 0.0349841
13528.8 0 0.0350548
13533.4 0 0.0351254
13538 0 0.035196
13542.7 0 0.0352665
13547.3 0 0.0353371
13551.9 0 0.0354076
13556.6 0 0.035478
13561.2 0 0.0355485
13565.8 0 0.0356189
13570.4 0 0.0356892
13575 0 0.0357596
13579.6 0 0.0358299
13584.2 0 0.0359002
13588.8 0 0.0359704
13593.4 0 0.0360406
13598 0 0.0361108
13602.7 0 0.0361809
13607.4 0 0.036251
13612.1 0 0.036321
13616.8 0 0.0363909
13621.6 0 0.0364608
13410.3 0 0.0363952
13470.1 0 0.0364232
13494.5 0 0.0364659
