0 -58.4752 -2.26119e-06
634.56 0 4.42752e-05
1173.57 0 9.54637e-05
1709.92 0 0.000146605
2243.81 0 0.000197587
2775.24 0 0.00024835
3304.22 0 0.00029889
3830.74 0 0.000349195
4354.77 0 0.000399261
4876.15 0 0.000449089
5394.56 0 0.000498687
5909.16 0 0.000548081
6418.2 0 0.000597326
6918.36 0 0.000646533
7403.99 0 0.000695901
7866.83 0 0.000745715
8297.18 0 0.000796339
8686.59 0 0.000848116
9030.8 0 0.000901254
9330.49 0 0.00095588
9590.04 0 0.00101189
9815.21 0 0.00106923
10011.7 0 0.00112776
10184.8 0 0.0011872
10338.5 0 0.00124743
10475.8 0 0.00130836
10599.4 0 0.00136992
10711.4 0 0.00143211
10812.7 0 0.00149541
10905.5 0 0.00155915
10991.1 0 0.00162327
11070.4 0 0.00168773
11143.9 0 0.00175258
11212.1 0 0.00181793
11276 0 0.00188354
11335.9 0 0.00194939
11392.3 0 0.00201546
11445.5 0 0.00208173
11495.9 0 0.00214818
11543.8 0 0.00221479
11589.3 0 0.00228156
11632.4 0 0.0023486
11673.3 0 0.00241598
11712.4 0 0.00248349
11749.8 0 0.00255111
11785.6 0 0.00261883
11820.1 0 0.00268665
11853.2 0 0.00275455
11885.1 0 0.00282252
11915.6 0 0.00289086
11945 0 0.00295945
11972.9 0 0.00302836
11999.8 0 0.00309735
12025.7 0 0.0031664
12050.7 0 0.00323557
12074.7 0 0.00330515
12097.7 0 0.00337481
12119.8 0 0.00344457
12141.1 0 0.00351437
12161.8 0 0.00358419
12181.9 0 0.00365402
12201.4 0 0.00372387
12220.3 0 0.00379373
12238.6 0 0.0038636
12256.3 0 0.00393348
12273.3 0 0.00400354
12289.7 0 0.00407371
12305.5 0 0.00414388
12320.9 0 0.00421404
12335.7 0 0.0042842
12349.8 0 0.00435436
12363.5 0 0.00442451
12376.5 0 0.00449532
12388.8 0 0.00456671
12400.7 0 0.00463809
12412.4 0 0.00470945
12423.7 0 0.00478078
12434.7 0 0.0048521
12445.5 0 0.0049234
12455.9 0 0.00499468
12466.1 0 0.00506594
12476 0 0.00513718
12485.7 0 0.00520841
12495.1 0 0.00527962
12504.3 0 0.00535081
12513.2 0 0.005422
12521.8 0 0.00549318
12530.3 0 0.00556435
12538.4 0 0.00563551
12546.4 0 0.00570666
12554.2 0 0.00577781
12561.7 0 0.00584894
12569 0 0.00592007
12576.2 0 0.00599119
12583.1 0 0.00606229
12589.9 0 0.00613338
12596.5 0 0.00620445
12603 0 0.00627551
12609.3 0 0.00634654
12615.5 0 0.00641756
12621.6 0 0.00648855
12627.5 0 0.00655951
12633.3 0 0.00663059
12638.9 0 0.00670196
12644.3 0 0.00677378
12649.5 0 0.00684577
12654.6 0 0.00691776
12659.6 0 0.00698974
12664.4 0 0.0070617
12669.2 0 0.00713365
12673.9 0 0.00720557
12678.6 0 0.00727748
12683.1 0 0.00734938
12687.6 0 0.00742126
12692 0 0.00749312
12696.3 0 0.00756498
12700.6 0 0.00763683
12704.8 0 0.00770867
12708.9 0 0.0077805
12713 0 0.00785233
12717 0 0.00792416
12720.9 0 0.00799599
12724.7 0 0.00806782
12728.5 0 0.00813965
12732.1 0 0.00821145
12735.7 0 0.00828324
12739.2 0 0.00835502
12742.7 0 0.0084268
12746 0 0.00849859
12749.3 0 0.00857038
12752.5 0 0.00864221
12755.5 0 0.00871432
12758.3 0 0.00878647
12761.2 0 0.00885863
12763.9 0 0.00893079
12766.6 0 0.00900295
12769.2 0 0.00907511
12771.7 0 0.00914756
12774.1 0 0.00922036
12776.4 0 0.00929318
12778.6 0 0.00936599
12780.8 0 0.0094388
12783 0 0.00951161
12785.1 0 0.00958442
12787.2 0 0.00965723
12789.2 0 0.00973003
12791.2 0 0.00980282
12793.2 0 0.0098756
12795.1 0 0.00994838
12797 0 0.0100211
12798.8 0 0.0100939
12800.6 0 0.0101666
12802.4 0 0.0102394
12804.2 0 0.0103121
12805.9 0 0.0103848
12807.7 0 0.0104575
12809.4 0 0.0105301
12811 0 0.0106028
12812.7 0 0.0106754
12814.3 0 0.010748
12815.9 0 0.0108206
12817.5 0 0.0108932
12819.1 0 0.0109658
12820.7 0 0.0110384
12822.2 0 0.0111109
12823.7 0 0.0111834
12825.2 0 0.0112559
12826.7 0 0.0113284
12828.2 0 0.0114009
12829.7 0 0.0114733
12831.1 0 0.0115458
12832.6 0 0.0116182
12834 0 0.0116906
12835.4 0 0.0117629
12836.8 0 0.0118353
12838.2 0 0.0119077
12839.5 0 0.01198
12840.9 0 0.0120523
12842.2 0 0.0121246
12843.6 0 0.0121969
12844.9 0 0.0122692
12846.2 0 0.0123415
12847.5 0 0.0124137
12848.7 0 0.0124859
12850 0 0.0125582
12851.3 0 0.0126304
12852.5 0 0.0127026
12853.7 0 0.0127748
12855 0 0.0128469
12856.2 0 0.0129191
12857.4 0 0.0129913
12858.5 0 0.0130634
12859.7 0 0.0131355
12860.9 0 0.0132076
12862 0 0.0132797
12863.1 0 0.0133518
12864.3 0 0.0134239
12865.4 0 0.013496
12866.4 0 0.0135681
12867.5 0 0.0136402
12868.6 0 0.0137122
12869.6 0 0.0137843
12870.7 0 0.0138563
12871.7 0 0.0139284
12872.7 0 0.0140005
12873.7 0 0.0140725
12874.7 0 0.0141446
12875.7 0 0.0142166
12876.6 0 0.0142887
12877.5 0 0.0143607
12878.5 0 0.0144328
12879.4 0 0.0145049
12880.3 0 0.0145769
12881.2 0 0.014649
12882 0 0.0147211
12882.9 0 0.0147931
12883.7 0 0.0148652
12884.6 0 0.0149373
12885.4 0 0.0150094
12886.2 0 0.0150815
12886.9 0 0.0151536
12887.7 0 0.0152257
12888.5 0 0.0152978
12889.2 0 0.0153699
12889.9 0 0.0154421
12890.6 0 0.0155142
12891.3 0 0.0155863
12892 0 0.0156585
12892.7 0 0.0157306
12893.3 0 0.0158027
12894 0 0.0158749
12894.6 0 0.0159471
12895.2 0 0.0160192
12895.8 0 0.0160914
12896.4 0 0.0161635
12897 0 0.0162357
12897.6 0 0.0163079
12898.1 0 0.0163801
12898.7 0 0.0164523
12899.2 0 0.0165244
12899.8 0 0.0165966
12900.3 0 0.0166689
12900.7 0 0.0167417
12901.2 0 0.0168145
12901.6 0 0.0168873
12902 0 0.0169601
12902.5 0 0.0170329
12902.9 0 0.0171058
12903.3 0 0.0171786
12903.7 0 0.0172514
12904.1 0 0.0173242
12904.5 0 0.0173971
12904.8 0 0.0174699
12905.2 0 0.0175427
12905.5 0 0.0176156
12905.9 0 0.0176884
12906.2 0 0.0177612
12906.6 0 0.0178341
12906.9 0 0.0179069
12907.2 0 0.0179797
12907.5 0 0.0180526
12907.9 0 0.0181254
12908.2 0 0.0181982
12908.5 0 0.018271
12908.8 0 0.0183439
12909 0 0.0184167
12909.3 0 0.0184895
12909.6 0 0.0185623
12909.9 0 0.0186351
12910.2 0 0.0187079
12910.4 0 0.0187807
12910.7 0 0.0188535
12910.9 0 0.0189262
12911.2 0 0.018999
12911.4 0 0.0190718
12911.7 0 0.0191446
12911.9 0 0.0192173
12912.2 0 0.0192901
12912.4 0 0.0193628
12912.6 0 0.0194356
12912.9 0 0.0195083
12913.1 0 0.019581
12913.3 0 0.0196538
12913.5 0 0.0197265
12913.7 0 0.0197992
12913.9 0 0.0198719
12914.1 0 0.0199446
12914.3 0 0.0200173
12914.5 0 0.02009
12914.7 0 0.0201627
12914.9 0 0.0202354
12915.1 0 0.020308
12915.3 0 0.0203807
12915.5 0 0.0204533
12915.7 0 0.020526
12915.9 0 0.0205986
12916 0 0.0206713
12916.2 0 0.0207439
12916.4 0 0.0208165
12916.6 0 0.0208891
12916.7 0 0.0209617
12916.9 0 0.0210343
12917 0 0.0211069
12917.2 0 0.0211795
12917.4 0 0.0212521
12917.5 0 0.0213247
12917.7 0 0.0213972
12917.8 0 0.0214698
12918 0 0.0215424
12918.1 0 0.0216149
12918.2 0 0.0216874
12918.4 0 0.02176
12918.5 0 0.0218325
12918.7 0 0.021905
12918.8 0 0.0219775
12918.9 0 0.02205
12919.1 0 0.0221225
12919.3 0 0.022195
12919.6 0 0.0222674
12920.2 0 0.0223397
12921.1 0 0.022412
12922.2 0 0.0224842
12923.4 0 0.0225563
12924.8 0 0.0226284
12926.3 0 0.0227005
12927.9 0 0.0227725
12929.8 0 0.0228444
12931.8 0 0.0229163
12933.7 0 0.0229881
12935.7 0 0.02306
12937.6 0 0.0231319
12939.6 0 0.0232037
12941.8 0 0.0232755
12944.1 0 0.0233472
12946.6 0 0.0234188
12949.3 0 0.0234905
12951.9 0 0.0235621
12954.5 0 0.0236337
12957.1 0 0.0237052
12959.7 0 0.0237768
12962.3 0 0.0238484
12964.9 0 0.0239199
12967.5 0 0.0239915
12970.2 0 0.024063
12973 0 0.0241344
12976 0 0.0242058
12979.1 0 0.0242772
12982.4 0 0.0243485
12985.6 0 0.0244197
12988.8 0 0.0244909
12992 0 0.024562
12995.2 0 0.0246332
12998.4 0 0.0247043
13001.6 0 0.0247754
13004.8 0 0.0248465
13008 0 0.0249176
13011.2 0 0.0249887
13014.4 0 0.0250597
13017.6 0 0.0251308
13020.9 0 0.0252018
13024.2 0 0.0252727
13027.7 0 0.0253436
13031.3 0 0.0254144
13035 0 0.0254852
13038.8 0 0.025556
13042.5 0 0.0256267
13046.3 0 0.0256974
13050 0 0.0257681
13053.7 0 0.0258388
13057.5 0 0.0259095
13061.2 0 0.0259801
13064.9 0 0.0260508
13068.7 0 0.0261214
13072.4 0 0.026192
13076.1 0 0.0262627
13079.8 0 0.0263332
13083.5 0 0.0264038
13087.2 0 0.0264744
13090.9 0 0.0265449
13094.6 0 0.0266154
13098.4 0 0.0266859
13102.2 0 0.0267564
13106.1 0 0.0268268
13110 0 0.0268971
13114.2 0 0.0269673
13118.4 0 0.0270376
13122.6 0 0.0271077
13126.8 0 0.0271779
13130.9 0 0.0272481
13135.1 0 0.0273182
13139.3 0 0.0273883
13143.5 0 0.0274585
13147.6 0 0.0275285
13151.8 0 0.0275986
13155.9 0 0.0276687
13160.1 0 0.0277387
13164.3 0 0.0278087
13168.4 0 0.0278787
13172.5 0 0.0279487
13176.7 0 0.0280186
13180.8 0 0.0280886
13185 0 0.0281585
13189.1 0 0.0282284
13193.2 0 0.0282982
13197.4 0 0.0283681
13201.5 0 0.0284379
13205.6 0 0.0285078
13209.7 0 0.0285776
13213.9 0 0.0286473
13218.1 0 0.028717
13222.4 0 0.0287866
13226.7 0 0.0288562
13231.2 0 0.0289257
13235.7 0 0.0289951
13240.2 0 0.0290646
13244.8 0 0.029134
13249.3 0 0.0292033
13253.8 0 0.0292727
13258.3 0 0.029342
13262.8 0 0.0294113
13267.3 0 0.0294806
13271.8 0 0.0295498
13276.3 0 0.0296191
13280.8 0 0.0296883
13285.3 0 0.0297575
13289.8 0 0.0298266
13294.3 0 0.0298958
13298.7 0 0.0299649
13303.2 0 0.030034
13307.7 0 0.030103
13312.2 0 0.0301721
13316.6 0 0.0302411
13321.1 0 0.0303101
13325.5 0 0.030379
13330 0 0.030448
13334.4 0 0.0305169
13338.9 0 0.0305858
13343.3 0 0.0306546
13347.7 0 0.0307235
13352.2 0 0.0307923
13356.6 0 0.030861
13361 0 0.0309298
13365.5 0 0.0309985
13369.9 0 0.0310672
13374.3 0 0.0311359
13378.8 0 0.0312045
13383.3 0 0.031273
13387.9 0 0.0313415
13392.5 0 0.0314099
13397.2 0 0.0314782
13402 0 0.0315465
13406.7 0 0.0316147
13411.5 0 0.0316829
13416.2 0 0.0317511
13420.9 0 0.0318193
13425.7 0 0.0318874
13430.4 0 0.0319555
13435.1 0 0.0320236
13439.8 0 0.0320916
13444.5 0 0.0321596
13449.3 0 0.0322276
13454 0 0.0322956
13458.7 0 0.0323635
13463.4 0 0.0324314
13468.1 0 0.0324993
13472.8 0 0.0325671
13477.4 0 0.0326349
13482.1 0 0.0327027
13486.8 0 0.0327705
13491.5 0 0.0328382
13496.2 0 0.0329059
13500.8 0 0.0329736
13505.5 0 0.0330412
13510.1 0 0.0331088
13514.8 0 0.0331764
13519.5 0 0.033244
13524.1 0 0.0333115
13528.8 0 0.033379
13533.4 0 0.0334464
13538 0 0.0335139
13542.7 0 0.0335813
13547.3 0 0.0336486
13551.9 0 0.033716
13556.6 0 0.0337833
13561.2 0 0.0338506
13565.8 0 0.0339178
13570.4 0 0.0339851
13575 0 0.0340523
13579.6 0 0.0341194
13584.2 0 0.0341866
13588.8 0 0.0342537
13593.4 0 0.0343207
13598 0 0.0343878
13602.7 0 0.0344547
13607.4 0 0.0345216
13612.1 0 0.0345884
13616.8 0 0.0346552
13621.6 0 0.0347218
13410.3 0 0.0346541
13470.1 0 0.0346794
13494.5 0 0.0347194
