0 -58.4752 -2.26119e-06
634.56 0 8.90909e-05
1173.57 0 0.000184995
1709.92 0 0.000280867
2243.81 0 0.000376572
2775.24 0 0.000472069
3304.22 0 0.000567351
3830.74 0 0.000662401
4354.77 0 0.000757211
4876.15 0 0.000851782
5394.56 0 0.000946123
5909.16 0 0.00104026
6418.2 0 0.00113424
6918.36 0 0.00122819
7403.99 0 0.0013223
7866.83 0 0.00141686
8297.18 0 0.00151222
8686.59 0 0.00160875
9030.8 0 0.00170664
9330.49 0 0.00180598
9590.04 0 0.00190669
9815.21 0 0.00200861
10011.7 0 0.00211159
10184.8 0 0.00221544
10338.5 0 0.00232008
10475.8 0 0.00242585
10599.4 0 0.00253241
10711.4 0 0.00263975
10812.7 0 0.00274793
10905.5 0 0.00285657
10991.1 0 0.0029656
11070.4 0 0.003075
11143.9 0 0.00318479
11212.1 0 0.00329511
11276 0 0.0034057
11335.9 0 0.00351655
11392.3 0 0.00362762
11445.5 0 0.0037389
11495.9 0 0.00385036
11543.8 0 0.003962
11589.3 0 0.0040738
11632.4 0 0.00418585
11673.3 0 0.00429818
11712.4 0 0.00441063
11749.8 0 0.00452321
11785.6 0 0.00463589
11820.1 0 0.00474867
11853.2 0 0.00486154
11885.1 0 0.00497449
11915.6 0 0.00508747
11945 0 0.00520048
11972.9 0 0.00531399
11999.8 0 0.00542759
12025.7 0 0.00554124
12050.7 0 0.00565495
12074.7 0 0.00576873
12097.7 0 0.00588272
12119.8 0 0.00599713
12141.1 0 0.00611156
12161.8 0 0.00622601
12181.9 0 0.00634048
12201.4 0 0.00645495
12220.3 0 0.00656944
12238.6 0 0.00668394
12256.3 0 0.00679843
12273.3 0 0.00691316
12289.7 0 0.00702802
12305.5 0 0.00714287
12320.9 0 0.00725772
12335.7 0 0.00737277
12349.8 0 0.00748841
12363.5 0 0.00760404
12376.5 0 0.00771963
12388.8 0 0.00783533
12400.7 0 0.00795102
12412.4 0 0.00806669
12423.7 0 0.00818233
12434.7 0 0.00829794
12445.5 0 0.00841353
12455.9 0 0.0085291
12466.1 0 0.00864464
12476 0 0.00876015
12485.7 0 0.00887565
12495.1 0 0.00899112
12504.3 0 0.00910657
12513.2 0 0.00922201
12521.8 0 0.00933743
12530.3 0 0.00945283
12538.4 0 0.00956822
12546.4 0 0.00968359
12554.2 0 0.00979895
12561.7 0 0.0099143
12569 0 0.0100296
12576.2 0 0.0101449
12583.1 0 0.0102602
12589.9 0 0.0103755
12596.5 0 0.0104908
12603 0 0.010606
12609.3 0 0.0107212
12615.5 0 0.0108364
12621.6 0 0.0109516
12627.5 0 0.0110668
12633.3 0 0.0111819
12638.9 0 0.0112971
12644.3 0 0.0114122
12649.5 0 0.0115274
12654.6 0 0.0116426
12659.6 0 0.0117582
12664.4 0 0.0118738
12669.2 0 0.0119894
12673.9 0 0.0121049
12678.6 0 0.0122204
12683.1 0 0.0123359
12687.6 0 0.0124514
12692 0 0.0125668
12696.3 0 0.0126822
12700.6 0 0.0127976
12704.8 0 0.012913
12708.9 0 0.0130283
12713 0 0.0131437
12717 0 0.013259
12720.9 0 0.0133743
12724.7 0 0.0134895
12728.5 0 0.0136048
12732.1 0 0.0137203
12735.7 0 0.013836
12739.2 0 0.0139517
12742.7 0 0.0140674
12746 0 0.014183
12749.3 0 0.0142987
12752.5 0 0.0144146
12755.5 0 0.0145315
12758.3 0 0.0146485
12761.2 0 0.0147656
12763.9 0 0.0148826
12766.6 0 0.0149997
12769.2 0 0.0151168
12771.7 0 0.0152341
12774.1 0 0.0153517
12776.4 0 0.0154694
12778.6 0 0.015587
12780.8 0 0.0157047
12783 0 0.0158223
12785.1 0 0.01594
12787.2 0 0.0160577
12789.2 0 0.0161754
12791.2 0 0.0162931
12793.2 0 0.0164108
12795.1 0 0.0165285
12797 0 0.0166463
12798.8 0 0.016764
12800.6 0 0.0168817
12802.4 0 0.0169994
12804.2 0 0.0171171
12805.9 0 0.0172348
12807.7 0 0.0173525
12809.4 0 0.0174702
12811 0 0.0175878
12812.7 0 0.0177055
12814.3 0 0.0178231
12815.9 0 0.0179408
12817.5 0 0.0180584
12819.1 0 0.018176
12820.7 0 0.0182936
12822.2 0 0.0184112
12823.7 0 0.0185287
12825.2 0 0.0186462
12826.7 0 0.0187638
12828.2 0 0.0188813
12829.7 0 0.0189987
12831.1 0 0.0191162
12832.6 0 0.0192337
12834 0 0.0193511
12835.4 0 0.0194685
12836.8 0 0.0195859
12838.2 0 0.0197033
12839.5 0 0.0198206
12840.9 0 0.019938
12842.2 0 0.0200553
12843.6 0 0.0201726
12844.9 0 0.0202899
12846.2 0 0.0204071
12847.5 0 0.0205244
12848.7 0 0.0206416
12850 0 0.0207589
12851.3 0 0.0208761
12852.5 0 0.0209933
12853.7 0 0.0211104
12855 0 0.0212276
12856.2 0 0.0213447
12857.4 0 0.0214619
12858.5 0 0.021579
12859.7 0 0.0216961
12860.9 0 0.0218132
12862 0 0.0219303
12863.1 0 0.0220474
12864.3 0 0.0221645
12865.4 0 0.0222816
12866.4 0 0.0223986
12867.5 0 0.0225157
12868.6 0 0.0226327
12869.6 0 0.0227498
12870.7 0 0.0228668
12871.7 0 0.0229838
12872.7 0 0.0231009
12873.7 0 0.0232179
12874.7 0 0.0233349
12875.7 0 0.023452
12876.6 0 0.023569
12877.5 0 0.023686
12878.5 0 0.0238031
12879.4 0 0.0239201
12880.3 0 0.0240372
12881.2 0 0.0241542
12882 0 0.0242713
12882.9 0 0.0243883
12883.7 0 0.0245054
12884.6 0 0.0246225
12885.4 0 0.0247395
12886.2 0 0.0248566
12886.9 0 0.0249737
12887.7 0 0.0250908
12888.5 0 0.025208
12889.2 0 0.0253251
12889.9 0 0.0254422
12890.6 0 0.0255594
12891.3 0 0.0256765
12892 0 0.0257937
12892.7 0 0.0259109
12893.3 0 0.0260281
12894 0 0.0261453
12894.6 0 0.0262625
12895.2 0 0.0263798
12895.8 0 0.026497
12896.4 0 0.0266143
12897 0 0.0267315
12897.6 0 0.0268488
12898.1 0 0.0269661
12898.7 0 0.0270834
12899.2 0 0.0272007
12899.8 0 0.027318
12900.3 0 0.0274354
12900.7 0 0.027553
12901.2 0 0.0276706
12901.6 0 0.0277882
12902 0 0.0279059
12902.5 0 0.0280236
12902.9 0 0.0281412
12903.3 0 0.0282589
12903.7 0 0.0283766
12904.1 0 0.0284942
12904.5 0 0.0286119
12904.8 0 0.0287296
12905.2 0 0.0288473
12905.5 0 0.028965
12905.9 0 0.0290827
12906.2 0 0.0292004
12906.6 0 0.0293181
12906.9 0 0.0294358
12907.2 0 0.0295535
12907.5 0 0.0296712
12907.9 0 0.0297889
12908.2 0 0.0299066
12908.5 0 0.0300243
12908.8 0 0.030142
12909 0 0.0302597
12909.3 0 0.0303774
12909.6 0 0.0304951
12909.9 0 0.0306128
12910.2 0 0.0307305
12910.4 0 0.0308482
12910.7 0 0.0309659
12910.9 0 0.0310835
12911.2 0 0.0312012
12911.4 0 0.0313189
12911.7 0 0.0314365
12911.9 0 0.0315542
12912.2 0 0.0316718
12912.4 0 0.0317895
12912.6 0 0.0319071
12912.9 0 0.0320247
12913.1 0 0.0321423
12913.3 0 0.03226
12913.5 0 0.0323776
12913.7 0 0.0324952
12913.9 0 0.0326128
12914.1 0 0.0327304
12914.3 0 0.032848
12914.5 0 0.0329655
12914.7 0 0.0330831
12914.9 0 0.0332007
12915.1 0 0.0333182
12915.3 0 0.0334358
12915.5 0 0.0335533
12915.7 0 0.0336708
12915.9 0 0.0337884
12916 0 0.0339059
12916.2 0 0.0340234
12916.4 0 0.0341409
12916.6 0 0.0342584
12916.7 0 0.0343759
12916.9 0 0.0344933
12917 0 0.0346108
12917.2 0 0.0347283
12917.4 0 0.0348457
12917.5 0 0.0349632
12917.7 0 0.0350806
12917.8 0 0.035198
12918 0 0.0353154
12918.1 0 0.0354329
12918.2 0 0.0355503
12918.4 0 0.0356677
12918.5 0 0.035785
12918.7 0 0.0359024
12918.8 0 0.0360198
12918.9 0 0.0361372
12919.1 0 0.0362545
12919.3 0 0.0363718
12919.6 0 0.0364891
12920.2 0 0.0366063
12921.1 0 0.0367233
12922.2 0 0.0368403
12923.4 0 0.0369572
12924.8 0 0.0370741
12926.3 0 0.0371909
12927.9 0 0.0373077
12929.8 0 0.0374243
12931.8 0 0.0375409
12933.7 0 0.0376575
12935.7 0 0.0377741
12937.6 0 0.0378907
12939.6 0 0.0380073
12941.8 0 0.0381238
12944.1 0 0.0382402
12946.6 0 0.0383565
12949.3 0 0.0384728
12951.9 0 0.0385891
12954.5 0 0.0387053
12957.1 0 0.0388216
12959.7 0 0.0389378
12962.3 0 0.039054
12964.9 0 0.0391702
12967.5 0 0.0392864
12970.2 0 0.0394026
12973 0 0.0395187
12976 0 0.0396347
12979.1 0 0.0397506
12982.4 0 0.0398665
12985.6 0 0.0399824
12988.8 0 0.0400982
12992 0 0.0402141
12995.2 0 0.0403299
12998.4 0 0.0404458
13001.6 0 0.0405616
13004.8 0 0.0406774
13008 0 0.0407932
13011.2 0 0.040909
13014.4 0 0.0410247
13017.6 0 0.0411405
13020.9 0 0.0412562
13024.2 0 0.0413718
13027.7 0 0.0414874
13031.3 0 0.0416029
13035 0 0.0417183
13038.8 0 0.0418337
13042.5 0 0.0419491
13046.3 0 0.0420645
13050 0 0.0421799
13053.7 0 0.0422952
13057.5 0 0.0424106
13061.2 0 0.0425259
13064.9 0 0.0426412
13068.7 0 0.0427564
13072.4 0 0.0428717
13076.1 0 0.0429869
13079.8 0 0.0431022
13083.5 0 0.0432174
13087.2 0 0.0433326
13090.9 0 0.0434477
13094.6 0 0.0435629
13098.4 0 0.043678
13102.2 0 0.0437931
13106.1 0 0.0439081
13110 0 0.044023
13114.2 0 0.0441379
13118.4 0 0.0442527
13122.6 0 0.0443674
13126.8 0 0.0444822
13130.9 0 0.0445969
13135.1 0 0.0447116
13139.3 0 0.0448263
13143.5 0 0.044941
13147.6 0 0.0450557
13151.8 0 0.0451703
13155.9 0 0.0452849
13160.1 0 0.0453995
13164.3 0 0.045514
13168.4 0 0.0456286
13172.5 0 0.0457431
13176.7 0 0.0458576
13180.8 0 0.045972
13185 0 0.0460865
13189.1 0 0.0462009
13193.2 0 0.0463153
13197.4 0 0.0464297
13201.5 0 0.046544
13205.6 0 0.0466583
13209.7 0 0.0467726
13213.9 0 0.0468869
13218.1 0 0.0470011
13222.4 0 0.0471152
13226.7 0 0.0472293
13231.2 0 0.0473433
13235.7 0 0.0474572
13240.2 0 0.0475711
13244.8 0 0.0476849
13249.3 0 0.0477987
13253.8 0 0.0479125
13258.3 0 0.0480263
13262.8 0 0.04814
13267.3 0 0.0482537
13271.8 0 0.0483674
13276.3 0 0.048481
13280.8 0 0.0485946
13285.3 0 0.0487082
13289.8 0 0.0488218
13294.3 0 0.0489353
13298.7 0 0.0490488
13303.2 0 0.0491623
13307.7 0 0.0492757
13312.2 0 0.0493891
13316.6 0 0.0495025
13321.1 0 0.0496159
13325.5 0 0.0497292
13330 0 0.0498425
13334.4 0 0.0499558
13338.9 0 0.050069
13343.3 0 0.0501822
13347.7 0 0.0502954
13352.2 0 0.0504085
13356.6 0 0.0505216
13361 0 0.0506347
13365.5 0 0.0507478
13369.9 0 0.0508608
13374.3 0 0.0509738
13378.8 0 0.0510867
13383.3 0 0.0511996
13387.9 0 0.0513124
13392.5 0 0.0514251
13397.2 0 0.0515377
13402 0 0.0516503
13406.7 0 0.0517628
13411.5 0 0.0518752
13416.2 0 0.0519877
13420.9 0 0.0521001
13425.7 0 0.0522124
13430.4 0 0.0523248
13435.1 0 0.0524371
13439.8 0 0.0525493
13444.5 0 0.0526616
13449.3 0 0.0527738
13454 0 0.052886
13458.7 0 0.0529981
13463.4 0 0.0531102
13468.1 0 0.0532223
13472.8 0 0.0533343
13477.4 0 0.0534463
13482.1 0 0.0535583
13486.8 0 0.0536702
13491.5 0 0.0537821
13496.2 0 0.053894
13500.8 0 0.0540059
13505.5 0 0.0541177
13510.1 0 0.0542294
13514.8 0 0.0543412
13519.5 0 0.0544529
13524.1 0 0.0545646
13528.8 0 0.0546762
13533.4 0 0.0547878
13538 0 0.0548994
13542.7 0 0.055011
13547.3 0 0.0551225
13551.9 0 0.055234
13556.6 0 0.0553454
13561.2 0 0.0554568
13565.8 0 0.0555682
13570.4 0 0.0556796
13575 0 0.0557909
13579.6 0 0.0559022
13584.2 0 0.0560135
13588.8 0 0.0561247
13593.4 0 0.0562359
13598 0 0.0563471
13602.7 0 0.0564582
13607.4 0 0.0565693
13612.1 0 0.0566803
13616.8 0 0.0567912
13621.6 0 0.0569021
13410.3 0 0.0568771
13470.1 0 0.0569458
13494.5 0 0.0570293
