0 -58.4752 -2.26119e-06
634.56 0 3.73966e-05
1173.57 0 8.16952e-05
1709.92 0 0.000125949
2243.81 0 0.000170041
2775.24 0 0.000213917
3304.22 0 0.00025757
3830.74 0 0.000300989
4354.77 0 0.000344168
4876.15 0 0.000387109
5394.56 0 0.000429821
5909.16 0 0.000472327
6418.2 0 0.000514685
6918.36 0 0.000557005
7403.99 0 0.000599486
7866.83 0 0.000642413
8297.18 0 0.000686151
8686.59 0 0.000731041
9030.8 0 0.000777293
9330.49 0 0.000825031
9590.04 0 0.000874152
9815.21 0 0.000924582
10011.7 0 0.00097619
10184.8 0 0.00102871
10338.5 0 0.00108201
10475.8 0 0.00113607
10599.4 0 0.00119077
10711.4 0 0.00124612
10812.7 0 0.00130255
10905.5 0 0.00135942
10991.1 0 0.00141667
11070.4 0 0.00147427
11143.9 0 0.00153225
11212.1 0 0.00159074
11276 0 0.00164949
11335.9 0 0.00170849
11392.3 0 0.0017677
11445.5 0 0.00182711
11495.9 0 0.0018867
11543.8 0 0.00194646
11589.3 0 0.00200637
11632.4 0 0.00206656
11673.3 0 0.00212707
11712.4 0 0.00218772
11749.8 0 0.00224847
11785.6 0 0.00230933
11820.1 0 0.00237029
11853.2 0 0.00243133
11885.1 0 0.00249244
11915.6 0 0.00255388
11945 0 0.00261555
11972.9 0 0.00267756
11999.8 0 0.00273964
12025.7 0 0.00280179
12050.7 0 0.00286405
12074.7 0 0.00292669
12097.7 0 0.00298941
12119.8 0 0.00305228
12141.1 0 0.00311517
12161.8 0 0.00317809
12181.9 0 0.00324103
12201.4 0 0.00330398
12220.3 0 0.00336694
12238.6 0 0.00342991
12256.3 0 0.00349288
12273.3 0 0.00355605
12289.7 0 0.00361933
12305.5 0 0.0036826
12320.9 0 0.00374587
12335.7 0 0.00380916
12349.8 0 0.00387252
12363.5 0 0.00393586
12376.5 0 0.00399979
12388.8 0 0.00406425
12400.7 0 0.00412869
12412.4 0 0.00419311
12423.7 0 0.00425751
12434.7 0 0.0043219
12445.5 0 0.00438626
12455.9 0 0.0044506
12466.1 0 0.00451492
12476 0 0.00457922
12485.7 0 0.0046435
12495.1 0 0.00470777
12504.3 0 0.00477203
12513.2 0 0.00483627
12521.8 0 0.00490051
12530.3 0 0.00496473
12538.4 0 0.00502895
12546.4 0 0.00509316
12554.2 0 0.00515736
12561.7 0 0.00522155
12569 0 0.00528573
12576.2 0 0.0053499
12583.1 0 0.00541405
12589.9 0 0.00547819
12596.5 0 0.00554232
12603 0 0.00560642
12609.3 0 0.00567051
12615.5 0 0.00573457
12621.6 0 0.00579861
12627.5 0 0.00586263
12633.3 0 0.00592675
12638.9 0 0.00599113
12644.3 0 0.00605589
12649.5 0 0.00612082
12654.6 0 0.00618575
12659.6 0 0.00625072
12664.4 0 0.00631568
12669.2 0 0.00638061
12673.9 0 0.00644552
12678.6 0 0.00651042
12683.1 0 0.0065753
12687.6 0 0.00664016
12692 0 0.00670501
12696.3 0 0.00676984
12700.6 0 0.00683467
12704.8 0 0.00689949
12708.9 0 0.0069643
12713 0 0.0070291
12717 0 0.0070939
12720.9 0 0.0071587
12724.7 0 0.00722349
12728.5 0 0.00728829
12732.1 0 0.00735309
12735.7 0 0.00741789
12739.2 0 0.0074827
12742.7 0 0.0075475
12746 0 0.0076123
12749.3 0 0.00767711
12752.5 0 0.00774198
12755.5 0 0.0078072
12758.3 0 0.00787248
12761.2 0 0.00793777
12763.9 0 0.00800306
12766.6 0 0.00806836
12769.2 0 0.00813366
12771.7 0 0.00819923
12774.1 0 0.00826516
12776.4 0 0.00833109
12778.6 0 0.00839703
12780.8 0 0.00846296
12783 0 0.0085289
12785.1 0 0.00859484
12787.2 0 0.00866077
12789.2 0 0.0087267
12791.2 0 0.00879263
12793.2 0 0.00885854
12795.1 0 0.00892445
12797 0 0.00899036
12798.8 0 0.00905625
12800.6 0 0.00912213
12802.4 0 0.00918799
12804.2 0 0.00925385
12805.9 0 0.00931969
12807.7 0 0.00938552
12809.4 0 0.00945133
12811 0 0.00951713
12812.7 0 0.00958291
12814.3 0 0.00964868
12815.9 0 0.00971443
12817.5 0 0.00978016
12819.1 0 0.00984587
12820.7 0 0.00991157
12822.2 0 0.00997726
12823.7 0 0.0100429
12825.2 0 0.0101086
12826.7 0 0.0101742
12828.2 0 0.0102398
12829.7 0 0.0103054
12831.1 0 0.010371
12832.6 0 0.0104365
12834 0 0.0105021
12835.4 0 0.0105676
12836.8 0 0.0106331
12838.2 0 0.0106986
12839.5 0 0.0107641
12840.9 0 0.0108296
12842.2 0 0.010895
12843.6 0 0.0109605
12844.9 0 0.0110259
12846.2 0 0.0110913
12847.5 0 0.0111567
12848.7 0 0.011222
12850 0 0.0112874
12851.3 0 0.0113528
12852.5 0 0.0114181
12853.7 0 0.0114834
12855 0 0.0115487
12856.2 0 0.0116141
12857.4 0 0.0116794
12858.5 0 0.0117446
12859.7 0 0.0118099
12860.9 0 0.0118752
12862 0 0.0119404
12863.1 0 0.0120056
12864.3 0 0.0120709
12865.4 0 0.0121361
12866.4 0 0.0122013
12867.5 0 0.0122665
12868.6 0 0.0123317
12869.6 0 0.0123969
12870.7 0 0.0124621
12871.7 0 0.0125273
12872.7 0 0.0125925
12873.7 0 0.0126577
12874.7 0 0.0127229
12875.7 0 0.0127881
12876.6 0 0.0128533
12877.5 0 0.0129185
12878.5 0 0.0129837
12879.4 0 0.0130489
12880.3 0 0.0131141
12881.2 0 0.0131793
12882 0 0.0132445
12882.9 0 0.0133097
12883.7 0 0.013375
12884.6 0 0.0134402
12885.4 0 0.0135054
12886.2 0 0.0135707
12886.9 0 0.0136359
12887.7 0 0.0137011
12888.5 0 0.0137664
12889.2 0 0.0138317
12889.9 0 0.0138969
12890.6 0 0.0139622
12891.3 0 0.0140275
12892 0 0.0140928
12892.7 0 0.0141581
12893.3 0 0.0142233
12894 0 0.0142887
12894.6 0 0.014354
12895.2 0 0.0144193
12895.8 0 0.0144846
12896.4 0 0.0145499
12897 0 0.0146152
12897.6 0 0.0146806
12898.1 0 0.0147459
12898.7 0 0.0148112
12899.2 0 0.0148766
12899.8 0 0.0149419
12900.3 0 0.0150073
12900.7 0 0.0150732
12901.2 0 0.0151392
12901.6 0 0.0152051
12902 0 0.015271
12902.5 0 0.015337
12902.9 0 0.0154029
12903.3 0 0.0154689
12903.7 0 0.0155348
12904.1 0 0.0156008
12904.5 0 0.0156668
12904.8 0 0.0157327
12905.2 0 0.0157987
12905.5 0 0.0158646
12905.9 0 0.0159306
12906.2 0 0.0159966
12906.6 0 0.0160625
12906.9 0 0.0161285
12907.2 0 0.0161944
12907.5 0 0.0162604
12907.9 0 0.0163263
12908.2 0 0.0163923
12908.5 0 0.0164582
12908.8 0 0.0165242
12909 0 0.0165901
12909.3 0 0.0166561
12909.6 0 0.016722
12909.9 0 0.0167879
12910.2 0 0.0168539
12910.4 0 0.0169198
12910.7 0 0.0169857
12910.9 0 0.0170516
12911.2 0 0.0171175
12911.4 0 0.0171834
12911.7 0 0.0172493
12911.9 0 0.0173152
12912.2 0 0.0173811
12912.4 0 0.017447
12912.6 0 0.0175129
12912.9 0 0.0175787
12913.1 0 0.0176446
12913.3 0 0.0177104
12913.5 0 0.0177763
12913.7 0 0.0178421
12913.9 0 0.017908
12914.1 0 0.0179738
12914.3 0 0.0180396
12914.5 0 0.0181054
12914.7 0 0.0181713
12914.9 0 0.0182371
12915.1 0 0.0183029
12915.3 0 0.0183687
12915.5 0 0.0184344
12915.7 0 0.0185002
12915.9 0 0.018566
12916 0 0.0186317
12916.2 0 0.0186975
12916.4 0 0.0187633
12916.6 0 0.018829
12916.7 0 0.0188947
12916.9 0 0.0189605
12917 0 0.0190262
12917.2 0 0.0190919
12917.4 0 0.0191576
12917.5 0 0.0192233
12917.7 0 0.019289
12917.8 0 0.0193547
12918 0 0.0194204
12918.1 0 0.019486
12918.2 0 0.0195517
12918.4 0 0.0196174
12918.5 0 0.019683
12918.7 0 0.0197487
12918.8 0 0.0198143
12918.9 0 0.0198799
12919.1 0 0.0199455
12919.3 0 0.0200111
12919.6 0 0.0200767
12920.2 0 0.0201421
12921.1 0 0.0202075
12922.2 0 0.0202728
12923.4 0 0.0203381
12924.8 0 0.0204033
12926.3 0 0.0204685
12927.9 0 0.0205336
12929.8 0 0.0205986
12931.8 0 0.0206636
12933.7 0 0.0207286
12935.7 0 0.0207936
12937.6 0 0.0208585
12939.6 0 0.0209235
12941.8 0 0.0209884
12944.1 0 0.0210532
12946.6 0 0.0211179
12949.3 0 0.0211827
12951.9 0 0.0212474
12954.5 0 0.0213121
12957.1 0 0.0213768
12959.7 0 0.0214414
12962.3 0 0.0215061
12964.9 0 0.0215708
12967.5 0 0.0216354
12970.2 0 0.0217
12973 0 0.0217646
12976 0 0.0218291
12979.1 0 0.0218935
12982.4 0 0.0219579
12985.6 0 0.0220223
12988.8 0 0.0220865
12992 0 0.0221508
12995.2 0 0.022215
12998.4 0 0.0222793
13001.6 0 0.0223435
13004.8 0 0.0224077
13008 0 0.0224719
13011.2 0 0.0225361
13014.4 0 0.0226002
13017.6 0 0.0226644
13020.9 0 0.0227285
13024.2 0 0.0227926
13027.7 0 0.0228566
13031.3 0 0.0229205
13035 0 0.0229844
13038.8 0 0.0230482
13042.5 0 0.023112
13046.3 0 0.0231759
13050 0 0.0232397
13053.7 0 0.0233035
13057.5 0 0.0233673
13061.2 0 0.023431
13064.9 0 0.0234948
13068.7 0 0.0235585
13072.4 0 0.0236222
13076.1 0 0.0236859
13079.8 0 0.0237496
13083.5 0 0.0238133
13087.2 0 0.023877
13090.9 0 0.0239406
13094.6 0 0.0240042
13098.4 0 0.0240678
13102.2 0 0.0241314
13106.1 0 0.0241949
13110 0 0.0242583
13114.2 0 0.0243216
13118.4 0 0.0243849
13122.6 0 0.0244482
13126.8 0 0.0245115
13130.9 0 0.0245747
13135.1 0 0.024638
13139.3 0 0.0247012
13143.5 0 0.0247644
13147.6 0 0.0248276
13151.8 0 0.0248907
13155.9 0 0.0249539
13160.1 0 0.025017
13164.3 0 0.0250801
13168.4 0 0.0251432
13172.5 0 0.0252063
13176.7 0 0.0252693
13180.8 0 0.0253323
13185 0 0.0253953
13189.1 0 0.0254583
13193.2 0 0.0255213
13197.4 0 0.0255842
13201.5 0 0.0256471
13205.6 0 0.0257101
13209.7 0 0.0257729
13213.9 0 0.0258358
13218.1 0 0.0258985
13222.4 0 0.0259613
13226.7 0 0.0260239
13231.2 0 0.0260865
13235.7 0 0.026149
13240.2 0 0.0262115
13244.8 0 0.026274
13249.3 0 0.0263365
13253.8 0 0.0263989
13258.3 0 0.0264613
13262.8 0 0.0265237
13267.3 0 0.026586
13271.8 0 0.0266484
13276.3 0 0.0267107
13280.8 0 0.026773
13285.3 0 0.0268352
13289.8 0 0.0268975
13294.3 0 0.0269597
13298.7 0 0.0270219
13303.2 0 0.027084
13307.7 0 0.0271461
13312.2 0 0.0272083
13316.6 0 0.0272703
13321.1 0 0.0273324
13325.5 0 0.0273944
13330 0 0.0274564
13334.4 0 0.0275184
13338.9 0 0.0275804
13343.3 0 0.0276423
13347.7 0 0.0277042
13352.2 0 0.0277661
13356.6 0 0.0278279
13361 0 0.0278897
13365.5 0 0.0279515
13369.9 0 0.0280133
13374.3 0 0.028075
13378.8 0 0.0281367
13383.3 0 0.0281983
13387.9 0 0.0282598
13392.5 0 0.0283213
13397.2 0 0.0283827
13402 0 0.028444
13406.7 0 0.0285053
13411.5 0 0.0285666
13416.2 0 0.0286278
13420.9 0 0.028689
13425.7 0 0.0287502
13430.4 0 0.0288114
13435.1 0 0.0288725
13439.8 0 0.0289336
13444.5 0 0.0289947
13449.3 0 0.0290557
13454 0 0.0291168
13458.7 0 0.0291777
13463.4 0 0.0292387
13468.1 0 0.0292996
13472.8 0 0.0293605
13477.4 0 0.0294214
13482.1 0 0.0294822
13486.8 0 0.029543
13491.5 0 0.0296038
13496.2 0 0.0296645
13500.8 0 0.0297253
13505.5 0 0.0297859
13510.1 0 0.0298466
13514.8 0 0.0299072
13519.5 0 0.0299678
13524.1 0 0.0300284
13528.8 0 0.0300889
13533.4 0 0.0301494
13538 0 0.0302099
13542.7 0 0.0302704
13547.3 0 0.0303308
13551.9 0 0.0303912
13556.6 0 0.0304515
13561.2 0 0.0305119
13565.8 0 0.0305722
13570.4 0 0.0306324
13575 0 0.0306927
13579.6 0 0.0307529
13584.2 0 0.0308131
13588.8 0 0.0308732
13593.4 0 0.0309333
13598 0 0.0309934
13602.7 0 0.0310534
13607.4 0 0.0311133
13612.1 0 0.0311732
13616.8 0 0.031233
13621.6 0 0.0312927
13410.3 0 0.0312179
13470.1 0 0.0312361
13494.5 0 0.0312691
