0 -58.4752 -2.26119e-06
634.56 0 4.52795e-05
1173.57 0 9.74161e-05
1709.92 0 0.000149514
2243.81 0 0.000201449
2775.24 0 0.00025317
3304.22 0 0.000304673
3830.74 0 0.000355943
4354.77 0 0.000406973
4876.15 0 0.000457765
5394.56 0 0.000508327
5909.16 0 0.000558683
6418.2 0 0.00060889
6918.36 0 0.000659059
7403.99 0 0.000709391
7866.83 0 0.000760167
8297.18 0 0.000811755
8686.59 0 0.000864498
9030.8 0 0.000918604
9330.49 0 0.000974181
9590.04 0 0.00103113
9815.21 0 0.00108934
10011.7 0 0.00114867
10184.8 0 0.00120889
10338.5 0 0.00126989
10475.8 0 0.00133184
10599.4 0 0.00139451
10711.4 0 0.00145789
10812.7 0 0.00152223
10905.5 0 0.00158702
10991.1 0 0.0016522
11070.4 0 0.00171773
11143.9 0 0.00178366
11212.1 0 0.0018501
11276 0 0.00191681
11335.9 0 0.00198376
11392.3 0 0.00205094
11445.5 0 0.00211832
11495.9 0 0.00218589
11543.8 0 0.00225362
11589.3 0 0.00232151
11632.4 0 0.00238967
11673.3 0 0.00245813
11712.4 0 0.00252671
11749.8 0 0.00259542
11785.6 0 0.00266422
11820.1 0 0.00273313
11853.2 0 0.00280212
11885.1 0 0.00287118
11915.6 0 0.00294043
11945 0 0.00300981
11972.9 0 0.0030796
11999.8 0 0.00314948
12025.7 0 0.00321941
12050.7 0 0.00328943
12074.7 0 0.00335967
12097.7 0 0.00343006
12119.8 0 0.00350073
12141.1 0 0.00357143
12161.8 0 0.00364215
12181.9 0 0.00371289
12201.4 0 0.00378364
12220.3 0 0.0038544
12238.6 0 0.00392516
12256.3 0 0.00399593
12273.3 0 0.00406692
12289.7 0 0.00413802
12305.5 0 0.00420912
12320.9 0 0.00428021
12335.7 0 0.00435142
12349.8 0 0.00442296
12363.5 0 0.00449448
12376.5 0 0.00456628
12388.8 0 0.00463839
12400.7 0 0.00471049
12412.4 0 0.00478257
12423.7 0 0.00485462
12434.7 0 0.00492665
12445.5 0 0.00499866
12455.9 0 0.00507065
12466.1 0 0.00514261
12476 0 0.00521455
12485.7 0 0.00528648
12495.1 0 0.00535838
12504.3 0 0.00543027
12513.2 0 0.00550214
12521.8 0 0.005574
12530.3 0 0.00564585
12538.4 0 0.00571769
12546.4 0 0.00578951
12554.2 0 0.00586132
12561.7 0 0.00593312
12569 0 0.00600491
12576.2 0 0.00607669
12583.1 0 0.00614845
12589.9 0 0.00622019
12596.5 0 0.00629192
12603 0 0.00636363
12609.3 0 0.00643531
12615.5 0 0.00650697
12621.6 0 0.00657862
12627.5 0 0.00665023
12633.3 0 0.00672189
12638.9 0 0.0067937
12644.3 0 0.00686569
12649.5 0 0.00693774
12654.6 0 0.00700985
12659.6 0 0.00708218
12664.4 0 0.00715448
12669.2 0 0.00722676
12673.9 0 0.00729902
12678.6 0 0.00737126
12683.1 0 0.00744347
12687.6 0 0.00751567
12692 0 0.00758784
12696.3 0 0.00766
12700.6 0 0.00773214
12704.8 0 0.00780426
12708.9 0 0.00787637
12713 0 0.00794846
12717 0 0.00802055
12720.9 0 0.00809262
12724.7 0 0.00816468
12728.5 0 0.00823674
12732.1 0 0.0083089
12735.7 0 0.00838119
12739.2 0 0.00845348
12742.7 0 0.00852576
12746 0 0.00859803
12749.3 0 0.0086703
12752.5 0 0.0087427
12755.5 0 0.0088158
12758.3 0 0.008889
12761.2 0 0.0089622
12763.9 0 0.00903542
12766.6 0 0.00910865
12769.2 0 0.00918188
12771.7 0 0.00925536
12774.1 0 0.00932916
12776.4 0 0.00940298
12778.6 0 0.0094768
12780.8 0 0.00955063
12783 0 0.00962447
12785.1 0 0.00969832
12787.2 0 0.00977217
12789.2 0 0.00984602
12791.2 0 0.00991987
12793.2 0 0.00999372
12795.1 0 0.0100676
12797 0 0.0101414
12798.8 0 0.0102153
12800.6 0 0.0102891
12802.4 0 0.0103629
12804.2 0 0.0104367
12805.9 0 0.0105105
12807.7 0 0.0105843
12809.4 0 0.0106581
12811 0 0.0107319
12812.7 0 0.0108056
12814.3 0 0.0108794
12815.9 0 0.0109531
12817.5 0 0.0110268
12819.1 0 0.0111005
12820.7 0 0.0111742
12822.2 0 0.0112479
12823.7 0 0.0113215
12825.2 0 0.0113951
12826.7 0 0.0114687
12828.2 0 0.0115423
12829.7 0 0.0116159
12831.1 0 0.0116895
12832.6 0 0.011763
12834 0 0.0118365
12835.4 0 0.01191
12836.8 0 0.0119835
12838.2 0 0.012057
12839.5 0 0.0121305
12840.9 0 0.0122039
12842.2 0 0.0122773
12843.6 0 0.0123507
12844.9 0 0.0124241
12846.2 0 0.0124975
12847.5 0 0.0125708
12848.7 0 0.0126442
12850 0 0.0127175
12851.3 0 0.0127908
12852.5 0 0.0128641
12853.7 0 0.0129374
12855 0 0.0130107
12856.2 0 0.013084
12857.4 0 0.0131572
12858.5 0 0.0132305
12859.7 0 0.0133037
12860.9 0 0.0133769
12862 0 0.0134501
12863.1 0 0.0135233
12864.3 0 0.0135965
12865.4 0 0.0136697
12866.4 0 0.0137429
12867.5 0 0.013816
12868.6 0 0.0138892
12869.6 0 0.0139624
12870.7 0 0.0140355
12871.7 0 0.0141087
12872.7 0 0.0141818
12873.7 0 0.014255
12874.7 0 0.0143281
12875.7 0 0.0144013
12876.6 0 0.0144744
12877.5 0 0.0145476
12878.5 0 0.0146207
12879.4 0 0.0146939
12880.3 0 0.014767
12881.2 0 0.0148402
12882 0 0.0149134
12882.9 0 0.0149866
12883.7 0 0.0150597
12884.6 0 0.0151329
12885.4 0 0.0152061
12886.2 0 0.0152793
12886.9 0 0.0153525
12887.7 0 0.0154257
12888.5 0 0.015499
12889.2 0 0.0155722
12889.9 0 0.0156454
12890.6 0 0.0157187
12891.3 0 0.0157919
12892 0 0.0158652
12892.7 0 0.0159385
12893.3 0 0.0160118
12894 0 0.0160851
12894.6 0 0.0161584
12895.2 0 0.0162317
12895.8 0 0.016305
12896.4 0 0.0163783
12897 0 0.0164516
12897.6 0 0.016525
12898.1 0 0.0165983
12898.7 0 0.0166717
12899.2 0 0.016745
12899.8 0 0.0168184
12900.3 0 0.0168918
12900.7 0 0.0169656
12901.2 0 0.0170394
12901.6 0 0.0171133
12902 0 0.0171871
12902.5 0 0.0172609
12902.9 0 0.0173348
12903.3 0 0.0174086
12903.7 0 0.0174825
12904.1 0 0.0175563
12904.5 0 0.0176302
12904.8 0 0.017704
12905.2 0 0.0177779
12905.5 0 0.0178518
12905.9 0 0.0179256
12906.2 0 0.0179995
12906.6 0 0.0180734
12906.9 0 0.0181472
12907.2 0 0.0182211
12907.5 0 0.018295
12907.9 0 0.0183688
12908.2 0 0.0184427
12908.5 0 0.0185166
12908.8 0 0.0185904
12909 0 0.0186643
12909.3 0 0.0187381
12909.6 0 0.018812
12909.9 0 0.0188858
12910.2 0 0.0189597
12910.4 0 0.0190335
12910.7 0 0.0191073
12910.9 0 0.0191812
12911.2 0 0.019255
12911.4 0 0.0193288
12911.7 0 0.0194026
12911.9 0 0.0194764
12912.2 0 0.0195502
12912.4 0 0.019624
12912.6 0 0.0196978
12912.9 0 0.0197716
12913.1 0 0.0198454
12913.3 0 0.0199192
12913.5 0 0.0199929
12913.7 0 0.0200667
12913.9 0 0.0201404
12914.1 0 0.0202142
12914.3 0 0.0202879
12914.5 0 0.0203617
12914.7 0 0.0204354
12914.9 0 0.0205091
12915.1 0 0.0205828
12915.3 0 0.0206565
12915.5 0 0.0207302
12915.7 0 0.0208039
12915.9 0 0.0208776
12916 0 0.0209513
12916.2 0 0.0210249
12916.4 0 0.0210986
12916.6 0 0.0211723
12916.7 0 0.0212459
12916.9 0 0.0213195
12917 0 0.0213932
12917.2 0 0.0214668
12917.4 0 0.0215404
12917.5 0 0.021614
12917.7 0 0.0216876
12917.8 0 0.0217612
12918 0 0.0218348
12918.1 0 0.0219084
12918.2 0 0.0219819
12918.4 0 0.0220555
12918.5 0 0.0221291
12918.7 0 0.0222026
12918.8 0 0.0222761
12918.9 0 0.0223497
12919.1 0 0.0224232
12919.3 0 0.0224967
12919.6 0 0.0225701
12920.2 0 0.0226435
12921.1 0 0.0227168
12922.2 0 0.0227899
12923.4 0 0.022863
12924.8 0 0.0229361
12926.3 0 0.0230091
12927.9 0 0.0230821
12929.8 0 0.023155
12931.8 0 0.0232278
12933.7 0 0.0233007
12935.7 0 0.0233735
12937.6 0 0.0234463
12939.6 0 0.0235191
12941.8 0 0.0235918
12944.1 0 0.0236645
12946.6 0 0.023737
12949.3 0 0.0238096
12951.9 0 0.0238821
12954.5 0 0.0239546
12957.1 0 0.0240271
12959.7 0 0.0240996
12962.3 0 0.0241721
12964.9 0 0.0242446
12967.5 0 0.024317
12970.2 0 0.0243894
12973 0 0.0244618
12976 0 0.0245341
12979.1 0 0.0246063
12982.4 0 0.0246785
12985.6 0 0.0247506
12988.8 0 0.0248227
12992 0 0.0248948
12995.2 0 0.0249669
12998.4 0 0.025039
13001.6 0 0.025111
13004.8 0 0.0251831
13008 0 0.0252551
13011.2 0 0.0253271
13014.4 0 0.0253991
13017.6 0 0.0254711
13020.9 0 0.025543
13024.2 0 0.0256149
13027.7 0 0.0256867
13031.3 0 0.0257585
13035 0 0.0258302
13038.8 0 0.0259019
13042.5 0 0.0259735
13046.3 0 0.0260451
13050 0 0.0261168
13053.7 0 0.0261884
13057.5 0 0.02626
13061.2 0 0.0263315
13064.9 0 0.0264031
13068.7 0 0.0264746
13072.4 0 0.0265462
13076.1 0 0.0266177
13079.8 0 0.0266892
13083.5 0 0.0267606
13087.2 0 0.0268321
13090.9 0 0.0269035
13094.6 0 0.026975
13098.4 0 0.0270464
13102.2 0 0.0271177
13106.1 0 0.027189
13110 0 0.0272602
13114.2 0 0.0273313
13118.4 0 0.0274024
13122.6 0 0.0274735
13126.8 0 0.0275445
13130.9 0 0.0276156
13135.1 0 0.0276866
13139.3 0 0.0277575
13143.5 0 0.0278285
13147.6 0 0.0278995
13151.8 0 0.0279704
13155.9 0 0.0280413
13160.1 0 0.0281122
13164.3 0 0.0281831
13168.4 0 0.0282539
13172.5 0 0.0283247
13176.7 0 0.0283955
13180.8 0 0.0284663
13185 0 0.0285371
13189.1 0 0.0286078
13193.2 0 0.0286785
13197.4 0 0.0287492
13201.5 0 0.0288199
13205.6 0 0.0288905
13209.7 0 0.0289612
13213.9 0 0.0290317
13218.1 0 0.0291023
13222.4 0 0.0291727
13226.7 0 0.0292431
13231.2 0 0.0293134
13235.7 0 0.0293837
13240.2 0 0.0294539
13244.8 0 0.0295241
13249.3 0 0.0295943
13253.8 0 0.0296644
13258.3 0 0.0297345
13262.8 0 0.0298046
13267.3 0 0.0298747
13271.8 0 0.0299447
13276.3 0 0.0300147
13280.8 0 0.0300847
13285.3 0 0.0301547
13289.8 0 0.0302246
13294.3 0 0.0302945
13298.7 0 0.0303644
13303.2 0 0.0304342
13307.7 0 0.0305041
13312.2 0 0.0305739
13316.6 0 0.0306436
13321.1 0 0.0307134
13325.5 0 0.0307831
13330 0 0.0308528
13334.4 0 0.0309224
13338.9 0 0.030992
13343.3 0 0.0310616
13347.7 0 0.0311312
13352.2 0 0.0312008
13356.6 0 0.0312703
13361 0 0.0313398
13365.5 0 0.0314092
13369.9 0 0.0314786
13374.3 0 0.031548
13378.8 0 0.0316174
13383.3 0 0.0316866
13387.9 0 0.0317558
13392.5 0 0.031825
13397.2 0 0.031894
13402 0 0.031963
13406.7 0 0.0320319
13411.5 0 0.0321008
13416.2 0 0.0321697
13420.9 0 0.0322385
13425.7 0 0.0323073
13430.4 0 0.0323761
13435.1 0 0.0324449
13439.8 0 0.0325136
13444.5 0 0.0325823
13449.3 0 0.0326509
13454 0 0.0327196
13458.7 0 0.0327881
13463.4 0 0.0328567
13468.1 0 0.0329252
13472.8 0 0.0329937
13477.4 0 0.0330622
13482.1 0 0.0331306
13486.8 0 0.0331991
13491.5 0 0.0332674
13496.2 0 0.0333358
13500.8 0 0.0334041
13505.5 0 0.0334724
13510.1 0 0.0335406
13514.8 0 0.0336088
13519.5 0 0.033677
13524.1 0 0.0337452
13528.8 0 0.0338133
13533.4 0 0.0338814
13538 0 0.0339495
13542.7 0 0.0340175
13547.3 0 0.0340855
13551.9 0 0.0341535
13556.6 0 0.0342214
13561.2 0 0.0342893
13565.8 0 0.0343572
13570.4 0 0.034425
13575 0 0.0344929
13579.6 0 0.0345606
13584.2 0 0.0346284
13588.8 0 0.0346961
13593.4 0 0.0347638
13598 0 0.0348315
13602.7 0 0.034899
13607.4 0 0.0349666
13612.1 0 0.035034
13616.8 0 0.0351014
13621.6 0 0.0351688
13410.3 0 0.0351009
13470.1 0 0.0351264
13494.5 0 0.0351667
