0 -58.4752 -2.26119e-06
634.56 0 4.96712e-05
1173.57 0 0.000106225
1709.92 0 0.000162737
2243.81 0 0.000219087
2775.24 0 0.000275222
3304.22 0 0.000331135
3830.74 0 0.000386815
4354.77 0 0.000442256
4876.15 0 0.000497458
5394.56 0 0.00055243
5909.16 0 0.000607197
6418.2 0 0.000661815
6918.36 0 0.000716396
7403.99 0 0.000771138
7866.83 0 0.000826325
8297.18 0 0.000882324
8686.59 0 0.000939476
9030.8 0 0.00099799
9330.49 0 0.00105798
9590.04 0 0.00111936
9815.21 0 0.00118202
10011.7 0 0.00124583
10184.8 0 0.00131055
10338.5 0 0.00137605
10475.8 0 0.00144238
10599.4 0 0.0015094
10711.4 0 0.00157709
10812.7 0 0.0016458
10905.5 0 0.00171496
10991.1 0 0.0017845
11070.4 0 0.0018544
11143.9 0 0.00192468
11212.1 0 0.00199547
11276 0 0.00206653
11335.9 0 0.00213783
11392.3 0 0.00220936
11445.5 0 0.00228108
11495.9 0 0.00235298
11543.8 0 0.00242505
11589.3 0 0.00249728
11632.4 0 0.00256978
11673.3 0 0.00264259
11712.4 0 0.00271554
11749.8 0 0.00278859
11785.6 0 0.00286176
11820.1 0 0.00293501
11853.2 0 0.00300835
11885.1 0 0.00308177
11915.6 0 0.00315545
11945 0 0.00322933
11972.9 0 0.00330356
11999.8 0 0.00337789
12025.7 0 0.00345227
12050.7 0 0.00352675
12074.7 0 0.00360155
12097.7 0 0.00367645
12119.8 0 0.00375156
12141.1 0 0.0038267
12161.8 0 0.00390186
12181.9 0 0.00397703
12201.4 0 0.00405222
12220.3 0 0.00412742
12238.6 0 0.00420263
12256.3 0 0.00427784
12273.3 0 0.00435326
12289.7 0 0.00442878
12305.5 0 0.00450431
12320.9 0 0.00457983
12335.7 0 0.00465541
12349.8 0 0.00473116
12363.5 0 0.00480691
12376.5 0 0.0048831
12388.8 0 0.00495974
12400.7 0 0.00503636
12412.4 0 0.00511296
12423.7 0 0.00518954
12434.7 0 0.0052661
12445.5 0 0.00534264
12455.9 0 0.00541915
12466.1 0 0.00549564
12476 0 0.00557212
12485.7 0 0.00564857
12495.1 0 0.00572501
12504.3 0 0.00580144
12513.2 0 0.00587785
12521.8 0 0.00595425
12530.3 0 0.00603064
12538.4 0 0.00610702
12546.4 0 0.00618339
12554.2 0 0.00625975
12561.7 0 0.0063361
12569 0 0.00641244
12576.2 0 0.00648877
12583.1 0 0.00656508
12589.9 0 0.00664138
12596.5 0 0.00671766
12603 0 0.00679392
12609.3 0 0.00687016
12615.5 0 0.00694638
12621.6 0 0.00702258
12627.5 0 0.00709875
12633.3 0 0.007175
12638.9 0 0.00725146
12644.3 0 0.00732822
12649.5 0 0.00740511
12654.6 0 0.00748201
12659.6 0 0.00755904
12664.4 0 0.00763604
12669.2 0 0.00771302
12673.9 0 0.00778998
12678.6 0 0.00786692
12683.1 0 0.00794385
12687.6 0 0.00802075
12692 0 0.00809764
12696.3 0 0.00817452
12700.6 0 0.00825138
12704.8 0 0.00832822
12708.9 0 0.00840506
12713 0 0.00848189
12717 0 0.00855871
12720.9 0 0.00863553
12724.7 0 0.00871234
12728.5 0 0.00878915
12732.1 0 0.008866
12735.7 0 0.00894292
12739.2 0 0.00901983
12742.7 0 0.00909673
12746 0 0.00917363
12749.3 0 0.00925054
12752.5 0 0.00932753
12755.5 0 0.00940503
12758.3 0 0.0094826
12761.2 0 0.00956018
12763.9 0 0.00963776
12766.6 0 0.00971535
12769.2 0 0.00979294
12771.7 0 0.0098708
12774.1 0 0.009949
12776.4 0 0.0100272
12778.6 0 0.0101054
12780.8 0 0.0101836
12783 0 0.0102619
12785.1 0 0.0103401
12787.2 0 0.0104183
12789.2 0 0.0104965
12791.2 0 0.0105747
12793.2 0 0.010653
12795.1 0 0.0107312
12797 0 0.0108094
12798.8 0 0.0108876
12800.6 0 0.0109657
12802.4 0 0.0110439
12804.2 0 0.0111221
12805.9 0 0.0112002
12807.7 0 0.0112784
12809.4 0 0.0113565
12811 0 0.0114346
12812.7 0 0.0115127
12814.3 0 0.0115908
12815.9 0 0.0116688
12817.5 0 0.0117469
12819.1 0 0.0118249
12820.7 0 0.0119029
12822.2 0 0.0119809
12823.7 0 0.0120589
12825.2 0 0.0121369
12826.7 0 0.0122148
12828.2 0 0.0122928
12829.7 0 0.0123707
12831.1 0 0.0124486
12832.6 0 0.0125264
12834 0 0.0126043
12835.4 0 0.0126821
12836.8 0 0.01276
12838.2 0 0.0128378
12839.5 0 0.0129156
12840.9 0 0.0129933
12842.2 0 0.0130711
12843.6 0 0.0131488
12844.9 0 0.0132266
12846.2 0 0.0133043
12847.5 0 0.013382
12848.7 0 0.0134597
12850 0 0.0135374
12851.3 0 0.013615
12852.5 0 0.0136927
12853.7 0 0.0137703
12855 0 0.0138479
12856.2 0 0.0139255
12857.4 0 0.0140031
12858.5 0 0.0140807
12859.7 0 0.0141583
12860.9 0 0.0142359
12862 0 0.0143134
12863.1 0 0.014391
12864.3 0 0.0144685
12865.4 0 0.014546
12866.4 0 0.0146236
12867.5 0 0.0147011
12868.6 0 0.0147786
12869.6 0 0.0148561
12870.7 0 0.0149336
12871.7 0 0.0150111
12872.7 0 0.0150886
12873.7 0 0.0151661
12874.7 0 0.0152436
12875.7 0 0.0153211
12876.6 0 0.0153986
12877.5 0 0.0154761
12878.5 0 0.0155536
12879.4 0 0.0156311
12880.3 0 0.0157086
12881.2 0 0.0157861
12882 0 0.0158637
12882.9 0 0.0159412
12883.7 0 0.0160187
12884.6 0 0.0160962
12885.4 0 0.0161738
12886.2 0 0.0162513
12886.9 0 0.0163289
12887.7 0 0.0164064
12888.5 0 0.016484
12889.2 0 0.0165616
12889.9 0 0.0166392
12890.6 0 0.0167167
12891.3 0 0.0167943
12892 0 0.0168719
12892.7 0 0.0169495
12893.3 0 0.0170272
12894 0 0.0171048
12894.6 0 0.0171824
12895.2 0 0.01726
12895.8 0 0.0173377
12896.4 0 0.0174153
12897 0 0.017493
12897.6 0 0.0175706
12898.1 0 0.0176483
12898.7 0 0.017726
12899.2 0 0.0178036
12899.8 0 0.0178813
12900.3 0 0.017959
12900.7 0 0.0180372
12901.2 0 0.0181154
12901.6 0 0.0181936
12902 0 0.0182719
12902.5 0 0.0183501
12902.9 0 0.0184283
12903.3 0 0.0185066
12903.7 0 0.0185848
12904.1 0 0.018663
12904.5 0 0.0187413
12904.8 0 0.0188195
12905.2 0 0.0188978
12905.5 0 0.018976
12905.9 0 0.0190542
12906.2 0 0.0191325
12906.6 0 0.0192107
12906.9 0 0.019289
12907.2 0 0.0193672
12907.5 0 0.0194455
12907.9 0 0.0195237
12908.2 0 0.0196019
12908.5 0 0.0196802
12908.8 0 0.0197584
12909 0 0.0198366
12909.3 0 0.0199149
12909.6 0 0.0199931
12909.9 0 0.0200713
12910.2 0 0.0201495
12910.4 0 0.0202277
12910.7 0 0.0203059
12910.9 0 0.0203841
12911.2 0 0.0204623
12911.4 0 0.0205405
12911.7 0 0.0206187
12911.9 0 0.0206969
12912.2 0 0.0207751
12912.4 0 0.0208532
12912.6 0 0.0209314
12912.9 0 0.0210096
12913.1 0 0.0210877
12913.3 0 0.0211659
12913.5 0 0.021244
12913.7 0 0.0213221
12913.9 0 0.0214003
12914.1 0 0.0214784
12914.3 0 0.0215565
12914.5 0 0.0216346
12914.7 0 0.0217127
12914.9 0 0.0217908
12915.1 0 0.0218689
12915.3 0 0.0219469
12915.5 0 0.022025
12915.7 0 0.0221031
12915.9 0 0.0221811
12916 0 0.0222592
12916.2 0 0.0223372
12916.4 0 0.0224153
12916.6 0 0.0224933
12916.7 0 0.0225713
12916.9 0 0.0226493
12917 0 0.0227273
12917.2 0 0.0228053
12917.4 0 0.0228833
12917.5 0 0.0229613
12917.7 0 0.0230393
12917.8 0 0.0231173
12918 0 0.0231952
12918.1 0 0.0232732
12918.2 0 0.0233511
12918.4 0 0.0234291
12918.5 0 0.023507
12918.7 0 0.0235849
12918.8 0 0.0236629
12918.9 0 0.0237408
12919.1 0 0.0238187
12919.3 0 0.0238966
12919.6 0 0.0239744
12920.2 0 0.0240521
12921.1 0 0.0241298
12922.2 0 0.0242073
12923.4 0 0.0242849
12924.8 0 0.0243623
12926.3 0 0.0244398
12927.9 0 0.0245172
12929.8 0 0.0245944
12931.8 0 0.0246717
12933.7 0 0.0247489
12935.7 0 0.0248262
12937.6 0 0.0249034
12939.6 0 0.0249806
12941.8 0 0.0250577
12944.1 0 0.0251348
12946.6 0 0.0252118
12949.3 0 0.0252888
12951.9 0 0.0253658
12954.5 0 0.0254427
12957.1 0 0.0255196
12959.7 0 0.0255966
12962.3 0 0.0256735
12964.9 0 0.0257504
12967.5 0 0.0258273
12970.2 0 0.0259041
12973 0 0.0259809
12976 0 0.0260577
12979.1 0 0.0261343
12982.4 0 0.0262109
12985.6 0 0.0262875
12988.8 0 0.0263641
12992 0 0.0264406
12995.2 0 0.0265171
12998.4 0 0.0265936
13001.6 0 0.02667
13004.8 0 0.0267465
13008 0 0.0268229
13011.2 0 0.0268994
13014.4 0 0.0269758
13017.6 0 0.0270522
13020.9 0 0.0271286
13024.2 0 0.0272049
13027.7 0 0.0272811
13031.3 0 0.0273573
13035 0 0.0274334
13038.8 0 0.0275095
13042.5 0 0.0275856
13046.3 0 0.0276617
13050 0 0.0277377
13053.7 0 0.0278138
13057.5 0 0.0278898
13061.2 0 0.0279658
13064.9 0 0.0280418
13068.7 0 0.0281178
13072.4 0 0.0281937
13076.1 0 0.0282697
13079.8 0 0.0283456
13083.5 0 0.0284215
13087.2 0 0.0284974
13090.9 0 0.0285733
13094.6 0 0.0286492
13098.4 0 0.028725
13102.2 0 0.0288008
13106.1 0 0.0288765
13110 0 0.0289522
13114.2 0 0.0290278
13118.4 0 0.0291033
13122.6 0 0.0291788
13126.8 0 0.0292543
13130.9 0 0.0293298
13135.1 0 0.0294053
13139.3 0 0.0294807
13143.5 0 0.0295561
13147.6 0 0.0296315
13151.8 0 0.0297069
13155.9 0 0.0297823
13160.1 0 0.0298576
13164.3 0 0.029933
13168.4 0 0.0300083
13172.5 0 0.0300835
13176.7 0 0.0301588
13180.8 0 0.0302341
13185 0 0.0303093
13189.1 0 0.0303845
13193.2 0 0.0304597
13197.4 0 0.0305348
13201.5 0 0.03061
13205.6 0 0.0306851
13209.7 0 0.0307602
13213.9 0 0.0308353
13218.1 0 0.0309102
13222.4 0 0.0309852
13226.7 0 0.0310601
13231.2 0 0.0311348
13235.7 0 0.0312096
13240.2 0 0.0312843
13244.8 0 0.031359
13249.3 0 0.0314336
13253.8 0 0.0315083
13258.3 0 0.0315829
13262.8 0 0.0316574
13267.3 0 0.031732
13271.8 0 0.0318065
13276.3 0 0.031881
13280.8 0 0.0319555
13285.3 0 0.03203
13289.8 0 0.0321044
13294.3 0 0.0321788
13298.7 0 0.0322532
13303.2 0 0.0323276
13307.7 0 0.0324019
13312.2 0 0.0324762
13316.6 0 0.0325505
13321.1 0 0.0326247
13325.5 0 0.0326989
13330 0 0.0327731
13334.4 0 0.0328473
13338.9 0 0.0329214
13343.3 0 0.0329955
13347.7 0 0.0330696
13352.2 0 0.0331437
13356.6 0 0.0332177
13361 0 0.0332917
13365.5 0 0.0333657
13369.9 0 0.0334397
13374.3 0 0.0335136
13378.8 0 0.0335874
13383.3 0 0.0336612
13387.9 0 0.0337349
13392.5 0 0.0338086
13397.2 0 0.0338821
13402 0 0.0339556
13406.7 0 0.0340291
13411.5 0 0.0341025
13416.2 0 0.0341759
13420.9 0 0.0342493
13425.7 0 0.0343227
13430.4 0 0.034396
13435.1 0 0.0344693
13439.8 0 0.0345426
13444.5 0 0.0346158
13449.3 0 0.034689
13454 0 0.0347622
13458.7 0 0.0348353
13463.4 0 0.0349084
13468.1 0 0.0349815
13472.8 0 0.0350546
13477.4 0 0.0351276
13482.1 0 0.0352006
13486.8 0 0.0352735
13491.5 0 0.0353465
13496.2 0 0.0354194
13500.8 0 0.0354922
13505.5 0 0.0355651
13510.1 0 0.0356379
13514.8 0 0.0357107
13519.5 0 0.0357834
13524.1 0 0.0358561
13528.8 0 0.0359288
13533.4 0 0.0360015
13538 0 0.0360741
13542.7 0 0.0361467
13547.3 0 0.0362193
13551.9 0 0.0362918
13556.6 0 0.0363643
13561.2 0 0.0364368
13565.8 0 0.0365092
13570.4 0 0.0365817
13575 0 0.036654
13579.6 0 0.0367264
13584.2 0 0.0367987
13588.8 0 0.036871
13593.4 0 0.0369433
13598 0 0.0370155
13602.7 0 0.0370876
13607.4 0 0.0371597
13612.1 0 0.0372317
13616.8 0 0.0373037
13621.6 0 0.0373755
13410.3 0 0.0373126
13470.1 0 0.0373429
13494.5 0 0.0373879
