0 -58.4752 -2.26119e-06
634.56 0 4.00244e-05
1173.57 0 8.69357e-05
1709.92 0 0.000133804
2243.81 0 0.000180511
2775.24 0 0.000227002
3304.22 0 0.000273271
3830.74 0 0.000319307
4354.77 0 0.000365104
4876.15 0 0.000410662
5394.56 0 0.00045599
5909.16 0 0.000501113
6418.2 0 0.000546088
6918.36 0 0.000591024
7403.99 0 0.000636123
7866.83 0 0.000681666
8297.18 0 0.000728021
8686.59 0 0.000775528
9030.8 0 0.000824399
9330.49 0 0.000874749
9590.04 0 0.00092648
9815.21 0 0.000979503
10011.7 0 0.00103368
10184.8 0 0.00108877
10338.5 0 0.00114464
10475.8 0 0.00120133
10599.4 0 0.00125869
10711.4 0 0.00131672
10812.7 0 0.00137578
10905.5 0 0.00143529
10991.1 0 0.00149518
11070.4 0 0.00155543
11143.9 0 0.00161606
11212.1 0 0.0016772
11276 0 0.0017386
11335.9 0 0.00180025
11392.3 0 0.00186212
11445.5 0 0.00192419
11495.9 0 0.00198644
11543.8 0 0.00204885
11589.3 0 0.00211142
11632.4 0 0.00217427
11673.3 0 0.00223743
11712.4 0 0.00230072
11749.8 0 0.00236412
11785.6 0 0.00242763
11820.1 0 0.00249124
11853.2 0 0.00255493
11885.1 0 0.00261869
11915.6 0 0.00268273
11945 0 0.00274697
11972.9 0 0.00281157
11999.8 0 0.00287626
12025.7 0 0.002941
12050.7 0 0.00300585
12074.7 0 0.00307102
12097.7 0 0.0031363
12119.8 0 0.00320177
12141.1 0 0.00326726
12161.8 0 0.00333278
12181.9 0 0.00339832
12201.4 0 0.00346387
12220.3 0 0.00352943
12238.6 0 0.003595
12256.3 0 0.00366057
12273.3 0 0.00372635
12289.7 0 0.00379223
12305.5 0 0.00385811
12320.9 0 0.00392399
12335.7 0 0.00398992
12349.8 0 0.00405601
12363.5 0 0.00412208
12376.5 0 0.00418863
12388.8 0 0.00425563
12400.7 0 0.00432263
12412.4 0 0.0043896
12423.7 0 0.00445656
12434.7 0 0.00452349
12445.5 0 0.0045904
12455.9 0 0.00465729
12466.1 0 0.00472416
12476 0 0.00479101
12485.7 0 0.00485784
12495.1 0 0.00492465
12504.3 0 0.00499145
12513.2 0 0.00505824
12521.8 0 0.00512501
12530.3 0 0.00519178
12538.4 0 0.00525854
12546.4 0 0.00532528
12554.2 0 0.00539202
12561.7 0 0.00545875
12569 0 0.00552547
12576.2 0 0.00559217
12583.1 0 0.00565886
12589.9 0 0.00572553
12596.5 0 0.00579219
12603 0 0.00585883
12609.3 0 0.00592545
12615.5 0 0.00599205
12621.6 0 0.00605862
12627.5 0 0.00612517
12633.3 0 0.0061918
12638.9 0 0.00625866
12644.3 0 0.00632583
12649.5 0 0.00639314
12654.6 0 0.00646046
12659.6 0 0.00652788
12664.4 0 0.00659529
12669.2 0 0.00666267
12673.9 0 0.00673003
12678.6 0 0.00679737
12683.1 0 0.0068647
12687.6 0 0.006932
12692 0 0.0069993
12696.3 0 0.00706657
12700.6 0 0.00713384
12704.8 0 0.00720109
12708.9 0 0.00726833
12713 0 0.00733556
12717 0 0.00740279
12720.9 0 0.00747001
12724.7 0 0.00753723
12728.5 0 0.00760445
12732.1 0 0.0076717
12735.7 0 0.007739
12739.2 0 0.0078063
12742.7 0 0.0078736
12746 0 0.00794089
12749.3 0 0.00800818
12752.5 0 0.00807556
12755.5 0 0.00814341
12758.3 0 0.00821133
12761.2 0 0.00827926
12763.9 0 0.00834719
12766.6 0 0.00841513
12769.2 0 0.00848307
12771.7 0 0.00855129
12774.1 0 0.00861984
12776.4 0 0.0086884
12778.6 0 0.00875696
12780.8 0 0.00882553
12783 0 0.0088941
12785.1 0 0.00896268
12787.2 0 0.00903125
12789.2 0 0.00909982
12791.2 0 0.00916839
12793.2 0 0.00923695
12795.1 0 0.00930551
12797 0 0.00937405
12798.8 0 0.0094426
12800.6 0 0.00951113
12802.4 0 0.00957965
12804.2 0 0.00964816
12805.9 0 0.00971665
12807.7 0 0.00978514
12809.4 0 0.00985361
12811 0 0.00992206
12812.7 0 0.0099905
12814.3 0 0.0100589
12815.9 0 0.0101273
12817.5 0 0.0101957
12819.1 0 0.0102641
12820.7 0 0.0103325
12822.2 0 0.0104008
12823.7 0 0.0104691
12825.2 0 0.0105374
12826.7 0 0.0106057
12828.2 0 0.010674
12829.7 0 0.0107423
12831.1 0 0.0108105
12832.6 0 0.0108787
12834 0 0.0109469
12835.4 0 0.0110151
12836.8 0 0.0110833
12838.2 0 0.0111514
12839.5 0 0.0112196
12840.9 0 0.0112877
12842.2 0 0.0113558
12843.6 0 0.0114239
12844.9 0 0.011492
12846.2 0 0.01156
12847.5 0 0.0116281
12848.7 0 0.0116961
12850 0 0.0117641
12851.3 0 0.0118321
12852.5 0 0.0119001
12853.7 0 0.0119681
12855 0 0.0120361
12856.2 0 0.012104
12857.4 0 0.012172
12858.5 0 0.0122399
12859.7 0 0.0123079
12860.9 0 0.0123758
12862 0 0.0124437
12863.1 0 0.0125115
12864.3 0 0.0125794
12865.4 0 0.0126473
12866.4 0 0.0127152
12867.5 0 0.012783
12868.6 0 0.0128509
12869.6 0 0.0129188
12870.7 0 0.0129866
12871.7 0 0.0130545
12872.7 0 0.0131223
12873.7 0 0.0131901
12874.7 0 0.013258
12875.7 0 0.0133258
12876.6 0 0.0133937
12877.5 0 0.0134615
12878.5 0 0.0135294
12879.4 0 0.0135972
12880.3 0 0.0136651
12881.2 0 0.013733
12882 0 0.0138008
12882.9 0 0.0138687
12883.7 0 0.0139366
12884.6 0 0.0140044
12885.4 0 0.0140723
12886.2 0 0.0141402
12886.9 0 0.0142081
12887.7 0 0.014276
12888.5 0 0.0143439
12889.2 0 0.0144119
12889.9 0 0.0144798
12890.6 0 0.0145477
12891.3 0 0.0146157
12892 0 0.0146836
12892.7 0 0.0147515
12893.3 0 0.0148195
12894 0 0.0148875
12894.6 0 0.0149554
12895.2 0 0.0150234
12895.8 0 0.0150914
12896.4 0 0.0151594
12897 0 0.0152274
12897.6 0 0.0152954
12898.1 0 0.0153634
12898.7 0 0.0154314
12899.2 0 0.0154994
12899.8 0 0.0155674
12900.3 0 0.0156355
12900.7 0 0.015704
12901.2 0 0.0157726
12901.6 0 0.0158412
12902 0 0.0159097
12902.5 0 0.0159783
12902.9 0 0.0160469
12903.3 0 0.0161155
12903.7 0 0.0161841
12904.1 0 0.0162527
12904.5 0 0.0163213
12904.8 0 0.0163898
12905.2 0 0.0164584
12905.5 0 0.016527
12905.9 0 0.0165956
12906.2 0 0.0166642
12906.6 0 0.0167328
12906.9 0 0.0168014
12907.2 0 0.01687
12907.5 0 0.0169386
12907.9 0 0.0170072
12908.2 0 0.0170758
12908.5 0 0.0171444
12908.8 0 0.017213
12909 0 0.0172815
12909.3 0 0.0173501
12909.6 0 0.0174187
12909.9 0 0.0174873
12910.2 0 0.0175558
12910.4 0 0.0176244
12910.7 0 0.0176929
12910.9 0 0.0177615
12911.2 0 0.01783
12911.4 0 0.0178986
12911.7 0 0.0179671
12911.9 0 0.0180356
12912.2 0 0.0181042
12912.4 0 0.0181727
12912.6 0 0.0182412
12912.9 0 0.0183097
12913.1 0 0.0183782
12913.3 0 0.0184467
12913.5 0 0.0185152
12913.7 0 0.0185837
12913.9 0 0.0186522
12914.1 0 0.0187206
12914.3 0 0.0187891
12914.5 0 0.0188575
12914.7 0 0.018926
12914.9 0 0.0189944
12915.1 0 0.0190629
12915.3 0 0.0191313
12915.5 0 0.0191997
12915.7 0 0.0192681
12915.9 0 0.0193365
12916 0 0.0194049
12916.2 0 0.0194733
12916.4 0 0.0195417
12916.6 0 0.0196101
12916.7 0 0.0196785
12916.9 0 0.0197468
12917 0 0.0198152
12917.2 0 0.0198836
12917.4 0 0.0199519
12917.5 0 0.0200202
12917.7 0 0.0200886
12917.8 0 0.0201569
12918 0 0.0202252
12918.1 0 0.0202935
12918.2 0 0.0203618
12918.4 0 0.0204301
12918.5 0 0.0204984
12918.7 0 0.0205667
12918.8 0 0.0206349
12918.9 0 0.0207032
12919.1 0 0.0207715
12919.3 0 0.0208397
12919.6 0 0.0209079
12920.2 0 0.020976
12921.1 0 0.021044
12922.2 0 0.0211119
12923.4 0 0.0211798
12924.8 0 0.0212476
12926.3 0 0.0213154
12927.9 0 0.0213831
12929.8 0 0.0214508
12931.8 0 0.0215184
12933.7 0 0.021586
12935.7 0 0.0216536
12937.6 0 0.0217212
12939.6 0 0.0217887
12941.8 0 0.0218562
12944.1 0 0.0219236
12946.6 0 0.021991
12949.3 0 0.0220583
12951.9 0 0.0221256
12954.5 0 0.022193
12957.1 0 0.0222602
12959.7 0 0.0223275
12962.3 0 0.0223948
12964.9 0 0.0224621
12967.5 0 0.0225293
12970.2 0 0.0225965
12973 0 0.0226637
12976 0 0.0227308
12979.1 0 0.0227978
12982.4 0 0.0228648
12985.6 0 0.0229318
12988.8 0 0.0229986
12992 0 0.0230655
12995.2 0 0.0231324
12998.4 0 0.0231992
13001.6 0 0.023266
13004.8 0 0.0233328
13008 0 0.0233996
13011.2 0 0.0234664
13014.4 0 0.0235332
13017.6 0 0.0236
13020.9 0 0.0236667
13024.2 0 0.0237334
13027.7 0 0.0238
13031.3 0 0.0238665
13035 0 0.023933
13038.8 0 0.0239995
13042.5 0 0.0240659
13046.3 0 0.0241323
13050 0 0.0241987
13053.7 0 0.0242651
13057.5 0 0.0243315
13061.2 0 0.0243979
13064.9 0 0.0244642
13068.7 0 0.0245306
13072.4 0 0.0245969
13076.1 0 0.0246632
13079.8 0 0.0247295
13083.5 0 0.0247958
13087.2 0 0.024862
13090.9 0 0.0249283
13094.6 0 0.0249945
13098.4 0 0.0250607
13102.2 0 0.0251268
13106.1 0 0.0251929
13110 0 0.025259
13114.2 0 0.0253249
13118.4 0 0.0253908
13122.6 0 0.0254567
13126.8 0 0.0255225
13130.9 0 0.0255884
13135.1 0 0.0256542
13139.3 0 0.02572
13143.5 0 0.0257858
13147.6 0 0.0258516
13151.8 0 0.0259173
13155.9 0 0.0259831
13160.1 0 0.0260488
13164.3 0 0.0261145
13168.4 0 0.0261801
13172.5 0 0.0262458
13176.7 0 0.0263114
13180.8 0 0.026377
13185 0 0.0264426
13189.1 0 0.0265082
13193.2 0 0.0265737
13197.4 0 0.0266393
13201.5 0 0.0267048
13205.6 0 0.0267702
13209.7 0 0.0268357
13213.9 0 0.0269011
13218.1 0 0.0269665
13222.4 0 0.0270318
13226.7 0 0.027097
13231.2 0 0.0271622
13235.7 0 0.0272273
13240.2 0 0.0272924
13244.8 0 0.0273574
13249.3 0 0.0274224
13253.8 0 0.0274874
13258.3 0 0.0275524
13262.8 0 0.0276174
13267.3 0 0.0276823
13271.8 0 0.0277472
13276.3 0 0.0278121
13280.8 0 0.0278769
13285.3 0 0.0279417
13289.8 0 0.0280065
13294.3 0 0.0280713
13298.7 0 0.0281361
13303.2 0 0.0282008
13307.7 0 0.0282655
13312.2 0 0.0283302
13316.6 0 0.0283948
13321.1 0 0.0284594
13325.5 0 0.028524
13330 0 0.0285886
13334.4 0 0.0286531
13338.9 0 0.0287176
13343.3 0 0.0287821
13347.7 0 0.0288466
13352.2 0 0.028911
13356.6 0 0.0289754
13361 0 0.0290398
13365.5 0 0.0291041
13369.9 0 0.0291685
13374.3 0 0.0292327
13378.8 0 0.029297
13383.3 0 0.0293611
13387.9 0 0.0294252
13392.5 0 0.0294892
13397.2 0 0.0295531
13402 0 0.029617
13406.7 0 0.0296809
13411.5 0 0.0297447
13416.2 0 0.0298085
13420.9 0 0.0298722
13425.7 0 0.029936
13430.4 0 0.0299997
13435.1 0 0.0300633
13439.8 0 0.030127
13444.5 0 0.0301906
13449.3 0 0.0302542
13454 0 0.0303177
13458.7 0 0.0303812
13463.4 0 0.0304447
13468.1 0 0.0305082
13472.8 0 0.0305716
13477.4 0 0.030635
13482.1 0 0.0306984
13486.8 0 0.0307617
13491.5 0 0.030825
13496.2 0 0.0308883
13500.8 0 0.0309516
13505.5 0 0.0310148
13510.1 0 0.031078
13514.8 0 0.0311411
13519.5 0 0.0312043
13524.1 0 0.0312674
13528.8 0 0.0313304
13533.4 0 0.0313935
13538 0 0.0314565
13542.7 0 0.0315194
13547.3 0 0.0315824
13551.9 0 0.0316453
13556.6 0 0.0317082
13561.2 0 0.0317711
13565.8 0 0.0318339
13570.4 0 0.0318967
13575 0 0.0319594
13579.6 0 0.0320222
13584.2 0 0.0320849
13588.8 0 0.0321476
13593.4 0 0.0322102
13598 0 0.0322728
13602.7 0 0.0323353
13607.4 0 0.0323978
13612.1 0 0.0324602
13616.8 0 0.0325225
13621.6 0 0.0325847
13410.3 0 0.0325123
13470.1 0 0.0325329
13494.5 0 0.0325684
