0 -58.4752 -2.26119e-06
634.56 0 3.55709e-05
1173.57 0 7.80028e-05
1709.92 0 0.000120396
2243.81 0 0.000162625
2775.24 0 0.000204641
3304.22 0 0.000246438
3830.74 0 0.000288003
4354.77 0 0.000329327
4876.15 0 0.000370413
5394.56 0 0.000411269
5909.16 0 0.000451919
6418.2 0 0.000492421
6918.36 0 0.000532884
7403.99 0 0.000573511
7866.83 0 0.000614581
8297.18 0 0.000656463
8686.59 0 0.0006995
9030.8 0 0.0007439
9330.49 0 0.000789773
9590.04 0 0.000837018
9815.21 0 0.000885529
10011.7 0 0.000935161
10184.8 0 0.000985689
10338.5 0 0.001037
10475.8 0 0.00108924
10599.4 0 0.00114219
10711.4 0 0.00119585
10812.7 0 0.00125048
10905.5 0 0.00130556
10991.1 0 0.00136103
11070.4 0 0.00141685
11143.9 0 0.00147306
11212.1 0 0.00152978
11276 0 0.00158678
11335.9 0 0.00164402
11392.3 0 0.00170148
11445.5 0 0.00175914
11495.9 0 0.00181699
11543.8 0 0.00187501
11589.3 0 0.00193318
11632.4 0 0.00199162
11673.3 0 0.00205037
11712.4 0 0.00210924
11749.8 0 0.00216823
11785.6 0 0.00222732
11820.1 0 0.00228651
11853.2 0 0.00234578
11885.1 0 0.00240514
11915.6 0 0.00246468
11945 0 0.00252437
11972.9 0 0.00258446
11999.8 0 0.00264463
12025.7 0 0.00270487
12050.7 0 0.00276519
12074.7 0 0.00282575
12097.7 0 0.00288645
12119.8 0 0.00294742
12141.1 0 0.00300841
12161.8 0 0.00306943
12181.9 0 0.00313047
12201.4 0 0.00319152
12220.3 0 0.00325258
12238.6 0 0.00331364
12256.3 0 0.00337471
12273.3 0 0.00343599
12289.7 0 0.00349739
12305.5 0 0.00355879
12320.9 0 0.00362018
12335.7 0 0.00368167
12349.8 0 0.00374347
12363.5 0 0.00380526
12376.5 0 0.00386735
12388.8 0 0.00392978
12400.7 0 0.00399218
12412.4 0 0.00405457
12423.7 0 0.00411694
12434.7 0 0.00417929
12445.5 0 0.00424161
12455.9 0 0.00430391
12466.1 0 0.00436618
12476 0 0.00442844
12485.7 0 0.00449067
12495.1 0 0.00455289
12504.3 0 0.00461509
12513.2 0 0.00467728
12521.8 0 0.00473945
12530.3 0 0.00480161
12538.4 0 0.00486377
12546.4 0 0.0049259
12554.2 0 0.00498803
12561.7 0 0.00505015
12569 0 0.00511225
12576.2 0 0.00517435
12583.1 0 0.00523642
12589.9 0 0.00529848
12596.5 0 0.00536052
12603 0 0.00542255
12609.3 0 0.00548455
12615.5 0 0.00554653
12621.6 0 0.00560849
12627.5 0 0.00567042
12633.3 0 0.0057324
12638.9 0 0.00579454
12644.3 0 0.00585688
12649.5 0 0.00591929
12654.6 0 0.00598175
12659.6 0 0.00604442
12664.4 0 0.00610706
12669.2 0 0.00616968
12673.9 0 0.00623228
12678.6 0 0.00629485
12683.1 0 0.00635741
12687.6 0 0.00641994
12692 0 0.00648246
12696.3 0 0.00654496
12700.6 0 0.00660744
12704.8 0 0.0066699
12708.9 0 0.00673236
12713 0 0.0067948
12717 0 0.00685722
12720.9 0 0.00691964
12724.7 0 0.00698205
12728.5 0 0.00704445
12732.1 0 0.00710695
12735.7 0 0.00716957
12739.2 0 0.00723218
12742.7 0 0.00729479
12746 0 0.00735739
12749.3 0 0.00741999
12752.5 0 0.00748271
12755.5 0 0.0075461
12758.3 0 0.00760959
12761.2 0 0.00767308
12763.9 0 0.00773659
12766.6 0 0.0078001
12769.2 0 0.00786362
12771.7 0 0.00792739
12774.1 0 0.00799149
12776.4 0 0.00805559
12778.6 0 0.0081197
12780.8 0 0.00818383
12783 0 0.00824796
12785.1 0 0.00831209
12787.2 0 0.00837623
12789.2 0 0.00844037
12791.2 0 0.00850451
12793.2 0 0.00856865
12795.1 0 0.00863278
12797 0 0.00869691
12798.8 0 0.00876104
12800.6 0 0.00882516
12802.4 0 0.00888927
12804.2 0 0.00895337
12805.9 0 0.00901746
12807.7 0 0.00908154
12809.4 0 0.0091456
12811 0 0.00920966
12812.7 0 0.0092737
12814.3 0 0.00933772
12815.9 0 0.00940173
12817.5 0 0.00946573
12819.1 0 0.0095297
12820.7 0 0.00959367
12822.2 0 0.00965761
12823.7 0 0.00972154
12825.2 0 0.00978545
12826.7 0 0.00984934
12828.2 0 0.00991322
12829.7 0 0.00997708
12831.1 0 0.0100409
12832.6 0 0.0101047
12834 0 0.0101686
12835.4 0 0.0102323
12836.8 0 0.0102961
12838.2 0 0.0103599
12839.5 0 0.0104236
12840.9 0 0.0104873
12842.2 0 0.010551
12843.6 0 0.0106147
12844.9 0 0.0106784
12846.2 0 0.0107421
12847.5 0 0.0108057
12848.7 0 0.0108693
12850 0 0.0109329
12851.3 0 0.0109965
12852.5 0 0.0110601
12853.7 0 0.0111237
12855 0 0.0111873
12856.2 0 0.0112508
12857.4 0 0.0113143
12858.5 0 0.0113779
12859.7 0 0.0114414
12860.9 0 0.0115049
12862 0 0.0115684
12863.1 0 0.0116319
12864.3 0 0.0116953
12865.4 0 0.0117588
12866.4 0 0.0118223
12867.5 0 0.0118857
12868.6 0 0.0119492
12869.6 0 0.0120126
12870.7 0 0.0120761
12871.7 0 0.0121395
12872.7 0 0.0122029
12873.7 0 0.0122664
12874.7 0 0.0123298
12875.7 0 0.0123932
12876.6 0 0.0124567
12877.5 0 0.0125201
12878.5 0 0.0125835
12879.4 0 0.012647
12880.3 0 0.0127104
12881.2 0 0.0127739
12882 0 0.0128373
12882.9 0 0.0129008
12883.7 0 0.0129643
12884.6 0 0.0130277
12885.4 0 0.0130912
12886.2 0 0.0131547
12886.9 0 0.0132182
12887.7 0 0.0132817
12888.5 0 0.0133452
12889.2 0 0.0134087
12889.9 0 0.0134722
12890.6 0 0.0135358
12891.3 0 0.0135993
12892 0 0.0136628
12892.7 0 0.0137264
12893.3 0 0.01379
12894 0 0.0138535
12894.6 0 0.0139171
12895.2 0 0.0139807
12895.8 0 0.0140443
12896.4 0 0.0141079
12897 0 0.0141715
12897.6 0 0.0142352
12898.1 0 0.0142988
12898.7 0 0.0143624
12899.2 0 0.014426
12899.8 0 0.0144897
12900.3 0 0.0145534
12900.7 0 0.0146175
12901.2 0 0.0146816
12901.6 0 0.0147457
12902 0 0.0148098
12902.5 0 0.014874
12902.9 0 0.0149381
12903.3 0 0.0150022
12903.7 0 0.0150664
12904.1 0 0.0151305
12904.5 0 0.0151947
12904.8 0 0.0152588
12905.2 0 0.015323
12905.5 0 0.0153871
12905.9 0 0.0154513
12906.2 0 0.0155154
12906.6 0 0.0155796
12906.9 0 0.0156437
12907.2 0 0.0157079
12907.5 0 0.0157721
12907.9 0 0.0158362
12908.2 0 0.0159004
12908.5 0 0.0159645
12908.8 0 0.0160287
12909 0 0.0160928
12909.3 0 0.0161569
12909.6 0 0.0162211
12909.9 0 0.0162852
12910.2 0 0.0163493
12910.4 0 0.0164135
12910.7 0 0.0164776
12910.9 0 0.0165417
12911.2 0 0.0166058
12911.4 0 0.0166699
12911.7 0 0.016734
12911.9 0 0.0167981
12912.2 0 0.0168622
12912.4 0 0.0169263
12912.6 0 0.0169904
12912.9 0 0.0170545
12913.1 0 0.0171185
12913.3 0 0.0171826
12913.5 0 0.0172466
12913.7 0 0.0173107
12913.9 0 0.0173747
12914.1 0 0.0174388
12914.3 0 0.0175028
12914.5 0 0.0175668
12914.7 0 0.0176308
12914.9 0 0.0176948
12915.1 0 0.0177588
12915.3 0 0.0178228
12915.5 0 0.0178868
12915.7 0 0.0179508
12915.9 0 0.0180148
12916 0 0.0180787
12916.2 0 0.0181427
12916.4 0 0.0182066
12916.6 0 0.0182706
12916.7 0 0.0183345
12916.9 0 0.0183985
12917 0 0.0184624
12917.2 0 0.0185263
12917.4 0 0.0185902
12917.5 0 0.0186541
12917.7 0 0.018718
12917.8 0 0.0187819
12918 0 0.0188457
12918.1 0 0.0189096
12918.2 0 0.0189735
12918.4 0 0.0190373
12918.5 0 0.0191012
12918.7 0 0.019165
12918.8 0 0.0192288
12918.9 0 0.0192926
12919.1 0 0.0193565
12919.3 0 0.0194202
12919.6 0 0.019484
12920.2 0 0.0195476
12921.1 0 0.0196112
12922.2 0 0.0196746
12923.4 0 0.019738
12924.8 0 0.0198014
12926.3 0 0.0198647
12927.9 0 0.019928
12929.8 0 0.0199912
12931.8 0 0.0200543
12933.7 0 0.0201174
12935.7 0 0.0201806
12937.6 0 0.0202437
12939.6 0 0.0203067
12941.8 0 0.0203697
12944.1 0 0.0204327
12946.6 0 0.0204956
12949.3 0 0.0205584
12951.9 0 0.0206212
12954.5 0 0.0206841
12957.1 0 0.0207468
12959.7 0 0.0208096
12962.3 0 0.0208724
12964.9 0 0.0209352
12967.5 0 0.0209979
12970.2 0 0.0210606
12973 0 0.0211233
12976 0 0.0211859
12979.1 0 0.0212484
12982.4 0 0.0213109
12985.6 0 0.0213733
12988.8 0 0.0214357
12992 0 0.0214981
12995.2 0 0.0215605
12998.4 0 0.0216229
13001.6 0 0.0216852
13004.8 0 0.0217476
13008 0 0.0218099
13011.2 0 0.0218722
13014.4 0 0.0219345
13017.6 0 0.0219968
13020.9 0 0.022059
13024.2 0 0.0221212
13027.7 0 0.0221833
13031.3 0 0.0222454
13035 0 0.0223073
13038.8 0 0.0223693
13042.5 0 0.0224313
13046.3 0 0.0224932
13050 0 0.0225551
13053.7 0 0.022617
13057.5 0 0.0226789
13061.2 0 0.0227408
13064.9 0 0.0228026
13068.7 0 0.0228645
13072.4 0 0.0229263
13076.1 0 0.0229881
13079.8 0 0.0230499
13083.5 0 0.0231117
13087.2 0 0.0231734
13090.9 0 0.0232352
13094.6 0 0.0232969
13098.4 0 0.0233586
13102.2 0 0.0234202
13106.1 0 0.0234818
13110 0 0.0235433
13114.2 0 0.0236047
13118.4 0 0.0236661
13122.6 0 0.0237275
13126.8 0 0.0237888
13130.9 0 0.0238502
13135.1 0 0.0239115
13139.3 0 0.0239728
13143.5 0 0.024034
13147.6 0 0.0240953
13151.8 0 0.0241565
13155.9 0 0.0242177
13160.1 0 0.0242789
13164.3 0 0.0243401
13168.4 0 0.0244012
13172.5 0 0.0244624
13176.7 0 0.0245235
13180.8 0 0.0245845
13185 0 0.0246456
13189.1 0 0.0247067
13193.2 0 0.0247677
13197.4 0 0.0248287
13201.5 0 0.0248896
13205.6 0 0.0249506
13209.7 0 0.0250115
13213.9 0 0.0250724
13218.1 0 0.0251332
13222.4 0 0.025194
13226.7 0 0.0252547
13231.2 0 0.0253153
13235.7 0 0.0253759
13240.2 0 0.0254364
13244.8 0 0.0254969
13249.3 0 0.0255574
13253.8 0 0.0256178
13258.3 0 0.0256783
13262.8 0 0.0257387
13267.3 0 0.025799
13271.8 0 0.0258594
13276.3 0 0.0259197
13280.8 0 0.02598
13285.3 0 0.0260402
13289.8 0 0.0261005
13294.3 0 0.0261607
13298.7 0 0.0262209
13303.2 0 0.026281
13307.7 0 0.0263412
13312.2 0 0.0264013
13316.6 0 0.0264614
13321.1 0 0.0265214
13325.5 0 0.0265814
13330 0 0.0266414
13334.4 0 0.0267014
13338.9 0 0.0267613
13343.3 0 0.0268212
13347.7 0 0.0268811
13352.2 0 0.026941
13356.6 0 0.0270008
13361 0 0.0270606
13365.5 0 0.0271204
13369.9 0 0.0271801
13374.3 0 0.0272398
13378.8 0 0.0272994
13383.3 0 0.027359
13387.9 0 0.0274185
13392.5 0 0.027478
13397.2 0 0.0275373
13402 0 0.0275966
13406.7 0 0.0276558
13411.5 0 0.0277151
13416.2 0 0.0277742
13420.9 0 0.0278334
13425.7 0 0.0278925
13430.4 0 0.0279516
13435.1 0 0.0280107
13439.8 0 0.0280697
13444.5 0 0.0281287
13449.3 0 0.0281877
13454 0 0.0282466
13458.7 0 0.0283055
13463.4 0 0.0283644
13468.1 0 0.0284233
13472.8 0 0.0284821
13477.4 0 0.0285409
13482.1 0 0.0285996
13486.8 0 0.0286583
13491.5 0 0.028717
13496.2 0 0.0287757
13500.8 0 0.0288343
13505.5 0 0.0288929
13510.1 0 0.0289515
13514.8 0 0.02901
13519.5 0 0.0290685
13524.1 0 0.029127
13528.8 0 0.0291855
13533.4 0 0.0292439
13538 0 0.0293022
13542.7 0 0.0293606
13547.3 0 0.0294189
13551.9 0 0.0294772
13556.6 0 0.0295355
13561.2 0 0.0295937
13565.8 0 0.0296519
13570.4 0 0.0297101
13575 0 0.0297682
13579.6 0 0.0298263
13584.2 0 0.0298844
13588.8 0 0.0299424
13593.4 0 0.0300004
13598 0 0.0300584
13602.7 0 0.0301163
13607.4 0 0.0301741
13612.1 0 0.0302319
13616.8 0 0.0302896
13621.6 0 0.0303473
13410.3 0 0.0302698
13470.1 0 0.0302856
13494.5 0 0.0303163
