0 -58.4752 -2.26119e-06
634.56 0 3.29435e-05
1173.57 0 7.27631e-05
1709.92 0 0.000112541
2243.81 0 0.000152157
2775.24 0 0.000191558
3304.22 0 0.000230739
3830.74 0 0.000269686
4354.77 0 0.000308394
4876.15 0 0.000346863
5394.56 0 0.000385103
5909.16 0 0.000423137
6418.2 0 0.000461022
6918.36 0 0.00049887
7403.99 0 0.000536879
7866.83 0 0.000575334
8297.18 0 0.0006146
8686.59 0 0.000655019
9030.8 0 0.000696801
9330.49 0 0.000740061
9590.04 0 0.000784697
9815.21 0 0.000830615
10011.7 0 0.000877674
10184.8 0 0.000925637
10338.5 0 0.000974383
10475.8 0 0.00102399
10599.4 0 0.00107429
10711.4 0 0.00112527
10812.7 0 0.00117726
10905.5 0 0.0012297
10991.1 0 0.00128252
11070.4 0 0.0013357
11143.9 0 0.00138926
11212.1 0 0.00144334
11276 0 0.00149768
11335.9 0 0.00155227
11392.3 0 0.00160708
11445.5 0 0.00166208
11495.9 0 0.00171728
11543.8 0 0.00177263
11589.3 0 0.00182815
11632.4 0 0.00188393
11673.3 0 0.00194003
11712.4 0 0.00199625
11749.8 0 0.00205259
11785.6 0 0.00210904
11820.1 0 0.00216558
11853.2 0 0.0022222
11885.1 0 0.0022789
11915.6 0 0.00233584
11945 0 0.00239296
11972.9 0 0.00245046
11999.8 0 0.00250804
12025.7 0 0.00256568
12050.7 0 0.00262341
12074.7 0 0.00268143
12097.7 0 0.00273958
12119.8 0 0.00279795
12141.1 0 0.00285634
12161.8 0 0.00291476
12181.9 0 0.0029732
12201.4 0 0.00303165
12220.3 0 0.00309011
12238.6 0 0.00314857
12256.3 0 0.00320704
12273.3 0 0.00326572
12289.7 0 0.00332451
12305.5 0 0.0033833
12320.9 0 0.00344208
12335.7 0 0.00350094
12349.8 0 0.00356001
12363.5 0 0.00361908
12376.5 0 0.00367854
12388.8 0 0.00373841
12400.7 0 0.00379827
12412.4 0 0.00385811
12423.7 0 0.00391793
12434.7 0 0.00397772
12445.5 0 0.00403749
12455.9 0 0.00409724
12466.1 0 0.00415697
12476 0 0.00421668
12485.7 0 0.00427637
12495.1 0 0.00433604
12504.3 0 0.0043957
12513.2 0 0.00445535
12521.8 0 0.00451498
12530.3 0 0.0045746
12538.4 0 0.00463421
12546.4 0 0.00469381
12554.2 0 0.0047534
12561.7 0 0.00481298
12569 0 0.00487255
12576.2 0 0.00493211
12583.1 0 0.00499165
12589.9 0 0.00505117
12596.5 0 0.00511068
12603 0 0.00517017
12609.3 0 0.00522964
12615.5 0 0.00528909
12621.6 0 0.00534851
12627.5 0 0.00540791
12633.3 0 0.00546738
12638.9 0 0.00552704
12644.3 0 0.00558697
12649.5 0 0.00564701
12654.6 0 0.00570708
12659.6 0 0.0057673
12664.4 0 0.00582749
12669.2 0 0.00588766
12673.9 0 0.00594781
12678.6 0 0.00600794
12683.1 0 0.00606805
12687.6 0 0.00612814
12692 0 0.00618821
12696.3 0 0.00624827
12700.6 0 0.00630831
12704.8 0 0.00636834
12708.9 0 0.00642836
12713 0 0.00648837
12717 0 0.00654837
12720.9 0 0.00660836
12724.7 0 0.00666835
12728.5 0 0.00672833
12732.1 0 0.00678838
12735.7 0 0.0068485
12739.2 0 0.00690862
12742.7 0 0.00696873
12746 0 0.00702885
12749.3 0 0.00708896
12752.5 0 0.00714917
12755.5 0 0.00720994
12758.3 0 0.00727078
12761.2 0 0.00733164
12763.9 0 0.0073925
12766.6 0 0.00745337
12769.2 0 0.00751425
12771.7 0 0.00757538
12774.1 0 0.00763685
12776.4 0 0.00769833
12778.6 0 0.00775982
12780.8 0 0.00782131
12783 0 0.0078828
12785.1 0 0.0079443
12787.2 0 0.0080058
12789.2 0 0.0080673
12791.2 0 0.0081288
12793.2 0 0.00819029
12795.1 0 0.00825178
12797 0 0.00831326
12798.8 0 0.00837474
12800.6 0 0.00843621
12802.4 0 0.00849767
12804.2 0 0.00855911
12805.9 0 0.00862055
12807.7 0 0.00868197
12809.4 0 0.00874338
12811 0 0.00880478
12812.7 0 0.00886616
12814.3 0 0.00892753
12815.9 0 0.00898888
12817.5 0 0.00905021
12819.1 0 0.00911153
12820.7 0 0.00917283
12822.2 0 0.00923412
12823.7 0 0.00929539
12825.2 0 0.00935664
12826.7 0 0.00941787
12828.2 0 0.00947909
12829.7 0 0.00954029
12831.1 0 0.00960147
12832.6 0 0.00966263
12834 0 0.00972378
12835.4 0 0.00978491
12836.8 0 0.00984602
12838.2 0 0.00990712
12839.5 0 0.0099682
12840.9 0 0.0100293
12842.2 0 0.0100903
12843.6 0 0.0101513
12844.9 0 0.0102124
12846.2 0 0.0102734
12847.5 0 0.0103344
12848.7 0 0.0103953
12850 0 0.0104563
12851.3 0 0.0105172
12852.5 0 0.0105782
12853.7 0 0.0106391
12855 0 0.0107
12856.2 0 0.0107609
12857.4 0 0.0108218
12858.5 0 0.0108826
12859.7 0 0.0109435
12860.9 0 0.0110044
12862 0 0.0110652
12863.1 0 0.011126
12864.3 0 0.0111868
12865.4 0 0.0112477
12866.4 0 0.0113085
12867.5 0 0.0113693
12868.6 0 0.0114301
12869.6 0 0.0114908
12870.7 0 0.0115516
12871.7 0 0.0116124
12872.7 0 0.0116732
12873.7 0 0.011734
12874.7 0 0.0117948
12875.7 0 0.0118556
12876.6 0 0.0119163
12877.5 0 0.0119771
12878.5 0 0.0120379
12879.4 0 0.0120987
12880.3 0 0.0121595
12881.2 0 0.0122203
12882 0 0.0122811
12882.9 0 0.0123419
12883.7 0 0.0124027
12884.6 0 0.0124635
12885.4 0 0.0125244
12886.2 0 0.0125852
12886.9 0 0.012646
12887.7 0 0.0127069
12888.5 0 0.0127677
12889.2 0 0.0128286
12889.9 0 0.0128895
12890.6 0 0.0129503
12891.3 0 0.0130112
12892 0 0.0130721
12892.7 0 0.013133
12893.3 0 0.0131939
12894 0 0.0132548
12894.6 0 0.0133157
12895.2 0 0.0133766
12895.8 0 0.0134376
12896.4 0 0.0134985
12897 0 0.0135595
12897.6 0 0.0136204
12898.1 0 0.0136814
12898.7 0 0.0137423
12899.2 0 0.0138033
12899.8 0 0.0138643
12900.3 0 0.0139253
12900.7 0 0.0139867
12901.2 0 0.0140482
12901.6 0 0.0141097
12902 0 0.0141712
12902.5 0 0.0142327
12902.9 0 0.0142942
12903.3 0 0.0143557
12903.7 0 0.0144172
12904.1 0 0.0144787
12904.5 0 0.0145402
12904.8 0 0.0146018
12905.2 0 0.0146633
12905.5 0 0.0147248
12905.9 0 0.0147863
12906.2 0 0.0148478
12906.6 0 0.0149094
12906.9 0 0.0149709
12907.2 0 0.0150324
12907.5 0 0.0150939
12907.9 0 0.0151554
12908.2 0 0.015217
12908.5 0 0.0152785
12908.8 0 0.01534
12909 0 0.0154015
12909.3 0 0.015463
12909.6 0 0.0155245
12909.9 0 0.015586
12910.2 0 0.0156475
12910.4 0 0.015709
12910.7 0 0.0157704
12910.9 0 0.0158319
12911.2 0 0.0158934
12911.4 0 0.0159549
12911.7 0 0.0160163
12911.9 0 0.0160778
12912.2 0 0.0161392
12912.4 0 0.0162007
12912.6 0 0.0162621
12912.9 0 0.0163236
12913.1 0 0.016385
12913.3 0 0.0164464
12913.5 0 0.0165078
12913.7 0 0.0165692
12913.9 0 0.0166307
12914.1 0 0.016692
12914.3 0 0.0167534
12914.5 0 0.0168148
12914.7 0 0.0168762
12914.9 0 0.0169376
12915.1 0 0.0169989
12915.3 0 0.0170603
12915.5 0 0.0171216
12915.7 0 0.017183
12915.9 0 0.0172443
12916 0 0.0173056
12916.2 0 0.017367
12916.4 0 0.0174283
12916.6 0 0.0174896
12916.7 0 0.0175509
12916.9 0 0.0176122
12917 0 0.0176735
12917.2 0 0.0177347
12917.4 0 0.017796
12917.5 0 0.0178573
12917.7 0 0.0179185
12917.8 0 0.0179798
12918 0 0.018041
12918.1 0 0.0181022
12918.2 0 0.0181635
12918.4 0 0.0182247
12918.5 0 0.0182859
12918.7 0 0.0183471
12918.8 0 0.0184083
12918.9 0 0.0184695
12919.1 0 0.0185306
12919.3 0 0.0185918
12919.6 0 0.0186529
12920.2 0 0.0187139
12921.1 0 0.0187748
12922.2 0 0.0188357
12923.4 0 0.0188965
12924.8 0 0.0189572
12926.3 0 0.0190179
12927.9 0 0.0190786
12929.8 0 0.0191391
12931.8 0 0.0191996
12933.7 0 0.0192602
12935.7 0 0.0193207
12937.6 0 0.0193812
12939.6 0 0.0194416
12941.8 0 0.019502
12944.1 0 0.0195624
12946.6 0 0.0196226
12949.3 0 0.0196829
12951.9 0 0.0197431
12954.5 0 0.0198033
12957.1 0 0.0198635
12959.7 0 0.0199237
12962.3 0 0.0199838
12964.9 0 0.020044
12967.5 0 0.0201042
12970.2 0 0.0201643
12973 0 0.0202243
12976 0 0.0202843
12979.1 0 0.0203442
12982.4 0 0.0204041
12985.6 0 0.020464
12988.8 0 0.0205238
12992 0 0.0205835
12995.2 0 0.0206433
12998.4 0 0.0207031
13001.6 0 0.0207628
13004.8 0 0.0208225
13008 0 0.0208822
13011.2 0 0.0209419
13014.4 0 0.0210016
13017.6 0 0.0210613
13020.9 0 0.0211209
13024.2 0 0.0211805
13027.7 0 0.02124
13031.3 0 0.0212995
13035 0 0.0213588
13038.8 0 0.0214182
13042.5 0 0.0214775
13046.3 0 0.0215369
13050 0 0.0215962
13053.7 0 0.0216555
13057.5 0 0.0217148
13061.2 0 0.021774
13064.9 0 0.0218333
13068.7 0 0.0218925
13072.4 0 0.0219517
13076.1 0 0.022011
13079.8 0 0.0220701
13083.5 0 0.0221293
13087.2 0 0.0221885
13090.9 0 0.0222476
13094.6 0 0.0223067
13098.4 0 0.0223658
13102.2 0 0.0224249
13106.1 0 0.0224839
13110 0 0.0225428
13114.2 0 0.0226016
13118.4 0 0.0226604
13122.6 0 0.0227192
13126.8 0 0.0227779
13130.9 0 0.0228367
13135.1 0 0.0228954
13139.3 0 0.0229541
13143.5 0 0.0230128
13147.6 0 0.0230714
13151.8 0 0.0231301
13155.9 0 0.0231887
13160.1 0 0.0232473
13164.3 0 0.0233059
13168.4 0 0.0233644
13172.5 0 0.023423
13176.7 0 0.0234815
13180.8 0 0.02354
13185 0 0.0235985
13189.1 0 0.0236569
13193.2 0 0.0237154
13197.4 0 0.0237738
13201.5 0 0.0238322
13205.6 0 0.0238905
13209.7 0 0.0239489
13213.9 0 0.0240072
13218.1 0 0.0240654
13222.4 0 0.0241236
13226.7 0 0.0241818
13231.2 0 0.0242398
13235.7 0 0.0242978
13240.2 0 0.0243557
13244.8 0 0.0244136
13249.3 0 0.0244716
13253.8 0 0.0245294
13258.3 0 0.0245873
13262.8 0 0.0246451
13267.3 0 0.0247029
13271.8 0 0.0247607
13276.3 0 0.0248184
13280.8 0 0.0248762
13285.3 0 0.0249339
13289.8 0 0.0249915
13294.3 0 0.0250492
13298.7 0 0.0251068
13303.2 0 0.0251644
13307.7 0 0.025222
13312.2 0 0.0252795
13316.6 0 0.025337
13321.1 0 0.0253945
13325.5 0 0.025452
13330 0 0.0255094
13334.4 0 0.0255668
13338.9 0 0.0256242
13343.3 0 0.0256816
13347.7 0 0.0257389
13352.2 0 0.0257962
13356.6 0 0.0258535
13361 0 0.0259107
13365.5 0 0.0259679
13369.9 0 0.0260251
13374.3 0 0.0260822
13378.8 0 0.0261393
13383.3 0 0.0261964
13387.9 0 0.0262533
13392.5 0 0.0263102
13397.2 0 0.026367
13402 0 0.0264237
13406.7 0 0.0264804
13411.5 0 0.0265371
13416.2 0 0.0265937
13420.9 0 0.0266504
13425.7 0 0.026707
13430.4 0 0.0267635
13435.1 0 0.02682
13439.8 0 0.0268765
13444.5 0 0.026933
13449.3 0 0.0269894
13454 0 0.0270458
13458.7 0 0.0271022
13463.4 0 0.0271585
13468.1 0 0.0272149
13472.8 0 0.0272711
13477.4 0 0.0273274
13482.1 0 0.0273836
13486.8 0 0.0274398
13491.5 0 0.027496
13496.2 0 0.0275521
13500.8 0 0.0276082
13505.5 0 0.0276642
13510.1 0 0.0277203
13514.8 0 0.0277763
13519.5 0 0.0278323
13524.1 0 0.0278882
13528.8 0 0.0279441
13533.4 0 0.028
13538 0 0.0280559
13542.7 0 0.0281117
13547.3 0 0.0281675
13551.9 0 0.0282232
13556.6 0 0.028279
13561.2 0 0.0283347
13565.8 0 0.0283903
13570.4 0 0.028446
13575 0 0.0285016
13579.6 0 0.0285572
13584.2 0 0.0286127
13588.8 0 0.0286682
13593.4 0 0.0287237
13598 0 0.0287792
13602.7 0 0.0288345
13607.4 0 0.0288898
13612.1 0 0.0289451
13616.8 0 0.0290003
13621.6 0 0.0290554
13410.3 0 0.0289756
13470.1 0 0.028989
13494.5 0 0.0290172
