0 -58.4752 -2.26119e-06
634.56 0 2.32386e-05
1173.57 0 5.33572e-05
1709.92 0 8.3434e-05
2243.81 0 0.000113349
2775.24 0 0.000143048
3304.22 0 0.000172526
3830.74 0 0.000201772
4354.77 0 0.000230778
4876.15 0 0.000259545
5394.56 0 0.000288082
5909.16 0 0.000316415
6418.2 0 0.000344598
6918.36 0 0.000372743
7403.99 0 0.000401051
7866.83 0 0.000429803
8297.18 0 0.000459367
8686.59 0 0.000490084
9030.8 0 0.000522164
9330.49 0 0.000555723
9590.04 0 0.000590659
9815.21 0 0.00062688
10011.7 0 0.00066425
10184.8 0 0.000702523
10338.5 0 0.00074158
10475.8 0 0.00078148
10599.4 0 0.000822067
10711.4 0 0.000863333
10812.7 0 0.000905619
10905.5 0 0.000948344
10991.1 0 0.000991461
11070.4 0 0.00103493
11143.9 0 0.00107878
11212.1 0 0.00112314
11276 0 0.00116778
11335.9 0 0.00121265
11392.3 0 0.00125775
11445.5 0 0.00130304
11495.9 0 0.00134852
11543.8 0 0.00139417
11589.3 0 0.00143996
11632.4 0 0.00148604
11673.3 0 0.00153242
11712.4 0 0.00157894
11749.8 0 0.00162557
11785.6 0 0.0016723
11820.1 0 0.00171913
11853.2 0 0.00176604
11885.1 0 0.00181304
11915.6 0 0.00186028
11945 0 0.0019077
11972.9 0 0.0019555
11999.8 0 0.00200339
12025.7 0 0.00205133
12050.7 0 0.00209937
12074.7 0 0.00214771
12097.7 0 0.00219617
12119.8 0 0.00224484
12141.1 0 0.00229354
12161.8 0 0.00234226
12181.9 0 0.002391
12201.4 0 0.00243975
12220.3 0 0.00248851
12238.6 0 0.00253728
12256.3 0 0.00258606
12273.3 0 0.00263504
12289.7 0 0.00268413
12305.5 0 0.00273321
12320.9 0 0.0027823
12335.7 0 0.00283145
12349.8 0 0.00288079
12363.5 0 0.00293012
12376.5 0 0.00297988
12388.8 0 0.00303007
12400.7 0 0.00308024
12412.4 0 0.0031304
12423.7 0 0.00318053
12434.7 0 0.00323064
12445.5 0 0.00328073
12455.9 0 0.00333079
12466.1 0 0.00338084
12476 0 0.00343086
12485.7 0 0.00348087
12495.1 0 0.00353086
12504.3 0 0.00358083
12513.2 0 0.0036308
12521.8 0 0.00368075
12530.3 0 0.00373069
12538.4 0 0.00378062
12546.4 0 0.00383053
12554.2 0 0.00388044
12561.7 0 0.00393034
12569 0 0.00398023
12576.2 0 0.00403011
12583.1 0 0.00407997
12589.9 0 0.00412981
12596.5 0 0.00417964
12603 0 0.00422945
12609.3 0 0.00427924
12615.5 0 0.00432901
12621.6 0 0.00437875
12627.5 0 0.00442847
12633.3 0 0.00447826
12638.9 0 0.00452826
12644.3 0 0.00457855
12649.5 0 0.00462895
12654.6 0 0.00467937
12659.6 0 0.00472993
12664.4 0 0.00478046
12669.2 0 0.00483098
12673.9 0 0.00488147
12678.6 0 0.00493194
12683.1 0 0.00498239
12687.6 0 0.00503283
12692 0 0.00508324
12696.3 0 0.00513365
12700.6 0 0.00518404
12704.8 0 0.00523441
12708.9 0 0.00528478
12713 0 0.00533513
12717 0 0.00538548
12720.9 0 0.00543582
12724.7 0 0.00548616
12728.5 0 0.00553649
12732.1 0 0.00558688
12735.7 0 0.00563733
12739.2 0 0.00568778
12742.7 0 0.00573823
12746 0 0.00578867
12749.3 0 0.00583911
12752.5 0 0.00588965
12755.5 0 0.00594071
12758.3 0 0.00599185
12761.2 0 0.006043
12763.9 0 0.00609415
12766.6 0 0.00614532
12769.2 0 0.00619648
12771.7 0 0.00624791
12774.1 0 0.00629967
12776.4 0 0.00635145
12778.6 0 0.00640323
12780.8 0 0.00645501
12783 0 0.0065068
12785.1 0 0.00655859
12787.2 0 0.00661039
12789.2 0 0.00666218
12791.2 0 0.00671397
12793.2 0 0.00676575
12795.1 0 0.00681753
12797 0 0.0068693
12798.8 0 0.00692107
12800.6 0 0.00697282
12802.4 0 0.00702457
12804.2 0 0.00707631
12805.9 0 0.00712803
12807.7 0 0.00717974
12809.4 0 0.00723144
12811 0 0.00728312
12812.7 0 0.00733479
12814.3 0 0.00738644
12815.9 0 0.00743808
12817.5 0 0.0074897
12819.1 0 0.00754131
12820.7 0 0.0075929
12822.2 0 0.00764447
12823.7 0 0.00769602
12825.2 0 0.00774756
12826.7 0 0.00779908
12828.2 0 0.00785058
12829.7 0 0.00790207
12831.1 0 0.00795354
12832.6 0 0.00800499
12834 0 0.00805642
12835.4 0 0.00810784
12836.8 0 0.00815924
12838.2 0 0.00821062
12839.5 0 0.00826199
12840.9 0 0.00831334
12842.2 0 0.00836468
12843.6 0 0.008416
12844.9 0 0.0084673
12846.2 0 0.00851859
12847.5 0 0.00856986
12848.7 0 0.00862112
12850 0 0.00867237
12851.3 0 0.00872361
12852.5 0 0.00877483
12853.7 0 0.00882603
12855 0 0.00887723
12856.2 0 0.00892842
12857.4 0 0.00897959
12858.5 0 0.00903076
12859.7 0 0.00908191
12860.9 0 0.00913304
12862 0 0.00918416
12863.1 0 0.00923528
12864.3 0 0.00928639
12865.4 0 0.00933749
12866.4 0 0.00938858
12867.5 0 0.00943967
12868.6 0 0.00949076
12869.6 0 0.00954184
12870.7 0 0.00959292
12871.7 0 0.00964399
12872.7 0 0.00969507
12873.7 0 0.00974614
12874.7 0 0.00979721
12875.7 0 0.00984828
12876.6 0 0.00989936
12877.5 0 0.00995043
12878.5 0 0.0100015
12879.4 0 0.0100526
12880.3 0 0.0101037
12881.2 0 0.0101548
12882 0 0.0102058
12882.9 0 0.0102569
12883.7 0 0.010308
12884.6 0 0.0103591
12885.4 0 0.0104103
12886.2 0 0.0104614
12886.9 0 0.0105125
12887.7 0 0.0105636
12888.5 0 0.0106148
12889.2 0 0.0106659
12889.9 0 0.0107171
12890.6 0 0.0107682
12891.3 0 0.0108194
12892 0 0.0108706
12892.7 0 0.0109218
12893.3 0 0.0109729
12894 0 0.0110241
12894.6 0 0.0110753
12895.2 0 0.0111266
12895.8 0 0.0111778
12896.4 0 0.011229
12897 0 0.0112802
12897.6 0 0.0113315
12898.1 0 0.0113827
12898.7 0 0.0114339
12899.2 0 0.0114852
12899.8 0 0.0115364
12900.3 0 0.0115877
12900.7 0 0.0116395
12901.2 0 0.0116913
12901.6 0 0.0117431
12902 0 0.0117948
12902.5 0 0.0118466
12902.9 0 0.0118984
12903.3 0 0.0119502
12903.7 0 0.012002
12904.1 0 0.0120538
12904.5 0 0.0121057
12904.8 0 0.0121575
12905.2 0 0.0122093
12905.5 0 0.0122611
12905.9 0 0.0123129
12906.2 0 0.0123647
12906.6 0 0.0124165
12906.9 0 0.0124683
12907.2 0 0.0125202
12907.5 0 0.012572
12907.9 0 0.0126238
12908.2 0 0.0126756
12908.5 0 0.0127274
12908.8 0 0.0127792
12909 0 0.012831
12909.3 0 0.0128828
12909.6 0 0.0129346
12909.9 0 0.0129864
12910.2 0 0.0130382
12910.4 0 0.0130899
12910.7 0 0.0131417
12910.9 0 0.0131935
12911.2 0 0.0132452
12911.4 0 0.013297
12911.7 0 0.0133488
12911.9 0 0.0134005
12912.2 0 0.0134523
12912.4 0 0.013504
12912.6 0 0.0135557
12912.9 0 0.0136075
12913.1 0 0.0136592
12913.3 0 0.0137109
12913.5 0 0.0137626
12913.7 0 0.0138143
12913.9 0 0.013866
12914.1 0 0.0139177
12914.3 0 0.0139694
12914.5 0 0.014021
12914.7 0 0.0140727
12914.9 0 0.0141244
12915.1 0 0.014176
12915.3 0 0.0142277
12915.5 0 0.0142793
12915.7 0 0.014331
12915.9 0 0.0143826
12916 0 0.0144342
12916.2 0 0.0144858
12916.4 0 0.0145374
12916.6 0 0.014589
12916.7 0 0.0146406
12916.9 0 0.0146922
12917 0 0.0147438
12917.2 0 0.0147953
12917.4 0 0.0148469
12917.5 0 0.0148985
12917.7 0 0.01495
12917.8 0 0.0150016
12918 0 0.0150531
12918.1 0 0.0151046
12918.2 0 0.0151561
12918.4 0 0.0152076
12918.5 0 0.0152591
12918.7 0 0.0153106
12918.8 0 0.0153621
12918.9 0 0.0154136
12919.1 0 0.0154651
12919.3 0 0.0155165
12919.6 0 0.0155679
12920.2 0 0.0156192
12921.1 0 0.0156704
12922.2 0 0.0157216
12923.4 0 0.0157727
12924.8 0 0.0158237
12926.3 0 0.0158747
12927.9 0 0.0159257
12929.8 0 0.0159765
12931.8 0 0.0160273
12933.7 0 0.0160781
12935.7 0 0.0161289
12937.6 0 0.0161797
12939.6 0 0.0162305
12941.8 0 0.0162812
12944.1 0 0.0163318
12946.6 0 0.0163824
12949.3 0 0.0164329
12951.9 0 0.0164835
12954.5 0 0.016534
12957.1 0 0.0165845
12959.7 0 0.016635
12962.3 0 0.0166854
12964.9 0 0.0167359
12967.5 0 0.0167863
12970.2 0 0.0168368
12973 0 0.0168871
12976 0 0.0169374
12979.1 0 0.0169876
12982.4 0 0.0170378
12985.6 0 0.017088
12988.8 0 0.0171381
12992 0 0.0171881
12995.2 0 0.0172382
12998.4 0 0.0172883
13001.6 0 0.0173383
13004.8 0 0.0173883
13008 0 0.0174383
13011.2 0 0.0174883
13014.4 0 0.0175383
13017.6 0 0.0175883
13020.9 0 0.0176382
13024.2 0 0.0176881
13027.7 0 0.0177379
13031.3 0 0.0177877
13035 0 0.0178373
13038.8 0 0.017887
13042.5 0 0.0179366
13046.3 0 0.0179863
13050 0 0.0180359
13053.7 0 0.0180855
13057.5 0 0.0181351
13061.2 0 0.0181846
13064.9 0 0.0182342
13068.7 0 0.0182837
13072.4 0 0.0183333
13076.1 0 0.0183828
13079.8 0 0.0184323
13083.5 0 0.0184817
13087.2 0 0.0185312
13090.9 0 0.0185806
13094.6 0 0.0186301
13098.4 0 0.0186795
13102.2 0 0.0187288
13106.1 0 0.0187781
13110 0 0.0188273
13114.2 0 0.0188765
13118.4 0 0.0189256
13122.6 0 0.0189746
13126.8 0 0.0190237
13130.9 0 0.0190727
13135.1 0 0.0191218
13139.3 0 0.0191708
13143.5 0 0.0192197
13147.6 0 0.0192687
13151.8 0 0.0193177
13155.9 0 0.0193666
13160.1 0 0.0194155
13164.3 0 0.0194644
13168.4 0 0.0195132
13172.5 0 0.0195621
13176.7 0 0.0196109
13180.8 0 0.0196597
13185 0 0.0197085
13189.1 0 0.0197573
13193.2 0 0.019806
13197.4 0 0.0198547
13201.5 0 0.0199034
13205.6 0 0.0199521
13209.7 0 0.0200008
13213.9 0 0.0200494
13218.1 0 0.0200979
13222.4 0 0.0201464
13226.7 0 0.0201949
13231.2 0 0.0202432
13235.7 0 0.0202915
13240.2 0 0.0203398
13244.8 0 0.020388
13249.3 0 0.0204362
13253.8 0 0.0204844
13258.3 0 0.0205326
13262.8 0 0.0205807
13267.3 0 0.0206288
13271.8 0 0.0206769
13276.3 0 0.020725
13280.8 0 0.020773
13285.3 0 0.020821
13289.8 0 0.020869
13294.3 0 0.020917
13298.7 0 0.0209649
13303.2 0 0.0210128
13307.7 0 0.0210607
13312.2 0 0.0211085
13316.6 0 0.0211564
13321.1 0 0.0212042
13325.5 0 0.0212519
13330 0 0.0212997
13334.4 0 0.0213474
13338.9 0 0.0213951
13343.3 0 0.0214428
13347.7 0 0.0214904
13352.2 0 0.021538
13356.6 0 0.0215856
13361 0 0.0216332
13365.5 0 0.0216807
13369.9 0 0.0217282
13374.3 0 0.0217756
13378.8 0 0.021823
13383.3 0 0.0218704
13387.9 0 0.0219177
13392.5 0 0.0219649
13397.2 0 0.022012
13402 0 0.022059
13406.7 0 0.022106
13411.5 0 0.022153
13416.2 0 0.0222
13420.9 0 0.0222469
13425.7 0 0.0222938
13430.4 0 0.0223407
13435.1 0 0.0223875
13439.8 0 0.0224344
13444.5 0 0.0224811
13449.3 0 0.0225279
13454 0 0.0225746
13458.7 0 0.0226213
13463.4 0 0.022668
13468.1 0 0.0227146
13472.8 0 0.0227612
13477.4 0 0.0228078
13482.1 0 0.0228543
13486.8 0 0.0229008
13491.5 0 0.0229473
13496.2 0 0.0229937
13500.8 0 0.0230402
13505.5 0 0.0230866
13510.1 0 0.0231329
13514.8 0 0.0231792
13519.5 0 0.0232255
13524.1 0 0.0232718
13528.8 0 0.023318
13533.4 0 0.0233642
13538 0 0.0234104
13542.7 0 0.0234566
13547.3 0 0.0235027
13551.9 0 0.0235488
13556.6 0 0.0235948
13561.2 0 0.0236408
13565.8 0 0.0236868
13570.4 0 0.0237328
13575 0 0.0237787
13579.6 0 0.0238246
13584.2 0 0.0238705
13588.8 0 0.0239163
13593.4 0 0.0239621
13598 0 0.0240079
13602.7 0 0.0240536
13607.4 0 0.0240992
13612.1 0 0.0241448
13616.8 0 0.0241903
13621.6 0 0.0242357
13410.3 0 0.0241463
13470.1 0 0.0241501
13494.5 0 0.0241686
