0 -58.4752 -2.26119e-06
634.56 0 1.87827e-05
1173.57 0 4.44194e-05
1709.92 0 7.00182e-05
2243.81 0 9.54531e-05
2775.24 0 0.000120675
3304.22 0 0.000145679
3830.74 0 0.00017045
4354.77 0 0.000194981
4876.15 0 0.000219274
5394.56 0 0.000243336
5909.16 0 0.000267193
6418.2 0 0.000290901
6918.36 0 0.000314571
7403.99 0 0.000338404
7866.83 0 0.000362681
8297.18 0 0.00038777
8686.59 0 0.000414014
9030.8 0 0.000441621
9330.49 0 0.000470699
9590.04 0 0.000501148
9815.21 0 0.000532854
10011.7 0 0.000565672
10184.8 0 0.000599384
10338.5 0 0.000633882
10475.8 0 0.00066933
10599.4 0 0.000705508
10711.4 0 0.000742404
10812.7 0 0.000780252
10905.5 0 0.000818543
10991.1 0 0.00085723
11070.4 0 0.00089627
11143.9 0 0.000935701
11212.1 0 0.000975648
11276 0 0.00101587
11335.9 0 0.00105633
11392.3 0 0.00109702
11445.5 0 0.00113791
11495.9 0 0.00117898
11543.8 0 0.00122023
11589.3 0 0.00126163
11632.4 0 0.00130329
11673.3 0 0.00134526
11712.4 0 0.00138735
11749.8 0 0.00142956
11785.6 0 0.00147188
11820.1 0 0.00151429
11853.2 0 0.00155678
11885.1 0 0.00159936
11915.6 0 0.0016421
11945 0 0.00168497
11972.9 0 0.00172826
11999.8 0 0.00177163
12025.7 0 0.00181507
12050.7 0 0.00185858
12074.7 0 0.00190231
12097.7 0 0.00194618
12119.8 0 0.00199035
12141.1 0 0.00203455
12161.8 0 0.00207877
12181.9 0 0.002123
12201.4 0 0.00216725
12220.3 0 0.0022115
12238.6 0 0.00225577
12256.3 0 0.00230004
12273.3 0 0.00234452
12289.7 0 0.00238912
12305.5 0 0.00243372
12320.9 0 0.00247831
12335.7 0 0.00252302
12349.8 0 0.00256809
12363.5 0 0.00261313
12376.5 0 0.00265843
12388.8 0 0.00270403
12400.7 0 0.00274962
12412.4 0 0.00279518
12423.7 0 0.00284072
12434.7 0 0.00288625
12445.5 0 0.00293174
12455.9 0 0.00297721
12466.1 0 0.00302267
12476 0 0.00306809
12485.7 0 0.0031135
12495.1 0 0.00315889
12504.3 0 0.00320427
12513.2 0 0.00324963
12521.8 0 0.00329497
12530.3 0 0.00334031
12538.4 0 0.00338563
12546.4 0 0.00343094
12554.2 0 0.00347624
12561.7 0 0.00352152
12569 0 0.0035668
12576.2 0 0.00361206
12583.1 0 0.0036573
12589.9 0 0.00370253
12596.5 0 0.00374774
12603 0 0.00379293
12609.3 0 0.0038381
12615.5 0 0.00388325
12621.6 0 0.00392837
12627.5 0 0.00397347
12633.3 0 0.00401861
12638.9 0 0.00406389
12644.3 0 0.00410934
12649.5 0 0.00415485
12654.6 0 0.00420041
12659.6 0 0.0042462
12664.4 0 0.00429198
12669.2 0 0.00433772
12673.9 0 0.00438345
12678.6 0 0.00442915
12683.1 0 0.00447483
12687.6 0 0.0045205
12692 0 0.00456614
12696.3 0 0.00461176
12700.6 0 0.00465736
12704.8 0 0.00470295
12708.9 0 0.00474852
12713 0 0.00479408
12717 0 0.00483963
12720.9 0 0.00488516
12724.7 0 0.00493069
12728.5 0 0.0049762
12732.1 0 0.00502184
12735.7 0 0.0050676
12739.2 0 0.00511336
12742.7 0 0.00515912
12746 0 0.00520487
12749.3 0 0.00525061
12752.5 0 0.00529649
12755.5 0 0.00534309
12758.3 0 0.0053898
12761.2 0 0.00543651
12763.9 0 0.00548323
12766.6 0 0.00552996
12769.2 0 0.00557671
12771.7 0 0.00562369
12774.1 0 0.005671
12776.4 0 0.00571831
12778.6 0 0.00576564
12780.8 0 0.00581297
12783 0 0.00586032
12785.1 0 0.00590767
12787.2 0 0.00595502
12789.2 0 0.00600238
12791.2 0 0.00604974
12793.2 0 0.0060971
12795.1 0 0.00614445
12797 0 0.00619181
12798.8 0 0.00623915
12800.6 0 0.0062865
12802.4 0 0.00633383
12804.2 0 0.00638115
12805.9 0 0.00642847
12807.7 0 0.00647577
12809.4 0 0.00652306
12811 0 0.00657034
12812.7 0 0.00661761
12814.3 0 0.00666486
12815.9 0 0.0067121
12817.5 0 0.00675932
12819.1 0 0.00680652
12820.7 0 0.00685371
12822.2 0 0.00690088
12823.7 0 0.00694804
12825.2 0 0.00699518
12826.7 0 0.0070423
12828.2 0 0.0070894
12829.7 0 0.00713649
12831.1 0 0.00718356
12832.6 0 0.00723061
12834 0 0.00727764
12835.4 0 0.00732465
12836.8 0 0.00737165
12838.2 0 0.00741863
12839.5 0 0.0074656
12840.9 0 0.00751255
12842.2 0 0.00755948
12843.6 0 0.00760639
12844.9 0 0.00765329
12846.2 0 0.00770017
12847.5 0 0.00774704
12848.7 0 0.0077939
12850 0 0.00784073
12851.3 0 0.00788756
12852.5 0 0.00793437
12853.7 0 0.00798117
12855 0 0.00802795
12856.2 0 0.00807473
12857.4 0 0.00812149
12858.5 0 0.00816824
12859.7 0 0.00821498
12860.9 0 0.0082617
12862 0 0.00830841
12863.1 0 0.00835512
12864.3 0 0.00840182
12865.4 0 0.00844851
12866.4 0 0.00849519
12867.5 0 0.00854187
12868.6 0 0.00858854
12869.6 0 0.00863521
12870.7 0 0.00868187
12871.7 0 0.00872854
12872.7 0 0.00877519
12873.7 0 0.00882185
12874.7 0 0.00886851
12875.7 0 0.00891517
12876.6 0 0.00896183
12877.5 0 0.00900849
12878.5 0 0.00905515
12879.4 0 0.00910181
12880.3 0 0.00914848
12881.2 0 0.00919515
12882 0 0.00924183
12882.9 0 0.00928851
12883.7 0 0.0093352
12884.6 0 0.0093819
12885.4 0 0.0094286
12886.2 0 0.00947531
12886.9 0 0.00952203
12887.7 0 0.00956875
12888.5 0 0.00961548
12889.2 0 0.00966222
12889.9 0 0.00970897
12890.6 0 0.00975573
12891.3 0 0.0098025
12892 0 0.00984927
12892.7 0 0.00989606
12893.3 0 0.00994285
12894 0 0.00998965
12894.6 0 0.0100365
12895.2 0 0.0100833
12895.8 0 0.0101301
12896.4 0 0.0101769
12897 0 0.0102238
12897.6 0 0.0102706
12898.1 0 0.0103175
12898.7 0 0.0103644
12899.2 0 0.0104112
12899.8 0 0.0104581
12900.3 0 0.010505
12900.7 0 0.0105523
12901.2 0 0.0105997
12901.6 0 0.010647
12902 0 0.0106943
12902.5 0 0.0107417
12902.9 0 0.010789
12903.3 0 0.0108364
12903.7 0 0.0108837
12904.1 0 0.0109311
12904.5 0 0.0109784
12904.8 0 0.0110258
12905.2 0 0.0110732
12905.5 0 0.0111205
12905.9 0 0.0111679
12906.2 0 0.0112153
12906.6 0 0.0112627
12906.9 0 0.01131
12907.2 0 0.0113574
12907.5 0 0.0114048
12907.9 0 0.0114521
12908.2 0 0.0114995
12908.5 0 0.0115469
12908.8 0 0.0115942
12909 0 0.0116416
12909.3 0 0.011689
12909.6 0 0.0117363
12909.9 0 0.0117837
12910.2 0 0.011831
12910.4 0 0.0118784
12910.7 0 0.0119257
12910.9 0 0.011973
12911.2 0 0.0120204
12911.4 0 0.0120677
12911.7 0 0.012115
12911.9 0 0.0121623
12912.2 0 0.0122096
12912.4 0 0.0122569
12912.6 0 0.0123042
12912.9 0 0.0123515
12913.1 0 0.0123988
12913.3 0 0.0124461
12913.5 0 0.0124934
12913.7 0 0.0125406
12913.9 0 0.0125879
12914.1 0 0.0126351
12914.3 0 0.0126824
12914.5 0 0.0127296
12914.7 0 0.0127768
12914.9 0 0.0128241
12915.1 0 0.0128713
12915.3 0 0.0129185
12915.5 0 0.0129657
12915.7 0 0.0130129
12915.9 0 0.0130601
12916 0 0.0131073
12916.2 0 0.0131544
12916.4 0 0.0132016
12916.6 0 0.0132488
12916.7 0 0.0132959
12916.9 0 0.0133431
12917 0 0.0133902
12917.2 0 0.0134373
12917.4 0 0.0134844
12917.5 0 0.0135316
12917.7 0 0.0135787
12917.8 0 0.0136258
12918 0 0.0136729
12918.1 0 0.0137199
12918.2 0 0.013767
12918.4 0 0.0138141
12918.5 0 0.0138611
12918.7 0 0.0139082
12918.8 0 0.0139552
12918.9 0 0.0140023
12919.1 0 0.0140493
12919.3 0 0.0140963
12919.6 0 0.0141432
12920.2 0 0.0141901
12921.1 0 0.0142369
12922.2 0 0.0142835
12923.4 0 0.0143302
12924.8 0 0.0143767
12926.3 0 0.0144233
12927.9 0 0.0144697
12929.8 0 0.0145161
12931.8 0 0.0145625
12933.7 0 0.0146088
12935.7 0 0.0146551
12937.6 0 0.0147014
12939.6 0 0.0147477
12941.8 0 0.0147939
12944.1 0 0.0148401
12946.6 0 0.0148862
12949.3 0 0.0149322
12951.9 0 0.0149782
12954.5 0 0.0150242
12957.1 0 0.0150702
12959.7 0 0.0151162
12962.3 0 0.0151622
12964.9 0 0.0152082
12967.5 0 0.0152541
12970.2 0 0.0153
12973 0 0.0153459
12976 0 0.0153917
12979.1 0 0.0154374
12982.4 0 0.0154831
12985.6 0 0.0155287
12988.8 0 0.0155743
12992 0 0.0156199
12995.2 0 0.0156655
12998.4 0 0.0157111
13001.6 0 0.0157566
13004.8 0 0.0158022
13008 0 0.0158477
13011.2 0 0.0158932
13014.4 0 0.0159387
13017.6 0 0.0159842
13020.9 0 0.0160296
13024.2 0 0.016075
13027.7 0 0.0161203
13031.3 0 0.0161656
13035 0 0.0162108
13038.8 0 0.0162559
13042.5 0 0.0163011
13046.3 0 0.0163462
13050 0 0.0163913
13053.7 0 0.0164364
13057.5 0 0.0164815
13061.2 0 0.0165266
13064.9 0 0.0165717
13068.7 0 0.0166167
13072.4 0 0.0166617
13076.1 0 0.0167067
13079.8 0 0.0167517
13083.5 0 0.0167967
13087.2 0 0.0168417
13090.9 0 0.0168866
13094.6 0 0.0169315
13098.4 0 0.0169764
13102.2 0 0.0170212
13106.1 0 0.017066
13110 0 0.0171107
13114.2 0 0.0171554
13118.4 0 0.0171999
13122.6 0 0.0172445
13126.8 0 0.0172891
13130.9 0 0.0173336
13135.1 0 0.0173781
13139.3 0 0.0174226
13143.5 0 0.017467
13147.6 0 0.0175115
13151.8 0 0.0175559
13155.9 0 0.0176003
13160.1 0 0.0176447
13164.3 0 0.017689
13168.4 0 0.0177334
13172.5 0 0.0177777
13176.7 0 0.017822
13180.8 0 0.0178663
13185 0 0.0179105
13189.1 0 0.0179548
13193.2 0 0.017999
13197.4 0 0.0180431
13201.5 0 0.0180873
13205.6 0 0.0181315
13209.7 0 0.0181756
13213.9 0 0.0182197
13218.1 0 0.0182637
13222.4 0 0.0183076
13226.7 0 0.0183515
13231.2 0 0.0183953
13235.7 0 0.0184391
13240.2 0 0.0184828
13244.8 0 0.0185265
13249.3 0 0.0185701
13253.8 0 0.0186138
13258.3 0 0.0186574
13262.8 0 0.018701
13267.3 0 0.0187445
13271.8 0 0.018788
13276.3 0 0.0188315
13280.8 0 0.018875
13285.3 0 0.0189185
13289.8 0 0.0189619
13294.3 0 0.0190053
13298.7 0 0.0190487
13303.2 0 0.019092
13307.7 0 0.0191353
13312.2 0 0.0191786
13316.6 0 0.0192218
13321.1 0 0.0192651
13325.5 0 0.0193083
13330 0 0.0193514
13334.4 0 0.0193946
13338.9 0 0.0194377
13343.3 0 0.0194808
13347.7 0 0.0195239
13352.2 0 0.0195669
13356.6 0 0.0196099
13361 0 0.0196529
13365.5 0 0.0196958
13369.9 0 0.0197387
13374.3 0 0.0197816
13378.8 0 0.0198244
13383.3 0 0.0198672
13387.9 0 0.0199099
13392.5 0 0.0199525
13397.2 0 0.019995
13402 0 0.0200375
13406.7 0 0.0200799
13411.5 0 0.0201223
13416.2 0 0.0201646
13420.9 0 0.020207
13425.7 0 0.0202493
13430.4 0 0.0202915
13435.1 0 0.0203338
13439.8 0 0.020376
13444.5 0 0.0204181
13449.3 0 0.0204603
13454 0 0.0205024
13458.7 0 0.0205445
13463.4 0 0.0205865
13468.1 0 0.0206285
13472.8 0 0.0206705
13477.4 0 0.0207125
13482.1 0 0.0207544
13486.8 0 0.0207963
13491.5 0 0.0208381
13496.2 0 0.02088
13500.8 0 0.0209218
13505.5 0 0.0209635
13510.1 0 0.0210053
13514.8 0 0.021047
13519.5 0 0.0210886
13524.1 0 0.0211303
13528.8 0 0.0211719
13533.4 0 0.0212135
13538 0 0.021255
13542.7 0 0.0212965
13547.3 0 0.021338
13551.9 0 0.0213795
13556.6 0 0.0214209
13561.2 0 0.0214623
13565.8 0 0.0215036
13570.4 0 0.021545
13575 0 0.0215863
13579.6 0 0.0216275
13584.2 0 0.0216688
13588.8 0 0.02171
13593.4 0 0.0217512
13598 0 0.0217923
13602.7 0 0.0218334
13607.4 0 0.0218744
13612.1 0 0.0219153
13616.8 0 0.0219562
13621.6 0 0.021997
13410.3 0 0.0219026
13470.1 0 0.0219016
13494.5 0 0.0219153
