0 -58.4752 -2.26119e-06
634.56 0 7.83717e-06
1173.57 0 2.25887e-05
1709.92 0 3.7293e-05
2243.81 0 5.18378e-05
2775.24 0 6.61639e-05
3304.22 0 8.02662e-05
3830.74 0 9.41344e-05
4354.77 0 0.000107763
4876.15 0 0.000121154
5394.56 0 0.000134315
5909.16 0 0.000147271
6418.2 0 0.000160079
6918.36 0 0.000172849
7403.99 0 0.000185779
7866.83 0 0.000199156
8297.18 0 0.000213343
8686.59 0 0.000228682
9030.8 0 0.000245383
9330.49 0 0.000263573
9590.04 0 0.00028315
9815.21 0 0.000304048
10011.7 0 0.000326142
10184.8 0 0.000349155
10338.5 0 0.000372945
10475.8 0 0.00039744
10599.4 0 0.000422561
10711.4 0 0.000448313
10812.7 0 0.000475174
10905.5 0 0.000502468
10991.1 0 0.000530149
11070.4 0 0.000558174
11143.9 0 0.00058658
11212.1 0 0.000615492
11276 0 0.000644666
11335.9 0 0.000674078
11392.3 0 0.000703708
11445.5 0 0.000733536
11495.9 0 0.000763544
11543.8 0 0.000793716
11589.3 0 0.000824039
11632.4 0 0.000854645
11673.3 0 0.000885585
11712.4 0 0.000916651
11749.8 0 0.00094783
11785.6 0 0.000979113
11820.1 0 0.00101049
11853.2 0 0.00104195
11885.1 0 0.00107349
11915.6 0 0.00110539
11945 0 0.00113755
11972.9 0 0.00117002
11999.8 0 0.00120257
12025.7 0 0.00123519
12050.7 0 0.00126793
12074.7 0 0.00130107
12097.7 0 0.0013343
12119.8 0 0.00136763
12141.1 0 0.00140098
12161.8 0 0.00143437
12181.9 0 0.00146777
12201.4 0 0.00150118
12220.3 0 0.00153461
12238.6 0 0.00156804
12256.3 0 0.00160148
12273.3 0 0.00163511
12289.7 0 0.00166884
12305.5 0 0.00170257
12320.9 0 0.0017363
12335.7 0 0.00177002
12349.8 0 0.00180374
12363.5 0 0.00183743
12376.5 0 0.00187181
12388.8 0 0.00190677
12400.7 0 0.00194171
12412.4 0 0.00197664
12423.7 0 0.00201154
12434.7 0 0.00204643
12445.5 0 0.0020813
12455.9 0 0.00211614
12466.1 0 0.00215097
12476 0 0.00218578
12485.7 0 0.00222057
12495.1 0 0.00225535
12504.3 0 0.00229011
12513.2 0 0.00232487
12521.8 0 0.00235961
12530.3 0 0.00239435
12538.4 0 0.00242908
12546.4 0 0.0024638
12554.2 0 0.00249852
12561.7 0 0.00253322
12569 0 0.00256792
12576.2 0 0.00260261
12583.1 0 0.00263728
12589.9 0 0.00267194
12596.5 0 0.00270658
12603 0 0.0027412
12609.3 0 0.00277581
12615.5 0 0.00281039
12621.6 0 0.00284495
12627.5 0 0.00287948
12633.3 0 0.00291413
12638.9 0 0.00294908
12644.3 0 0.00298447
12649.5 0 0.00302005
12654.6 0 0.00305561
12659.6 0 0.00309117
12664.4 0 0.0031267
12669.2 0 0.00316222
12673.9 0 0.00319773
12678.6 0 0.00323321
12683.1 0 0.00326868
12687.6 0 0.00330414
12692 0 0.00333958
12696.3 0 0.00337501
12700.6 0 0.00341043
12704.8 0 0.00344585
12708.9 0 0.00348126
12713 0 0.00351667
12717 0 0.00355207
12720.9 0 0.00358748
12724.7 0 0.00362288
12728.5 0 0.00365829
12732.1 0 0.00369367
12735.7 0 0.00372903
12739.2 0 0.00376438
12742.7 0 0.00379974
12746 0 0.00383509
12749.3 0 0.00387046
12752.5 0 0.00390586
12755.5 0 0.00394153
12758.3 0 0.00397724
12761.2 0 0.00401296
12763.9 0 0.00404868
12766.6 0 0.0040844
12769.2 0 0.00412013
12771.7 0 0.00415613
12774.1 0 0.0041925
12776.4 0 0.00422888
12778.6 0 0.00426525
12780.8 0 0.00430163
12783 0 0.004338
12785.1 0 0.00437437
12787.2 0 0.00441074
12789.2 0 0.0044471
12791.2 0 0.00448345
12793.2 0 0.00451979
12795.1 0 0.00455613
12797 0 0.00459245
12798.8 0 0.00462877
12800.6 0 0.00466507
12802.4 0 0.00470136
12804.2 0 0.00473763
12805.9 0 0.00477389
12807.7 0 0.00481013
12809.4 0 0.00484636
12811 0 0.00488258
12812.7 0 0.00491877
12814.3 0 0.00495495
12815.9 0 0.00499112
12817.5 0 0.00502727
12819.1 0 0.0050634
12820.7 0 0.00509951
12822.2 0 0.00513561
12823.7 0 0.00517168
12825.2 0 0.00520775
12826.7 0 0.00524379
12828.2 0 0.00527982
12829.7 0 0.00531583
12831.1 0 0.00535182
12832.6 0 0.00538779
12834 0 0.00542375
12835.4 0 0.0054597
12836.8 0 0.00549562
12838.2 0 0.00553153
12839.5 0 0.00556743
12840.9 0 0.00560331
12842.2 0 0.00563917
12843.6 0 0.00567502
12844.9 0 0.00571086
12846.2 0 0.00574668
12847.5 0 0.00578249
12848.7 0 0.00581828
12850 0 0.00585406
12851.3 0 0.00588983
12852.5 0 0.00592559
12853.7 0 0.00596134
12855 0 0.00599708
12856.2 0 0.0060328
12857.4 0 0.00606852
12858.5 0 0.00610423
12859.7 0 0.00613992
12860.9 0 0.00617559
12862 0 0.00621125
12863.1 0 0.0062469
12864.3 0 0.00628255
12865.4 0 0.00631819
12866.4 0 0.00635382
12867.5 0 0.00638945
12868.6 0 0.00642508
12869.6 0 0.0064607
12870.7 0 0.00649632
12871.7 0 0.00653194
12872.7 0 0.00656756
12873.7 0 0.00660317
12874.7 0 0.00663879
12875.7 0 0.00667441
12876.6 0 0.00671002
12877.5 0 0.00674564
12878.5 0 0.00678126
12879.4 0 0.00681688
12880.3 0 0.00685251
12881.2 0 0.00688814
12882 0 0.00692377
12882.9 0 0.00695941
12883.7 0 0.00699505
12884.6 0 0.0070307
12885.4 0 0.00706635
12886.2 0 0.007102
12886.9 0 0.00713766
12887.7 0 0.00717333
12888.5 0 0.007209
12889.2 0 0.00724468
12889.9 0 0.00728036
12890.6 0 0.00731604
12891.3 0 0.00735174
12892 0 0.00738743
12892.7 0 0.00742314
12893.3 0 0.00745884
12894 0 0.00749456
12894.6 0 0.00753027
12895.2 0 0.00756599
12895.8 0 0.00760172
12896.4 0 0.00763745
12897 0 0.00767318
12897.6 0 0.00770891
12898.1 0 0.00774465
12898.7 0 0.00778039
12899.2 0 0.00781613
12899.8 0 0.00785187
12900.3 0 0.00788766
12900.7 0 0.00792403
12901.2 0 0.0079604
12901.6 0 0.00799678
12902 0 0.00803316
12902.5 0 0.00806954
12902.9 0 0.00810593
12903.3 0 0.00814232
12903.7 0 0.00817871
12904.1 0 0.00821511
12904.5 0 0.0082515
12904.8 0 0.0082879
12905.2 0 0.00832429
12905.5 0 0.00836069
12905.9 0 0.00839709
12906.2 0 0.00843348
12906.6 0 0.00846988
12906.9 0 0.00850627
12907.2 0 0.00854266
12907.5 0 0.00857905
12907.9 0 0.00861543
12908.2 0 0.00865182
12908.5 0 0.0086882
12908.8 0 0.00872458
12909 0 0.00876095
12909.3 0 0.00879732
12909.6 0 0.00883369
12909.9 0 0.00887005
12910.2 0 0.00890641
12910.4 0 0.00894276
12910.7 0 0.00897911
12910.9 0 0.00901545
12911.2 0 0.00905179
12911.4 0 0.00908812
12911.7 0 0.00912445
12911.9 0 0.00916078
12912.2 0 0.00919709
12912.4 0 0.00923341
12912.6 0 0.00926971
12912.9 0 0.00930601
12913.1 0 0.00934231
12913.3 0 0.00937859
12913.5 0 0.00941487
12913.7 0 0.00945115
12913.9 0 0.00948742
12914.1 0 0.00952368
12914.3 0 0.00955994
12914.5 0 0.00959619
12914.7 0 0.00963243
12914.9 0 0.00966867
12915.1 0 0.0097049
12915.3 0 0.00974112
12915.5 0 0.00977734
12915.7 0 0.00981355
12915.9 0 0.00984975
12916 0 0.00988595
12916.2 0 0.00992214
12916.4 0 0.00995832
12916.6 0 0.0099945
12916.7 0 0.0100307
12916.9 0 0.0100668
12917 0 0.010103
12917.2 0 0.0101391
12917.4 0 0.0101753
12917.5 0 0.0102114
12917.7 0 0.0102475
12917.8 0 0.0102837
12918 0 0.0103198
12918.1 0 0.0103559
12918.2 0 0.010392
12918.4 0 0.0104281
12918.5 0 0.0104641
12918.7 0 0.0105002
12918.8 0 0.0105363
12918.9 0 0.0105724
12919.1 0 0.0106084
12919.3 0 0.0106444
12919.6 0 0.0106804
12920.2 0 0.0107163
12921.1 0 0.0107522
12922.2 0 0.0107879
12923.4 0 0.0108236
12924.8 0 0.0108593
12926.3 0 0.0108949
12927.9 0 0.0109304
12929.8 0 0.0109659
12931.8 0 0.0110013
12933.7 0 0.0110368
12935.7 0 0.0110722
12937.6 0 0.0111076
12939.6 0 0.011143
12941.8 0 0.0111784
12944.1 0 0.0112137
12946.6 0 0.0112489
12949.3 0 0.0112841
12951.9 0 0.0113192
12954.5 0 0.0113544
12957.1 0 0.0113895
12959.7 0 0.0114247
12962.3 0 0.0114598
12964.9 0 0.0114949
12967.5 0 0.01153
12970.2 0 0.0115651
12973 0 0.0116001
12976 0 0.0116351
12979.1 0 0.01167
12982.4 0 0.0117048
12985.6 0 0.0117397
12988.8 0 0.0117744
12992 0 0.0118091
12995.2 0 0.0118438
12998.4 0 0.0118785
13001.6 0 0.0119132
13004.8 0 0.0119478
13008 0 0.0119825
13011.2 0 0.0120171
13014.4 0 0.0120517
13017.6 0 0.0120863
13020.9 0 0.0121209
13024.2 0 0.0121554
13027.7 0 0.0121899
13031.3 0 0.0122243
13035 0 0.0122586
13038.8 0 0.0122929
13042.5 0 0.0123272
13046.3 0 0.0123615
13050 0 0.0123957
13053.7 0 0.01243
13057.5 0 0.0124642
13061.2 0 0.0124985
13064.9 0 0.0125327
13068.7 0 0.0125669
13072.4 0 0.0126011
13076.1 0 0.0126352
13079.8 0 0.0126694
13083.5 0 0.0127035
13087.2 0 0.0127376
13090.9 0 0.0127718
13094.6 0 0.0128058
13098.4 0 0.0128399
13102.2 0 0.0128739
13106.1 0 0.0129079
13110 0 0.0129418
13114.2 0 0.0129756
13118.4 0 0.0130093
13122.6 0 0.0130431
13126.8 0 0.0130768
13130.9 0 0.0131106
13135.1 0 0.0131443
13139.3 0 0.013178
13143.5 0 0.0132116
13147.6 0 0.0132453
13151.8 0 0.0132789
13155.9 0 0.0133125
13160.1 0 0.0133461
13164.3 0 0.0133797
13168.4 0 0.0134133
13172.5 0 0.0134468
13176.7 0 0.0134803
13180.8 0 0.0135138
13185 0 0.0135473
13189.1 0 0.0135808
13193.2 0 0.0136142
13197.4 0 0.0136476
13201.5 0 0.013681
13205.6 0 0.0137144
13209.7 0 0.0137478
13213.9 0 0.0137811
13218.1 0 0.0138143
13222.4 0 0.0138475
13226.7 0 0.0138807
13231.2 0 0.0139137
13235.7 0 0.0139467
13240.2 0 0.0139797
13244.8 0 0.0140127
13249.3 0 0.0140456
13253.8 0 0.0140785
13258.3 0 0.0141114
13262.8 0 0.0141443
13267.3 0 0.0141772
13271.8 0 0.01421
13276.3 0 0.0142428
13280.8 0 0.0142756
13285.3 0 0.0143083
13289.8 0 0.014341
13294.3 0 0.0143737
13298.7 0 0.0144064
13303.2 0 0.0144391
13307.7 0 0.0144717
13312.2 0 0.0145043
13316.6 0 0.0145369
13321.1 0 0.0145694
13325.5 0 0.014602
13330 0 0.0146345
13334.4 0 0.0146669
13338.9 0 0.0146994
13343.3 0 0.0147318
13347.7 0 0.0147642
13352.2 0 0.0147966
13356.6 0 0.0148289
13361 0 0.0148613
13365.5 0 0.0148936
13369.9 0 0.0149258
13374.3 0 0.0149581
13378.8 0 0.0149902
13383.3 0 0.0150223
13387.9 0 0.0150544
13392.5 0 0.0150863
13397.2 0 0.0151182
13402 0 0.01515
13406.7 0 0.0151819
13411.5 0 0.0152136
13416.2 0 0.0152454
13420.9 0 0.0152771
13425.7 0 0.0153088
13430.4 0 0.0153405
13435.1 0 0.0153721
13439.8 0 0.0154038
13444.5 0 0.0154353
13449.3 0 0.0154669
13454 0 0.0154984
13458.7 0 0.0155299
13463.4 0 0.0155614
13468.1 0 0.0155928
13472.8 0 0.0156242
13477.4 0 0.0156556
13482.1 0 0.015687
13486.8 0 0.0157183
13491.5 0 0.0157496
13496.2 0 0.0157809
13500.8 0 0.0158121
13505.5 0 0.0158433
13510.1 0 0.0158745
13514.8 0 0.0159056
13519.5 0 0.0159368
13524.1 0 0.0159678
13528.8 0 0.0159989
13533.4 0 0.0160299
13538 0 0.0160609
13542.7 0 0.0160919
13547.3 0 0.0161228
13551.9 0 0.0161538
13556.6 0 0.0161846
13561.2 0 0.0162155
13565.8 0 0.0162463
13570.4 0 0.0162771
13575 0 0.0163079
13579.6 0 0.0163386
13584.2 0 0.0163693
13588.8 0 0.0164
13593.4 0 0.0164307
13598 0 0.0164612
13602.7 0 0.0164917
13607.4 0 0.0165222
13612.1 0 0.0165526
13616.8 0 0.0165829
13621.6 0 0.0166131
13410.3 0 0.016509
13470.1 0 0.0164978
13494.5 0 0.0165015
