0 -58.4752 -2.26119e-06
634.56 0 1.6148e-05
1173.57 0 3.91649e-05
1709.92 0 6.21417e-05
2243.81 0 8.49556e-05
2775.24 0 0.000107555
3304.22 0 0.000129935
3830.74 0 0.000152082
4354.77 0 0.000173989
4876.15 0 0.000195658
5394.56 0 0.000217097
5909.16 0 0.00023833
6418.2 0 0.000259415
6918.36 0 0.000280461
7403.99 0 0.00030167
7866.83 0 0.000323324
8297.18 0 0.000345789
8686.59 0 0.000369408
9030.8 0 0.00039439
9330.49 0 0.000420847
9590.04 0 0.00044868
9815.21 0 0.000477785
10011.7 0 0.000508024
10184.8 0 0.000539162
10338.5 0 0.000571084
10475.8 0 0.000603896
10599.4 0 0.000637411
10711.4 0 0.000671624
10812.7 0 0.000706826
10905.5 0 0.00074247
10991.1 0 0.000778507
11070.4 0 0.000814896
11143.9 0 0.000851672
11212.1 0 0.000888962
11276 0 0.000926521
11335.9 0 0.000964325
11392.3 0 0.00100235
11445.5 0 0.00104058
11495.9 0 0.00107899
11543.8 0 0.00111756
11589.3 0 0.0011563
11632.4 0 0.0011953
11673.3 0 0.00123461
11712.4 0 0.00127405
11749.8 0 0.0013136
11785.6 0 0.00135326
11820.1 0 0.00139302
11853.2 0 0.00143286
11885.1 0 0.00147277
11915.6 0 0.00151291
11945 0 0.0015532
11972.9 0 0.00159388
11999.8 0 0.00163466
12025.7 0 0.00167549
12050.7 0 0.00171641
12074.7 0 0.00175759
12097.7 0 0.0017989
12119.8 0 0.00184046
12141.1 0 0.00188205
12161.8 0 0.00192366
12181.9 0 0.00196529
12201.4 0 0.00200693
12220.3 0 0.00204858
12238.6 0 0.00209024
12256.3 0 0.0021319
12273.3 0 0.00217377
12289.7 0 0.00221576
12305.5 0 0.00225774
12320.9 0 0.00229972
12335.7 0 0.00234178
12349.8 0 0.00238411
12363.5 0 0.00242643
12376.5 0 0.00246909
12388.8 0 0.00251213
12400.7 0 0.00255516
12412.4 0 0.00259817
12423.7 0 0.00264115
12434.7 0 0.00268411
12445.5 0 0.00272705
12455.9 0 0.00276997
12466.1 0 0.00281287
12476 0 0.00285574
12485.7 0 0.0028986
12495.1 0 0.00294144
12504.3 0 0.00298426
12513.2 0 0.00302707
12521.8 0 0.00306986
12530.3 0 0.00311265
12538.4 0 0.00315542
12546.4 0 0.00319819
12554.2 0 0.00324094
12561.7 0 0.00328368
12569 0 0.00332641
12576.2 0 0.00336913
12583.1 0 0.00341183
12589.9 0 0.00345452
12596.5 0 0.00349719
12603 0 0.00353984
12609.3 0 0.00358247
12615.5 0 0.00362507
12621.6 0 0.00366766
12627.5 0 0.00371022
12633.3 0 0.00375284
12638.9 0 0.00379563
12644.3 0 0.00383867
12649.5 0 0.00388179
12654.6 0 0.00392495
12659.6 0 0.00396829
12664.4 0 0.0040116
12669.2 0 0.00405489
12673.9 0 0.00409816
12678.6 0 0.00414141
12683.1 0 0.00418464
12687.6 0 0.00422785
12692 0 0.00427104
12696.3 0 0.00431422
12700.6 0 0.00435737
12704.8 0 0.00440052
12708.9 0 0.00444365
12713 0 0.00448677
12717 0 0.00452988
12720.9 0 0.00457298
12724.7 0 0.00461608
12728.5 0 0.00465917
12732.1 0 0.00470234
12735.7 0 0.0047456
12739.2 0 0.00478886
12742.7 0 0.00483212
12746 0 0.00487537
12749.3 0 0.00491862
12752.5 0 0.00496198
12755.5 0 0.00500595
12758.3 0 0.00505001
12761.2 0 0.00509407
12763.9 0 0.00513815
12766.6 0 0.00518223
12769.2 0 0.00522632
12771.7 0 0.00527066
12774.1 0 0.00531533
12776.4 0 0.00536002
12778.6 0 0.00540471
12780.8 0 0.0054494
12783 0 0.00549411
12785.1 0 0.00553881
12787.2 0 0.00558352
12789.2 0 0.00562823
12791.2 0 0.00567294
12793.2 0 0.00571765
12795.1 0 0.00576235
12797 0 0.00580705
12798.8 0 0.00585174
12800.6 0 0.00589642
12802.4 0 0.0059411
12804.2 0 0.00598576
12805.9 0 0.00603041
12807.7 0 0.00607505
12809.4 0 0.00611968
12811 0 0.0061643
12812.7 0 0.0062089
12814.3 0 0.00625348
12815.9 0 0.00629805
12817.5 0 0.00634261
12819.1 0 0.00638715
12820.7 0 0.00643167
12822.2 0 0.00647617
12823.7 0 0.00652066
12825.2 0 0.00656513
12826.7 0 0.00660959
12828.2 0 0.00665402
12829.7 0 0.00669844
12831.1 0 0.00674284
12832.6 0 0.00678723
12834 0 0.00683159
12835.4 0 0.00687594
12836.8 0 0.00692027
12838.2 0 0.00696459
12839.5 0 0.00700889
12840.9 0 0.00705317
12842.2 0 0.00709744
12843.6 0 0.00714169
12844.9 0 0.00718592
12846.2 0 0.00723014
12847.5 0 0.00727435
12848.7 0 0.00731854
12850 0 0.00736271
12851.3 0 0.00740688
12852.5 0 0.00745103
12853.7 0 0.00749516
12855 0 0.00753929
12856.2 0 0.0075834
12857.4 0 0.00762751
12858.5 0 0.0076716
12859.7 0 0.00771568
12860.9 0 0.00775974
12862 0 0.00780379
12863.1 0 0.00784783
12864.3 0 0.00789187
12865.4 0 0.0079359
12866.4 0 0.00797992
12867.5 0 0.00802394
12868.6 0 0.00806795
12869.6 0 0.00811196
12870.7 0 0.00815597
12871.7 0 0.00819997
12872.7 0 0.00824397
12873.7 0 0.00828797
12874.7 0 0.00833197
12875.7 0 0.00837597
12876.6 0 0.00841997
12877.5 0 0.00846397
12878.5 0 0.00850797
12879.4 0 0.00855198
12880.3 0 0.00859599
12881.2 0 0.00864
12882 0 0.00868402
12882.9 0 0.00872805
12883.7 0 0.00877207
12884.6 0 0.00881611
12885.4 0 0.00886015
12886.2 0 0.0089042
12886.9 0 0.00894825
12887.7 0 0.00899231
12888.5 0 0.00903638
12889.2 0 0.00908046
12889.9 0 0.00912454
12890.6 0 0.00916864
12891.3 0 0.00921274
12892 0 0.00925684
12892.7 0 0.00930096
12893.3 0 0.00934508
12894 0 0.00938922
12894.6 0 0.00943336
12895.2 0 0.0094775
12895.8 0 0.00952166
12896.4 0 0.00956582
12897 0 0.00960998
12897.6 0 0.00965416
12898.1 0 0.00969834
12898.7 0 0.00974252
12899.2 0 0.00978672
12899.8 0 0.00983091
12900.3 0 0.00987515
12900.7 0 0.00991982
12901.2 0 0.00996451
12901.6 0 0.0100092
12902 0 0.0100539
12902.5 0 0.0100986
12902.9 0 0.0101433
12903.3 0 0.010188
12903.7 0 0.0102327
12904.1 0 0.0102775
12904.5 0 0.0103222
12904.8 0 0.0103669
12905.2 0 0.0104116
12905.5 0 0.0104564
12905.9 0 0.0105011
12906.2 0 0.0105458
12906.6 0 0.0105906
12906.9 0 0.0106353
12907.2 0 0.01068
12907.5 0 0.0107247
12907.9 0 0.0107695
12908.2 0 0.0108142
12908.5 0 0.0108589
12908.8 0 0.0109036
12909 0 0.0109483
12909.3 0 0.0109931
12909.6 0 0.0110378
12909.9 0 0.0110825
12910.2 0 0.0111272
12910.4 0 0.0111719
12910.7 0 0.0112166
12910.9 0 0.0112613
12911.2 0 0.0113059
12911.4 0 0.0113506
12911.7 0 0.0113953
12911.9 0 0.01144
12912.2 0 0.0114846
12912.4 0 0.0115293
12912.6 0 0.0115739
12912.9 0 0.0116186
12913.1 0 0.0116632
12913.3 0 0.0117078
12913.5 0 0.0117525
12913.7 0 0.0117971
12913.9 0 0.0118417
12914.1 0 0.0118863
12914.3 0 0.0119309
12914.5 0 0.0119755
12914.7 0 0.0120201
12914.9 0 0.0120647
12915.1 0 0.0121092
12915.3 0 0.0121538
12915.5 0 0.0121984
12915.7 0 0.0122429
12915.9 0 0.0122875
12916 0 0.012332
12916.2 0 0.0123765
12916.4 0 0.012421
12916.6 0 0.0124656
12916.7 0 0.0125101
12916.9 0 0.0125546
12917 0 0.0125991
12917.2 0 0.0126435
12917.4 0 0.012688
12917.5 0 0.0127325
12917.7 0 0.012777
12917.8 0 0.0128214
12918 0 0.0128659
12918.1 0 0.0129103
12918.2 0 0.0129547
12918.4 0 0.0129992
12918.5 0 0.0130436
12918.7 0 0.013088
12918.8 0 0.0131324
12918.9 0 0.0131768
12919.1 0 0.0132212
12919.3 0 0.0132655
12919.6 0 0.0133098
12920.2 0 0.0133541
12921.1 0 0.0133982
12922.2 0 0.0134422
12923.4 0 0.0134862
12924.8 0 0.0135302
12926.3 0 0.0135741
12927.9 0 0.0136179
12929.8 0 0.0136617
12931.8 0 0.0137054
12933.7 0 0.0137491
12935.7 0 0.0137928
12937.6 0 0.0138365
12939.6 0 0.0138802
12941.8 0 0.0139238
12944.1 0 0.0139673
12946.6 0 0.0140108
12949.3 0 0.0140542
12951.9 0 0.0140976
12954.5 0 0.014141
12957.1 0 0.0141844
12959.7 0 0.0142278
12962.3 0 0.0142711
12964.9 0 0.0143145
12967.5 0 0.0143578
12970.2 0 0.0144011
12973 0 0.0144444
12976 0 0.0144876
12979.1 0 0.0145307
12982.4 0 0.0145737
12985.6 0 0.0146168
12988.8 0 0.0146598
12992 0 0.0147028
12995.2 0 0.0147457
12998.4 0 0.0147887
13001.6 0 0.0148316
13004.8 0 0.0148745
13008 0 0.0149174
13011.2 0 0.0149603
13014.4 0 0.0150032
13017.6 0 0.0150461
13020.9 0 0.0150889
13024.2 0 0.0151317
13027.7 0 0.0151744
13031.3 0 0.015217
13035 0 0.0152596
13038.8 0 0.0153021
13042.5 0 0.0153447
13046.3 0 0.0153872
13050 0 0.0154297
13053.7 0 0.0154722
13057.5 0 0.0155147
13061.2 0 0.0155571
13064.9 0 0.0155996
13068.7 0 0.015642
13072.4 0 0.0156844
13076.1 0 0.0157268
13079.8 0 0.0157692
13083.5 0 0.0158116
13087.2 0 0.0158539
13090.9 0 0.0158963
13094.6 0 0.0159386
13098.4 0 0.0159809
13102.2 0 0.0160231
13106.1 0 0.0160653
13110 0 0.0161074
13114.2 0 0.0161494
13118.4 0 0.0161914
13122.6 0 0.0162334
13126.8 0 0.0162753
13130.9 0 0.0163172
13135.1 0 0.0163591
13139.3 0 0.016401
13143.5 0 0.0164429
13147.6 0 0.0164847
13151.8 0 0.0165266
13155.9 0 0.0165684
13160.1 0 0.0166101
13164.3 0 0.0166519
13168.4 0 0.0166937
13172.5 0 0.0167354
13176.7 0 0.0167771
13180.8 0 0.0168188
13185 0 0.0168604
13189.1 0 0.0169021
13193.2 0 0.0169437
13197.4 0 0.0169853
13201.5 0 0.0170269
13205.6 0 0.0170684
13209.7 0 0.0171099
13213.9 0 0.0171514
13218.1 0 0.0171929
13222.4 0 0.0172342
13226.7 0 0.0172755
13231.2 0 0.0173168
13235.7 0 0.0173579
13240.2 0 0.017399
13244.8 0 0.0174402
13249.3 0 0.0174812
13253.8 0 0.0175223
13258.3 0 0.0175633
13262.8 0 0.0176043
13267.3 0 0.0176453
13271.8 0 0.0176863
13276.3 0 0.0177272
13280.8 0 0.0177681
13285.3 0 0.017809
13289.8 0 0.0178498
13294.3 0 0.0178906
13298.7 0 0.0179314
13303.2 0 0.0179722
13307.7 0 0.0180129
13312.2 0 0.0180537
13316.6 0 0.0180944
13321.1 0 0.018135
13325.5 0 0.0181756
13330 0 0.0182163
13334.4 0 0.0182568
13338.9 0 0.0182974
13343.3 0 0.0183379
13347.7 0 0.0183784
13352.2 0 0.0184189
13356.6 0 0.0184593
13361 0 0.0184997
13365.5 0 0.0185401
13369.9 0 0.0185805
13374.3 0 0.0186208
13378.8 0 0.018661
13383.3 0 0.0187012
13387.9 0 0.0187414
13392.5 0 0.0187814
13397.2 0 0.0188214
13402 0 0.0188613
13406.7 0 0.0189012
13411.5 0 0.018941
13416.2 0 0.0189808
13420.9 0 0.0190206
13425.7 0 0.0190603
13430.4 0 0.0191001
13435.1 0 0.0191397
13439.8 0 0.0191794
13444.5 0 0.019219
13449.3 0 0.0192586
13454 0 0.0192982
13458.7 0 0.0193377
13463.4 0 0.0193772
13468.1 0 0.0194167
13472.8 0 0.0194561
13477.4 0 0.0194955
13482.1 0 0.0195349
13486.8 0 0.0195743
13491.5 0 0.0196136
13496.2 0 0.0196529
13500.8 0 0.0196921
13505.5 0 0.0197314
13510.1 0 0.0197706
13514.8 0 0.0198097
13519.5 0 0.0198489
13524.1 0 0.019888
13528.8 0 0.019927
13533.4 0 0.0199661
13538 0 0.0200051
13542.7 0 0.0200441
13547.3 0 0.020083
13551.9 0 0.0201219
13556.6 0 0.0201608
13561.2 0 0.0201997
13565.8 0 0.0202385
13570.4 0 0.0202773
13575 0 0.0203161
13579.6 0 0.0203548
13584.2 0 0.0203935
13588.8 0 0.0204322
13593.4 0 0.0204708
13598 0 0.0205094
13602.7 0 0.020548
13607.4 0 0.0205864
13612.1 0 0.0206249
13616.8 0 0.0206632
13621.6 0 0.0207014
13410.3 0 0.0206047
13470.1 0 0.0206012
13494.5 0 0.0206126
