0 -58.4752 -2.26119e-06
634.56 -200.329 -7.74786e-06
1173.57 -224.684 -8.69015e-06
1709.92 -249.824 -9.66288e-06
2243.81 -279.287 -1.0803e-05
2775.24 -314.136 -1.21518e-05
3304.22 -354.491 -1.37139e-05
3830.74 -400.811 -1.55073e-05
4354.77 -453.33 -1.75412e-05
4876.15 -512.005 -1.98143e-05
5394.56 -576.605 -2.23178e-05
5909.16 -646.485 -2.50271e-05
6418.2 -720.188 -2.78861e-05
6918.36 -794.829 -3.07829e-05
7403.99 -865.195 -3.35153e-05
7866.83 -924.133 -3.5805e-05
8297.18 -962.129 -3.72817e-05
8686.59 -970.34 -3.76009e-05
9030.8 -943.311 -3.65558e-05
9330.49 -878.652 -3.40555e-05
9590.04 -778.837 -3.01959e-05
9815.21 -647.844 -2.51307e-05
10011.7 -489.854 -1.90215e-05
10184.8 -309.275 -1.20389e-05
10338.5 -108.143 -4.26148e-06
10475.8 0 4.66193e-06
10599.4 0 1.43989e-05
10711.4 0 2.49249e-05
10812.7 0 3.62755e-05
10905.5 0 4.80774e-05
10991.1 0 6.0282e-05
11070.4 0 7.28478e-05
11143.9 0 8.58116e-05
11212.1 0 9.93012e-05
11276 0 0.000113069
11335.9 0 0.000127088
11392.3 0 0.000141336
11445.5 0 0.00015579
11495.9 0 0.000170432
11543.8 0 0.000185247
11589.3 0 0.00020022
11632.4 0 0.000215442
11673.3 0 0.000230944
11712.4 0 0.000246574
11749.8 0 0.000262322
11785.6 0 0.000278177
11820.1 0 0.000294128
11853.2 0 0.000310167
11885.1 0 0.000326286
11915.6 0 0.000342414
11945 0 0.000358564
11972.9 0 0.000375217
11999.8 0 0.000391963
12025.7 0 0.000408761
12050.7 0 0.000425607
12074.7 0 0.000442509
12097.7 0 0.00045962
12119.8 0 0.000477174
12141.1 0 0.000494754
12161.8 0 0.000512353
12181.9 0 0.000529967
12201.4 0 0.000547593
12220.3 0 0.000565228
12238.6 0 0.000582868
12256.3 0 0.000600511
12273.3 0 0.00061839
12289.7 0 0.000636398
12305.5 0 0.000654404
12320.9 0 0.000672404
12335.7 0 0.000690623
12349.8 0 0.000709474
12363.5 0 0.000728318
12376.5 0 0.000747059
12388.8 0 0.00076589
12400.7 0 0.000784701
12412.4 0 0.00080349
12423.7 0 0.000822254
12434.7 0 0.000840992
12445.5 0 0.000859705
12455.9 0 0.000878391
12466.1 0 0.000897053
12476 0 0.00091569
12485.7 0 0.000934304
12495.1 0 0.000952897
12504.3 0 0.000971469
12513.2 0 0.000990024
12521.8 0 0.00100856
12530.3 0 0.00102708
12538.4 0 0.00104559
12546.4 0 0.00106408
12554.2 0 0.00108256
12561.7 0 0.00110102
12569 0 0.00111947
12576.2 0 0.0011379
12583.1 0 0.00115631
12589.9 0 0.00117471
12596.5 0 0.00119308
12603 0 0.00121144
12609.3 0 0.00122977
12615.5 0 0.00124809
12621.6 0 0.00126637
12627.5 0 0.00128464
12633.3 0 0.00130289
12638.9 0 0.00132114
12644.3 0 0.00133934
12649.5 0 0.0013575
12654.6 0 0.00137577
12659.6 0 0.00139447
12664.4 0 0.00141314
12669.2 0 0.00143178
12673.9 0 0.0014504
12678.6 0 0.00146898
12683.1 0 0.00148754
12687.6 0 0.00150608
12692 0 0.00152459
12696.3 0 0.00154307
12700.6 0 0.00156153
12704.8 0 0.00157997
12708.9 0 0.00159838
12713 0 0.00161677
12717 0 0.00163514
12720.9 0 0.00165349
12724.7 0 0.00167182
12728.5 0 0.00169013
12732.1 0 0.00170868
12735.7 0 0.00172748
12739.2 0 0.00174627
12742.7 0 0.00176506
12746 0 0.00178383
12749.3 0 0.0018026
12752.5 0 0.00182157
12755.5 0 0.00184163
12758.3 0 0.00186184
12761.2 0 0.00188206
12763.9 0 0.0019023
12766.6 0 0.00192255
12769.2 0 0.00194282
12771.7 0 0.0019633
12774.1 0 0.00198407
12776.4 0 0.00200485
12778.6 0 0.00202565
12780.8 0 0.00204647
12783 0 0.0020673
12785.1 0 0.00208815
12787.2 0 0.00210901
12789.2 0 0.00212988
12791.2 0 0.00215075
12793.2 0 0.00217164
12795.1 0 0.00219252
12797 0 0.00221341
12798.8 0 0.0022343
12800.6 0 0.00225519
12802.4 0 0.00227607
12804.2 0 0.00229695
12805.9 0 0.00231782
12807.7 0 0.00233869
12809.4 0 0.00235954
12811 0 0.00238039
12812.7 0 0.00240122
12814.3 0 0.00242204
12815.9 0 0.00244285
12817.5 0 0.00246364
12819.1 0 0.00248442
12820.7 0 0.00250519
12822.2 0 0.00252593
12823.7 0 0.00254666
12825.2 0 0.00256738
12826.7 0 0.00258807
12828.2 0 0.00260875
12829.7 0 0.00262941
12831.1 0 0.00265005
12832.6 0 0.00267068
12834 0 0.00269128
12835.4 0 0.00271187
12836.8 0 0.00273244
12838.2 0 0.00275299
12839.5 0 0.00277353
12840.9 0 0.00279404
12842.2 0 0.00281454
12843.6 0 0.00283502
12844.9 0 0.00285548
12846.2 0 0.00287593
12847.5 0 0.00289636
12848.7 0 0.00291677
12850 0 0.00293717
12851.3 0 0.00295755
12852.5 0 0.00297792
12853.7 0 0.00299827
12855 0 0.0030186
12856.2 0 0.00303893
12857.4 0 0.00305924
12858.5 0 0.00307954
12859.7 0 0.00309983
12860.9 0 0.00312011
12862 0 0.00314038
12863.1 0 0.00316064
12864.3 0 0.00318089
12865.4 0 0.00320113
12866.4 0 0.00322137
12867.5 0 0.0032416
12868.6 0 0.00326182
12869.6 0 0.00328204
12870.7 0 0.00330225
12871.7 0 0.00332246
12872.7 0 0.00334267
12873.7 0 0.00336288
12874.7 0 0.00338308
12875.7 0 0.00340329
12876.6 0 0.00342349
12877.5 0 0.0034437
12878.5 0 0.00346391
12879.4 0 0.00348412
12880.3 0 0.00350433
12881.2 0 0.00352456
12882 0 0.00354478
12882.9 0 0.00356502
12883.7 0 0.00358526
12884.6 0 0.0036055
12885.4 0 0.00362576
12886.2 0 0.00364602
12886.9 0 0.0036663
12887.7 0 0.00368658
12888.5 0 0.00370688
12889.2 0 0.00372718
12889.9 0 0.0037475
12890.6 0 0.00376783
12891.3 0 0.00378817
12892 0 0.00380852
12892.7 0 0.00382889
12893.3 0 0.00384926
12894 0 0.00386965
12894.6 0 0.00389005
12895.2 0 0.00391046
12895.8 0 0.00393089
12896.4 0 0.00395132
12897 0 0.00397177
12897.6 0 0.00399223
12898.1 0 0.0040127
12898.7 0 0.00403318
12899.2 0 0.00405367
12899.8 0 0.00407417
12900.3 0 0.00409469
12900.7 0 0.00411548
12901.2 0 0.00413627
12901.6 0 0.00415707
12902 0 0.00417789
12902.5 0 0.00419871
12902.9 0 0.00421953
12903.3 0 0.00424037
12903.7 0 0.00426121
12904.1 0 0.00428205
12904.5 0 0.0043029
12904.8 0 0.00432376
12905.2 0 0.00434462
12905.5 0 0.00436548
12905.9 0 0.00438634
12906.2 0 0.00440721
12906.6 0 0.00442808
12906.9 0 0.00444894
12907.2 0 0.00446981
12907.5 0 0.00449068
12907.9 0 0.00451155
12908.2 0 0.00453242
12908.5 0 0.00455329
12908.8 0 0.00457415
12909 0 0.00459502
12909.3 0 0.00461588
12909.6 0 0.00463674
12909.9 0 0.00465759
12910.2 0 0.00467844
12910.4 0 0.00469929
12910.7 0 0.00472014
12910.9 0 0.00474098
12911.2 0 0.00476181
12911.4 0 0.00478264
12911.7 0 0.00480347
12911.9 0 0.00482429
12912.2 0 0.0048451
12912.4 0 0.00486591
12912.6 0 0.00488671
12912.9 0 0.00490751
12913.1 0 0.0049283
12913.3 0 0.00494908
12913.5 0 0.00496986
12913.7 0 0.00499063
12913.9 0 0.00501139
12914.1 0 0.00503215
12914.3 0 0.0050529
12914.5 0 0.00507364
12914.7 0 0.00509438
12914.9 0 0.00511511
12915.1 0 0.00513583
12915.3 0 0.00515654
12915.5 0 0.00517725
12915.7 0 0.00519795
12915.9 0 0.00521864
12916 0 0.00523932
12916.2 0 0.00525999
12916.4 0 0.00528066
12916.6 0 0.00530132
12916.7 0 0.00532197
12916.9 0 0.00534261
12917 0 0.00536325
12917.2 0 0.00538387
12917.4 0 0.00540449
12917.5 0 0.0054251
12917.7 0 0.0054457
12917.8 0 0.0054663
12918 0 0.00548688
12918.1 0 0.00550746
12918.2 0 0.00552803
12918.4 0 0.00554859
12918.5 0 0.00556914
12918.7 0 0.00558968
12918.8 0 0.00561022
12918.9 0 0.00563074
12919.1 0 0.00565126
12919.3 0 0.00567174
12919.6 0 0.00569217
12920.2 0 0.00571251
12921.1 0 0.00573274
12922.2 0 0.00575287
12923.4 0 0.00577295
12924.8 0 0.00579298
12926.3 0 0.00581295
12927.9 0 0.00583286
12929.8 0 0.00585267
12931.8 0 0.00587244
12933.7 0 0.00589221
12935.7 0 0.00591196
12937.6 0 0.0059317
12939.6 0 0.0059514
12941.8 0 0.00597103
12944.1 0 0.00599061
12946.6 0 0.00601009
12949.3 0 0.00602953
12951.9 0 0.00604895
12954.5 0 0.00606835
12957.1 0 0.00608775
12959.7 0 0.00610713
12962.3 0 0.0061265
12964.9 0 0.00614586
12967.5 0 0.0061652
12970.2 0 0.00618449
12973 0 0.00620372
12976 0 0.0062229
12979.1 0 0.00624198
12982.4 0 0.00626101
12985.6 0 0.00628002
12988.8 0 0.00629905
12992 0 0.00631806
12995.2 0 0.00633706
12998.4 0 0.00635605
13001.6 0 0.00637502
13004.8 0 0.00639397
13008 0 0.00641291
13011.2 0 0.00643184
13014.4 0 0.00645075
13017.6 0 0.00646965
13020.9 0 0.0064885
13024.2 0 0.0065073
13027.7 0 0.00652604
13031.3 0 0.00654472
13035 0 0.00656328
13038.8 0 0.00658184
13042.5 0 0.00660039
13046.3 0 0.00661892
13050 0 0.00663743
13053.7 0 0.00665592
13057.5 0 0.0066744
13061.2 0 0.00669286
13064.9 0 0.0067113
13068.7 0 0.00672973
13072.4 0 0.00674814
13076.1 0 0.00676653
13079.8 0 0.0067849
13083.5 0 0.00680326
13087.2 0 0.0068216
13090.9 0 0.00683991
13094.6 0 0.00685821
13098.4 0 0.00687648
13102.2 0 0.0068947
13106.1 0 0.00691285
13110 0 0.00693094
13114.2 0 0.00694893
13118.4 0 0.00696687
13122.6 0 0.00698479
13126.8 0 0.00700269
13130.9 0 0.00702057
13135.1 0 0.00703842
13139.3 0 0.00705626
13143.5 0 0.00707407
13147.6 0 0.00709186
13151.8 0 0.00710962
13155.9 0 0.00712737
13160.1 0 0.00714509
13164.3 0 0.00716279
13168.4 0 0.00718047
13172.5 0 0.00719812
13176.7 0 0.00721575
13180.8 0 0.00723336
13185 0 0.00725094
13189.1 0 0.0072685
13193.2 0 0.00728604
13197.4 0 0.00730355
13201.5 0 0.00732104
13205.6 0 0.0073385
13209.7 0 0.00735594
13213.9 0 0.00737335
13218.1 0 0.00739068
13222.4 0 0.00740796
13226.7 0 0.00742517
13231.2 0 0.00744229
13235.7 0 0.00745932
13240.2 0 0.00747633
13244.8 0 0.00749331
13249.3 0 0.00751026
13253.8 0 0.00752718
13258.3 0 0.00754407
13262.8 0 0.00756093
13267.3 0 0.00757777
13271.8 0 0.00759457
13276.3 0 0.00761135
13280.8 0 0.0076281
13285.3 0 0.00764482
13289.8 0 0.00766151
13294.3 0 0.00767817
13298.7 0 0.0076948
13303.2 0 0.0077114
13307.7 0 0.00772797
13312.2 0 0.00774451
13316.6 0 0.00776102
13321.1 0 0.00777751
13325.5 0 0.00779396
13330 0 0.00781038
13334.4 0 0.00782677
13338.9 0 0.00784313
13343.3 0 0.00785946
13347.7 0 0.00787576
13352.2 0 0.00789202
13356.6 0 0.00790826
13361 0 0.00792447
13365.5 0 0.00794064
13369.9 0 0.00795679
13374.3 0 0.00797291
13378.8 0 0.00798896
13383.3 0 0.00800495
13387.9 0 0.00802087
13392.5 0 0.00803672
13397.2 0 0.00805249
13402 0 0.00806814
13406.7 0 0.00808376
13411.5 0 0.00809935
13416.2 0 0.0081149
13420.9 0 0.00813043
13425.7 0 0.00814591
13430.4 0 0.00816137
13435.1 0 0.00817679
13439.8 0 0.00819218
13444.5 0 0.00820753
13449.3 0 0.00822285
13454 0 0.00823814
13458.7 0 0.00825339
13463.4 0 0.00826861
13468.1 0 0.0082838
13472.8 0 0.00829896
13477.4 0 0.00831408
13482.1 0 0.00832917
13486.8 0 0.00834422
13491.5 0 0.00835924
13496.2 0 0.00837423
13500.8 0 0.00838919
13505.5 0 0.00840411
13510.1 0 0.008419
13514.8 0 0.00843386
13519.5 0 0.00844868
13524.1 0 0.00846348
13528.8 0 0.00847824
13533.4 0 0.00849296
13538 0 0.00850766
13542.7 0 0.00852232
13547.3 0 0.00853695
13551.9 0 0.00855154
13556.6 0 0.0085661
13561.2 0 0.00858064
13565.8 0 0.00859513
13570.4 0 0.0086096
13575 0 0.00862404
13579.6 0 0.00863844
13584.2 0 0.00865281
13588.8 0 0.00866715
13593.4 0 0.00868145
13598 0 0.00869574
13602.7 0 0.00870999
13607.4 0 0.00872416
13612.1 0 0.00873827
13616.8 0 0.00875232
13621.6 0 0.00876632
13410.3 0 0.00864431
13470.1 0 0.00861616
13494.5 0 0.00860273
