0 -58.4752 -2.26119e-06
634.56 0 1.09445e-05
1173.57 0 2.87876e-05
1709.92 0 4.6586e-05
2243.81 0 6.42236e-05
2775.24 0 8.16441e-05
3304.22 0 9.88422e-05
3830.74 0 0.000115807
4354.77 0 0.000132531
4876.15 0 0.000149018
5394.56 0 0.000165275
5909.16 0 0.000181327
6418.2 0 0.00019723
6918.36 0 0.000213096
7403.99 0 0.000229122
7866.83 0 0.000245594
8297.18 0 0.000262878
8686.59 0 0.000281313
9030.8 0 0.000301111
9330.49 0 0.000322393
9590.04 0 0.000345059
9815.21 0 0.000369028
10011.7 0 0.000394172
10184.8 0 0.000420228
10338.5 0 0.000447064
10475.8 0 0.000474668
10599.4 0 0.000502925
10711.4 0 0.000531836
10812.7 0 0.000561815
10905.5 0 0.00059223
10991.1 0 0.000623034
11070.4 0 0.000654185
11143.9 0 0.000685719
11212.1 0 0.000717761
11276 0 0.000750068
11335.9 0 0.000782615
11392.3 0 0.000815382
11445.5 0 0.000848348
11495.9 0 0.000881494
11543.8 0 0.000914807
11589.3 0 0.000948271
11632.4 0 0.000982014
11673.3 0 0.00101608
11712.4 0 0.00105028
11749.8 0 0.00108459
11785.6 0 0.001119
11820.1 0 0.0011535
11853.2 0 0.0011881
11885.1 0 0.00122277
11915.6 0 0.00125775
11945 0 0.00129295
11972.9 0 0.0013285
11999.8 0 0.00136413
12025.7 0 0.00139982
12050.7 0 0.00143562
12074.7 0 0.00147178
12097.7 0 0.00150803
12119.8 0 0.00154444
12141.1 0 0.00158088
12161.8 0 0.00161734
12181.9 0 0.00165381
12201.4 0 0.00169031
12220.3 0 0.00172681
12238.6 0 0.00176332
12256.3 0 0.00179984
12273.3 0 0.00183655
12289.7 0 0.00187337
12305.5 0 0.00191019
12320.9 0 0.001947
12335.7 0 0.00198384
12349.8 0 0.00202077
12363.5 0 0.00205768
12376.5 0 0.00209516
12388.8 0 0.00213314
12400.7 0 0.00217111
12412.4 0 0.00220907
12423.7 0 0.002247
12434.7 0 0.00228491
12445.5 0 0.00232281
12455.9 0 0.00236068
12466.1 0 0.00239853
12476 0 0.00243636
12485.7 0 0.00247417
12495.1 0 0.00251197
12504.3 0 0.00254976
12513.2 0 0.00258753
12521.8 0 0.00262529
12530.3 0 0.00266305
12538.4 0 0.00270079
12546.4 0 0.00273853
12554.2 0 0.00277625
12561.7 0 0.00281397
12569 0 0.00285168
12576.2 0 0.00288938
12583.1 0 0.00292706
12589.9 0 0.00296473
12596.5 0 0.00300238
12603 0 0.00304001
12609.3 0 0.00307762
12615.5 0 0.00311521
12621.6 0 0.00315278
12627.5 0 0.00319033
12633.3 0 0.00322796
12638.9 0 0.00326586
12644.3 0 0.00330412
12649.5 0 0.00334254
12654.6 0 0.00338097
12659.6 0 0.00341945
12664.4 0 0.00345791
12669.2 0 0.00349635
12673.9 0 0.00353477
12678.6 0 0.00357317
12683.1 0 0.00361156
12687.6 0 0.00364993
12692 0 0.00368828
12696.3 0 0.00372663
12700.6 0 0.00376496
12704.8 0 0.00380328
12708.9 0 0.00384159
12713 0 0.0038799
12717 0 0.0039182
12720.9 0 0.0039565
12724.7 0 0.0039948
12728.5 0 0.0040331
12732.1 0 0.00407141
12735.7 0 0.00410973
12739.2 0 0.00414805
12742.7 0 0.00418637
12746 0 0.00422469
12749.3 0 0.00426302
12752.5 0 0.0043014
12755.5 0 0.00434018
12758.3 0 0.00437901
12761.2 0 0.00441785
12763.9 0 0.00445669
12766.6 0 0.00449554
12769.2 0 0.00453438
12771.7 0 0.00457351
12774.1 0 0.00461298
12776.4 0 0.00465246
12778.6 0 0.00469195
12780.8 0 0.00473143
12783 0 0.00477092
12785.1 0 0.00481041
12787.2 0 0.00484989
12789.2 0 0.00488937
12791.2 0 0.00492885
12793.2 0 0.00496832
12795.1 0 0.00500778
12797 0 0.00504723
12798.8 0 0.00508668
12800.6 0 0.00512611
12802.4 0 0.00516553
12804.2 0 0.00520494
12805.9 0 0.00524434
12807.7 0 0.00528372
12809.4 0 0.00532308
12811 0 0.00536244
12812.7 0 0.00540177
12814.3 0 0.00544109
12815.9 0 0.0054804
12817.5 0 0.00551969
12819.1 0 0.00555896
12820.7 0 0.00559821
12822.2 0 0.00563745
12823.7 0 0.00567667
12825.2 0 0.00571587
12826.7 0 0.00575506
12828.2 0 0.00579423
12829.7 0 0.00583338
12831.1 0 0.00587251
12832.6 0 0.00591163
12834 0 0.00595073
12835.4 0 0.00598981
12836.8 0 0.00602888
12838.2 0 0.00606793
12839.5 0 0.00610696
12840.9 0 0.00614598
12842.2 0 0.00618498
12843.6 0 0.00622397
12844.9 0 0.00626295
12846.2 0 0.0063019
12847.5 0 0.00634085
12848.7 0 0.00637978
12850 0 0.0064187
12851.3 0 0.00645761
12852.5 0 0.0064965
12853.7 0 0.00653538
12855 0 0.00657425
12856.2 0 0.00661311
12857.4 0 0.00665196
12858.5 0 0.0066908
12859.7 0 0.00672963
12860.9 0 0.00676843
12862 0 0.00680723
12863.1 0 0.00684602
12864.3 0 0.0068848
12865.4 0 0.00692357
12866.4 0 0.00696234
12867.5 0 0.00700111
12868.6 0 0.00703987
12869.6 0 0.00707862
12870.7 0 0.00711738
12871.7 0 0.00715613
12872.7 0 0.00719488
12873.7 0 0.00723362
12874.7 0 0.00727237
12875.7 0 0.00731112
12876.6 0 0.00734987
12877.5 0 0.00738862
12878.5 0 0.00742737
12879.4 0 0.00746613
12880.3 0 0.00750489
12881.2 0 0.00754365
12882 0 0.00758241
12882.9 0 0.00762118
12883.7 0 0.00765996
12884.6 0 0.00769874
12885.4 0 0.00773752
12886.2 0 0.00777632
12886.9 0 0.00781511
12887.7 0 0.00785391
12888.5 0 0.00789272
12889.2 0 0.00793154
12889.9 0 0.00797036
12890.6 0 0.00800919
12891.3 0 0.00804802
12892 0 0.00808686
12892.7 0 0.0081257
12893.3 0 0.00816456
12894 0 0.00820341
12894.6 0 0.00824228
12895.2 0 0.00828114
12895.8 0 0.00832002
12896.4 0 0.00835889
12897 0 0.00839778
12897.6 0 0.00843666
12898.1 0 0.00847555
12898.7 0 0.00851445
12899.2 0 0.00855334
12899.8 0 0.00859224
12900.3 0 0.00863119
12900.7 0 0.00867066
12901.2 0 0.00871014
12901.6 0 0.00874963
12902 0 0.00878912
12902.5 0 0.00882861
12902.9 0 0.00886811
12903.3 0 0.00890761
12903.7 0 0.00894712
12904.1 0 0.00898662
12904.5 0 0.00902613
12904.8 0 0.00906564
12905.2 0 0.00910515
12905.5 0 0.00914466
12905.9 0 0.00918417
12906.2 0 0.00922368
12906.6 0 0.00926319
12906.9 0 0.0093027
12907.2 0 0.00934221
12907.5 0 0.00938171
12907.9 0 0.00942122
12908.2 0 0.00946072
12908.5 0 0.00950022
12908.8 0 0.00953971
12909 0 0.0095792
12909.3 0 0.00961869
12909.6 0 0.00965818
12909.9 0 0.00969766
12910.2 0 0.00973714
12910.4 0 0.00977661
12910.7 0 0.00981607
12910.9 0 0.00985554
12911.2 0 0.009895
12911.4 0 0.00993445
12911.7 0 0.0099739
12911.9 0 0.0100133
12912.2 0 0.0100528
12912.4 0 0.0100922
12912.6 0 0.0101316
12912.9 0 0.010171
12913.1 0 0.0102105
12913.3 0 0.0102499
12913.5 0 0.0102893
12913.7 0 0.0103287
12913.9 0 0.0103681
12914.1 0 0.0104074
12914.3 0 0.0104468
12914.5 0 0.0104862
12914.7 0 0.0105255
12914.9 0 0.0105649
12915.1 0 0.0106042
12915.3 0 0.0106436
12915.5 0 0.0106829
12915.7 0 0.0107222
12915.9 0 0.0107616
12916 0 0.0108009
12916.2 0 0.0108402
12916.4 0 0.0108795
12916.6 0 0.0109188
12916.7 0 0.0109581
12916.9 0 0.0109973
12917 0 0.0110366
12917.2 0 0.0110759
12917.4 0 0.0111151
12917.5 0 0.0111544
12917.7 0 0.0111936
12917.8 0 0.0112329
12918 0 0.0112721
12918.1 0 0.0113113
12918.2 0 0.0113505
12918.4 0 0.0113897
12918.5 0 0.0114289
12918.7 0 0.0114681
12918.8 0 0.0115073
12918.9 0 0.0115465
12919.1 0 0.0115857
12919.3 0 0.0116248
12919.6 0 0.0116639
12920.2 0 0.0117029
12921.1 0 0.0117418
12922.2 0 0.0117807
12923.4 0 0.0118195
12924.8 0 0.0118582
12926.3 0 0.011897
12927.9 0 0.0119356
12929.8 0 0.0119742
12931.8 0 0.0120127
12933.7 0 0.0120513
12935.7 0 0.0120898
12937.6 0 0.0121283
12939.6 0 0.0121668
12941.8 0 0.0122052
12944.1 0 0.0122436
12946.6 0 0.0122819
12949.3 0 0.0123202
12951.9 0 0.0123584
12954.5 0 0.0123967
12957.1 0 0.0124349
12959.7 0 0.0124731
12962.3 0 0.0125113
12964.9 0 0.0125495
12967.5 0 0.0125877
12970.2 0 0.0126259
12973 0 0.012664
12976 0 0.012702
12979.1 0 0.01274
12982.4 0 0.0127779
12985.6 0 0.0128158
12988.8 0 0.0128536
12992 0 0.0128914
12995.2 0 0.0129292
12998.4 0 0.012967
13001.6 0 0.0130047
13004.8 0 0.0130425
13008 0 0.0130802
13011.2 0 0.013118
13014.4 0 0.0131557
13017.6 0 0.0131934
13020.9 0 0.013231
13024.2 0 0.0132686
13027.7 0 0.0133062
13031.3 0 0.0133437
13035 0 0.0133811
13038.8 0 0.0134185
13042.5 0 0.0134558
13046.3 0 0.0134932
13050 0 0.0135306
13053.7 0 0.0135679
13057.5 0 0.0136052
13061.2 0 0.0136425
13064.9 0 0.0136798
13068.7 0 0.0137171
13072.4 0 0.0137544
13076.1 0 0.0137916
13079.8 0 0.0138288
13083.5 0 0.0138661
13087.2 0 0.0139033
13090.9 0 0.0139404
13094.6 0 0.0139776
13098.4 0 0.0140147
13102.2 0 0.0140518
13106.1 0 0.0140889
13110 0 0.0141258
13114.2 0 0.0141627
13118.4 0 0.0141996
13122.6 0 0.0142364
13126.8 0 0.0142732
13130.9 0 0.01431
13135.1 0 0.0143468
13139.3 0 0.0143835
13143.5 0 0.0144203
13147.6 0 0.014457
13151.8 0 0.0144937
13155.9 0 0.0145304
13160.1 0 0.014567
13164.3 0 0.0146037
13168.4 0 0.0146403
13172.5 0 0.0146769
13176.7 0 0.0147135
13180.8 0 0.01475
13185 0 0.0147866
13189.1 0 0.0148231
13193.2 0 0.0148596
13197.4 0 0.0148961
13201.5 0 0.0149325
13205.6 0 0.014969
13209.7 0 0.0150054
13213.9 0 0.0150418
13218.1 0 0.0150781
13222.4 0 0.0151144
13226.7 0 0.0151506
13231.2 0 0.0151867
13235.7 0 0.0152227
13240.2 0 0.0152588
13244.8 0 0.0152948
13249.3 0 0.0153308
13253.8 0 0.0153667
13258.3 0 0.0154027
13262.8 0 0.0154386
13267.3 0 0.0154745
13271.8 0 0.0155103
13276.3 0 0.0155462
13280.8 0 0.015582
13285.3 0 0.0156178
13289.8 0 0.0156536
13294.3 0 0.0156893
13298.7 0 0.015725
13303.2 0 0.0157607
13307.7 0 0.0157964
13312.2 0 0.015832
13316.6 0 0.0158677
13321.1 0 0.0159032
13325.5 0 0.0159388
13330 0 0.0159743
13334.4 0 0.0160099
13338.9 0 0.0160453
13343.3 0 0.0160808
13347.7 0 0.0161162
13352.2 0 0.0161516
13356.6 0 0.016187
13361 0 0.0162224
13365.5 0 0.0162577
13369.9 0 0.016293
13374.3 0 0.0163283
13378.8 0 0.0163635
13383.3 0 0.0163986
13387.9 0 0.0164337
13392.5 0 0.0164687
13397.2 0 0.0165036
13402 0 0.0165384
13406.7 0 0.0165733
13411.5 0 0.0166081
13416.2 0 0.0166428
13420.9 0 0.0166776
13425.7 0 0.0167123
13430.4 0 0.016747
13435.1 0 0.0167816
13439.8 0 0.0168163
13444.5 0 0.0168509
13449.3 0 0.0168854
13454 0 0.01692
13458.7 0 0.0169545
13463.4 0 0.016989
13468.1 0 0.0170234
13472.8 0 0.0170578
13477.4 0 0.0170922
13482.1 0 0.0171266
13486.8 0 0.0171609
13491.5 0 0.0171952
13496.2 0 0.0172295
13500.8 0 0.0172638
13505.5 0 0.017298
13510.1 0 0.0173321
13514.8 0 0.0173663
13519.5 0 0.0174004
13524.1 0 0.0174345
13528.8 0 0.0174686
13533.4 0 0.0175026
13538 0 0.0175366
13542.7 0 0.0175706
13547.3 0 0.0176045
13551.9 0 0.0176385
13556.6 0 0.0176723
13561.2 0 0.0177062
13565.8 0 0.01774
13570.4 0 0.0177738
13575 0 0.0178076
13579.6 0 0.0178413
13584.2 0 0.017875
13588.8 0 0.0179087
13593.4 0 0.0179424
13598 0 0.0179759
13602.7 0 0.0180095
13607.4 0 0.0180429
13612.1 0 0.0180763
13616.8 0 0.0181096
13621.6 0 0.0181428
13410.3 0 0.0180415
13470.1 0 0.0180333
13494.5 0 0.0180398
