0 -58.4752 -2.26119e-06
634.56 0 6.43854e-06
1173.57 0 1.975e-05
1709.92 0 3.30207e-05
2243.81 0 4.61289e-05
2775.24 0 5.90222e-05
3304.22 0 7.16957e-05
3830.74 0 8.41361e-05
4354.77 0 9.63366e-05
4876.15 0 0.000108299
5394.56 0 0.000120031
5909.16 0 0.000131558
6418.2 0 0.000142936
6918.36 0 0.000154276
7403.99 0 0.000165778
7866.83 0 0.000177725
8297.18 0 0.000190484
8686.59 0 0.000204397
9030.8 0 0.000219672
9330.49 0 0.000236423
9590.04 0 0.000254551
9815.21 0 0.000273957
10011.7 0 0.0002945
10184.8 0 0.000315945
10338.5 0 0.000338174
10475.8 0 0.000361275
10599.4 0 0.000385074
10711.4 0 0.000409564
10812.7 0 0.000435054
10905.5 0 0.000460985
10991.1 0 0.000487309
11070.4 0 0.000513983
11143.9 0 0.000541045
11212.1 0 0.00056862
11276 0 0.000596463
11335.9 0 0.00062455
11392.3 0 0.000652859
11445.5 0 0.000681368
11495.9 0 0.000710061
11543.8 0 0.000738921
11589.3 0 0.000767935
11632.4 0 0.000797219
11673.3 0 0.000826816
11712.4 0 0.00085654
11749.8 0 0.000886379
11785.6 0 0.000916323
11820.1 0 0.000946361
11853.2 0 0.000976486
11885.1 0 0.00100669
11915.6 0 0.00103712
11945 0 0.00106772
11972.9 0 0.0010987
11999.8 0 0.00112977
12025.7 0 0.0011609
12050.7 0 0.00119212
12074.7 0 0.00122362
12097.7 0 0.00125524
12119.8 0 0.0012871
12141.1 0 0.00131899
12161.8 0 0.0013509
12181.9 0 0.00138282
12201.4 0 0.00141476
12220.3 0 0.00144671
12238.6 0 0.00147866
12256.3 0 0.00151063
12273.3 0 0.00154279
12289.7 0 0.00157507
12305.5 0 0.00160735
12320.9 0 0.00163963
12335.7 0 0.00167198
12349.8 0 0.00170457
12363.5 0 0.00173715
12376.5 0 0.00177011
12388.8 0 0.00180346
12400.7 0 0.0018368
12412.4 0 0.00187011
12423.7 0 0.00190341
12434.7 0 0.00193668
12445.5 0 0.00196994
12455.9 0 0.00200316
12466.1 0 0.00203637
12476 0 0.00206956
12485.7 0 0.00210273
12495.1 0 0.00213588
12504.3 0 0.00216901
12513.2 0 0.00220214
12521.8 0 0.00223525
12530.3 0 0.00226834
12538.4 0 0.00230143
12546.4 0 0.00233451
12554.2 0 0.00236758
12561.7 0 0.00240064
12569 0 0.00243368
12576.2 0 0.00246671
12583.1 0 0.00249973
12589.9 0 0.00253273
12596.5 0 0.00256572
12603 0 0.00259868
12609.3 0 0.00263163
12615.5 0 0.00266455
12621.6 0 0.00269745
12627.5 0 0.00273032
12633.3 0 0.00276326
12638.9 0 0.00279639
12644.3 0 0.00282977
12649.5 0 0.00286326
12654.6 0 0.00289677
12659.6 0 0.00293044
12664.4 0 0.00296409
12669.2 0 0.00299772
12673.9 0 0.00303133
12678.6 0 0.00306492
12683.1 0 0.00309849
12687.6 0 0.00313203
12692 0 0.00316557
12696.3 0 0.00319908
12700.6 0 0.00323258
12704.8 0 0.00326607
12708.9 0 0.00329954
12713 0 0.003333
12717 0 0.00336646
12720.9 0 0.0033999
12724.7 0 0.00343334
12728.5 0 0.00346678
12732.1 0 0.00350029
12735.7 0 0.00353388
12739.2 0 0.00356746
12742.7 0 0.00360104
12746 0 0.00363462
12749.3 0 0.0036682
12752.5 0 0.00370188
12755.5 0 0.00373614
12758.3 0 0.00377049
12761.2 0 0.00380484
12763.9 0 0.0038392
12766.6 0 0.00387357
12769.2 0 0.00390795
12771.7 0 0.00394258
12774.1 0 0.00397754
12776.4 0 0.00401251
12778.6 0 0.00404749
12780.8 0 0.00408248
12783 0 0.00411747
12785.1 0 0.00415247
12787.2 0 0.00418747
12789.2 0 0.00422246
12791.2 0 0.00425746
12793.2 0 0.00429245
12795.1 0 0.00432744
12797 0 0.00436242
12798.8 0 0.0043974
12800.6 0 0.00443237
12802.4 0 0.00446732
12804.2 0 0.00450227
12805.9 0 0.00453721
12807.7 0 0.00457213
12809.4 0 0.00460704
12811 0 0.00464194
12812.7 0 0.00467682
12814.3 0 0.00471169
12815.9 0 0.00474654
12817.5 0 0.00478138
12819.1 0 0.0048162
12820.7 0 0.004851
12822.2 0 0.00488579
12823.7 0 0.00492056
12825.2 0 0.00495531
12826.7 0 0.00499005
12828.2 0 0.00502477
12829.7 0 0.00505947
12831.1 0 0.00509415
12832.6 0 0.00512882
12834 0 0.00516347
12835.4 0 0.0051981
12836.8 0 0.00523271
12838.2 0 0.00526731
12839.5 0 0.00530189
12840.9 0 0.00533646
12842.2 0 0.005371
12843.6 0 0.00540554
12844.9 0 0.00544006
12846.2 0 0.00547456
12847.5 0 0.00550905
12848.7 0 0.00554352
12850 0 0.00557798
12851.3 0 0.00561243
12852.5 0 0.00564686
12853.7 0 0.00568128
12855 0 0.00571569
12856.2 0 0.00575009
12857.4 0 0.00578447
12858.5 0 0.00581885
12859.7 0 0.00585321
12860.9 0 0.00588756
12862 0 0.00592189
12863.1 0 0.00595622
12864.3 0 0.00599054
12865.4 0 0.00602485
12866.4 0 0.00605916
12867.5 0 0.00609346
12868.6 0 0.00612776
12869.6 0 0.00616205
12870.7 0 0.00619634
12871.7 0 0.00623063
12872.7 0 0.00626491
12873.7 0 0.0062992
12874.7 0 0.00633348
12875.7 0 0.00636776
12876.6 0 0.00640205
12877.5 0 0.00643633
12878.5 0 0.00647062
12879.4 0 0.00650491
12880.3 0 0.0065392
12881.2 0 0.0065735
12882 0 0.0066078
12882.9 0 0.00664211
12883.7 0 0.00667642
12884.6 0 0.00671074
12885.4 0 0.00674507
12886.2 0 0.0067794
12886.9 0 0.00681374
12887.7 0 0.00684808
12888.5 0 0.00688243
12889.2 0 0.00691679
12889.9 0 0.00695116
12890.6 0 0.00698553
12891.3 0 0.00701992
12892 0 0.00705431
12892.7 0 0.0070887
12893.3 0 0.00712311
12894 0 0.00715752
12894.6 0 0.00719194
12895.2 0 0.00722637
12895.8 0 0.0072608
12896.4 0 0.00729524
12897 0 0.00732969
12897.6 0 0.00736414
12898.1 0 0.0073986
12898.7 0 0.00743307
12899.2 0 0.00746754
12899.8 0 0.00750201
12900.3 0 0.00753652
12900.7 0 0.00757149
12901.2 0 0.00760647
12901.6 0 0.00764145
12902 0 0.00767644
12902.5 0 0.00771143
12902.9 0 0.00774643
12903.3 0 0.00778144
12903.7 0 0.00781644
12904.1 0 0.00785145
12904.5 0 0.00788646
12904.8 0 0.00792148
12905.2 0 0.00795649
12905.5 0 0.00799151
12905.9 0 0.00802653
12906.2 0 0.00806154
12906.6 0 0.00809656
12906.9 0 0.00813158
12907.2 0 0.0081666
12907.5 0 0.00820161
12907.9 0 0.00823662
12908.2 0 0.00827164
12908.5 0 0.00830664
12908.8 0 0.00834165
12909 0 0.00837666
12909.3 0 0.00841166
12909.6 0 0.00844665
12909.9 0 0.00848165
12910.2 0 0.00851664
12910.4 0 0.00855162
12910.7 0 0.0085866
12910.9 0 0.00862158
12911.2 0 0.00865655
12911.4 0 0.00869151
12911.7 0 0.00872647
12911.9 0 0.00876143
12912.2 0 0.00879638
12912.4 0 0.00883132
12912.6 0 0.00886626
12912.9 0 0.0089012
12913.1 0 0.00893612
12913.3 0 0.00897104
12913.5 0 0.00900596
12913.7 0 0.00904086
12913.9 0 0.00907576
12914.1 0 0.00911066
12914.3 0 0.00914555
12914.5 0 0.00918043
12914.7 0 0.0092153
12914.9 0 0.00925017
12915.1 0 0.00928503
12915.3 0 0.00931988
12915.5 0 0.00935473
12915.7 0 0.00938957
12915.9 0 0.0094244
12916 0 0.00945922
12916.2 0 0.00949404
12916.4 0 0.00952885
12916.6 0 0.00956365
12916.7 0 0.00959845
12916.9 0 0.00963324
12917 0 0.00966802
12917.2 0 0.00970279
12917.4 0 0.00973756
12917.5 0 0.00977232
12917.7 0 0.00980707
12917.8 0 0.00984181
12918 0 0.00987655
12918.1 0 0.00991128
12918.2 0 0.009946
12918.4 0 0.00998071
12918.5 0 0.0100154
12918.7 0 0.0100501
12918.8 0 0.0100848
12918.9 0 0.0101195
12919.1 0 0.0101542
12919.3 0 0.0101888
12919.6 0 0.0102234
12920.2 0 0.0102579
12921.1 0 0.0102923
12922.2 0 0.0103267
12923.4 0 0.010361
12924.8 0 0.0103952
12926.3 0 0.0104294
12927.9 0 0.0104635
12929.8 0 0.0104976
12931.8 0 0.0105316
12933.7 0 0.0105656
12935.7 0 0.0105996
12937.6 0 0.0106336
12939.6 0 0.0106675
12941.8 0 0.0107014
12944.1 0 0.0107353
12946.6 0 0.010769
12949.3 0 0.0108028
12951.9 0 0.0108365
12954.5 0 0.0108702
12957.1 0 0.0109038
12959.7 0 0.0109375
12962.3 0 0.0109712
12964.9 0 0.0110048
12967.5 0 0.0110385
12970.2 0 0.0110721
12973 0 0.0111056
12976 0 0.0111391
12979.1 0 0.0111725
12982.4 0 0.0112059
12985.6 0 0.0112392
12988.8 0 0.0112725
12992 0 0.0113058
12995.2 0 0.011339
12998.4 0 0.0113723
13001.6 0 0.0114055
13004.8 0 0.0114387
13008 0 0.0114719
13011.2 0 0.0115051
13014.4 0 0.0115383
13017.6 0 0.0115715
13020.9 0 0.0116046
13024.2 0 0.0116376
13027.7 0 0.0116706
13031.3 0 0.0117036
13035 0 0.0117364
13038.8 0 0.0117693
13042.5 0 0.0118021
13046.3 0 0.011835
13050 0 0.0118678
13053.7 0 0.0119005
13057.5 0 0.0119333
13061.2 0 0.0119661
13064.9 0 0.0119988
13068.7 0 0.0120316
13072.4 0 0.0120643
13076.1 0 0.012097
13079.8 0 0.0121296
13083.5 0 0.0121623
13087.2 0 0.012195
13090.9 0 0.0122276
13094.6 0 0.0122602
13098.4 0 0.0122928
13102.2 0 0.0123253
13106.1 0 0.0123578
13110 0 0.0123902
13114.2 0 0.0124225
13118.4 0 0.0124548
13122.6 0 0.0124871
13126.8 0 0.0125193
13130.9 0 0.0125515
13135.1 0 0.0125837
13139.3 0 0.0126159
13143.5 0 0.0126481
13147.6 0 0.0126802
13151.8 0 0.0127124
13155.9 0 0.0127445
13160.1 0 0.0127766
13164.3 0 0.0128086
13168.4 0 0.0128407
13172.5 0 0.0128727
13176.7 0 0.0129047
13180.8 0 0.0129367
13185 0 0.0129687
13189.1 0 0.0130006
13193.2 0 0.0130325
13197.4 0 0.0130644
13201.5 0 0.0130963
13205.6 0 0.0131282
13209.7 0 0.01316
13213.9 0 0.0131918
13218.1 0 0.0132235
13222.4 0 0.0132552
13226.7 0 0.0132868
13231.2 0 0.0133183
13235.7 0 0.0133498
13240.2 0 0.0133812
13244.8 0 0.0134126
13249.3 0 0.013444
13253.8 0 0.0134754
13258.3 0 0.0135067
13262.8 0 0.013538
13267.3 0 0.0135693
13271.8 0 0.0136006
13276.3 0 0.0136318
13280.8 0 0.013663
13285.3 0 0.0136942
13289.8 0 0.0137254
13294.3 0 0.0137565
13298.7 0 0.0137876
13303.2 0 0.0138187
13307.7 0 0.0138497
13312.2 0 0.0138807
13316.6 0 0.0139117
13321.1 0 0.0139427
13325.5 0 0.0139736
13330 0 0.0140046
13334.4 0 0.0140354
13338.9 0 0.0140663
13343.3 0 0.0140971
13347.7 0 0.0141279
13352.2 0 0.0141587
13356.6 0 0.0141895
13361 0 0.0142202
13365.5 0 0.0142509
13369.9 0 0.0142816
13374.3 0 0.0143122
13378.8 0 0.0143428
13383.3 0 0.0143733
13387.9 0 0.0144037
13392.5 0 0.0144341
13397.2 0 0.0144643
13402 0 0.0144945
13406.7 0 0.0145247
13411.5 0 0.0145549
13416.2 0 0.014585
13420.9 0 0.0146151
13425.7 0 0.0146452
13430.4 0 0.0146752
13435.1 0 0.0147052
13439.8 0 0.0147352
13444.5 0 0.0147651
13449.3 0 0.014795
13454 0 0.0148249
13458.7 0 0.0148547
13463.4 0 0.0148846
13468.1 0 0.0149144
13472.8 0 0.0149441
13477.4 0 0.0149738
13482.1 0 0.0150035
13486.8 0 0.0150332
13491.5 0 0.0150628
13496.2 0 0.0150924
13500.8 0 0.015122
13505.5 0 0.0151516
13510.1 0 0.0151811
13514.8 0 0.0152105
13519.5 0 0.01524
13524.1 0 0.0152694
13528.8 0 0.0152988
13533.4 0 0.0153282
13538 0 0.0153575
13542.7 0 0.0153868
13547.3 0 0.0154161
13551.9 0 0.0154453
13556.6 0 0.0154745
13561.2 0 0.0155037
13565.8 0 0.0155328
13570.4 0 0.0155619
13575 0 0.015591
13579.6 0 0.0156201
13584.2 0 0.0156491
13588.8 0 0.0156781
13593.4 0 0.015707
13598 0 0.015736
13602.7 0 0.0157648
13607.4 0 0.0157936
13612.1 0 0.0158223
13616.8 0 0.015851
13621.6 0 0.0158795
13410.3 0 0.0157732
13470.1 0 0.0157601
13494.5 0 0.0157617
