0 -58.4752 -2.26119e-06
634.56 0 3.84525e-06
1173.57 0 1.45783e-05
1709.92 0 2.52682e-05
2243.81 0 3.57967e-05
2775.24 0 4.6109e-05
3304.22 0 5.61999e-05
3830.74 0 6.60575e-05
4354.77 0 7.56753e-05
4876.15 0 8.50548e-05
5394.56 0 9.42046e-05
5909.16 0 0.000103149
6418.2 0 0.000111945
6918.36 0 0.000120703
7403.99 0 0.000129623
7866.83 0 0.000138988
8297.18 0 0.000149164
8686.59 0 0.000160493
9030.8 0 0.000173185
9330.49 0 0.000187357
9590.04 0 0.00020291
9815.21 0 0.000219755
10011.7 0 0.00023776
10184.8 0 0.000256672
10338.5 0 0.000276366
10475.8 0 0.000296872
10599.4 0 0.000318051
10711.4 0 0.000339898
10812.7 0 0.000362785
10905.5 0 0.00038611
10991.1 0 0.000409826
11070.4 0 0.00043389
11143.9 0 0.000458339
11212.1 0 0.000483298
11276 0 0.000508524
11335.9 0 0.000533991
11392.3 0 0.000559679
11445.5 0 0.000585566
11495.9 0 0.000611636
11543.8 0 0.000637872
11589.3 0 0.00066426
11632.4 0 0.000690924
11673.3 0 0.000717908
11712.4 0 0.000745017
11749.8 0 0.000772242
11785.6 0 0.000799572
11820.1 0 0.000826995
11853.2 0 0.000854504
11885.1 0 0.000882091
11915.6 0 0.000909952
11945 0 0.000938017
11972.9 0 0.00096644
11999.8 0 0.000994948
12025.7 0 0.00102351
12050.7 0 0.00105218
12074.7 0 0.00108118
12097.7 0 0.00111028
12119.8 0 0.00113957
12141.1 0 0.00116889
12161.8 0 0.00119823
12181.9 0 0.00122759
12201.4 0 0.00125696
12220.3 0 0.00128635
12238.6 0 0.00131574
12256.3 0 0.00134514
12273.3 0 0.00137473
12289.7 0 0.00140444
12305.5 0 0.00143414
12320.9 0 0.00146384
12335.7 0 0.00149359
12349.8 0 0.00152349
12363.5 0 0.00155338
12376.5 0 0.00158375
12388.8 0 0.00161458
12400.7 0 0.0016454
12412.4 0 0.0016762
12423.7 0 0.00170698
12434.7 0 0.00173774
12445.5 0 0.00176847
12455.9 0 0.00179919
12466.1 0 0.00182988
12476 0 0.00186055
12485.7 0 0.00189121
12495.1 0 0.00192185
12504.3 0 0.00195247
12513.2 0 0.00198309
12521.8 0 0.00201369
12530.3 0 0.00204428
12538.4 0 0.00207486
12546.4 0 0.00210543
12554.2 0 0.002136
12561.7 0 0.00216655
12569 0 0.00219709
12576.2 0 0.00222762
12583.1 0 0.00225814
12589.9 0 0.00228864
12596.5 0 0.00231912
12603 0 0.00234959
12609.3 0 0.00238003
12615.5 0 0.00241045
12621.6 0 0.00244085
12627.5 0 0.00247123
12633.3 0 0.00250169
12638.9 0 0.00253237
12644.3 0 0.00256338
12649.5 0 0.00259452
12654.6 0 0.00262567
12659.6 0 0.00265693
12664.4 0 0.00268816
12669.2 0 0.00271937
12673.9 0 0.00275056
12678.6 0 0.00278173
12683.1 0 0.00281289
12687.6 0 0.00284403
12692 0 0.00287515
12696.3 0 0.00290626
12700.6 0 0.00293735
12704.8 0 0.00296843
12708.9 0 0.00299951
12713 0 0.00303057
12717 0 0.00306163
12720.9 0 0.00309268
12724.7 0 0.00312373
12728.5 0 0.00315478
12732.1 0 0.00318587
12735.7 0 0.00321699
12739.2 0 0.00324812
12742.7 0 0.00327924
12746 0 0.00331036
12749.3 0 0.00334149
12752.5 0 0.00337269
12755.5 0 0.00340436
12758.3 0 0.0034361
12761.2 0 0.00346785
12763.9 0 0.0034996
12766.6 0 0.00353136
12769.2 0 0.00356313
12771.7 0 0.00359516
12774.1 0 0.00362753
12776.4 0 0.00365991
12778.6 0 0.0036923
12780.8 0 0.00372469
12783 0 0.00375708
12785.1 0 0.00378947
12787.2 0 0.00382186
12789.2 0 0.00385426
12791.2 0 0.00388664
12793.2 0 0.00391903
12795.1 0 0.0039514
12797 0 0.00398377
12798.8 0 0.00401613
12800.6 0 0.00404848
12802.4 0 0.00408082
12804.2 0 0.00411315
12805.9 0 0.00414547
12807.7 0 0.00417777
12809.4 0 0.00421006
12811 0 0.00424233
12812.7 0 0.00427459
12814.3 0 0.00430684
12815.9 0 0.00433906
12817.5 0 0.00437128
12819.1 0 0.00440347
12820.7 0 0.00443565
12822.2 0 0.00446781
12823.7 0 0.00449996
12825.2 0 0.00453208
12826.7 0 0.00456419
12828.2 0 0.00459629
12829.7 0 0.00462836
12831.1 0 0.00466042
12832.6 0 0.00469246
12834 0 0.00472448
12835.4 0 0.00475649
12836.8 0 0.00478848
12838.2 0 0.00482045
12839.5 0 0.00485241
12840.9 0 0.00488435
12842.2 0 0.00491628
12843.6 0 0.00494819
12844.9 0 0.00498009
12846.2 0 0.00501197
12847.5 0 0.00504383
12848.7 0 0.00507569
12850 0 0.00510752
12851.3 0 0.00513935
12852.5 0 0.00517116
12853.7 0 0.00520297
12855 0 0.00523476
12856.2 0 0.00526654
12857.4 0 0.0052983
12858.5 0 0.00533006
12859.7 0 0.00536181
12860.9 0 0.00539353
12862 0 0.00542525
12863.1 0 0.00545696
12864.3 0 0.00548866
12865.4 0 0.00552035
12866.4 0 0.00555204
12867.5 0 0.00558372
12868.6 0 0.0056154
12869.6 0 0.00564708
12870.7 0 0.00567875
12871.7 0 0.00571042
12872.7 0 0.00574209
12873.7 0 0.00577375
12874.7 0 0.00580542
12875.7 0 0.00583709
12876.6 0 0.00586875
12877.5 0 0.00590042
12878.5 0 0.00593209
12879.4 0 0.00596377
12880.3 0 0.00599544
12881.2 0 0.00602712
12882 0 0.00605881
12882.9 0 0.0060905
12883.7 0 0.00612219
12884.6 0 0.00615389
12885.4 0 0.0061856
12886.2 0 0.00621731
12886.9 0 0.00624902
12887.7 0 0.00628075
12888.5 0 0.00631248
12889.2 0 0.00634421
12889.9 0 0.00637596
12890.6 0 0.00640771
12891.3 0 0.00643947
12892 0 0.00647123
12892.7 0 0.006503
12893.3 0 0.00653478
12894 0 0.00656656
12894.6 0 0.00659835
12895.2 0 0.00663015
12895.8 0 0.00666195
12896.4 0 0.00669376
12897 0 0.00672557
12897.6 0 0.00675739
12898.1 0 0.00678921
12898.7 0 0.00682104
12899.2 0 0.00685287
12899.8 0 0.0068847
12900.3 0 0.00691658
12900.7 0 0.00694896
12901.2 0 0.00698134
12901.6 0 0.00701373
12902 0 0.00704612
12902.5 0 0.00707852
12902.9 0 0.00711092
12903.3 0 0.00714332
12903.7 0 0.00717573
12904.1 0 0.00720814
12904.5 0 0.00724055
12904.8 0 0.00727297
12905.2 0 0.00730539
12905.5 0 0.0073378
12905.9 0 0.00737022
12906.2 0 0.00740264
12906.6 0 0.00743505
12906.9 0 0.00746747
12907.2 0 0.00749988
12907.5 0 0.0075323
12907.9 0 0.00756471
12908.2 0 0.00759712
12908.5 0 0.00762952
12908.8 0 0.00766192
12909 0 0.00769432
12909.3 0 0.00772672
12909.6 0 0.00775912
12909.9 0 0.0077915
12910.2 0 0.00782389
12910.4 0 0.00785627
12910.7 0 0.00788865
12910.9 0 0.00792102
12911.2 0 0.00795339
12911.4 0 0.00798575
12911.7 0 0.0080181
12911.9 0 0.00805045
12912.2 0 0.0080828
12912.4 0 0.00811514
12912.6 0 0.00814747
12912.9 0 0.0081798
12913.1 0 0.00821212
12913.3 0 0.00824444
12913.5 0 0.00827675
12913.7 0 0.00830905
12913.9 0 0.00834135
12914.1 0 0.00837364
12914.3 0 0.00840592
12914.5 0 0.0084382
12914.7 0 0.00847047
12914.9 0 0.00850273
12915.1 0 0.00853499
12915.3 0 0.00856724
12915.5 0 0.00859948
12915.7 0 0.00863172
12915.9 0 0.00866395
12916 0 0.00869617
12916.2 0 0.00872838
12916.4 0 0.00876059
12916.6 0 0.00879279
12916.7 0 0.00882499
12916.9 0 0.00885717
12917 0 0.00888935
12917.2 0 0.00892152
12917.4 0 0.00895369
12917.5 0 0.00898584
12917.7 0 0.00901799
12917.8 0 0.00905014
12918 0 0.00908227
12918.1 0 0.0091144
12918.2 0 0.00914652
12918.4 0 0.00917863
12918.5 0 0.00921074
12918.7 0 0.00924284
12918.8 0 0.00927493
12918.9 0 0.00930701
12919.1 0 0.00933908
12919.3 0 0.00937113
12919.6 0 0.00940313
12920.2 0 0.00943505
12921.1 0 0.00946687
12922.2 0 0.00949862
12923.4 0 0.00953032
12924.8 0 0.00956197
12926.3 0 0.00959358
12927.9 0 0.00962513
12929.8 0 0.00965659
12931.8 0 0.00968803
12933.7 0 0.00971946
12935.7 0 0.00975088
12937.6 0 0.00978228
12939.6 0 0.00981365
12941.8 0 0.00984497
12944.1 0 0.00987624
12946.6 0 0.00990743
12949.3 0 0.00993857
12951.9 0 0.00996971
12954.5 0 0.0100008
12957.1 0 0.0100319
12959.7 0 0.0100631
12962.3 0 0.0100941
12964.9 0 0.0101252
12967.5 0 0.0101563
12970.2 0 0.0101873
12973 0 0.0102183
12976 0 0.0102492
12979.1 0 0.0102801
12982.4 0 0.0103109
12985.6 0 0.0103417
12988.8 0 0.0103724
12992 0 0.0104031
12995.2 0 0.0104337
12998.4 0 0.0104644
13001.6 0 0.0104951
13004.8 0 0.0105257
13008 0 0.0105563
13011.2 0 0.0105869
13014.4 0 0.0106175
13017.6 0 0.0106481
13020.9 0 0.0106787
13024.2 0 0.0107092
13027.7 0 0.0107396
13031.3 0 0.01077
13035 0 0.0108003
13038.8 0 0.0108305
13042.5 0 0.0108608
13046.3 0 0.010891
13050 0 0.0109213
13053.7 0 0.0109515
13057.5 0 0.0109817
13061.2 0 0.0110119
13064.9 0 0.0110421
13068.7 0 0.0110722
13072.4 0 0.0111024
13076.1 0 0.0111325
13079.8 0 0.0111626
13083.5 0 0.0111927
13087.2 0 0.0112228
13090.9 0 0.0112529
13094.6 0 0.0112829
13098.4 0 0.0113129
13102.2 0 0.0113429
13106.1 0 0.0113728
13110 0 0.0114027
13114.2 0 0.0114324
13118.4 0 0.0114621
13122.6 0 0.0114918
13126.8 0 0.0115215
13130.9 0 0.0115512
13135.1 0 0.0115808
13139.3 0 0.0116105
13143.5 0 0.0116401
13147.6 0 0.0116697
13151.8 0 0.0116992
13155.9 0 0.0117288
13160.1 0 0.0117583
13164.3 0 0.0117878
13168.4 0 0.0118173
13172.5 0 0.0118468
13176.7 0 0.0118763
13180.8 0 0.0119057
13185 0 0.0119351
13189.1 0 0.0119645
13193.2 0 0.0119939
13197.4 0 0.0120232
13201.5 0 0.0120526
13205.6 0 0.0120819
13209.7 0 0.0121112
13213.9 0 0.0121404
13218.1 0 0.0121696
13222.4 0 0.0121987
13226.7 0 0.0122278
13231.2 0 0.0122567
13235.7 0 0.0122857
13240.2 0 0.0123146
13244.8 0 0.0123434
13249.3 0 0.0123723
13253.8 0 0.0124011
13258.3 0 0.0124299
13262.8 0 0.0124587
13267.3 0 0.0124874
13271.8 0 0.0125162
13276.3 0 0.0125449
13280.8 0 0.0125735
13285.3 0 0.0126022
13289.8 0 0.0126308
13294.3 0 0.0126594
13298.7 0 0.012688
13303.2 0 0.0127165
13307.7 0 0.0127451
13312.2 0 0.0127736
13316.6 0 0.012802
13321.1 0 0.0128305
13325.5 0 0.0128589
13330 0 0.0128873
13334.4 0 0.0129156
13338.9 0 0.012944
13343.3 0 0.0129723
13347.7 0 0.0130006
13352.2 0 0.0130288
13356.6 0 0.0130571
13361 0 0.0130853
13365.5 0 0.0131134
13369.9 0 0.0131416
13374.3 0 0.0131697
13378.8 0 0.0131977
13383.3 0 0.0132257
13387.9 0 0.0132536
13392.5 0 0.0132815
13397.2 0 0.0133092
13402 0 0.0133369
13406.7 0 0.0133646
13411.5 0 0.0133922
13416.2 0 0.0134198
13420.9 0 0.0134474
13425.7 0 0.013475
13430.4 0 0.0135025
13435.1 0 0.01353
13439.8 0 0.0135575
13444.5 0 0.0135849
13449.3 0 0.0136123
13454 0 0.0136397
13458.7 0 0.013667
13463.4 0 0.0136944
13468.1 0 0.0137216
13472.8 0 0.0137489
13477.4 0 0.0137761
13482.1 0 0.0138033
13486.8 0 0.0138305
13491.5 0 0.0138576
13496.2 0 0.0138847
13500.8 0 0.0139118
13505.5 0 0.0139388
13510.1 0 0.0139659
13514.8 0 0.0139928
13519.5 0 0.0140198
13524.1 0 0.0140467
13528.8 0 0.0140736
13533.4 0 0.0141005
13538 0 0.0141273
13542.7 0 0.0141541
13547.3 0 0.0141809
13551.9 0 0.0142076
13556.6 0 0.0142343
13561.2 0 0.014261
13565.8 0 0.0142877
13570.4 0 0.0143143
13575 0 0.0143409
13579.6 0 0.0143674
13584.2 0 0.014394
13588.8 0 0.0144205
13593.4 0 0.0144469
13598 0 0.0144734
13602.7 0 0.0144997
13607.4 0 0.014526
13612.1 0 0.0145522
13616.8 0 0.0145784
13621.6 0 0.0146044
13410.3 0 0.0144958
13470.1 0 0.0144803
13494.5 0 0.0144796
