0 -58.4752 -2.26119e-06
634.56 -268.955 -1.04032e-05
1173.57 -360.333 -1.39401e-05
1709.92 -452.697 -1.75167e-05
2243.81 -549.22 -2.12565e-05
2775.24 -651.209 -2.52103e-05
3304.22 -758.776 -2.93835e-05
3830.74 -872.255 -3.37895e-05
4354.77 -991.805 -3.84354e-05
4876.15 -1117.36 -4.33199e-05
5394.56 -1248.68 -4.84343e-05
5909.16 -1385.1 -5.37539e-05
6418.2 -1525.15 -5.92227e-05
6918.36 -1665.96 -6.47292e-05
7403.99 -1802.42 -7.00734e-05
7866.83 -1927.34 -7.4973e-05
8297.18 -2031.42 -7.90609e-05
8686.59 -2106.04 -8.19946e-05
9030.8 -2145.96 -8.35654e-05
9330.49 -2148.42 -8.36621e-05
9590.04 -2115.36 -8.23839e-05
9815.21 -2049.47 -7.98357e-05
10011.7 -1954.38 -7.61588e-05
10184.8 -1836.04 -7.1583e-05
10338.5 -1697.4 -6.62222e-05
10475.8 -1535.5 -5.99617e-05
10599.4 -1355.26 -5.2992e-05
10711.4 -1156.89 -4.53218e-05
10812.7 -933.105 -3.66683e-05
10905.5 -697.898 -2.75733e-05
10991.1 -452.516 -1.80849e-05
11070.4 -198.024 -8.24418e-06
11143.9 0 1.98469e-06
11212.1 0 1.27278e-05
11276 0 2.37403e-05
11335.9 0 3.49974e-05
11392.3 0 4.64768e-05
11445.5 0 5.81577e-05
11495.9 0 7.00222e-05
11543.8 0 8.20546e-05
11589.3 0 9.42411e-05
11632.4 0 0.000106696
11673.3 0 0.000119461
11712.4 0 0.000132352
11749.8 0 0.000145359
11785.6 0 0.000158471
11820.1 0 0.000171678
11853.2 0 0.00018497
11885.1 0 0.000198341
11915.6 0 0.000211918
11945 0 0.00022565
11972.9 0 0.000239778
11999.8 0 0.000253993
12025.7 0 0.000268265
12050.7 0 0.000282627
12074.7 0 0.000297242
12097.7 0 0.000311992
12119.8 0 0.000326997
12141.1 0 0.000342029
12161.8 0 0.000357083
12181.9 0 0.000372154
12201.4 0 0.000387238
12220.3 0 0.000402332
12238.6 0 0.000417434
12256.3 0 0.00043254
12273.3 0 0.000447856
12289.7 0 0.000463285
12305.5 0 0.000478714
12320.9 0 0.000494138
12335.7 0 0.000509655
12349.8 0 0.000525449
12363.5 0 0.000541231
12376.5 0 0.000557344
12388.8 0 0.000573822
12400.7 0 0.000590282
12412.4 0 0.000606724
12423.7 0 0.000623144
12434.7 0 0.000639542
12445.5 0 0.000655916
12455.9 0 0.000672268
12466.1 0 0.000688598
12476 0 0.000704907
12485.7 0 0.000721197
12495.1 0 0.000737469
12504.3 0 0.000753726
12513.2 0 0.000769968
12521.8 0 0.000786198
12530.3 0 0.000802416
12538.4 0 0.000818623
12546.4 0 0.00083482
12554.2 0 0.000851005
12561.7 0 0.00086718
12569 0 0.000883342
12576.2 0 0.000899491
12583.1 0 0.000915625
12589.9 0 0.000931744
12596.5 0 0.000947844
12603 0 0.000963926
12609.3 0 0.000979987
12615.5 0 0.000996026
12621.6 0 0.00101204
12627.5 0 0.00102803
12633.3 0 0.00104408
12638.9 0 0.0010603
12644.3 0 0.00107674
12649.5 0 0.00109327
12654.6 0 0.00110983
12659.6 0 0.00112659
12664.4 0 0.00114332
12669.2 0 0.00116002
12673.9 0 0.00117671
12678.6 0 0.00119338
12683.1 0 0.00121002
12687.6 0 0.00122664
12692 0 0.00124325
12696.3 0 0.00125984
12700.6 0 0.00127641
12704.8 0 0.00129297
12708.9 0 0.00130952
12713 0 0.00132605
12717 0 0.00134257
12720.9 0 0.00135909
12724.7 0 0.00137559
12728.5 0 0.00139209
12732.1 0 0.00140868
12735.7 0 0.00142537
12739.2 0 0.00144205
12742.7 0 0.00145873
12746 0 0.00147541
12749.3 0 0.00149208
12752.5 0 0.00150887
12755.5 0 0.00152629
12758.3 0 0.0015438
12761.2 0 0.00156131
12763.9 0 0.00157884
12766.6 0 0.00159637
12769.2 0 0.00161391
12771.7 0 0.00163171
12774.1 0 0.00164983
12776.4 0 0.00166796
12778.6 0 0.0016861
12780.8 0 0.00170425
12783 0 0.0017224
12785.1 0 0.00174056
12787.2 0 0.00175872
12789.2 0 0.00177688
12791.2 0 0.00179504
12793.2 0 0.0018132
12795.1 0 0.00183135
12797 0 0.0018495
12798.8 0 0.00186765
12800.6 0 0.00188578
12802.4 0 0.00190391
12804.2 0 0.00192203
12805.9 0 0.00194013
12807.7 0 0.00195823
12809.4 0 0.00197631
12811 0 0.00199438
12812.7 0 0.00201243
12814.3 0 0.00203048
12815.9 0 0.0020485
12817.5 0 0.00206651
12819.1 0 0.0020845
12820.7 0 0.00210248
12822.2 0 0.00212044
12823.7 0 0.00213838
12825.2 0 0.00215631
12826.7 0 0.00217422
12828.2 0 0.00219211
12829.7 0 0.00220998
12831.1 0 0.00222784
12832.6 0 0.00224567
12834 0 0.0022635
12835.4 0 0.0022813
12836.8 0 0.00229909
12838.2 0 0.00231686
12839.5 0 0.00233461
12840.9 0 0.00235235
12842.2 0 0.00237007
12843.6 0 0.00238777
12844.9 0 0.00240546
12846.2 0 0.00242314
12847.5 0 0.0024408
12848.7 0 0.00245844
12850 0 0.00247607
12851.3 0 0.00249369
12852.5 0 0.00251129
12853.7 0 0.00252888
12855 0 0.00254646
12856.2 0 0.00256403
12857.4 0 0.00258158
12858.5 0 0.00259913
12859.7 0 0.00261666
12860.9 0 0.00263418
12862 0 0.00265168
12863.1 0 0.00266918
12864.3 0 0.00268667
12865.4 0 0.00270415
12866.4 0 0.00272163
12867.5 0 0.0027391
12868.6 0 0.00275657
12869.6 0 0.00277403
12870.7 0 0.00279149
12871.7 0 0.00280894
12872.7 0 0.0028264
12873.7 0 0.00284385
12874.7 0 0.0028613
12875.7 0 0.00287876
12876.6 0 0.00289621
12877.5 0 0.00291366
12878.5 0 0.00293112
12879.4 0 0.00294858
12880.3 0 0.00296604
12881.2 0 0.00298351
12882 0 0.00300098
12882.9 0 0.00301846
12883.7 0 0.00303594
12884.6 0 0.00305343
12885.4 0 0.00307092
12886.2 0 0.00308842
12886.9 0 0.00310593
12887.7 0 0.00312345
12888.5 0 0.00314097
12889.2 0 0.0031585
12889.9 0 0.00317604
12890.6 0 0.00319359
12891.3 0 0.00321114
12892 0 0.00322871
12892.7 0 0.00324628
12893.3 0 0.00326386
12894 0 0.00328144
12894.6 0 0.00329904
12895.2 0 0.00331664
12895.8 0 0.00333425
12896.4 0 0.00335187
12897 0 0.00336949
12897.6 0 0.00338712
12898.1 0 0.00340476
12898.7 0 0.0034224
12899.2 0 0.00344005
12899.8 0 0.0034577
12900.3 0 0.0034754
12900.7 0 0.00349352
12901.2 0 0.00351166
12901.6 0 0.0035298
12902 0 0.00354795
12902.5 0 0.0035661
12902.9 0 0.00358426
12903.3 0 0.00360242
12903.7 0 0.00362059
12904.1 0 0.00363876
12904.5 0 0.00365693
12904.8 0 0.0036751
12905.2 0 0.00369328
12905.5 0 0.00371146
12905.9 0 0.00372964
12906.2 0 0.00374782
12906.6 0 0.003766
12906.9 0 0.00378418
12907.2 0 0.00380236
12907.5 0 0.00382053
12907.9 0 0.00383871
12908.2 0 0.00385688
12908.5 0 0.00387506
12908.8 0 0.00389323
12909 0 0.00391139
12909.3 0 0.00392956
12909.6 0 0.00394772
12909.9 0 0.00396587
12910.2 0 0.00398402
12910.4 0 0.00400217
12910.7 0 0.00402032
12910.9 0 0.00403846
12911.2 0 0.00405659
12911.4 0 0.00407472
12911.7 0 0.00409284
12911.9 0 0.00411096
12912.2 0 0.00412908
12912.4 0 0.00414718
12912.6 0 0.00416529
12912.9 0 0.00418338
12913.1 0 0.00420147
12913.3 0 0.00421955
12913.5 0 0.00423763
12913.7 0 0.0042557
12913.9 0 0.00427377
12914.1 0 0.00429182
12914.3 0 0.00430987
12914.5 0 0.00432792
12914.7 0 0.00434596
12914.9 0 0.00436399
12915.1 0 0.00438201
12915.3 0 0.00440003
12915.5 0 0.00441803
12915.7 0 0.00443604
12915.9 0 0.00445403
12916 0 0.00447202
12916.2 0 0.00449
12916.4 0 0.00450797
12916.6 0 0.00452594
12916.7 0 0.0045439
12916.9 0 0.00456185
12917 0 0.00457979
12917.2 0 0.00459773
12917.4 0 0.00461565
12917.5 0 0.00463357
12917.7 0 0.00465149
12917.8 0 0.00466939
12918 0 0.00468729
12918.1 0 0.00470518
12918.2 0 0.00472306
12918.4 0 0.00474094
12918.5 0 0.00475881
12918.7 0 0.00477667
12918.8 0 0.00479452
12918.9 0 0.00481236
12919.1 0 0.0048302
12919.3 0 0.004848
12919.6 0 0.00486576
12920.2 0 0.00488344
12921.1 0 0.00490101
12922.2 0 0.0049185
12923.4 0 0.00493594
12924.8 0 0.00495334
12926.3 0 0.00497069
12927.9 0 0.00498798
12929.8 0 0.00500518
12931.8 0 0.00502235
12933.7 0 0.00503951
12935.7 0 0.00505666
12937.6 0 0.0050738
12939.6 0 0.0050909
12941.8 0 0.00510795
12944.1 0 0.00512494
12946.6 0 0.00514185
12949.3 0 0.00515872
12951.9 0 0.00517557
12954.5 0 0.00519242
12957.1 0 0.00520925
12959.7 0 0.00522607
12962.3 0 0.00524288
12964.9 0 0.00525968
12967.5 0 0.00527647
12970.2 0 0.00529321
12973 0 0.0053099
12976 0 0.00532654
12979.1 0 0.00534309
12982.4 0 0.0053596
12985.6 0 0.0053761
12988.8 0 0.00539253
12992 0 0.00540895
12995.2 0 0.00542535
12998.4 0 0.00544175
13001.6 0 0.00545813
13004.8 0 0.00547449
13008 0 0.00549085
13011.2 0 0.00550719
13014.4 0 0.00552352
13017.6 0 0.00553983
13020.9 0 0.0055561
13024.2 0 0.00557231
13027.7 0 0.00558847
13031.3 0 0.00560457
13035 0 0.00562057
13038.8 0 0.00563657
13042.5 0 0.00565255
13046.3 0 0.00566852
13050 0 0.00568448
13053.7 0 0.00570041
13057.5 0 0.00571634
13061.2 0 0.00573224
13064.9 0 0.00574813
13068.7 0 0.00576401
13072.4 0 0.00577987
13076.1 0 0.00579571
13079.8 0 0.00581154
13083.5 0 0.00582735
13087.2 0 0.00584314
13090.9 0 0.00585892
13094.6 0 0.00587468
13098.4 0 0.00589041
13102.2 0 0.00590608
13106.1 0 0.0059217
13110 0 0.00593726
13114.2 0 0.00595272
13118.4 0 0.00596814
13122.6 0 0.00598355
13126.8 0 0.00599894
13130.9 0 0.0060143
13135.1 0 0.00602965
13139.3 0 0.00604498
13143.5 0 0.00606029
13147.6 0 0.00607558
13151.8 0 0.00609084
13155.9 0 0.00610609
13160.1 0 0.00612132
13164.3 0 0.00613653
13168.4 0 0.00615171
13172.5 0 0.00616688
13176.7 0 0.00618203
13180.8 0 0.00619715
13185 0 0.00621225
13189.1 0 0.00622733
13193.2 0 0.00624239
13197.4 0 0.00625743
13201.5 0 0.00627245
13205.6 0 0.00628744
13209.7 0 0.00630242
13213.9 0 0.00631734
13218.1 0 0.00633221
13222.4 0 0.00634702
13226.7 0 0.00636178
13231.2 0 0.00637643
13235.7 0 0.00639103
13240.2 0 0.0064056
13244.8 0 0.00642014
13249.3 0 0.00643466
13253.8 0 0.00644916
13258.3 0 0.00646363
13262.8 0 0.00647807
13267.3 0 0.00649249
13271.8 0 0.00650688
13276.3 0 0.00652125
13280.8 0 0.00653559
13285.3 0 0.0065499
13289.8 0 0.00656419
13294.3 0 0.00657845
13298.7 0 0.00659268
13303.2 0 0.00660689
13307.7 0 0.00662107
13312.2 0 0.00663522
13316.6 0 0.00664934
13321.1 0 0.00666344
13325.5 0 0.00667751
13330 0 0.00669155
13334.4 0 0.00670557
13338.9 0 0.00671956
13343.3 0 0.00673352
13347.7 0 0.00674745
13352.2 0 0.00676136
13356.6 0 0.00677523
13361 0 0.00678908
13365.5 0 0.0068029
13369.9 0 0.00681669
13374.3 0 0.00683044
13378.8 0 0.00684413
13383.3 0 0.00685776
13387.9 0 0.00687133
13392.5 0 0.00688483
13397.2 0 0.00689821
13402 0 0.00691155
13406.7 0 0.00692485
13411.5 0 0.00693813
13416.2 0 0.00695137
13420.9 0 0.00696459
13425.7 0 0.00697777
13430.4 0 0.00699092
13435.1 0 0.00700404
13439.8 0 0.00701713
13444.5 0 0.00703019
13449.3 0 0.00704322
13454 0 0.00705622
13458.7 0 0.00706918
13463.4 0 0.00708212
13468.1 0 0.00709502
13472.8 0 0.0071079
13477.4 0 0.00712074
13482.1 0 0.00713355
13486.8 0 0.00714634
13491.5 0 0.00715909
13496.2 0 0.00717181
13500.8 0 0.00718449
13505.5 0 0.00719715
13510.1 0 0.00720978
13514.8 0 0.00722237
13519.5 0 0.00723494
13524.1 0 0.00724747
13528.8 0 0.00725998
13533.4 0 0.00727245
13538 0 0.00728489
13542.7 0 0.0072973
13547.3 0 0.00730968
13551.9 0 0.00732203
13556.6 0 0.00733435
13561.2 0 0.00734664
13565.8 0 0.0073589
13570.4 0 0.00737112
13575 0 0.00738332
13579.6 0 0.00739548
13584.2 0 0.00740762
13588.8 0 0.00741972
13593.4 0 0.00743179
13598 0 0.00744382
13602.7 0 0.00745579
13607.4 0 0.0074677
13612.1 0 0.00747954
13616.8 0 0.00749131
13621.6 0 0.00750299
13410.3 0 0.00737963
13470.1 0 0.0073496
13494.5 0 0.00733434
