0 -58.4752 -2.26119e-06
634.56 -151.137 -5.84492e-06
1173.57 -124.067 -4.79818e-06
1709.92 -98.1258 -3.79509e-06
2243.81 -76.3555 -2.95328e-06
2775.24 -60.1831 -2.32792e-06
3304.22 -49.7448 -1.92429e-06
3830.74 -45.3457 -1.75419e-06
4354.77 -47.145 -1.82376e-06
4876.15 -55.1068 -2.13163e-06
5394.56 -69.0067 -2.66911e-06
5909.16 -88.2092 -3.41164e-06
6418.2 -111.266 -4.30321e-06
6918.36 -135.296 -5.2324e-06
7403.99 -155.148 -6.0001e-06
7866.83 -163.484 -6.32253e-06
8297.18 -150.843 -5.83371e-06
8686.59 -108.388 -4.19206e-06
9030.8 -30.7021 -1.18812e-06
9330.49 0 3.29784e-06
9590.04 0 9.16513e-06
9815.21 0 1.63295e-05
10011.7 0 2.4658e-05
10184.8 0 3.3896e-05
10338.5 0 4.39151e-05
10475.8 0 5.47306e-05
10599.4 0 6.62116e-05
10711.4 0 7.83562e-05
10812.7 0 9.15504e-05
10905.5 0 0.000105182
10991.1 0 0.000119203
11070.4 0 0.000133573
11143.9 0 0.000148327
11212.1 0 0.00016359
11276 0 0.000179119
11335.9 0 0.000194889
11392.3 0 0.00021088
11445.5 0 0.00022707
11495.9 0 0.000243441
11543.8 0 0.000259978
11589.3 0 0.000276668
11632.4 0 0.000293634
11673.3 0 0.000310923
11712.4 0 0.000328337
11749.8 0 0.000345867
11785.6 0 0.0003635
11820.1 0 0.000381228
11853.2 0 0.000399041
11885.1 0 0.000416931
11915.6 0 0.000435109
11945 0 0.000453499
11972.9 0 0.00047224
11999.8 0 0.000491066
12025.7 0 0.00050995
12050.7 0 0.000528942
12074.7 0 0.000548269
12097.7 0 0.0005677
12119.8 0 0.000587308
12141.1 0 0.000606944
12161.8 0 0.000626602
12181.9 0 0.000646278
12201.4 0 0.000665968
12220.3 0 0.000685669
12238.6 0 0.000705377
12256.3 0 0.000725091
12273.3 0 0.000745003
12289.7 0 0.000765023
12305.5 0 0.000785043
12320.9 0 0.000805059
12335.7 0 0.000825115
12349.8 0 0.000845299
12363.5 0 0.000865468
12376.5 0 0.000886151
12388.8 0 0.000907313
12400.7 0 0.00092846
12412.4 0 0.000949589
12423.7 0 0.000970698
12434.7 0 0.000991785
12445.5 0 0.00101285
12455.9 0 0.0010339
12466.1 0 0.00105492
12476 0 0.00107592
12485.7 0 0.00109691
12495.1 0 0.00111788
12504.3 0 0.00113884
12513.2 0 0.00115978
12521.8 0 0.00118072
12530.3 0 0.00120164
12538.4 0 0.00122255
12546.4 0 0.00124346
12554.2 0 0.00126436
12561.7 0 0.00128524
12569 0 0.00130612
12576.2 0 0.00132698
12583.1 0 0.00134783
12589.9 0 0.00136867
12596.5 0 0.00138948
12603 0 0.00141028
12609.3 0 0.00143106
12615.5 0 0.00145182
12621.6 0 0.00147255
12627.5 0 0.00149326
12633.3 0 0.00151406
12638.9 0 0.00153509
12644.3 0 0.00155647
12649.5 0 0.00157798
12654.6 0 0.00159951
12659.6 0 0.00162112
12664.4 0 0.0016427
12669.2 0 0.00166427
12673.9 0 0.00168582
12678.6 0 0.00170735
12683.1 0 0.00172886
12687.6 0 0.00175036
12692 0 0.00177183
12696.3 0 0.0017933
12700.6 0 0.00181475
12704.8 0 0.0018362
12708.9 0 0.00185763
12713 0 0.00187906
12717 0 0.00190048
12720.9 0 0.00192189
12724.7 0 0.00194331
12728.5 0 0.00196472
12732.1 0 0.00198616
12735.7 0 0.00200763
12739.2 0 0.0020291
12742.7 0 0.00205057
12746 0 0.00207203
12749.3 0 0.0020935
12752.5 0 0.00211504
12755.5 0 0.00213703
12758.3 0 0.00215908
12761.2 0 0.00218113
12763.9 0 0.00220319
12766.6 0 0.00222525
12769.2 0 0.00224732
12771.7 0 0.00226966
12774.1 0 0.00229234
12776.4 0 0.00231503
12778.6 0 0.00233773
12780.8 0 0.00236043
12783 0 0.00238313
12785.1 0 0.00240583
12787.2 0 0.00242853
12789.2 0 0.00245123
12791.2 0 0.00247392
12793.2 0 0.00249661
12795.1 0 0.00251929
12797 0 0.00254196
12798.8 0 0.00256463
12800.6 0 0.00258728
12802.4 0 0.00260993
12804.2 0 0.00263256
12805.9 0 0.00265518
12807.7 0 0.00267778
12809.4 0 0.00270037
12811 0 0.00272295
12812.7 0 0.00274551
12814.3 0 0.00276806
12815.9 0 0.00279059
12817.5 0 0.0028131
12819.1 0 0.0028356
12820.7 0 0.00285808
12822.2 0 0.00288054
12823.7 0 0.00290299
12825.2 0 0.00292541
12826.7 0 0.00294783
12828.2 0 0.00297022
12829.7 0 0.0029926
12831.1 0 0.00301496
12832.6 0 0.0030373
12834 0 0.00305962
12835.4 0 0.00308193
12836.8 0 0.00310422
12838.2 0 0.0031265
12839.5 0 0.00314876
12840.9 0 0.003171
12842.2 0 0.00319323
12843.6 0 0.00321544
12844.9 0 0.00323764
12846.2 0 0.00325982
12847.5 0 0.00328199
12848.7 0 0.00330415
12850 0 0.00332629
12851.3 0 0.00334842
12852.5 0 0.00337054
12853.7 0 0.00339264
12855 0 0.00341473
12856.2 0 0.00343682
12857.4 0 0.00345889
12858.5 0 0.00348095
12859.7 0 0.003503
12860.9 0 0.00352503
12862 0 0.00354705
12863.1 0 0.00356906
12864.3 0 0.00359106
12865.4 0 0.00361306
12866.4 0 0.00363505
12867.5 0 0.00365704
12868.6 0 0.00367902
12869.6 0 0.003701
12870.7 0 0.00372297
12871.7 0 0.00374495
12872.7 0 0.00376692
12873.7 0 0.00378889
12874.7 0 0.00381086
12875.7 0 0.00383283
12876.6 0 0.0038548
12877.5 0 0.00387677
12878.5 0 0.00389874
12879.4 0 0.00392072
12880.3 0 0.0039427
12881.2 0 0.00396469
12882 0 0.00398667
12882.9 0 0.00400867
12883.7 0 0.00403066
12884.6 0 0.00405267
12885.4 0 0.00407467
12886.2 0 0.00409669
12886.9 0 0.00411871
12887.7 0 0.00414073
12888.5 0 0.00416277
12889.2 0 0.00418481
12889.9 0 0.00420685
12890.6 0 0.0042289
12891.3 0 0.00425096
12892 0 0.00427303
12892.7 0 0.0042951
12893.3 0 0.00431718
12894 0 0.00433926
12894.6 0 0.00436135
12895.2 0 0.00438345
12895.8 0 0.00440555
12896.4 0 0.00442766
12897 0 0.00444977
12897.6 0 0.00447189
12898.1 0 0.00449401
12898.7 0 0.00451613
12899.2 0 0.00453826
12899.8 0 0.00456039
12900.3 0 0.00458257
12900.7 0 0.00460525
12901.2 0 0.00462795
12901.6 0 0.00465064
12902 0 0.00467335
12902.5 0 0.00469605
12902.9 0 0.00471876
12903.3 0 0.00474148
12903.7 0 0.00476419
12904.1 0 0.00478691
12904.5 0 0.00480963
12904.8 0 0.00483236
12905.2 0 0.00485508
12905.5 0 0.00487781
12905.9 0 0.00490053
12906.2 0 0.00492326
12906.6 0 0.00494598
12906.9 0 0.0049687
12907.2 0 0.00499142
12907.5 0 0.00501414
12907.9 0 0.00503686
12908.2 0 0.00505958
12908.5 0 0.00508229
12908.8 0 0.005105
12909 0 0.00512771
12909.3 0 0.00515042
12909.6 0 0.00517312
12909.9 0 0.00519581
12910.2 0 0.0052185
12910.4 0 0.00524119
12910.7 0 0.00526388
12910.9 0 0.00528655
12911.2 0 0.00530923
12911.4 0 0.0053319
12911.7 0 0.00535456
12911.9 0 0.00537722
12912.2 0 0.00539987
12912.4 0 0.00542252
12912.6 0 0.00544516
12912.9 0 0.00546779
12913.1 0 0.00549042
12913.3 0 0.00551304
12913.5 0 0.00553566
12913.7 0 0.00555827
12913.9 0 0.00558087
12914.1 0 0.00560347
12914.3 0 0.00562606
12914.5 0 0.00564865
12914.7 0 0.00567122
12914.9 0 0.00569379
12915.1 0 0.00571636
12915.3 0 0.00573892
12915.5 0 0.00576147
12915.7 0 0.00578401
12915.9 0 0.00580654
12916 0 0.00582907
12916.2 0 0.0058516
12916.4 0 0.00587411
12916.6 0 0.00589662
12916.7 0 0.00591912
12916.9 0 0.00594161
12917 0 0.0059641
12917.2 0 0.00598658
12917.4 0 0.00600905
12917.5 0 0.00603151
12917.7 0 0.00605397
12917.8 0 0.00607642
12918 0 0.00609887
12918.1 0 0.0061213
12918.2 0 0.00614373
12918.4 0 0.00616615
12918.5 0 0.00618856
12918.7 0 0.00621097
12918.8 0 0.00623337
12918.9 0 0.00625576
12919.1 0 0.00627814
12919.3 0 0.0063005
12919.6 0 0.0063228
12920.2 0 0.00634504
12921.1 0 0.00636717
12922.2 0 0.00638923
12923.4 0 0.00641123
12924.8 0 0.0064332
12926.3 0 0.00645512
12927.9 0 0.00647698
12929.8 0 0.00649876
12931.8 0 0.00652051
12933.7 0 0.00654225
12935.7 0 0.00656398
12937.6 0 0.0065857
12939.6 0 0.00660739
12941.8 0 0.00662902
12944.1 0 0.0066506
12946.6 0 0.0066721
12949.3 0 0.00669356
12951.9 0 0.00671501
12954.5 0 0.00673645
12957.1 0 0.00675789
12959.7 0 0.00677931
12962.3 0 0.00680072
12964.9 0 0.00682212
12967.5 0 0.0068435
12970.2 0 0.00686485
12973 0 0.00688614
12976 0 0.00690739
12979.1 0 0.00692855
12982.4 0 0.00694968
12985.6 0 0.00697078
12988.8 0 0.0069918
12992 0 0.0070128
12995.2 0 0.0070338
12998.4 0 0.00705477
13001.6 0 0.00707574
13004.8 0 0.00709669
13008 0 0.00711763
13011.2 0 0.00713856
13014.4 0 0.00715948
13017.6 0 0.00718038
13020.9 0 0.00720123
13024.2 0 0.00722204
13027.7 0 0.00724279
13031.3 0 0.00726347
13035 0 0.00728407
13038.8 0 0.00730467
13042.5 0 0.00732525
13046.3 0 0.00734582
13050 0 0.00736637
13053.7 0 0.00738691
13057.5 0 0.00740743
13061.2 0 0.00742794
13064.9 0 0.00744843
13068.7 0 0.0074689
13072.4 0 0.00748937
13076.1 0 0.00750981
13079.8 0 0.00753024
13083.5 0 0.00755066
13087.2 0 0.00757106
13090.9 0 0.00759144
13094.6 0 0.00761181
13098.4 0 0.00763214
13102.2 0 0.00765242
13106.1 0 0.00767264
13110 0 0.00769281
13114.2 0 0.00771289
13118.4 0 0.00773293
13122.6 0 0.00775295
13126.8 0 0.00777296
13130.9 0 0.00779294
13135.1 0 0.00781291
13139.3 0 0.00783286
13143.5 0 0.00785279
13147.6 0 0.0078727
13151.8 0 0.00789259
13155.9 0 0.00791247
13160.1 0 0.00793232
13164.3 0 0.00795215
13168.4 0 0.00797197
13172.5 0 0.00799176
13176.7 0 0.00801154
13180.8 0 0.00803129
13185 0 0.00805103
13189.1 0 0.00807074
13193.2 0 0.00809043
13197.4 0 0.00811011
13201.5 0 0.00812976
13205.6 0 0.00814939
13209.7 0 0.008169
13213.9 0 0.00818856
13218.1 0 0.00820807
13222.4 0 0.00822751
13226.7 0 0.00824691
13231.2 0 0.0082662
13235.7 0 0.00828544
13240.2 0 0.00830467
13244.8 0 0.00832386
13249.3 0 0.00834304
13253.8 0 0.00836219
13258.3 0 0.00838131
13262.8 0 0.00840041
13267.3 0 0.00841949
13271.8 0 0.00843854
13276.3 0 0.00845757
13280.8 0 0.00847657
13285.3 0 0.00849554
13289.8 0 0.00851449
13294.3 0 0.00853342
13298.7 0 0.00855232
13303.2 0 0.00857119
13307.7 0 0.00859004
13312.2 0 0.00860886
13316.6 0 0.00862766
13321.1 0 0.00864643
13325.5 0 0.00866517
13330 0 0.00868389
13334.4 0 0.00870258
13338.9 0 0.00872124
13343.3 0 0.00873988
13347.7 0 0.00875849
13352.2 0 0.00877708
13356.6 0 0.00879564
13361 0 0.00881417
13365.5 0 0.00883267
13369.9 0 0.00885115
13374.3 0 0.00886958
13378.8 0 0.00888795
13383.3 0 0.00890626
13387.9 0 0.00892451
13392.5 0 0.00894269
13397.2 0 0.00896075
13402 0 0.00897879
13406.7 0 0.00899679
13411.5 0 0.00901477
13416.2 0 0.00903272
13420.9 0 0.00905063
13425.7 0 0.00906852
13430.4 0 0.00908638
13435.1 0 0.00910421
13439.8 0 0.00912201
13444.5 0 0.00913977
13449.3 0 0.00915751
13454 0 0.00917522
13458.7 0 0.0091929
13463.4 0 0.00921055
13468.1 0 0.00922817
13472.8 0 0.00924576
13477.4 0 0.00926332
13482.1 0 0.00928085
13486.8 0 0.00929834
13491.5 0 0.00931581
13496.2 0 0.00933325
13500.8 0 0.00935066
13505.5 0 0.00936804
13510.1 0 0.00938539
13514.8 0 0.00940271
13519.5 0 0.00942
13524.1 0 0.00943726
13528.8 0 0.00945449
13533.4 0 0.00947169
13538 0 0.00948885
13542.7 0 0.00950599
13547.3 0 0.0095231
13551.9 0 0.00954018
13556.6 0 0.00955723
13561.2 0 0.00957425
13565.8 0 0.00959124
13570.4 0 0.0096082
13575 0 0.00962513
13579.6 0 0.00964202
13584.2 0 0.00965889
13588.8 0 0.00967573
13593.4 0 0.00969254
13598 0 0.00970928
13602.7 0 0.00972597
13607.4 0 0.0097426
13612.1 0 0.00975916
13616.8 0 0.00977566
13621.6 0 0.00979204
13410.3 0 0.00967377
13470.1 0 0.00964863
13494.5 0 0.00963827
