0 -58.4752 -2.26119e-06
634.56 -334.695 -1.29476e-05
1173.57 -491.355 -1.90142e-05
1709.92 -648.954 -2.51229e-05
2243.81 -810.561 -3.13936e-05
2775.24 -977.514 -3.78798e-05
3304.22 -1149.9 -4.45867e-05
3830.74 -1328.01 -5.15268e-05
4354.77 -1511.95 -5.87067e-05
4876.15 -1701.62 -6.6125e-05
5394.56 -1896.76 -7.3773e-05
5909.16 -2096.67 -8.16262e-05
6418.2 -2299.88 -8.96285e-05
6918.36 -2503.5 -9.76684e-05
7403.99 -2702.49 -0.000105546
7866.83 -2889.73 -0.00011298
8297.18 -3056.11 -0.000119601
8686.59 -3193.19 -0.000125069
9030.8 -3295.92 -0.000129175
9330.49 -3361.57 -0.000131802
9590.04 -3392.75 -0.000133051
9815.21 -3391.79 -0.000133013
10011.7 -3361.11 -0.000131827
10184.8 -3307.02 -0.000129736
10338.5 -3232.7 -0.000126862
10475.8 -3136.64 -0.000123148
10599.4 -3022.9 -0.000118749
10711.4 -2891.59 -0.000113672
10812.7 -2733.86 -0.000107573
10905.5 -2564.78 -0.000101035
10991.1 -2385.58 -9.41054e-05
11070.4 -2197.32 -8.6826e-05
11143.9 -1999.09 -7.91607e-05
11212.1 -1787.63 -7.0984e-05
11276 -1569.26 -6.254e-05
11335.9 -1344.6 -5.3853e-05
11392.3 -1114.24 -4.49453e-05
11445.5 -878.695 -3.58373e-05
11495.9 -638.431 -2.65468e-05
11543.8 -393.854 -1.70894e-05
11589.3 -145.316 -7.47898e-06
11632.4 0 2.40457e-06
11673.3 0 1.2605e-05
11712.4 0 2.29317e-05
11749.8 0 3.33736e-05
11785.6 0 4.392e-05
11820.1 0 5.45608e-05
11853.2 0 6.52872e-05
11885.1 0 7.60914e-05
11915.6 0 8.71483e-05
11945 0 9.83936e-05
11972.9 0 0.000110008
11999.8 0 0.00012171
12025.7 0 0.000133468
12050.7 0 0.000145327
12074.7 0 0.000157487
12097.7 0 0.000169762
12119.8 0 0.000182249
12141.1 0 0.000194763
12161.8 0 0.000207299
12181.9 0 0.000219853
12201.4 0 0.00023242
12220.3 0 0.000244997
12238.6 0 0.000257582
12256.3 0 0.000270173
12273.3 0 0.000282966
12289.7 0 0.00029587
12305.5 0 0.000308773
12320.9 0 0.000321672
12335.7 0 0.000334633
12349.8 0 0.000347786
12363.5 0 0.000360925
12376.5 0 0.000374501
12388.8 0 0.000388506
12400.7 0 0.000402496
12412.4 0 0.000416468
12423.7 0 0.000430419
12434.7 0 0.000444348
12445.5 0 0.000458255
12455.9 0 0.000472139
12466.1 0 0.000486003
12476 0 0.000499847
12485.7 0 0.000513672
12495.1 0 0.000527481
12504.3 0 0.000541275
12513.2 0 0.000555056
12521.8 0 0.000568825
12530.3 0 0.000582583
12538.4 0 0.000596332
12546.4 0 0.000610071
12554.2 0 0.0006238
12561.7 0 0.000637518
12569 0 0.000651225
12576.2 0 0.00066492
12583.1 0 0.000678601
12589.9 0 0.000692266
12596.5 0 0.000705914
12603 0 0.000719543
12609.3 0 0.000733152
12615.5 0 0.000746738
12621.6 0 0.000760302
12627.5 0 0.000773842
12633.3 0 0.000787453
12638.9 0 0.000801276
12644.3 0 0.000815388
12649.5 0 0.000829619
12654.6 0 0.000843872
12659.6 0 0.000858252
12664.4 0 0.00087261
12669.2 0 0.000886947
12673.9 0 0.000901264
12678.6 0 0.00091556
12683.1 0 0.000929838
12687.6 0 0.000944098
12692 0 0.000958342
12696.3 0 0.00097257
12700.6 0 0.000986784
12704.8 0 0.00100099
12708.9 0 0.00101518
12713 0 0.00102936
12717 0 0.00104353
12720.9 0 0.0010577
12724.7 0 0.00107186
12728.5 0 0.00108602
12732.1 0 0.00110024
12735.7 0 0.00111451
12739.2 0 0.00112878
12742.7 0 0.00114305
12746 0 0.00115731
12749.3 0 0.00117158
12752.5 0 0.00118593
12755.5 0 0.00120081
12758.3 0 0.00121576
12761.2 0 0.00123073
12763.9 0 0.00124569
12766.6 0 0.00126067
12769.2 0 0.00127565
12771.7 0 0.00129089
12774.1 0 0.00130647
12776.4 0 0.00132205
12778.6 0 0.00133765
12780.8 0 0.00135325
12783 0 0.00136885
12785.1 0 0.00138445
12787.2 0 0.00140006
12789.2 0 0.00141566
12791.2 0 0.00143126
12793.2 0 0.00144686
12795.1 0 0.00146245
12797 0 0.00147804
12798.8 0 0.00149362
12800.6 0 0.00150919
12802.4 0 0.00152474
12804.2 0 0.00154029
12805.9 0 0.00155583
12807.7 0 0.00157135
12809.4 0 0.00158686
12811 0 0.00160236
12812.7 0 0.00161784
12814.3 0 0.0016333
12815.9 0 0.00164875
12817.5 0 0.00166419
12819.1 0 0.0016796
12820.7 0 0.001695
12822.2 0 0.00171039
12823.7 0 0.00172575
12825.2 0 0.0017411
12826.7 0 0.00175643
12828.2 0 0.00177175
12829.7 0 0.00178705
12831.1 0 0.00180233
12832.6 0 0.00181759
12834 0 0.00183284
12835.4 0 0.00184806
12836.8 0 0.00186328
12838.2 0 0.00187847
12839.5 0 0.00189365
12840.9 0 0.00190881
12842.2 0 0.00192396
12843.6 0 0.00193909
12844.9 0 0.00195421
12846.2 0 0.00196931
12847.5 0 0.0019844
12848.7 0 0.00199947
12850 0 0.00201453
12851.3 0 0.00202957
12852.5 0 0.00204461
12853.7 0 0.00205963
12855 0 0.00207464
12856.2 0 0.00208963
12857.4 0 0.00210462
12858.5 0 0.0021196
12859.7 0 0.00213456
12860.9 0 0.00214951
12862 0 0.00216444
12863.1 0 0.00217937
12864.3 0 0.00219429
12865.4 0 0.0022092
12866.4 0 0.00222411
12867.5 0 0.00223901
12868.6 0 0.00225391
12869.6 0 0.0022688
12870.7 0 0.00228369
12871.7 0 0.00229858
12872.7 0 0.00231347
12873.7 0 0.00232835
12874.7 0 0.00234324
12875.7 0 0.00235812
12876.6 0 0.00237301
12877.5 0 0.00238789
12878.5 0 0.00240278
12879.4 0 0.00241768
12880.3 0 0.00243257
12881.2 0 0.00244747
12882 0 0.00246237
12882.9 0 0.00247728
12883.7 0 0.00249219
12884.6 0 0.00250711
12885.4 0 0.00252204
12886.2 0 0.00253697
12886.9 0 0.0025519
12887.7 0 0.00256685
12888.5 0 0.0025818
12889.2 0 0.00259675
12889.9 0 0.00261172
12890.6 0 0.00262669
12891.3 0 0.00264167
12892 0 0.00265666
12892.7 0 0.00267165
12893.3 0 0.00268665
12894 0 0.00270166
12894.6 0 0.00271667
12895.2 0 0.0027317
12895.8 0 0.00274672
12896.4 0 0.00276176
12897 0 0.0027768
12897.6 0 0.00279184
12898.1 0 0.00280689
12898.7 0 0.00282194
12899.2 0 0.002837
12899.8 0 0.00285207
12900.3 0 0.00286717
12900.7 0 0.00288275
12901.2 0 0.00289834
12901.6 0 0.00291394
12902 0 0.00292954
12902.5 0 0.00294515
12902.9 0 0.00296076
12903.3 0 0.00297637
12903.7 0 0.00299199
12904.1 0 0.00300761
12904.5 0 0.00302323
12904.8 0 0.00303886
12905.2 0 0.00305448
12905.5 0 0.00307011
12905.9 0 0.00308574
12906.2 0 0.00310136
12906.6 0 0.00311699
12906.9 0 0.00313262
12907.2 0 0.00314824
12907.5 0 0.00316387
12907.9 0 0.00317949
12908.2 0 0.00319511
12908.5 0 0.00321073
12908.8 0 0.00322634
12909 0 0.00324196
12909.3 0 0.00325756
12909.6 0 0.00327317
12909.9 0 0.00328877
12910.2 0 0.00330437
12910.4 0 0.00331996
12910.7 0 0.00333555
12910.9 0 0.00335113
12911.2 0 0.00336671
12911.4 0 0.00338229
12911.7 0 0.00339786
12911.9 0 0.00341342
12912.2 0 0.00342898
12912.4 0 0.00344453
12912.6 0 0.00346008
12912.9 0 0.00347562
12913.1 0 0.00349115
12913.3 0 0.00350668
12913.5 0 0.0035222
12913.7 0 0.00353772
12913.9 0 0.00355323
12914.1 0 0.00356873
12914.3 0 0.00358422
12914.5 0 0.00359971
12914.7 0 0.0036152
12914.9 0 0.00363067
12915.1 0 0.00364614
12915.3 0 0.0036616
12915.5 0 0.00367706
12915.7 0 0.0036925
12915.9 0 0.00370794
12916 0 0.00372338
12916.2 0 0.0037388
12916.4 0 0.00375422
12916.6 0 0.00376964
12916.7 0 0.00378504
12916.9 0 0.00380044
12917 0 0.00381583
12917.2 0 0.00383121
12917.4 0 0.00384659
12917.5 0 0.00386195
12917.7 0 0.00387731
12917.8 0 0.00389267
12918 0 0.00390801
12918.1 0 0.00392335
12918.2 0 0.00393868
12918.4 0 0.00395401
12918.5 0 0.00396932
12918.7 0 0.00398463
12918.8 0 0.00399993
12918.9 0 0.00401523
12919.1 0 0.00403051
12919.3 0 0.00404577
12919.6 0 0.00406097
12920.2 0 0.0040761
12921.1 0 0.00409113
12922.2 0 0.00410609
12923.4 0 0.00412099
12924.8 0 0.00413585
12926.3 0 0.00415066
12927.9 0 0.00416541
12929.8 0 0.00418008
12931.8 0 0.00419472
12933.7 0 0.00420935
12935.7 0 0.00422396
12937.6 0 0.00423857
12939.6 0 0.00425314
12941.8 0 0.00426766
12944.1 0 0.00428213
12946.6 0 0.00429651
12949.3 0 0.00431085
12951.9 0 0.00432519
12954.5 0 0.00433951
12957.1 0 0.00435382
12959.7 0 0.00436812
12962.3 0 0.00438241
12964.9 0 0.00439669
12967.5 0 0.00441096
12970.2 0 0.00442518
12973 0 0.00443936
12976 0 0.00445348
12979.1 0 0.00446751
12982.4 0 0.00448151
12985.6 0 0.00449549
12988.8 0 0.0045094
12992 0 0.00452329
12995.2 0 0.00453716
12998.4 0 0.00455103
13001.6 0 0.00456488
13004.8 0 0.00457872
13008 0 0.00459254
13011.2 0 0.00460636
13014.4 0 0.00462016
13017.6 0 0.00463394
13020.9 0 0.00464768
13024.2 0 0.00466137
13027.7 0 0.00467501
13031.3 0 0.00468857
13035 0 0.00470206
13038.8 0 0.00471553
13042.5 0 0.004729
13046.3 0 0.00474244
13050 0 0.00475588
13053.7 0 0.00476929
13057.5 0 0.00478269
13061.2 0 0.00479608
13064.9 0 0.00480945
13068.7 0 0.00482281
13072.4 0 0.00483615
13076.1 0 0.00484947
13079.8 0 0.00486278
13083.5 0 0.00487607
13087.2 0 0.00488935
13090.9 0 0.00490261
13094.6 0 0.00491585
13098.4 0 0.00492906
13102.2 0 0.00494222
13106.1 0 0.00495532
13110 0 0.00496837
13114.2 0 0.00498132
13118.4 0 0.00499423
13122.6 0 0.00500712
13126.8 0 0.00502
13130.9 0 0.00503286
13135.1 0 0.0050457
13139.3 0 0.00505852
13143.5 0 0.00507132
13147.6 0 0.0050841
13151.8 0 0.00509686
13155.9 0 0.0051096
13160.1 0 0.00512233
13164.3 0 0.00513503
13168.4 0 0.00514771
13172.5 0 0.00516037
13176.7 0 0.00517302
13180.8 0 0.00518564
13185 0 0.00519824
13189.1 0 0.00521082
13193.2 0 0.00522338
13197.4 0 0.00523591
13201.5 0 0.00524843
13205.6 0 0.00526093
13209.7 0 0.0052734
13213.9 0 0.00528583
13218.1 0 0.0052982
13222.4 0 0.00531051
13226.7 0 0.00532276
13231.2 0 0.00533492
13235.7 0 0.00534702
13240.2 0 0.0053591
13244.8 0 0.00537116
13249.3 0 0.00538319
13253.8 0 0.00539519
13258.3 0 0.00540718
13262.8 0 0.00541913
13267.3 0 0.00543106
13271.8 0 0.00544297
13276.3 0 0.00545485
13280.8 0 0.0054667
13285.3 0 0.00547853
13289.8 0 0.00549033
13294.3 0 0.00550211
13298.7 0 0.00551386
13303.2 0 0.00552559
13307.7 0 0.00553729
13312.2 0 0.00554896
13316.6 0 0.0055606
13321.1 0 0.00557222
13325.5 0 0.00558382
13330 0 0.00559538
13334.4 0 0.00560692
13338.9 0 0.00561843
13343.3 0 0.00562992
13347.7 0 0.00564137
13352.2 0 0.0056528
13356.6 0 0.00566421
13361 0 0.00567558
13365.5 0 0.00568693
13369.9 0 0.00569825
13374.3 0 0.00570953
13378.8 0 0.00572075
13383.3 0 0.0057319
13387.9 0 0.00574299
13392.5 0 0.00575402
13397.2 0 0.00576493
13402 0 0.0057758
13406.7 0 0.00578665
13411.5 0 0.00579746
13416.2 0 0.00580824
13420.9 0 0.00581899
13425.7 0 0.00582972
13430.4 0 0.00584041
13435.1 0 0.00585107
13439.8 0 0.0058617
13444.5 0 0.00587231
13449.3 0 0.00588288
13454 0 0.00589342
13458.7 0 0.00590393
13463.4 0 0.00591441
13468.1 0 0.00592486
13472.8 0 0.00593528
13477.4 0 0.00594567
13482.1 0 0.00595603
13486.8 0 0.00596636
13491.5 0 0.00597666
13496.2 0 0.00598692
13500.8 0 0.00599716
13505.5 0 0.00600737
13510.1 0 0.00601755
13514.8 0 0.00602769
13519.5 0 0.00603781
13524.1 0 0.00604789
13528.8 0 0.00605795
13533.4 0 0.00606797
13538 0 0.00607797
13542.7 0 0.00608793
13547.3 0 0.00609787
13551.9 0 0.00610777
13556.6 0 0.00611765
13561.2 0 0.00612749
13565.8 0 0.0061373
13570.4 0 0.00614708
13575 0 0.00615684
13579.6 0 0.00616656
13584.2 0 0.00617625
13588.8 0 0.00618591
13593.4 0 0.00619554
13598 0 0.00620511
13602.7 0 0.00621463
13607.4 0 0.00622409
13612.1 0 0.00623348
13616.8 0 0.0062428
13621.6 0 0.00625202
13410.3 0 0.00612642
13470.1 0 0.00609404
13494.5 0 0.00607643
