0 -58.4752 -2.26119e-06
634.56 0 8.14889e-05
1173.57 0 0.000169835
1709.92 0 0.000258143
2243.81 0 0.000346286
2775.24 0 0.000434217
3304.22 0 0.000521929
3830.74 0 0.000609409
4354.77 0 0.000696648
4876.15 0 0.000783649
5394.56 0 0.00087042
5909.16 0 0.000956986
6418.2 0 0.0010434
6918.36 0 0.00112978
7403.99 0 0.00121632
7866.83 0 0.00130331
8297.18 0 0.00139111
8686.59 0 0.00148006
9030.8 0 0.00157037
9330.49 0 0.00166216
9590.04 0 0.00175532
9815.21 0 0.00184974
10011.7 0 0.00194527
10184.8 0 0.0020417
10338.5 0 0.00213892
10475.8 0 0.00223707
10599.4 0 0.00233595
10711.4 0 0.00243554
10812.7 0 0.0025361
10905.5 0 0.00263709
10991.1 0 0.00273848
11070.4 0 0.00284022
11143.9 0 0.00294236
11212.1 0 0.00304501
11276 0 0.00314793
11335.9 0 0.00325109
11392.3 0 0.00335448
11445.5 0 0.00345807
11495.9 0 0.00356185
11543.8 0 0.00366579
11589.3 0 0.00376989
11632.4 0 0.00387425
11673.3 0 0.00397892
11712.4 0 0.00408372
11749.8 0 0.00418863
11785.6 0 0.00429365
11820.1 0 0.00439876
11853.2 0 0.00450396
11885.1 0 0.00460924
11915.6 0 0.00471469
11945 0 0.00482028
11972.9 0 0.00492628
11999.8 0 0.00503237
12025.7 0 0.00513851
12050.7 0 0.00524474
12074.7 0 0.00535119
12097.7 0 0.00545779
12119.8 0 0.00556467
12141.1 0 0.00567158
12161.8 0 0.0057785
12181.9 0 0.00588545
12201.4 0 0.00599241
12220.3 0 0.00609938
12238.6 0 0.00620635
12256.3 0 0.00631333
12273.3 0 0.00642053
12289.7 0 0.00652784
12305.5 0 0.00663515
12320.9 0 0.00674245
12335.7 0 0.00684987
12349.8 0 0.00695761
12363.5 0 0.00706535
12376.5 0 0.00717335
12388.8 0 0.00728168
12400.7 0 0.00738998
12412.4 0 0.00749827
12423.7 0 0.00760653
12434.7 0 0.00771478
12445.5 0 0.00782299
12455.9 0 0.00793119
12466.1 0 0.00803936
12476 0 0.00814751
12485.7 0 0.00825564
12495.1 0 0.00836376
12504.3 0 0.00847185
12513.2 0 0.00857994
12521.8 0 0.00868801
12530.3 0 0.00879606
12538.4 0 0.00890411
12546.4 0 0.00901214
12554.2 0 0.00912016
12561.7 0 0.00922817
12569 0 0.00933617
12576.2 0 0.00944416
12583.1 0 0.00955213
12589.9 0 0.00966008
12596.5 0 0.00976801
12603 0 0.00987593
12609.3 0 0.00998382
12615.5 0 0.0100917
12621.6 0 0.0101995
12627.5 0 0.0103074
12633.3 0 0.0104152
12638.9 0 0.0105233
12644.3 0 0.0106315
12649.5 0 0.0107397
12654.6 0 0.010848
12659.6 0 0.0109566
12664.4 0 0.0110651
12669.2 0 0.0111736
12673.9 0 0.011282
12678.6 0 0.0113905
12683.1 0 0.0114989
12687.6 0 0.0116073
12692 0 0.0117157
12696.3 0 0.0118241
12700.6 0 0.0119324
12704.8 0 0.0120407
12708.9 0 0.0121491
12713 0 0.0122574
12717 0 0.0123657
12720.9 0 0.0124739
12724.7 0 0.0125822
12728.5 0 0.0126905
12732.1 0 0.0127988
12735.7 0 0.0129073
12739.2 0 0.0130158
12742.7 0 0.0131243
12746 0 0.0132328
12749.3 0 0.0133413
12752.5 0 0.0134499
12755.5 0 0.0135592
12758.3 0 0.0136686
12761.2 0 0.013778
12763.9 0 0.0138875
12766.6 0 0.0139969
12769.2 0 0.0141063
12771.7 0 0.014216
12774.1 0 0.014326
12776.4 0 0.0144361
12778.6 0 0.0145461
12780.8 0 0.0146561
12783 0 0.0147662
12785.1 0 0.0148762
12787.2 0 0.0149863
12789.2 0 0.0150964
12791.2 0 0.0152064
12793.2 0 0.0153165
12795.1 0 0.0154265
12797 0 0.0155366
12798.8 0 0.0156466
12800.6 0 0.0157567
12802.4 0 0.0158667
12804.2 0 0.0159767
12805.9 0 0.0160868
12807.7 0 0.0161968
12809.4 0 0.0163068
12811 0 0.0164167
12812.7 0 0.0165267
12814.3 0 0.0166367
12815.9 0 0.0167466
12817.5 0 0.0168565
12819.1 0 0.0169664
12820.7 0 0.0170763
12822.2 0 0.0171862
12823.7 0 0.017296
12825.2 0 0.0174059
12826.7 0 0.0175157
12828.2 0 0.0176255
12829.7 0 0.0177353
12831.1 0 0.017845
12832.6 0 0.0179548
12834 0 0.0180645
12835.4 0 0.0181742
12836.8 0 0.0182839
12838.2 0 0.0183936
12839.5 0 0.0185033
12840.9 0 0.0186129
12842.2 0 0.0187226
12843.6 0 0.0188322
12844.9 0 0.0189418
12846.2 0 0.0190514
12847.5 0 0.0191609
12848.7 0 0.0192705
12850 0 0.01938
12851.3 0 0.0194896
12852.5 0 0.0195991
12853.7 0 0.0197086
12855 0 0.0198181
12856.2 0 0.0199275
12857.4 0 0.020037
12858.5 0 0.0201464
12859.7 0 0.0202559
12860.9 0 0.0203653
12862 0 0.0204747
12863.1 0 0.0205841
12864.3 0 0.0206935
12865.4 0 0.0208029
12866.4 0 0.0209123
12867.5 0 0.0210217
12868.6 0 0.0211311
12869.6 0 0.0212404
12870.7 0 0.0213498
12871.7 0 0.0214592
12872.7 0 0.0215685
12873.7 0 0.0216779
12874.7 0 0.0217872
12875.7 0 0.0218966
12876.6 0 0.022006
12877.5 0 0.0221153
12878.5 0 0.0222247
12879.4 0 0.022334
12880.3 0 0.0224434
12881.2 0 0.0225528
12882 0 0.0226622
12882.9 0 0.0227716
12883.7 0 0.0228809
12884.6 0 0.0229903
12885.4 0 0.0230997
12886.2 0 0.0232092
12886.9 0 0.0233186
12887.7 0 0.023428
12888.5 0 0.0235374
12889.2 0 0.0236469
12889.9 0 0.0237563
12890.6 0 0.0238658
12891.3 0 0.0239752
12892 0 0.0240847
12892.7 0 0.0241942
12893.3 0 0.0243037
12894 0 0.0244132
12894.6 0 0.0245227
12895.2 0 0.0246322
12895.8 0 0.0247418
12896.4 0 0.0248513
12897 0 0.0249608
12897.6 0 0.0250704
12898.1 0 0.0251799
12898.7 0 0.0252895
12899.2 0 0.0253991
12899.8 0 0.0255086
12900.3 0 0.0256182
12900.7 0 0.0257283
12901.2 0 0.0258383
12901.6 0 0.0259483
12902 0 0.0260584
12902.5 0 0.0261684
12902.9 0 0.0262785
12903.3 0 0.0263885
12903.7 0 0.0264986
12904.1 0 0.0266087
12904.5 0 0.0267187
12904.8 0 0.0268288
12905.2 0 0.0269389
12905.5 0 0.0270489
12905.9 0 0.027159
12906.2 0 0.0272691
12906.6 0 0.0273792
12906.9 0 0.0274892
12907.2 0 0.0275993
12907.5 0 0.0277094
12907.9 0 0.0278195
12908.2 0 0.0279295
12908.5 0 0.0280396
12908.8 0 0.0281497
12909 0 0.0282597
12909.3 0 0.0283698
12909.6 0 0.0284799
12909.9 0 0.0285899
12910.2 0 0.0287
12910.4 0 0.02881
12910.7 0 0.0289201
12910.9 0 0.0290301
12911.2 0 0.0291401
12911.4 0 0.0292502
12911.7 0 0.0293602
12911.9 0 0.0294702
12912.2 0 0.0295802
12912.4 0 0.0296902
12912.6 0 0.0298002
12912.9 0 0.0299102
12913.1 0 0.0300202
12913.3 0 0.0301302
12913.5 0 0.0302402
12913.7 0 0.0303501
12913.9 0 0.0304601
12914.1 0 0.0305701
12914.3 0 0.03068
12914.5 0 0.0307899
12914.7 0 0.0308999
12914.9 0 0.0310098
12915.1 0 0.0311197
12915.3 0 0.0312297
12915.5 0 0.0313396
12915.7 0 0.0314495
12915.9 0 0.0315594
12916 0 0.0316692
12916.2 0 0.0317791
12916.4 0 0.031889
12916.6 0 0.0319988
12916.7 0 0.0321087
12916.9 0 0.0322186
12917 0 0.0323284
12917.2 0 0.0324382
12917.4 0 0.0325481
12917.5 0 0.0326579
12917.7 0 0.0327677
12917.8 0 0.0328775
12918 0 0.0329873
12918.1 0 0.0330971
12918.2 0 0.0332068
12918.4 0 0.0333166
12918.5 0 0.0334264
12918.7 0 0.0335361
12918.8 0 0.0336459
12918.9 0 0.0337556
12919.1 0 0.0338654
12919.3 0 0.0339751
12919.6 0 0.0340847
12920.2 0 0.0341943
12921.1 0 0.0343037
12922.2 0 0.0344131
12923.4 0 0.0345225
12924.8 0 0.0346317
12926.3 0 0.034741
12927.9 0 0.0348502
12929.8 0 0.0349592
12931.8 0 0.0350683
12933.7 0 0.0351773
12935.7 0 0.0352864
12937.6 0 0.0353954
12939.6 0 0.0355044
12941.8 0 0.0356133
12944.1 0 0.0357222
12946.6 0 0.035831
12949.3 0 0.0359397
12951.9 0 0.0360485
12954.5 0 0.0361572
12957.1 0 0.0362659
12959.7 0 0.0363746
12962.3 0 0.0364833
12964.9 0 0.036592
12967.5 0 0.0367006
12970.2 0 0.0368092
12973 0 0.0369178
12976 0 0.0370263
12979.1 0 0.0371347
12982.4 0 0.0372431
12985.6 0 0.0373515
12988.8 0 0.0374598
12992 0 0.0375681
12995.2 0 0.0376764
12998.4 0 0.0377847
13001.6 0 0.0378929
13004.8 0 0.0380012
13008 0 0.0381094
13011.2 0 0.0382176
13014.4 0 0.0383258
13017.6 0 0.038434
13020.9 0 0.0385422
13024.2 0 0.0386503
13027.7 0 0.0387583
13031.3 0 0.0388663
13035 0 0.0389742
13038.8 0 0.0390821
13042.5 0 0.0391899
13046.3 0 0.0392978
13050 0 0.0394056
13053.7 0 0.0395134
13057.5 0 0.0396212
13061.2 0 0.039729
13064.9 0 0.0398368
13068.7 0 0.0399445
13072.4 0 0.0400522
13076.1 0 0.04016
13079.8 0 0.0402677
13083.5 0 0.0403754
13087.2 0 0.040483
13090.9 0 0.0405907
13094.6 0 0.0406983
13098.4 0 0.0408059
13102.2 0 0.0409135
13106.1 0 0.0410209
13110 0 0.0411284
13114.2 0 0.0412357
13118.4 0 0.041343
13122.6 0 0.0414503
13126.8 0 0.0415575
13130.9 0 0.0416648
13135.1 0 0.041772
13139.3 0 0.0418792
13143.5 0 0.0419864
13147.6 0 0.0420935
13151.8 0 0.0422007
13155.9 0 0.0423078
13160.1 0 0.0424149
13164.3 0 0.042522
13168.4 0 0.042629
13172.5 0 0.042736
13176.7 0 0.0428431
13180.8 0 0.04295
13185 0 0.043057
13189.1 0 0.043164
13193.2 0 0.0432709
13197.4 0 0.0433778
13201.5 0 0.0434847
13205.6 0 0.0435915
13209.7 0 0.0436984
13213.9 0 0.0438052
13218.1 0 0.0439119
13222.4 0 0.0440186
13226.7 0 0.0441252
13231.2 0 0.0442317
13235.7 0 0.0443381
13240.2 0 0.0444446
13244.8 0 0.044551
13249.3 0 0.0446574
13253.8 0 0.0447637
13258.3 0 0.04487
13262.8 0 0.0449763
13267.3 0 0.0450826
13271.8 0 0.0451889
13276.3 0 0.0452951
13280.8 0 0.0454013
13285.3 0 0.0455074
13289.8 0 0.0456136
13294.3 0 0.0457197
13298.7 0 0.0458258
13303.2 0 0.0459318
13307.7 0 0.0460379
13312.2 0 0.0461439
13316.6 0 0.0462498
13321.1 0 0.0463558
13325.5 0 0.0464617
13330 0 0.0465676
13334.4 0 0.0466735
13338.9 0 0.0467793
13343.3 0 0.0468851
13347.7 0 0.0469909
13352.2 0 0.0470967
13356.6 0 0.0472024
13361 0 0.0473081
13365.5 0 0.0474137
13369.9 0 0.0475194
13374.3 0 0.047625
13378.8 0 0.0477305
13383.3 0 0.047836
13387.9 0 0.0479414
13392.5 0 0.0480467
13397.2 0 0.048152
13402 0 0.0482572
13406.7 0 0.0483623
13411.5 0 0.0484674
13416.2 0 0.0485725
13420.9 0 0.0486776
13425.7 0 0.0487826
13430.4 0 0.0488876
13435.1 0 0.0489925
13439.8 0 0.0490975
13444.5 0 0.0492024
13449.3 0 0.0493072
13454 0 0.0494121
13458.7 0 0.0495169
13463.4 0 0.0496216
13468.1 0 0.0497264
13472.8 0 0.0498311
13477.4 0 0.0499358
13482.1 0 0.0500404
13486.8 0 0.050145
13491.5 0 0.0502496
13496.2 0 0.0503542
13500.8 0 0.0504587
13505.5 0 0.0505632
13510.1 0 0.0506676
13514.8 0 0.0507721
13519.5 0 0.0508764
13524.1 0 0.0509808
13528.8 0 0.0510851
13533.4 0 0.0511895
13538 0 0.0512937
13542.7 0 0.051398
13547.3 0 0.0515022
13551.9 0 0.0516064
13556.6 0 0.0517105
13561.2 0 0.0518146
13565.8 0 0.0519187
13570.4 0 0.0520228
13575 0 0.0521268
13579.6 0 0.0522308
13584.2 0 0.0523347
13588.8 0 0.0524387
13593.4 0 0.0525426
13598 0 0.0526464
13602.7 0 0.0527502
13607.4 0 0.052854
13612.1 0 0.0529577
13616.8 0 0.0530613
13621.6 0 0.0531648
13410.3 0 0.0531331
13470.1 0 0.0531949
13494.5 0 0.0532714
