0 -58.4752 -2.26119e-06
634.56 0 6.08474e-05
1173.57 0 0.000128616
1709.92 0 0.000196336
2243.81 0 0.000263897
2775.24 0 0.000331239
3304.22 0 0.000398357
3830.74 0 0.00046524
4354.77 0 0.000531884
4876.15 0 0.000598289
5394.56 0 0.000664466
5909.16 0 0.000730437
6418.2 0 0.00079626
6918.36 0 0.000862046
7403.99 0 0.000927991
7866.83 0 0.000994383
8297.18 0 0.00106159
8686.59 0 0.00112994
9030.8 0 0.00119965
9330.49 0 0.00127086
9590.04 0 0.00134346
9815.21 0 0.00141738
10011.7 0 0.00149251
10184.8 0 0.00156856
10338.5 0 0.00164539
10475.8 0 0.00172289
10599.4 0 0.00180101
10711.4 0 0.00187975
10812.7 0 0.00195962
10905.5 0 0.00203992
10991.1 0 0.0021206
11070.4 0 0.00220163
11143.9 0 0.00228303
11212.1 0 0.00236495
11276 0 0.00244712
11335.9 0 0.00252953
11392.3 0 0.00261216
11445.5 0 0.00269498
11495.9 0 0.00277799
11543.8 0 0.00286115
11589.3 0 0.00294447
11632.4 0 0.00302808
11673.3 0 0.00311202
11712.4 0 0.00319608
11749.8 0 0.00328026
11785.6 0 0.00336455
11820.1 0 0.00344892
11853.2 0 0.00353338
11885.1 0 0.00361792
11915.6 0 0.00370284
11945 0 0.00378804
11972.9 0 0.00387354
11999.8 0 0.00395912
12025.7 0 0.00404476
12050.7 0 0.00413052
12074.7 0 0.00421672
12097.7 0 0.00430299
12119.8 0 0.00438934
12141.1 0 0.00447572
12161.8 0 0.00456212
12181.9 0 0.00464855
12201.4 0 0.00473498
12220.3 0 0.00482143
12238.6 0 0.00490789
12256.3 0 0.00499435
12273.3 0 0.005081
12289.7 0 0.00516775
12305.5 0 0.0052545
12320.9 0 0.00534125
12335.7 0 0.00542797
12349.8 0 0.00551466
12363.5 0 0.00560132
12376.5 0 0.00568871
12388.8 0 0.00577671
12400.7 0 0.0058647
12412.4 0 0.00595267
12423.7 0 0.00604062
12434.7 0 0.00612855
12445.5 0 0.00621646
12455.9 0 0.00630436
12466.1 0 0.00639223
12476 0 0.00648009
12485.7 0 0.00656793
12495.1 0 0.00665575
12504.3 0 0.00674357
12513.2 0 0.00683137
12521.8 0 0.00691916
12530.3 0 0.00700695
12538.4 0 0.00709473
12546.4 0 0.0071825
12554.2 0 0.00727027
12561.7 0 0.00735803
12569 0 0.00744577
12576.2 0 0.00753351
12583.1 0 0.00762124
12589.9 0 0.00770895
12596.5 0 0.00779664
12603 0 0.00788432
12609.3 0 0.00797198
12615.5 0 0.00805961
12621.6 0 0.00814722
12627.5 0 0.00823481
12633.3 0 0.00832252
12638.9 0 0.00841055
12644.3 0 0.00849905
12649.5 0 0.00858775
12654.6 0 0.00867643
12659.6 0 0.00876508
12664.4 0 0.00885371
12669.2 0 0.00894232
12673.9 0 0.00903091
12678.6 0 0.00911949
12683.1 0 0.00920805
12687.6 0 0.0092966
12692 0 0.00938514
12696.3 0 0.00947367
12700.6 0 0.00956219
12704.8 0 0.0096507
12708.9 0 0.00973921
12713 0 0.00982772
12717 0 0.00991622
12720.9 0 0.0100047
12724.7 0 0.0100932
12728.5 0 0.0101818
12732.1 0 0.0102702
12735.7 0 0.0103586
12739.2 0 0.0104471
12742.7 0 0.0105355
12746 0 0.0106239
12749.3 0 0.0107124
12752.5 0 0.0108008
12755.5 0 0.0108895
12758.3 0 0.0109782
12761.2 0 0.011067
12763.9 0 0.0111557
12766.6 0 0.0112444
12769.2 0 0.0113331
12771.7 0 0.0114221
12774.1 0 0.0115115
12776.4 0 0.0116009
12778.6 0 0.0116903
12780.8 0 0.0117797
12783 0 0.0118691
12785.1 0 0.0119584
12787.2 0 0.0120478
12789.2 0 0.0121372
12791.2 0 0.0122265
12793.2 0 0.0123159
12795.1 0 0.0124052
12797 0 0.0124945
12798.8 0 0.0125838
12800.6 0 0.0126731
12802.4 0 0.0127624
12804.2 0 0.0128517
12805.9 0 0.012941
12807.7 0 0.0130302
12809.4 0 0.0131194
12811 0 0.0132086
12812.7 0 0.0132978
12814.3 0 0.013387
12815.9 0 0.0134762
12817.5 0 0.0135653
12819.1 0 0.0136544
12820.7 0 0.0137436
12822.2 0 0.0138326
12823.7 0 0.0139217
12825.2 0 0.0140108
12826.7 0 0.0140998
12828.2 0 0.0141888
12829.7 0 0.0142778
12831.1 0 0.0143668
12832.6 0 0.0144558
12834 0 0.0145448
12835.4 0 0.0146337
12836.8 0 0.0147226
12838.2 0 0.0148115
12839.5 0 0.0149004
12840.9 0 0.0149893
12842.2 0 0.0150781
12843.6 0 0.015167
12844.9 0 0.0152558
12846.2 0 0.0153446
12847.5 0 0.0154335
12848.7 0 0.0155222
12850 0 0.015611
12851.3 0 0.0156998
12852.5 0 0.0157885
12853.7 0 0.0158773
12855 0 0.015966
12856.2 0 0.0160548
12857.4 0 0.0161435
12858.5 0 0.0162322
12859.7 0 0.0163209
12860.9 0 0.0164095
12862 0 0.0164982
12863.1 0 0.0165868
12864.3 0 0.0166755
12865.4 0 0.0167641
12866.4 0 0.0168528
12867.5 0 0.0169414
12868.6 0 0.01703
12869.6 0 0.0171186
12870.7 0 0.0172073
12871.7 0 0.0172959
12872.7 0 0.0173845
12873.7 0 0.0174731
12874.7 0 0.0175617
12875.7 0 0.0176503
12876.6 0 0.017739
12877.5 0 0.0178276
12878.5 0 0.0179162
12879.4 0 0.0180048
12880.3 0 0.0180934
12881.2 0 0.0181821
12882 0 0.0182707
12882.9 0 0.0183593
12883.7 0 0.018448
12884.6 0 0.0185366
12885.4 0 0.0186253
12886.2 0 0.0187139
12886.9 0 0.0188026
12887.7 0 0.0188912
12888.5 0 0.0189799
12889.2 0 0.0190686
12889.9 0 0.0191573
12890.6 0 0.0192459
12891.3 0 0.0193346
12892 0 0.0194233
12892.7 0 0.019512
12893.3 0 0.0196007
12894 0 0.0196894
12894.6 0 0.0197781
12895.2 0 0.0198669
12895.8 0 0.0199556
12896.4 0 0.0200443
12897 0 0.020133
12897.6 0 0.0202217
12898.1 0 0.0203105
12898.7 0 0.0203992
12899.2 0 0.0204879
12899.8 0 0.0205767
12900.3 0 0.0206654
12900.7 0 0.0207548
12901.2 0 0.0208442
12901.6 0 0.0209336
12902 0 0.021023
12902.5 0 0.0211124
12902.9 0 0.0212018
12903.3 0 0.0212912
12903.7 0 0.0213806
12904.1 0 0.02147
12904.5 0 0.0215594
12904.8 0 0.0216488
12905.2 0 0.0217382
12905.5 0 0.0218276
12905.9 0 0.021917
12906.2 0 0.0220064
12906.6 0 0.0220958
12906.9 0 0.0221852
12907.2 0 0.0222746
12907.5 0 0.022364
12907.9 0 0.0224534
12908.2 0 0.0225428
12908.5 0 0.0226321
12908.8 0 0.0227215
12909 0 0.0228109
12909.3 0 0.0229003
12909.6 0 0.0229896
12909.9 0 0.023079
12910.2 0 0.0231684
12910.4 0 0.0232577
12910.7 0 0.0233471
12910.9 0 0.0234364
12911.2 0 0.0235258
12911.4 0 0.0236151
12911.7 0 0.0237045
12911.9 0 0.0237938
12912.2 0 0.0238831
12912.4 0 0.0239724
12912.6 0 0.0240617
12912.9 0 0.024151
12913.1 0 0.0242403
12913.3 0 0.0243296
12913.5 0 0.0244189
12913.7 0 0.0245082
12913.9 0 0.0245975
12914.1 0 0.0246867
12914.3 0 0.024776
12914.5 0 0.0248653
12914.7 0 0.0249545
12914.9 0 0.0250437
12915.1 0 0.025133
12915.3 0 0.0252222
12915.5 0 0.0253114
12915.7 0 0.0254007
12915.9 0 0.0254899
12916 0 0.0255791
12916.2 0 0.0256683
12916.4 0 0.0257574
12916.6 0 0.0258466
12916.7 0 0.0259358
12916.9 0 0.026025
12917 0 0.0261141
12917.2 0 0.0262033
12917.4 0 0.0262924
12917.5 0 0.0263816
12917.7 0 0.0264707
12917.8 0 0.0265598
12918 0 0.026649
12918.1 0 0.0267381
12918.2 0 0.0268272
12918.4 0 0.0269163
12918.5 0 0.0270054
12918.7 0 0.0270944
12918.8 0 0.0271835
12918.9 0 0.0272726
12919.1 0 0.0273617
12919.3 0 0.0274507
12919.6 0 0.0275397
12920.2 0 0.0276286
12921.1 0 0.0277174
12922.2 0 0.0278062
12923.4 0 0.0278949
12924.8 0 0.0279836
12926.3 0 0.0280722
12927.9 0 0.0281608
12929.8 0 0.0282493
12931.8 0 0.0283377
12933.7 0 0.0284262
12935.7 0 0.0285146
12937.6 0 0.0286031
12939.6 0 0.0286915
12941.8 0 0.0287798
12944.1 0 0.0288681
12946.6 0 0.0289564
12949.3 0 0.0290446
12951.9 0 0.0291328
12954.5 0 0.0292209
12957.1 0 0.0293091
12959.7 0 0.0293973
12962.3 0 0.0294854
12964.9 0 0.0295736
12967.5 0 0.0296617
12970.2 0 0.0297498
12973 0 0.0298378
12976 0 0.0299258
12979.1 0 0.0300137
12982.4 0 0.0301016
12985.6 0 0.0301895
12988.8 0 0.0302772
12992 0 0.0303649
12995.2 0 0.0304527
12998.4 0 0.0305404
13001.6 0 0.030628
13004.8 0 0.0307157
13008 0 0.0308034
13011.2 0 0.030891
13014.4 0 0.0309787
13017.6 0 0.0310663
13020.9 0 0.0311539
13024.2 0 0.0312414
13027.7 0 0.0313289
13031.3 0 0.0314163
13035 0 0.0315037
13038.8 0 0.031591
13042.5 0 0.0316783
13046.3 0 0.0317656
13050 0 0.0318529
13053.7 0 0.0319402
13057.5 0 0.0320274
13061.2 0 0.0321147
13064.9 0 0.0322019
13068.7 0 0.0322891
13072.4 0 0.0323764
13076.1 0 0.0324635
13079.8 0 0.0325507
13083.5 0 0.0326379
13087.2 0 0.032725
13090.9 0 0.0328122
13094.6 0 0.0328993
13098.4 0 0.0329864
13102.2 0 0.0330734
13106.1 0 0.0331604
13110 0 0.0332473
13114.2 0 0.0333341
13118.4 0 0.0334209
13122.6 0 0.0335077
13126.8 0 0.0335945
13130.9 0 0.0336812
13135.1 0 0.0337679
13139.3 0 0.0338547
13143.5 0 0.0339414
13147.6 0 0.034028
13151.8 0 0.0341147
13155.9 0 0.0342013
13160.1 0 0.034288
13164.3 0 0.0343746
13168.4 0 0.0344611
13172.5 0 0.0345477
13176.7 0 0.0346343
13180.8 0 0.0347208
13185 0 0.0348073
13189.1 0 0.0348938
13193.2 0 0.0349803
13197.4 0 0.0350667
13201.5 0 0.0351532
13205.6 0 0.0352396
13209.7 0 0.035326
13213.9 0 0.0354123
13218.1 0 0.0354986
13222.4 0 0.0355848
13226.7 0 0.035671
13231.2 0 0.0357571
13235.7 0 0.0358431
13240.2 0 0.0359292
13244.8 0 0.0360152
13249.3 0 0.0361011
13253.8 0 0.0361871
13258.3 0 0.036273
13262.8 0 0.0363589
13267.3 0 0.0364448
13271.8 0 0.0365307
13276.3 0 0.0366165
13280.8 0 0.0367023
13285.3 0 0.0367881
13289.8 0 0.0368739
13294.3 0 0.0369596
13298.7 0 0.0370453
13303.2 0 0.037131
13307.7 0 0.0372167
13312.2 0 0.0373023
13316.6 0 0.0373879
13321.1 0 0.0374735
13325.5 0 0.0375591
13330 0 0.0376447
13334.4 0 0.0377302
13338.9 0 0.0378157
13343.3 0 0.0379011
13347.7 0 0.0379866
13352.2 0 0.038072
13356.6 0 0.0381574
13361 0 0.0382428
13365.5 0 0.0383281
13369.9 0 0.0384134
13374.3 0 0.0384987
13378.8 0 0.0385839
13383.3 0 0.038669
13387.9 0 0.0387541
13392.5 0 0.0388391
13397.2 0 0.038924
13402 0 0.0390089
13406.7 0 0.0390938
13411.5 0 0.0391786
13416.2 0 0.0392634
13420.9 0 0.0393482
13425.7 0 0.039433
13430.4 0 0.0395177
13435.1 0 0.0396024
13439.8 0 0.039687
13444.5 0 0.0397717
13449.3 0 0.0398563
13454 0 0.0399409
13458.7 0 0.0400254
13463.4 0 0.0401099
13468.1 0 0.0401944
13472.8 0 0.0402789
13477.4 0 0.0403633
13482.1 0 0.0404477
13486.8 0 0.0405321
13491.5 0 0.0406165
13496.2 0 0.0407008
13500.8 0 0.0407851
13505.5 0 0.0408693
13510.1 0 0.0409536
13514.8 0 0.0410378
13519.5 0 0.0411219
13524.1 0 0.0412061
13528.8 0 0.0412902
13533.4 0 0.0413743
13538 0 0.0414583
13542.7 0 0.0415424
13547.3 0 0.0416264
13551.9 0 0.0417103
13556.6 0 0.0417943
13561.2 0 0.0418782
13565.8 0 0.0419621
13570.4 0 0.0420459
13575 0 0.0421297
13579.6 0 0.0422135
13584.2 0 0.0422973
13588.8 0 0.042381
13593.4 0 0.0424647
13598 0 0.0425484
13602.7 0 0.0426319
13607.4 0 0.0427154
13612.1 0 0.0427989
13616.8 0 0.0428823
13621.6 0 0.0429655
13410.3 0 0.0429146
13470.1 0 0.0429565
13494.5 0 0.0430132
