0 -58.4752 -2.26119e-06
634.56 -139.389 -5.39051e-06
1173.57 -102.027 -3.94579e-06
1709.92 -65.5693 -2.53606e-06
2243.81 -33.3863 -1.2916e-06
2775.24 -6.66875 -2.58488e-07
3304.22 0 5.58388e-07
3830.74 0 1.1432e-06
4354.77 0 1.48777e-06
4876.15 0 1.59349e-06
5394.56 0 1.46906e-06
5909.16 0 1.13911e-06
6418.2 0 6.59717e-07
6918.36 0 1.42538e-07
7403.99 -5.44596 -2.11206e-07
7866.83 -3.12416 -1.21426e-07
8297.18 0 7.80768e-07
8686.59 0 2.83889e-06
9030.8 0 6.26063e-06
9330.49 0 1.11467e-05
9590.04 0 1.73998e-05
9815.21 0 2.489e-05
10011.7 0 3.34655e-05
10184.8 0 4.2927e-05
10338.5 0 5.31785e-05
10475.8 0 6.44555e-05
10599.4 0 7.64951e-05
10711.4 0 8.92804e-05
10812.7 0 0.000102968
10905.5 0 0.000117102
10991.1 0 0.000131634
11070.4 0 0.000146523
11143.9 0 0.000161805
11212.1 0 0.000177608
11276 0 0.000193684
11335.9 0 0.000210008
11392.3 0 0.000226558
11445.5 0 0.000243312
11495.9 0 0.000260251
11543.8 0 0.000277361
11589.3 0 0.000294628
11632.4 0 0.000312152
11673.3 0 0.000329971
11712.4 0 0.000347918
11749.8 0 0.000365982
11785.6 0 0.000384151
11820.1 0 0.000402416
11853.2 0 0.000420768
11885.1 0 0.000439199
11915.6 0 0.000457735
11945 0 0.000476358
11972.9 0 0.000495432
11999.8 0 0.000514597
12025.7 0 0.000533815
12050.7 0 0.000553102
12074.7 0 0.000572542
12097.7 0 0.000592154
12119.8 0 0.000612117
12141.1 0 0.000632107
12161.8 0 0.000652117
12181.9 0 0.000672144
12201.4 0 0.000692183
12220.3 0 0.000712231
12238.6 0 0.000732285
12256.3 0 0.000752343
12273.3 0 0.000772625
12289.7 0 0.000793027
12305.5 0 0.000813429
12320.9 0 0.000833825
12335.7 0 0.000854379
12349.8 0 0.000875391
12363.5 0 0.000896393
12376.5 0 0.000917505
12388.8 0 0.000938841
12400.7 0 0.000960159
12412.4 0 0.000981455
12423.7 0 0.00100273
12434.7 0 0.00102398
12445.5 0 0.0010452
12455.9 0 0.0010664
12466.1 0 0.00108758
12476 0 0.00110874
12485.7 0 0.00112987
12495.1 0 0.00115098
12504.3 0 0.00117208
12513.2 0 0.00119316
12521.8 0 0.00121422
12530.3 0 0.00123527
12538.4 0 0.00125631
12546.4 0 0.00127734
12554.2 0 0.00129835
12561.7 0 0.00131935
12569 0 0.00134033
12576.2 0 0.0013613
12583.1 0 0.00138226
12589.9 0 0.0014032
12596.5 0 0.00142412
12603 0 0.00144502
12609.3 0 0.00146589
12615.5 0 0.00148675
12621.6 0 0.00150758
12627.5 0 0.00152839
12633.3 0 0.00154922
12638.9 0 0.00157013
12644.3 0 0.00159113
12649.5 0 0.00161215
12654.6 0 0.00163324
12659.6 0 0.00165464
12664.4 0 0.00167602
12669.2 0 0.00169737
12673.9 0 0.0017187
12678.6 0 0.00174
12683.1 0 0.00176128
12687.6 0 0.00178254
12692 0 0.00180377
12696.3 0 0.00182499
12700.6 0 0.00184618
12704.8 0 0.00186735
12708.9 0 0.00188851
12713 0 0.00190965
12717 0 0.00193077
12720.9 0 0.00195187
12724.7 0 0.00197297
12728.5 0 0.00199405
12732.1 0 0.00201529
12735.7 0 0.00203672
12739.2 0 0.00205814
12742.7 0 0.00207955
12746 0 0.00210095
12749.3 0 0.00212235
12752.5 0 0.00214391
12755.5 0 0.00216633
12758.3 0 0.00218888
12761.2 0 0.00221143
12763.9 0 0.002234
12766.6 0 0.00225658
12769.2 0 0.00227917
12771.7 0 0.00230199
12774.1 0 0.00232512
12776.4 0 0.00234826
12778.6 0 0.00237142
12780.8 0 0.00239459
12783 0 0.00241776
12785.1 0 0.00244095
12787.2 0 0.00246415
12789.2 0 0.00248735
12791.2 0 0.00251055
12793.2 0 0.00253376
12795.1 0 0.00255697
12797 0 0.00258017
12798.8 0 0.00260337
12800.6 0 0.00262657
12802.4 0 0.00264976
12804.2 0 0.00267295
12805.9 0 0.00269612
12807.7 0 0.00271929
12809.4 0 0.00274244
12811 0 0.00276559
12812.7 0 0.00278872
12814.3 0 0.00281183
12815.9 0 0.00283494
12817.5 0 0.00285802
12819.1 0 0.0028811
12820.7 0 0.00290415
12822.2 0 0.00292719
12823.7 0 0.00295022
12825.2 0 0.00297322
12826.7 0 0.00299621
12828.2 0 0.00301918
12829.7 0 0.00304214
12831.1 0 0.00306507
12832.6 0 0.00308799
12834 0 0.00311089
12835.4 0 0.00313377
12836.8 0 0.00315664
12838.2 0 0.00317948
12839.5 0 0.00320231
12840.9 0 0.00322513
12842.2 0 0.00324792
12843.6 0 0.0032707
12844.9 0 0.00329346
12846.2 0 0.00331621
12847.5 0 0.00333894
12848.7 0 0.00336165
12850 0 0.00338435
12851.3 0 0.00340704
12852.5 0 0.00342971
12853.7 0 0.00345237
12855 0 0.00347501
12856.2 0 0.00349764
12857.4 0 0.00352026
12858.5 0 0.00354287
12859.7 0 0.00356547
12860.9 0 0.00358805
12862 0 0.00361063
12863.1 0 0.00363319
12864.3 0 0.00365575
12865.4 0 0.0036783
12866.4 0 0.00370084
12867.5 0 0.00372338
12868.6 0 0.00374591
12869.6 0 0.00376843
12870.7 0 0.00379096
12871.7 0 0.00381348
12872.7 0 0.00383599
12873.7 0 0.00385851
12874.7 0 0.00388102
12875.7 0 0.00390354
12876.6 0 0.00392605
12877.5 0 0.00394857
12878.5 0 0.00397109
12879.4 0 0.00399361
12880.3 0 0.00401614
12881.2 0 0.00403867
12882 0 0.0040612
12882.9 0 0.00408374
12883.7 0 0.00410629
12884.6 0 0.00412884
12885.4 0 0.0041514
12886.2 0 0.00417397
12886.9 0 0.00419655
12887.7 0 0.00421914
12888.5 0 0.00424173
12889.2 0 0.00426434
12889.9 0 0.00428695
12890.6 0 0.00430958
12891.3 0 0.00433221
12892 0 0.00435485
12892.7 0 0.00437751
12893.3 0 0.00440017
12894 0 0.00442285
12894.6 0 0.00444553
12895.2 0 0.00446823
12895.8 0 0.00449093
12896.4 0 0.00451364
12897 0 0.00453637
12897.6 0 0.0045591
12898.1 0 0.00458184
12898.7 0 0.00460458
12899.2 0 0.00462734
12899.8 0 0.0046501
12900.3 0 0.0046729
12900.7 0 0.00469604
12901.2 0 0.00471919
12901.6 0 0.00474235
12902 0 0.00476551
12902.5 0 0.00478868
12902.9 0 0.00481186
12903.3 0 0.00483505
12903.7 0 0.00485823
12904.1 0 0.00488143
12904.5 0 0.00490462
12904.8 0 0.00492782
12905.2 0 0.00495103
12905.5 0 0.00497423
12905.9 0 0.00499744
12906.2 0 0.00502065
12906.6 0 0.00504386
12906.9 0 0.00506707
12907.2 0 0.00509027
12907.5 0 0.00511348
12907.9 0 0.00513669
12908.2 0 0.0051599
12908.5 0 0.0051831
12908.8 0 0.00520631
12909 0 0.00522951
12909.3 0 0.0052527
12909.6 0 0.0052759
12909.9 0 0.00529909
12910.2 0 0.00532228
12910.4 0 0.00534546
12910.7 0 0.00536864
12910.9 0 0.00539182
12911.2 0 0.00541499
12911.4 0 0.00543815
12911.7 0 0.00546131
12911.9 0 0.00548447
12912.2 0 0.00550762
12912.4 0 0.00553076
12912.6 0 0.0055539
12912.9 0 0.00557703
12913.1 0 0.00560015
12913.3 0 0.00562327
12913.5 0 0.00564639
12913.7 0 0.00566949
12913.9 0 0.00569259
12914.1 0 0.00571568
12914.3 0 0.00573877
12914.5 0 0.00576185
12914.7 0 0.00578492
12914.9 0 0.00580799
12915.1 0 0.00583104
12915.3 0 0.00585409
12915.5 0 0.00587714
12915.7 0 0.00590017
12915.9 0 0.0059232
12916 0 0.00594622
12916.2 0 0.00596923
12916.4 0 0.00599224
12916.6 0 0.00601524
12916.7 0 0.00603823
12916.9 0 0.00606121
12917 0 0.00608418
12917.2 0 0.00610715
12917.4 0 0.00613011
12917.5 0 0.00615306
12917.7 0 0.006176
12917.8 0 0.00619894
12918 0 0.00622186
12918.1 0 0.00624478
12918.2 0 0.00626769
12918.4 0 0.0062906
12918.5 0 0.00631349
12918.7 0 0.00633638
12918.8 0 0.00635926
12918.9 0 0.00638213
12919.1 0 0.00640499
12919.3 0 0.00642782
12919.6 0 0.00645059
12920.2 0 0.00647329
12921.1 0 0.00649587
12922.2 0 0.00651837
12923.4 0 0.00654082
12924.8 0 0.00656322
12926.3 0 0.00658556
12927.9 0 0.00660785
12929.8 0 0.00663003
12931.8 0 0.00665219
12933.7 0 0.00667434
12935.7 0 0.00669647
12937.6 0 0.0067186
12939.6 0 0.00674068
12941.8 0 0.00676271
12944.1 0 0.00678468
12946.6 0 0.00680655
12949.3 0 0.00682839
12951.9 0 0.00685021
12954.5 0 0.00687202
12957.1 0 0.00689382
12959.7 0 0.0069156
12962.3 0 0.00693738
12964.9 0 0.00695914
12967.5 0 0.00698089
12970.2 0 0.00700259
12973 0 0.00702424
12976 0 0.00704583
12979.1 0 0.00706732
12982.4 0 0.00708878
12985.6 0 0.00711022
12988.8 0 0.00713163
12992 0 0.00715303
12995.2 0 0.00717442
12998.4 0 0.00719579
13001.6 0 0.00721715
13004.8 0 0.00723849
13008 0 0.00725983
13011.2 0 0.00728114
13014.4 0 0.00730245
13017.6 0 0.00732374
13020.9 0 0.00734498
13024.2 0 0.00736617
13027.7 0 0.00738731
13031.3 0 0.00740838
13035 0 0.00742934
13038.8 0 0.00745031
13042.5 0 0.00747126
13046.3 0 0.00749219
13050 0 0.00751311
13053.7 0 0.00753401
13057.5 0 0.00755489
13061.2 0 0.00757576
13064.9 0 0.00759661
13068.7 0 0.00761744
13072.4 0 0.00763826
13076.1 0 0.00765906
13079.8 0 0.00767985
13083.5 0 0.00770061
13087.2 0 0.00772136
13090.9 0 0.00774209
13094.6 0 0.00776281
13098.4 0 0.00778349
13102.2 0 0.00780411
13106.1 0 0.00782468
13110 0 0.00784519
13114.2 0 0.00786561
13118.4 0 0.00788597
13122.6 0 0.00790632
13126.8 0 0.00792664
13130.9 0 0.00794695
13135.1 0 0.00796723
13139.3 0 0.0079875
13143.5 0 0.00800774
13147.6 0 0.00802796
13151.8 0 0.00804816
13155.9 0 0.00806834
13160.1 0 0.0080885
13164.3 0 0.00810864
13168.4 0 0.00812875
13172.5 0 0.00814885
13176.7 0 0.00816892
13180.8 0 0.00818897
13185 0 0.00820899
13189.1 0 0.008229
13193.2 0 0.00824898
13197.4 0 0.00826894
13201.5 0 0.00828887
13205.6 0 0.00830878
13209.7 0 0.00832867
13213.9 0 0.00834852
13218.1 0 0.00836831
13222.4 0 0.00838803
13226.7 0 0.0084077
13231.2 0 0.00842727
13235.7 0 0.00844676
13240.2 0 0.00846624
13244.8 0 0.00848568
13249.3 0 0.0085051
13253.8 0 0.00852449
13258.3 0 0.00854385
13262.8 0 0.00856319
13267.3 0 0.0085825
13271.8 0 0.00860178
13276.3 0 0.00862103
13280.8 0 0.00864026
13285.3 0 0.00865945
13289.8 0 0.00867863
13294.3 0 0.00869777
13298.7 0 0.00871688
13303.2 0 0.00873597
13307.7 0 0.00875503
13312.2 0 0.00877405
13316.6 0 0.00879305
13321.1 0 0.00881203
13325.5 0 0.00883097
13330 0 0.00884988
13334.4 0 0.00886877
13338.9 0 0.00888762
13343.3 0 0.00890645
13347.7 0 0.00892525
13352.2 0 0.00894401
13356.6 0 0.00896275
13361 0 0.00898146
13365.5 0 0.00900014
13369.9 0 0.00901879
13374.3 0 0.00903741
13378.8 0 0.00905596
13383.3 0 0.00907445
13387.9 0 0.00909288
13392.5 0 0.00911124
13397.2 0 0.00912949
13402 0 0.00914767
13406.7 0 0.00916581
13411.5 0 0.00918393
13416.2 0 0.00920201
13420.9 0 0.00922005
13425.7 0 0.00923807
13430.4 0 0.00925606
13435.1 0 0.00927401
13439.8 0 0.00929193
13444.5 0 0.00930982
13449.3 0 0.00932767
13454 0 0.00934549
13458.7 0 0.00936329
13463.4 0 0.00938105
13468.1 0 0.00939877
13472.8 0 0.00941647
13477.4 0 0.00943413
13482.1 0 0.00945176
13486.8 0 0.00946936
13491.5 0 0.00948693
13496.2 0 0.00950446
13500.8 0 0.00952197
13505.5 0 0.00953944
13510.1 0 0.00955688
13514.8 0 0.00957428
13519.5 0 0.00959166
13524.1 0 0.009609
13528.8 0 0.00962631
13533.4 0 0.00964359
13538 0 0.00966084
13542.7 0 0.00967806
13547.3 0 0.00969524
13551.9 0 0.0097124
13556.6 0 0.00972952
13561.2 0 0.00974661
13565.8 0 0.00976367
13570.4 0 0.00978069
13575 0 0.00979769
13579.6 0 0.00981465
13584.2 0 0.00983159
13588.8 0 0.00984849
13593.4 0 0.00986536
13598 0 0.0098822
13602.7 0 0.00989898
13607.4 0 0.00991571
13612.1 0 0.00993236
13616.8 0 0.00994895
13621.6 0 0.00996548
13410.3 0 0.00984646
13470.1 0 0.00982105
13494.5 0 0.00981038
