0 -58.4752 -2.26119e-06
634.56 -582.782 -2.25573e-05
1173.57 -986.519 -3.82299e-05
1709.92 -1390 -5.39451e-05
2243.81 -1796.01 -6.98221e-05
2775.24 -2205.64 -8.59149e-05
3304.22 -2618.76 -0.000102229
3830.74 -3035.39 -0.000118776
4354.77 -3455.43 -0.000135563
4876.15 -3878.57 -0.000152588
5394.56 -4304.31 -0.000169843
5909.16 -4731.8 -0.000187303
6418.2 -5159.42 -0.000204912
6918.36 -5584.28 -0.000222559
7403.99 -6001.52 -0.000240044
7866.83 -6404.48 -0.000257084
8297.18 -6784.8 -0.000273313
8686.59 -7135.03 -0.000288388
9030.8 -7450.99 -0.000302101
9330.49 -7730.74 -0.000314335
9590.04 -7977.24 -0.000325188
9815.21 -8193.11 -0.000334752
10011.7 -8381.9 -0.000343162
10184.8 -8549.5 -0.000350665
10338.5 -8698.97 -0.000357386
10475.8 -8829.57 -0.000363282
10599.4 -8944.76 -0.0003685
10711.4 -9044.76 -0.000373045
10812.7 -9121.87 -0.000376558
10905.5 -9189.21 -0.000379633
10991.1 -9247.89 -0.000382317
11070.4 -9298.84 -0.000384652
11143.9 -9341.32 -0.000386601
11212.1 -9372.64 -0.00038804
11276 -9398.13 -0.000389211
11335.9 -9418.34 -0.000390141
11392.3 -9433.74 -0.00039085
11445.5 -9444.79 -0.000391359
11495.9 -9451.89 -0.000391686
11543.8 -9455.37 -0.000391846
11589.3 -9455.53 -0.000391853
11632.4 -9448.62 -0.000391586
11673.3 -9433.48 -0.000391001
11712.4 -9415.07 -0.000390289
11749.8 -9393.69 -0.000389462
11785.6 -9369.6 -0.000388531
11820.1 -9343.08 -0.000387505
11853.2 -9314.35 -0.000386394
11885.1 -9283.61 -0.000385205
11915.6 -9246.01 -0.000383752
11945 -9203.34 -0.000382102
11972.9 -9151.27 -0.000380088
11999.8 -9096.98 -0.000377989
12025.7 -9041.2 -0.000375832
12050.7 -8982.78 -0.000373573
12074.7 -8916.24 -0.000371
12097.7 -8846.82 -0.000368316
12119.8 -8772.26 -0.000365433
12141.1 -8696.97 -0.000362521
12161.8 -8621.11 -0.000359588
12181.9 -8544.8 -0.000356637
12201.4 -8468.14 -0.000353673
12220.3 -8391.2 -0.000350698
12238.6 -8314.07 -0.000347715
12256.3 -8236.8 -0.000344728
12273.3 -8154.32 -0.000341538
12289.7 -8069.01 -0.000338239
12305.5 -7983.71 -0.000334941
12320.9 -7898.53 -0.000331647
12335.7 -7811.91 -0.000328298
12349.8 -7720.93 -0.00032478
12363.5 -7630.32 -0.000321276
12376.5 -7527.71 -0.000317308
12388.8 -7413.54 -0.000312894
12400.7 -7299.77 -0.000308495
12412.4 -7186.48 -0.000304114
12423.7 -7073.71 -0.000299753
12434.7 -6961.5 -0.000295414
12445.5 -6849.87 -0.000291098
12455.9 -6738.8 -0.000286803
12466.1 -6628.27 -0.000282529
12476 -6518.25 -0.000278275
12485.7 -6408.7 -0.000274039
12495.1 -6299.57 -0.000269819
12504.3 -6190.82 -0.000265614
12513.2 -6082.4 -0.000261421
12521.8 -5974.28 -0.00025724
12530.3 -5866.42 -0.00025307
12538.4 -5758.81 -0.000248909
12546.4 -5651.45 -0.000244757
12554.2 -5544.34 -0.000240615
12561.7 -5437.49 -0.000236484
12569 -5330.93 -0.000232363
12576.2 -5224.7 -0.000228255
12583.1 -5118.82 -0.000224161
12589.9 -5013.34 -0.000220083
12596.5 -4908.3 -0.000216021
12603 -4803.74 -0.000211978
12609.3 -4699.71 -0.000207955
12615.5 -4596.24 -0.000203954
12621.6 -4493.37 -0.000199976
12627.5 -4391.12 -0.000196023
12633.3 -4286.91 -0.000191993
12638.9 -4176.98 -0.000187742
12644.3 -4059.1 -0.000183184
12649.5 -3937.96 -0.0001785
12654.6 -3816.35 -0.000173798
12659.6 -3691.85 -0.000168983
12664.4 -3567.9 -0.00016419
12669.2 -3444.49 -0.000159418
12673.9 -3321.6 -0.000154667
12678.6 -3199.22 -0.000149934
12683.1 -3077.32 -0.000145221
12687.6 -2955.86 -0.000140524
12692 -2834.83 -0.000135844
12696.3 -2714.17 -0.000131179
12700.6 -2593.86 -0.000126526
12704.8 -2473.86 -0.000121886
12708.9 -2354.12 -0.000117256
12713 -2234.6 -0.000112634
12717 -2115.27 -0.00010802
12720.9 -1996.08 -0.000103411
12724.7 -1877.01 -9.88069e-05
12728.5 -1758.01 -9.42055e-05
12732.1 -1637.83 -8.95584e-05
12735.7 -1516.38 -8.48622e-05
12739.2 -1394.94 -8.01663e-05
12742.7 -1273.64 -7.54758e-05
12746 -1152.34 -7.07857e-05
12749.3 -1031.02 -6.60941e-05
12752.5 -907.494 -6.13178e-05
12755.5 -771.259 -5.60499e-05
12758.3 -633.137 -5.07089e-05
12761.2 -494.835 -4.53611e-05
12763.9 -356.371 -4.0007e-05
12766.6 -217.762 -3.46472e-05
12769.2 -79.032 -2.92828e-05
12771.7 0 -2.36528e-05
12774.1 0 -1.76828e-05
12776.4 0 -1.17052e-05
12778.6 0 -5.72152e-06
12780.8 0 2.66774e-07
12783 0 6.25809e-06
12785.1 0 1.22509e-05
12787.2 0 1.82436e-05
12789.2 0 2.42347e-05
12791.2 0 3.02227e-05
12793.2 0 3.62063e-05
12795.1 0 4.2184e-05
12797 0 4.81547e-05
12798.8 0 5.41172e-05
12800.6 0 6.00703e-05
12802.4 0 6.6013e-05
12804.2 0 7.19444e-05
12805.9 0 7.78635e-05
12807.7 0 8.37697e-05
12809.4 0 8.96623e-05
12811 0 9.55405e-05
12812.7 0 0.000101404
12814.3 0 0.000107252
12815.9 0 0.000113084
12817.5 0 0.0001189
12819.1 0 0.000124699
12820.7 0 0.000130482
12822.2 0 0.000136248
12823.7 0 0.000141997
12825.2 0 0.000147728
12826.7 0 0.000153442
12828.2 0 0.000159139
12829.7 0 0.000164819
12831.1 0 0.000170481
12832.6 0 0.000176126
12834 0 0.000181754
12835.4 0 0.000187365
12836.8 0 0.000192959
12838.2 0 0.000198537
12839.5 0 0.000204099
12840.9 0 0.000209644
12842.2 0 0.000215174
12843.6 0 0.000220688
12844.9 0 0.000226187
12846.2 0 0.000231671
12847.5 0 0.000237141
12848.7 0 0.000242597
12850 0 0.00024804
12851.3 0 0.000253469
12852.5 0 0.000258886
12853.7 0 0.00026429
12855 0 0.000269683
12856.2 0 0.000275065
12857.4 0 0.000280436
12858.5 0 0.000285798
12859.7 0 0.000291147
12860.9 0 0.000296475
12862 0 0.000301793
12863.1 0 0.000307104
12864.3 0 0.000312408
12865.4 0 0.000317705
12866.4 0 0.000322996
12867.5 0 0.000328282
12868.6 0 0.000333563
12869.6 0 0.000338841
12870.7 0 0.000344116
12871.7 0 0.000349388
12872.7 0 0.000354658
12873.7 0 0.000359927
12874.7 0 0.000365196
12875.7 0 0.000370465
12876.6 0 0.000375734
12877.5 0 0.000381006
12878.5 0 0.000386279
12879.4 0 0.000391555
12880.3 0 0.000396834
12881.2 0 0.000402117
12882 0 0.000407404
12882.9 0 0.000412696
12883.7 0 0.000417993
12884.6 0 0.000423295
12885.4 0 0.000428603
12886.2 0 0.000433917
12886.9 0 0.000439238
12887.7 0 0.000444565
12888.5 0 0.000449898
12889.2 0 0.000455239
12889.9 0 0.000460587
12890.6 0 0.000465941
12891.3 0 0.000471303
12892 0 0.000476671
12892.7 0 0.000482047
12893.3 0 0.000487429
12894 0 0.000492818
12894.6 0 0.000498213
12895.2 0 0.000503615
12895.8 0 0.000509023
12896.4 0 0.000514436
12897 0 0.000519855
12897.6 0 0.00052528
12898.1 0 0.000530709
12898.7 0 0.000536142
12899.2 0 0.00054158
12899.8 0 0.000547022
12900.3 0 0.000552505
12900.7 0 0.000558478
12901.2 0 0.000564458
12901.6 0 0.000570443
12902 0 0.000576434
12902.5 0 0.00058243
12902.9 0 0.000588429
12903.3 0 0.000594433
12903.7 0 0.000600439
12904.1 0 0.000606449
12904.5 0 0.00061246
12904.8 0 0.000618474
12905.2 0 0.000624489
12905.5 0 0.000630504
12905.9 0 0.00063652
12906.2 0 0.000642536
12906.6 0 0.000648552
12906.9 0 0.000654567
12907.2 0 0.00066058
12907.5 0 0.000666593
12907.9 0 0.000672603
12908.2 0 0.000678611
12908.5 0 0.000684617
12908.8 0 0.00069062
12909 0 0.00069662
12909.3 0 0.000702617
12909.6 0 0.000708609
12909.9 0 0.000714599
12910.2 0 0.000720584
12910.4 0 0.000726564
12910.7 0 0.00073254
12910.9 0 0.000738512
12911.2 0 0.000744478
12911.4 0 0.00075044
12911.7 0 0.000756396
12911.9 0 0.000762347
12912.2 0 0.000768292
12912.4 0 0.000774232
12912.6 0 0.000780166
12912.9 0 0.000786094
12913.1 0 0.000792015
12913.3 0 0.000797931
12913.5 0 0.00080384
12913.7 0 0.000809743
12913.9 0 0.00081564
12914.1 0 0.00082153
12914.3 0 0.000827413
12914.5 0 0.00083329
12914.7 0 0.00083916
12914.9 0 0.000845023
12915.1 0 0.00085088
12915.3 0 0.000856729
12915.5 0 0.000862571
12915.7 0 0.000868407
12915.9 0 0.000874235
12916 0 0.000880057
12916.2 0 0.000885871
12916.4 0 0.000891678
12916.6 0 0.000897478
12916.7 0 0.00090327
12916.9 0 0.000909056
12917 0 0.000914834
12917.2 0 0.000920605
12917.4 0 0.000926368
12917.5 0 0.000932125
12917.7 0 0.000937873
12917.8 0 0.000943615
12918 0 0.000949349
12918.1 0 0.000955076
12918.2 0 0.000960796
12918.4 0 0.000966508
12918.5 0 0.000972212
12918.7 0 0.00097791
12918.8 0 0.0009836
12918.9 0 0.000989282
12919.1 0 0.000994954
12919.3 0 0.0010006
12919.6 0 0.00100619
12920.2 0 0.00101171
12921.1 0 0.00101714
12922.2 0 0.00102248
12923.4 0 0.00102777
12924.8 0 0.00103303
12926.3 0 0.00103823
12927.9 0 0.00104338
12929.8 0 0.00104843
12931.8 0 0.00105346
12933.7 0 0.00105849
12935.7 0 0.0010635
12937.6 0 0.0010685
12939.6 0 0.00107347
12941.8 0 0.00107838
12944.1 0 0.00108324
12946.6 0 0.00108802
12949.3 0 0.00109276
12951.9 0 0.00109749
12954.5 0 0.0011022
12957.1 0 0.00110691
12959.7 0 0.00111161
12962.3 0 0.0011163
12964.9 0 0.00112097
12967.5 0 0.00112564
12970.2 0 0.00113026
12973 0 0.00113483
12976 0 0.00113935
12979.1 0 0.00114378
12982.4 0 0.00114818
12985.6 0 0.00115256
12988.8 0 0.00115685
12992 0 0.00116114
12995.2 0 0.00116541
12998.4 0 0.00116967
13001.6 0 0.00117391
13004.8 0 0.00117815
13008 0 0.00118237
13011.2 0 0.00118657
13014.4 0 0.00119077
13017.6 0 0.00119495
13020.9 0 0.00119908
13024.2 0 0.00120317
13027.7 0 0.0012072
13031.3 0 0.00121116
13035 0 0.00121504
13038.8 0 0.00121891
13042.5 0 0.00122277
13046.3 0 0.00122661
13050 0 0.00123044
13053.7 0 0.00123426
13057.5 0 0.00123805
13061.2 0 0.00124184
13064.9 0 0.0012456
13068.7 0 0.00124936
13072.4 0 0.00125309
13076.1 0 0.00125681
13079.8 0 0.00126052
13083.5 0 0.00126421
13087.2 0 0.00126788
13090.9 0 0.00127154
13094.6 0 0.00127518
13098.4 0 0.00127879
13102.2 0 0.00128234
13106.1 0 0.00128584
13110 0 0.00128929
13114.2 0 0.00129263
13118.4 0 0.00129595
13122.6 0 0.00129924
13126.8 0 0.00130252
13130.9 0 0.00130577
13135.1 0 0.00130901
13139.3 0 0.00131223
13143.5 0 0.00131543
13147.6 0 0.00131861
13151.8 0 0.00132177
13155.9 0 0.00132492
13160.1 0 0.00132804
13164.3 0 0.00133114
13168.4 0 0.00133423
13172.5 0 0.00133729
13176.7 0 0.00134033
13180.8 0 0.00134335
13185 0 0.00134635
13189.1 0 0.00134934
13193.2 0 0.0013523
13197.4 0 0.00135523
13201.5 0 0.00135815
13205.6 0 0.00136105
13209.7 0 0.00136392
13213.9 0 0.00136675
13218.1 0 0.00136953
13222.4 0 0.00137224
13226.7 0 0.0013749
13231.2 0 0.00137745
13235.7 0 0.00137996
13240.2 0 0.00138245
13244.8 0 0.00138491
13249.3 0 0.00138734
13253.8 0 0.00138975
13258.3 0 0.00139214
13262.8 0 0.0013945
13267.3 0 0.00139683
13271.8 0 0.00139915
13276.3 0 0.00140143
13280.8 0 0.00140369
13285.3 0 0.00140593
13289.8 0 0.00140813
13294.3 0 0.00141032
13298.7 0 0.00141247
13303.2 0 0.00141461
13307.7 0 0.00141671
13312.2 0 0.00141879
13316.6 0 0.00142084
13321.1 0 0.00142287
13325.5 0 0.00142487
13330 0 0.00142684
13334.4 0 0.00142879
13338.9 0 0.00143071
13343.3 0 0.0014326
13347.7 0 0.00143447
13352.2 0 0.00143631
13356.6 0 0.00143812
13361 0 0.0014399
13365.5 0 0.00144166
13369.9 0 0.00144339
13374.3 0 0.00144507
13378.8 0 0.0014467
13383.3 0 0.00144826
13387.9 0 0.00144976
13392.5 0 0.0014512
13397.2 0 0.00145251
13402 0 0.0014538
13406.7 0 0.00145505
13411.5 0 0.00145628
13416.2 0 0.00145747
13420.9 0 0.00145864
13425.7 0 0.00145977
13430.4 0 0.00146088
13435.1 0 0.00146195
13439.8 0 0.001463
13444.5 0 0.00146401
13449.3 0 0.00146499
13454 0 0.00146595
13458.7 0 0.00146687
13463.4 0 0.00146777
13468.1 0 0.00146863
13472.8 0 0.00146946
13477.4 0 0.00147027
13482.1 0 0.00147104
13486.8 0 0.00147178
13491.5 0 0.00147249
13496.2 0 0.00147318
13500.8 0 0.00147383
13505.5 0 0.00147445
13510.1 0 0.00147504
13514.8 0 0.0014756
13519.5 0 0.00147613
13524.1 0 0.00147663
13528.8 0 0.0014771
13533.4 0 0.00147754
13538 0 0.00147795
13542.7 0 0.00147833
13547.3 0 0.00147868
13551.9 0 0.001479
13556.6 0 0.00147929
13561.2 0 0.00147955
13565.8 0 0.00147978
13570.4 0 0.00147998
13575 0 0.00148015
13579.6 0 0.00148029
13584.2 0 0.00148039
13588.8 0 0.00148047
13593.4 0 0.00148051
13598 0 0.0014805
13602.7 0 0.00148044
13607.4 0 0.0014803
13612.1 0 0.00148011
13616.8 0 0.00147985
13621.6 0 0.00147948
13410.3 0 0.00134435
13470.1 0 0.00130241
13494.5 0 0.00127524
