0 -58.4752 -2.26119e-06
634.56 0 5.78594e-05
1173.57 0 0.000122655
1709.92 0 0.0001874
2243.81 0 0.000251988
2775.24 0 0.000316354
3304.22 0 0.000380495
3830.74 0 0.000444401
4354.77 0 0.000508067
4876.15 0 0.000571496
5394.56 0 0.000634696
5909.16 0 0.000697691
6418.2 0 0.000760537
6918.36 0 0.000823346
7403.99 0 0.000886314
7866.83 0 0.00094973
8297.18 0 0.00101396
8686.59 0 0.00107933
9030.8 0 0.00114607
9330.49 0 0.0012143
9590.04 0 0.00128393
9815.21 0 0.0013549
10011.7 0 0.0014271
10184.8 0 0.00150022
10338.5 0 0.00157412
10475.8 0 0.00164863
10599.4 0 0.00172374
10711.4 0 0.00179944
10812.7 0 0.00187631
10905.5 0 0.0019536
10991.1 0 0.00203128
11070.4 0 0.00210931
11143.9 0 0.00218771
11212.1 0 0.00226661
11276 0 0.00234577
11335.9 0 0.00242516
11392.3 0 0.00250477
11445.5 0 0.00258458
11495.9 0 0.00266457
11543.8 0 0.00274472
11589.3 0 0.00282501
11632.4 0 0.0029056
11673.3 0 0.00298653
11712.4 0 0.00306759
11749.8 0 0.00314876
11785.6 0 0.00323003
11820.1 0 0.0033114
11853.2 0 0.00339285
11885.1 0 0.00347438
11915.6 0 0.00355634
11945 0 0.00363861
11972.9 0 0.00372115
11999.8 0 0.00380377
12025.7 0 0.00388645
12050.7 0 0.00396927
12074.7 0 0.00405258
12097.7 0 0.00413593
12119.8 0 0.00421932
12141.1 0 0.00430274
12161.8 0 0.00438618
12181.9 0 0.00446965
12201.4 0 0.00455312
12220.3 0 0.00463661
12238.6 0 0.00472011
12256.3 0 0.00480362
12273.3 0 0.0048873
12289.7 0 0.00497108
12305.5 0 0.00505486
12320.9 0 0.00513864
12335.7 0 0.00522237
12349.8 0 0.00530596
12363.5 0 0.00538953
12376.5 0 0.00547394
12388.8 0 0.00555903
12400.7 0 0.00564411
12412.4 0 0.00572917
12423.7 0 0.00581421
12434.7 0 0.00589923
12445.5 0 0.00598424
12455.9 0 0.00606922
12466.1 0 0.00615419
12476 0 0.00623914
12485.7 0 0.00632407
12495.1 0 0.006409
12504.3 0 0.00649391
12513.2 0 0.00657881
12521.8 0 0.0066637
12530.3 0 0.00674859
12538.4 0 0.00683347
12546.4 0 0.00691835
12554.2 0 0.00700321
12561.7 0 0.00708808
12569 0 0.00717293
12576.2 0 0.00725777
12583.1 0 0.0073426
12589.9 0 0.00742742
12596.5 0 0.00751222
12603 0 0.00759701
12609.3 0 0.00768177
12615.5 0 0.00776651
12621.6 0 0.00785124
12627.5 0 0.00793593
12633.3 0 0.00802077
12638.9 0 0.00810596
12644.3 0 0.0081917
12649.5 0 0.00827767
12654.6 0 0.0083636
12659.6 0 0.00844944
12664.4 0 0.00853526
12669.2 0 0.00862106
12673.9 0 0.00870685
12678.6 0 0.00879262
12683.1 0 0.00887838
12687.6 0 0.00896413
12692 0 0.00904987
12696.3 0 0.0091356
12700.6 0 0.00922132
12704.8 0 0.00930704
12708.9 0 0.00939276
12713 0 0.00947848
12717 0 0.0095642
12720.9 0 0.00964993
12724.7 0 0.00973566
12728.5 0 0.0098214
12732.1 0 0.00990705
12735.7 0 0.00999262
12739.2 0 0.0100782
12742.7 0 0.0101638
12746 0 0.0102494
12749.3 0 0.0103349
12752.5 0 0.0104205
12755.5 0 0.0105062
12758.3 0 0.010592
12761.2 0 0.0106777
12763.9 0 0.0107634
12766.6 0 0.0108491
12769.2 0 0.0109348
12771.7 0 0.0110209
12774.1 0 0.0111073
12776.4 0 0.0111937
12778.6 0 0.0112801
12780.8 0 0.0113664
12783 0 0.0114528
12785.1 0 0.0115392
12787.2 0 0.0116256
12789.2 0 0.0117119
12791.2 0 0.0117983
12793.2 0 0.0118846
12795.1 0 0.011971
12797 0 0.0120573
12798.8 0 0.0121436
12800.6 0 0.0122299
12802.4 0 0.0123161
12804.2 0 0.0124024
12805.9 0 0.0124886
12807.7 0 0.0125749
12809.4 0 0.0126611
12811 0 0.0127473
12812.7 0 0.0128334
12814.3 0 0.0129196
12815.9 0 0.0130057
12817.5 0 0.0130919
12819.1 0 0.013178
12820.7 0 0.0132641
12822.2 0 0.0133501
12823.7 0 0.0134362
12825.2 0 0.0135222
12826.7 0 0.0136082
12828.2 0 0.0136942
12829.7 0 0.0137802
12831.1 0 0.0138662
12832.6 0 0.0139521
12834 0 0.0140381
12835.4 0 0.014124
12836.8 0 0.0142099
12838.2 0 0.0142958
12839.5 0 0.0143817
12840.9 0 0.0144675
12842.2 0 0.0145534
12843.6 0 0.0146392
12844.9 0 0.014725
12846.2 0 0.0148108
12847.5 0 0.0148966
12848.7 0 0.0149824
12850 0 0.0150681
12851.3 0 0.0151539
12852.5 0 0.0152396
12853.7 0 0.0153254
12855 0 0.0154111
12856.2 0 0.0154968
12857.4 0 0.0155825
12858.5 0 0.0156682
12859.7 0 0.0157539
12860.9 0 0.0158395
12862 0 0.0159252
12863.1 0 0.0160108
12864.3 0 0.0160964
12865.4 0 0.016182
12866.4 0 0.0162677
12867.5 0 0.0163533
12868.6 0 0.0164389
12869.6 0 0.0165245
12870.7 0 0.0166101
12871.7 0 0.0166957
12872.7 0 0.0167813
12873.7 0 0.0168669
12874.7 0 0.0169525
12875.7 0 0.0170381
12876.6 0 0.0171237
12877.5 0 0.0172093
12878.5 0 0.0172949
12879.4 0 0.0173806
12880.3 0 0.0174662
12881.2 0 0.0175518
12882 0 0.0176374
12882.9 0 0.017723
12883.7 0 0.0178086
12884.6 0 0.0178943
12885.4 0 0.0179799
12886.2 0 0.0180655
12886.9 0 0.0181512
12887.7 0 0.0182368
12888.5 0 0.0183225
12889.2 0 0.0184081
12889.9 0 0.0184938
12890.6 0 0.0185795
12891.3 0 0.0186651
12892 0 0.0187508
12892.7 0 0.0188365
12893.3 0 0.0189222
12894 0 0.0190078
12894.6 0 0.0190935
12895.2 0 0.0191792
12895.8 0 0.0192649
12896.4 0 0.0193506
12897 0 0.0194363
12897.6 0 0.019522
12898.1 0 0.0196077
12898.7 0 0.0196934
12899.2 0 0.0197791
12899.8 0 0.0198648
12900.3 0 0.0199505
12900.7 0 0.0200369
12901.2 0 0.0201233
12901.6 0 0.0202097
12902 0 0.0202961
12902.5 0 0.0203825
12902.9 0 0.0204689
12903.3 0 0.0205553
12903.7 0 0.0206417
12904.1 0 0.0207281
12904.5 0 0.0208145
12904.8 0 0.0209009
12905.2 0 0.0209873
12905.5 0 0.0210738
12905.9 0 0.0211602
12906.2 0 0.0212466
12906.6 0 0.021333
12906.9 0 0.0214194
12907.2 0 0.0215058
12907.5 0 0.0215922
12907.9 0 0.0216786
12908.2 0 0.021765
12908.5 0 0.0218513
12908.8 0 0.0219377
12909 0 0.0220241
12909.3 0 0.0221105
12909.6 0 0.0221969
12909.9 0 0.0222832
12910.2 0 0.0223696
12910.4 0 0.022456
12910.7 0 0.0225423
12910.9 0 0.0226287
12911.2 0 0.022715
12911.4 0 0.0228013
12911.7 0 0.0228877
12911.9 0 0.022974
12912.2 0 0.0230603
12912.4 0 0.0231466
12912.6 0 0.023233
12912.9 0 0.0233193
12913.1 0 0.0234056
12913.3 0 0.0234919
12913.5 0 0.0235781
12913.7 0 0.0236644
12913.9 0 0.0237507
12914.1 0 0.023837
12914.3 0 0.0239232
12914.5 0 0.0240095
12914.7 0 0.0240957
12914.9 0 0.024182
12915.1 0 0.0242682
12915.3 0 0.0243544
12915.5 0 0.0244407
12915.7 0 0.0245269
12915.9 0 0.0246131
12916 0 0.0246993
12916.2 0 0.0247855
12916.4 0 0.0248717
12916.6 0 0.0249579
12916.7 0 0.0250441
12916.9 0 0.0251302
12917 0 0.0252164
12917.2 0 0.0253025
12917.4 0 0.0253887
12917.5 0 0.0254748
12917.7 0 0.025561
12917.8 0 0.0256471
12918 0 0.0257332
12918.1 0 0.0258194
12918.2 0 0.0259055
12918.4 0 0.0259916
12918.5 0 0.0260777
12918.7 0 0.0261638
12918.8 0 0.0262498
12918.9 0 0.0263359
12919.1 0 0.026422
12919.3 0 0.026508
12919.6 0 0.026594
12920.2 0 0.0266799
12921.1 0 0.0267658
12922.2 0 0.0268516
12923.4 0 0.0269373
12924.8 0 0.027023
12926.3 0 0.0271086
12927.9 0 0.0271942
12929.8 0 0.0272797
12931.8 0 0.0273652
12933.7 0 0.0274507
12935.7 0 0.0275362
12937.6 0 0.0276216
12939.6 0 0.0277071
12941.8 0 0.0277925
12944.1 0 0.0278778
12946.6 0 0.0279631
12949.3 0 0.0280483
12951.9 0 0.0281335
12954.5 0 0.0282187
12957.1 0 0.0283039
12959.7 0 0.0283891
12962.3 0 0.0284743
12964.9 0 0.0285595
12967.5 0 0.0286447
12970.2 0 0.0287298
12973 0 0.0288149
12976 0 0.0288999
12979.1 0 0.0289849
12982.4 0 0.0290698
12985.6 0 0.0291547
12988.8 0 0.0292395
12992 0 0.0293242
12995.2 0 0.029409
12998.4 0 0.0294937
13001.6 0 0.0295784
13004.8 0 0.0296631
13008 0 0.0297478
13011.2 0 0.0298325
13014.4 0 0.0299172
13017.6 0 0.0300018
13020.9 0 0.0300864
13024.2 0 0.030171
13027.7 0 0.0302555
13031.3 0 0.0303399
13035 0 0.0304243
13038.8 0 0.0305087
13042.5 0 0.0305931
13046.3 0 0.0306774
13050 0 0.0307617
13053.7 0 0.030846
13057.5 0 0.0309303
13061.2 0 0.0310146
13064.9 0 0.0310989
13068.7 0 0.0311832
13072.4 0 0.0312674
13076.1 0 0.0313516
13079.8 0 0.0314358
13083.5 0 0.03152
13087.2 0 0.0316042
13090.9 0 0.0316884
13094.6 0 0.0317726
13098.4 0 0.0318567
13102.2 0 0.0319407
13106.1 0 0.0320248
13110 0 0.0321087
13114.2 0 0.0321926
13118.4 0 0.0322764
13122.6 0 0.0323603
13126.8 0 0.0324441
13130.9 0 0.0325279
13135.1 0 0.0326117
13139.3 0 0.0326954
13143.5 0 0.0327792
13147.6 0 0.0328629
13151.8 0 0.0329466
13155.9 0 0.0330303
13160.1 0 0.033114
13164.3 0 0.0331977
13168.4 0 0.0332813
13172.5 0 0.0333649
13176.7 0 0.0334485
13180.8 0 0.0335321
13185 0 0.0336157
13189.1 0 0.0336992
13193.2 0 0.0337828
13197.4 0 0.0338663
13201.5 0 0.0339498
13205.6 0 0.0340332
13209.7 0 0.0341167
13213.9 0 0.0342001
13218.1 0 0.0342834
13222.4 0 0.0343667
13226.7 0 0.03445
13231.2 0 0.0345331
13235.7 0 0.0346162
13240.2 0 0.0346993
13244.8 0 0.0347824
13249.3 0 0.0348654
13253.8 0 0.0349484
13258.3 0 0.0350314
13262.8 0 0.0351144
13267.3 0 0.0351974
13271.8 0 0.0352803
13276.3 0 0.0353632
13280.8 0 0.0354461
13285.3 0 0.035529
13289.8 0 0.0356118
13294.3 0 0.0356946
13298.7 0 0.0357774
13303.2 0 0.0358602
13307.7 0 0.0359429
13312.2 0 0.0360256
13316.6 0 0.0361083
13321.1 0 0.036191
13325.5 0 0.0362737
13330 0 0.0363563
13334.4 0 0.0364389
13338.9 0 0.0365215
13343.3 0 0.036604
13347.7 0 0.0366866
13352.2 0 0.0367691
13356.6 0 0.0368515
13361 0 0.036934
13365.5 0 0.0370164
13369.9 0 0.0370988
13374.3 0 0.0371812
13378.8 0 0.0372635
13383.3 0 0.0373457
13387.9 0 0.0374279
13392.5 0 0.03751
13397.2 0 0.037592
13402 0 0.0376739
13406.7 0 0.0377559
13411.5 0 0.0378378
13416.2 0 0.0379197
13420.9 0 0.0380016
13425.7 0 0.0380835
13430.4 0 0.0381653
13435.1 0 0.0382471
13439.8 0 0.0383289
13444.5 0 0.0384106
13449.3 0 0.0384923
13454 0 0.038574
13458.7 0 0.0386556
13463.4 0 0.0387373
13468.1 0 0.0388189
13472.8 0 0.0389004
13477.4 0 0.038982
13482.1 0 0.0390635
13486.8 0 0.039145
13491.5 0 0.0392264
13496.2 0 0.0393078
13500.8 0 0.0393892
13505.5 0 0.0394706
13510.1 0 0.039552
13514.8 0 0.0396333
13519.5 0 0.0397146
13524.1 0 0.0397958
13528.8 0 0.039877
13533.4 0 0.0399582
13538 0 0.0400394
13542.7 0 0.0401206
13547.3 0 0.0402017
13551.9 0 0.0402828
13556.6 0 0.0403638
13561.2 0 0.0404448
13565.8 0 0.0405258
13570.4 0 0.0406068
13575 0 0.0406877
13579.6 0 0.0407687
13584.2 0 0.0408495
13588.8 0 0.0409304
13593.4 0 0.0410112
13598 0 0.0410919
13602.7 0 0.0411726
13607.4 0 0.0412532
13612.1 0 0.0413338
13616.8 0 0.0414143
13621.6 0 0.0414946
13410.3 0 0.041441
13470.1 0 0.0414801
13494.5 0 0.0415341
