0 -58.4752 -2.26119e-06
634.56 0 7.40406e-05
1173.57 0 0.000154926
1709.92 0 0.000235776
2243.81 0 0.00031646
2775.24 0 0.000396933
3304.22 0 0.000477188
3830.74 0 0.000557211
4354.77 0 0.000636994
4876.15 0 0.000716538
5394.56 0 0.000795852
5909.16 0 0.000874961
6418.2 0 0.00095392
6918.36 0 0.00103284
7403.99 0 0.00111193
7866.83 0 0.00119145
8297.18 0 0.00127179
8686.59 0 0.00135329
9030.8 0 0.00143615
9330.49 0 0.00152048
9590.04 0 0.00160617
9815.21 0 0.00169312
10011.7 0 0.00178116
10184.8 0 0.00187009
10338.5 0 0.00195982
10475.8 0 0.00205052
10599.4 0 0.00214198
10711.4 0 0.00223416
10812.7 0 0.00232727
10905.5 0 0.00242083
10991.1 0 0.00251478
11070.4 0 0.00260909
11143.9 0 0.00270379
11212.1 0 0.00279901
11276 0 0.0028945
11335.9 0 0.00299024
11392.3 0 0.0030862
11445.5 0 0.00318236
11495.9 0 0.00327871
11543.8 0 0.00337523
11589.3 0 0.00347191
11632.4 0 0.00356885
11673.3 0 0.00366608
11712.4 0 0.00376345
11749.8 0 0.00386093
11785.6 0 0.00395851
11820.1 0 0.00405619
11853.2 0 0.00415396
11885.1 0 0.00425181
11915.6 0 0.00434979
11945 0 0.00444789
11972.9 0 0.00454641
11999.8 0 0.00464503
12025.7 0 0.0047437
12050.7 0 0.00484245
12074.7 0 0.00494138
12097.7 0 0.00504047
12119.8 0 0.00513988
12141.1 0 0.00523932
12161.8 0 0.00533878
12181.9 0 0.00543826
12201.4 0 0.00553775
12220.3 0 0.00563724
12238.6 0 0.00573675
12256.3 0 0.00583626
12273.3 0 0.00593599
12289.7 0 0.00603583
12305.5 0 0.00613568
12320.9 0 0.00623552
12335.7 0 0.0063355
12349.8 0 0.00643587
12363.5 0 0.00653624
12376.5 0 0.00663679
12388.8 0 0.0067376
12400.7 0 0.0068384
12412.4 0 0.00693918
12423.7 0 0.00703994
12434.7 0 0.00714067
12445.5 0 0.00724138
12455.9 0 0.00734206
12466.1 0 0.00744272
12476 0 0.00754336
12485.7 0 0.00764398
12495.1 0 0.00774458
12504.3 0 0.00784517
12513.2 0 0.00794573
12521.8 0 0.00804629
12530.3 0 0.00814683
12538.4 0 0.00824736
12546.4 0 0.00834787
12554.2 0 0.00844837
12561.7 0 0.00854887
12569 0 0.00864934
12576.2 0 0.00874981
12583.1 0 0.00885026
12589.9 0 0.00895069
12596.5 0 0.0090511
12603 0 0.00915149
12609.3 0 0.00925187
12615.5 0 0.00935222
12621.6 0 0.00945254
12627.5 0 0.00955285
12633.3 0 0.00965318
12638.9 0 0.00975363
12644.3 0 0.0098542
12649.5 0 0.00995482
12654.6 0 0.0100555
12659.6 0 0.0101565
12664.4 0 0.0102574
12669.2 0 0.0103583
12673.9 0 0.0104592
12678.6 0 0.01056
12683.1 0 0.0106609
12687.6 0 0.0107617
12692 0 0.0108625
12696.3 0 0.0109632
12700.6 0 0.011064
12704.8 0 0.0111647
12708.9 0 0.0112654
12713 0 0.0113661
12717 0 0.0114668
12720.9 0 0.0115675
12724.7 0 0.0116681
12728.5 0 0.0117688
12732.1 0 0.0118696
12735.7 0 0.0119705
12739.2 0 0.0120715
12742.7 0 0.0121724
12746 0 0.0122733
12749.3 0 0.0123743
12752.5 0 0.0124753
12755.5 0 0.0125772
12758.3 0 0.0126792
12761.2 0 0.0127811
12763.9 0 0.0128831
12766.6 0 0.0129851
12769.2 0 0.0130871
12771.7 0 0.0131894
12774.1 0 0.0132919
12776.4 0 0.0133945
12778.6 0 0.0134971
12780.8 0 0.0135997
12783 0 0.0137023
12785.1 0 0.0138049
12787.2 0 0.0139075
12789.2 0 0.0140102
12791.2 0 0.0141128
12793.2 0 0.0142154
12795.1 0 0.014318
12797 0 0.0144207
12798.8 0 0.0145233
12800.6 0 0.0146259
12802.4 0 0.0147285
12804.2 0 0.0148311
12805.9 0 0.0149337
12807.7 0 0.0150363
12809.4 0 0.0151388
12811 0 0.0152414
12812.7 0 0.0153439
12814.3 0 0.0154464
12815.9 0 0.015549
12817.5 0 0.0156515
12819.1 0 0.0157539
12820.7 0 0.0158564
12822.2 0 0.0159589
12823.7 0 0.0160613
12825.2 0 0.0161637
12826.7 0 0.0162661
12828.2 0 0.0163685
12829.7 0 0.0164708
12831.1 0 0.0165732
12832.6 0 0.0166755
12834 0 0.0167778
12835.4 0 0.0168801
12836.8 0 0.0169824
12838.2 0 0.0170846
12839.5 0 0.0171869
12840.9 0 0.0172891
12842.2 0 0.0173913
12843.6 0 0.0174935
12844.9 0 0.0175957
12846.2 0 0.0176978
12847.5 0 0.0178
12848.7 0 0.0179021
12850 0 0.0180042
12851.3 0 0.0181063
12852.5 0 0.0182084
12853.7 0 0.0183105
12855 0 0.0184125
12856.2 0 0.0185146
12857.4 0 0.0186166
12858.5 0 0.0187186
12859.7 0 0.0188206
12860.9 0 0.0189226
12862 0 0.0190246
12863.1 0 0.0191266
12864.3 0 0.0192286
12865.4 0 0.0193305
12866.4 0 0.0194325
12867.5 0 0.0195344
12868.6 0 0.0196364
12869.6 0 0.0197383
12870.7 0 0.0198403
12871.7 0 0.0199422
12872.7 0 0.0200441
12873.7 0 0.0201461
12874.7 0 0.020248
12875.7 0 0.0203499
12876.6 0 0.0204519
12877.5 0 0.0205538
12878.5 0 0.0206557
12879.4 0 0.0207577
12880.3 0 0.0208596
12881.2 0 0.0209615
12882 0 0.0210635
12882.9 0 0.0211655
12883.7 0 0.0212674
12884.6 0 0.0213694
12885.4 0 0.0214714
12886.2 0 0.0215733
12886.9 0 0.0216753
12887.7 0 0.0217773
12888.5 0 0.0218793
12889.2 0 0.0219813
12889.9 0 0.0220834
12890.6 0 0.0221854
12891.3 0 0.0222875
12892 0 0.0223895
12892.7 0 0.0224916
12893.3 0 0.0225936
12894 0 0.0226957
12894.6 0 0.0227978
12895.2 0 0.0228999
12895.8 0 0.023002
12896.4 0 0.0231041
12897 0 0.0232063
12897.6 0 0.0233084
12898.1 0 0.0234105
12898.7 0 0.0235127
12899.2 0 0.0236148
12899.8 0 0.023717
12900.3 0 0.0238192
12900.7 0 0.0239218
12901.2 0 0.0240244
12901.6 0 0.0241269
12902 0 0.0242295
12902.5 0 0.0243321
12902.9 0 0.0244347
12903.3 0 0.0245374
12903.7 0 0.02464
12904.1 0 0.0247426
12904.5 0 0.0248452
12904.8 0 0.0249478
12905.2 0 0.0250505
12905.5 0 0.0251531
12905.9 0 0.0252557
12906.2 0 0.0253584
12906.6 0 0.025461
12906.9 0 0.0255636
12907.2 0 0.0256663
12907.5 0 0.0257689
12907.9 0 0.0258715
12908.2 0 0.0259742
12908.5 0 0.0260768
12908.8 0 0.0261794
12909 0 0.0262821
12909.3 0 0.0263847
12909.6 0 0.0264873
12909.9 0 0.0265899
12910.2 0 0.0266925
12910.4 0 0.0267951
12910.7 0 0.0268977
12910.9 0 0.0270003
12911.2 0 0.0271029
12911.4 0 0.0272055
12911.7 0 0.0273081
12911.9 0 0.0274107
12912.2 0 0.0275133
12912.4 0 0.0276158
12912.6 0 0.0277184
12912.9 0 0.0278209
12913.1 0 0.0279235
12913.3 0 0.028026
12913.5 0 0.0281286
12913.7 0 0.0282311
12913.9 0 0.0283336
12914.1 0 0.0284361
12914.3 0 0.0285386
12914.5 0 0.0286411
12914.7 0 0.0287436
12914.9 0 0.0288461
12915.1 0 0.0289486
12915.3 0 0.0290511
12915.5 0 0.0291536
12915.7 0 0.029256
12915.9 0 0.0293585
12916 0 0.0294609
12916.2 0 0.0295633
12916.4 0 0.0296658
12916.6 0 0.0297682
12916.7 0 0.0298706
12916.9 0 0.029973
12917 0 0.0300754
12917.2 0 0.0301778
12917.4 0 0.0302802
12917.5 0 0.0303826
12917.7 0 0.0304849
12917.8 0 0.0305873
12918 0 0.0306897
12918.1 0 0.030792
12918.2 0 0.0308943
12918.4 0 0.0309967
12918.5 0 0.031099
12918.7 0 0.0312013
12918.8 0 0.0313036
12918.9 0 0.0314059
12919.1 0 0.0315082
12919.3 0 0.0316104
12919.6 0 0.0317127
12920.2 0 0.0318148
12921.1 0 0.0319168
12922.2 0 0.0320187
12923.4 0 0.0321206
12924.8 0 0.0322224
12926.3 0 0.0323242
12927.9 0 0.0324259
12929.8 0 0.0325276
12931.8 0 0.0326292
12933.7 0 0.0327307
12935.7 0 0.0328323
12937.6 0 0.0329339
12939.6 0 0.0330354
12941.8 0 0.0331369
12944.1 0 0.0332383
12946.6 0 0.0333396
12949.3 0 0.0334409
12951.9 0 0.0335422
12954.5 0 0.0336434
12957.1 0 0.0337447
12959.7 0 0.0338459
12962.3 0 0.0339471
12964.9 0 0.0340483
12967.5 0 0.0341495
12970.2 0 0.0342507
12973 0 0.0343518
12976 0 0.0344528
12979.1 0 0.0345538
12982.4 0 0.0346547
12985.6 0 0.0347556
12988.8 0 0.0348564
12992 0 0.0349573
12995.2 0 0.0350581
12998.4 0 0.0351589
13001.6 0 0.0352597
13004.8 0 0.0353605
13008 0 0.0354613
13011.2 0 0.035562
13014.4 0 0.0356628
13017.6 0 0.0357635
13020.9 0 0.0358642
13024.2 0 0.0359648
13027.7 0 0.0360654
13031.3 0 0.0361659
13035 0 0.0362663
13038.8 0 0.0363667
13042.5 0 0.0364671
13046.3 0 0.0365675
13050 0 0.0366679
13053.7 0 0.0367682
13057.5 0 0.0368686
13061.2 0 0.0369689
13064.9 0 0.0370692
13068.7 0 0.0371695
13072.4 0 0.0372697
13076.1 0 0.03737
13079.8 0 0.0374702
13083.5 0 0.0375704
13087.2 0 0.0376706
13090.9 0 0.0377708
13094.6 0 0.037871
13098.4 0 0.0379711
13102.2 0 0.0380712
13106.1 0 0.0381712
13110 0 0.0382712
13114.2 0 0.038371
13118.4 0 0.0384708
13122.6 0 0.0385706
13126.8 0 0.0386704
13130.9 0 0.0387702
13135.1 0 0.0388699
13139.3 0 0.0389696
13143.5 0 0.0390693
13147.6 0 0.039169
13151.8 0 0.0392687
13155.9 0 0.0393683
13160.1 0 0.0394679
13164.3 0 0.0395675
13168.4 0 0.0396671
13172.5 0 0.0397666
13176.7 0 0.0398662
13180.8 0 0.0399657
13185 0 0.0400652
13189.1 0 0.0401646
13193.2 0 0.0402641
13197.4 0 0.0403635
13201.5 0 0.0404629
13205.6 0 0.0405623
13209.7 0 0.0406616
13213.9 0 0.0407609
13218.1 0 0.0408602
13222.4 0 0.0409594
13226.7 0 0.0410585
13231.2 0 0.0411575
13235.7 0 0.0412565
13240.2 0 0.0413554
13244.8 0 0.0414543
13249.3 0 0.0415532
13253.8 0 0.0416521
13258.3 0 0.0417509
13262.8 0 0.0418497
13267.3 0 0.0419485
13271.8 0 0.0420473
13276.3 0 0.042146
13280.8 0 0.0422447
13285.3 0 0.0423434
13289.8 0 0.042442
13294.3 0 0.0425406
13298.7 0 0.0426392
13303.2 0 0.0427378
13307.7 0 0.0428363
13312.2 0 0.0429348
13316.6 0 0.0430333
13321.1 0 0.0431317
13325.5 0 0.0432301
13330 0 0.0433285
13334.4 0 0.0434269
13338.9 0 0.0435252
13343.3 0 0.0436235
13347.7 0 0.0437218
13352.2 0 0.0438201
13356.6 0 0.0439183
13361 0 0.0440165
13365.5 0 0.0441146
13369.9 0 0.0442128
13374.3 0 0.0443108
13378.8 0 0.0444089
13383.3 0 0.0445069
13387.9 0 0.0446048
13392.5 0 0.0447026
13397.2 0 0.0448003
13402 0 0.044898
13406.7 0 0.0449956
13411.5 0 0.0450932
13416.2 0 0.0451908
13420.9 0 0.0452883
13425.7 0 0.0453858
13430.4 0 0.0454833
13435.1 0 0.0455808
13439.8 0 0.0456782
13444.5 0 0.0457755
13449.3 0 0.0458729
13454 0 0.0459702
13458.7 0 0.0460675
13463.4 0 0.0461647
13468.1 0 0.046262
13472.8 0 0.0463591
13477.4 0 0.0464563
13482.1 0 0.0465534
13486.8 0 0.0466505
13491.5 0 0.0467476
13496.2 0 0.0468446
13500.8 0 0.0469416
13505.5 0 0.0470386
13510.1 0 0.0471355
13514.8 0 0.0472324
13519.5 0 0.0473293
13524.1 0 0.0474261
13528.8 0 0.0475229
13533.4 0 0.0476197
13538 0 0.0477165
13542.7 0 0.0478132
13547.3 0 0.0479099
13551.9 0 0.0480065
13556.6 0 0.0481031
13561.2 0 0.0481997
13565.8 0 0.0482963
13570.4 0 0.0483928
13575 0 0.0484893
13579.6 0 0.0485858
13584.2 0 0.0486822
13588.8 0 0.0487786
13593.4 0 0.048875
13598 0 0.0489713
13602.7 0 0.0490676
13607.4 0 0.0491638
13612.1 0 0.04926
13616.8 0 0.049356
13621.6 0 0.049452
13410.3 0 0.0494127
13470.1 0 0.0494668
13494.5 0 0.0495357
