0 -58.4752 -2.26119e-06
634.56 0 5.00872e-05
1173.57 0 0.000106944
1709.92 0 0.000163775
2243.81 0 0.000220437
2775.24 0 0.000276893
3304.22 0 0.00033314
3830.74 0 0.000389156
4354.77 0 0.000444931
4876.15 0 0.000500467
5394.56 0 0.000555772
5909.16 0 0.000610871
6418.2 0 0.00066582
6918.36 0 0.000720731
7403.99 0 0.000775808
7866.83 0 0.000831326
8297.18 0 0.000887658
8686.59 0 0.000945149
9030.8 0 0.00100401
9330.49 0 0.00106431
9590.04 0 0.00112596
9815.21 0 0.00118878
10011.7 0 0.00125259
10184.8 0 0.00131726
10338.5 0 0.00138273
10475.8 0 0.00144949
10599.4 0 0.00151713
10711.4 0 0.00158561
10812.7 0 0.00165482
10905.5 0 0.00172449
10991.1 0 0.00179456
11070.4 0 0.001865
11143.9 0 0.00193585
11212.1 0 0.00200723
11276 0 0.00207889
11335.9 0 0.00215081
11392.3 0 0.00222296
11445.5 0 0.00229532
11495.9 0 0.00236787
11543.8 0 0.0024406
11589.3 0 0.00251348
11632.4 0 0.00258661
11673.3 0 0.00265999
11712.4 0 0.00273351
11749.8 0 0.00280714
11785.6 0 0.00288088
11820.1 0 0.00295472
11853.2 0 0.00302865
11885.1 0 0.00310266
11915.6 0 0.00317656
11945 0 0.0032504
11972.9 0 0.00332481
11999.8 0 0.00339932
12025.7 0 0.00347388
12050.7 0 0.00354846
12074.7 0 0.00362297
12097.7 0 0.00369774
12119.8 0 0.00377307
12141.1 0 0.00384842
12161.8 0 0.00392379
12181.9 0 0.00399917
12201.4 0 0.00407457
12220.3 0 0.00414997
12238.6 0 0.00422537
12256.3 0 0.00430078
12273.3 0 0.00437644
12289.7 0 0.00445224
12305.5 0 0.00452803
12320.9 0 0.00460382
12335.7 0 0.0046799
12349.8 0 0.00475682
12363.5 0 0.00483375
12376.5 0 0.00491031
12388.8 0 0.00498679
12400.7 0 0.00506326
12412.4 0 0.0051397
12423.7 0 0.00521611
12434.7 0 0.0052925
12445.5 0 0.00536885
12455.9 0 0.00544518
12466.1 0 0.00552149
12476 0 0.00559776
12485.7 0 0.00567402
12495.1 0 0.00575024
12504.3 0 0.00582645
12513.2 0 0.00590264
12521.8 0 0.0059788
12530.3 0 0.00605495
12538.4 0 0.00613108
12546.4 0 0.00620719
12554.2 0 0.00628328
12561.7 0 0.00635936
12569 0 0.00643542
12576.2 0 0.00651146
12583.1 0 0.00658749
12589.9 0 0.0066635
12596.5 0 0.00673948
12603 0 0.00681544
12609.3 0 0.00689139
12615.5 0 0.0069673
12621.6 0 0.0070432
12627.5 0 0.00711907
12633.3 0 0.00719488
12638.9 0 0.0072706
12644.3 0 0.0073461
12649.5 0 0.00742149
12654.6 0 0.00749703
12659.6 0 0.00757314
12664.4 0 0.00764921
12669.2 0 0.00772526
12673.9 0 0.00780128
12678.6 0 0.00787726
12683.1 0 0.00795322
12687.6 0 0.00802915
12692 0 0.00810504
12696.3 0 0.00818091
12700.6 0 0.00825674
12704.8 0 0.00833255
12708.9 0 0.00840833
12713 0 0.00848407
12717 0 0.0085598
12720.9 0 0.00863549
12724.7 0 0.00871116
12728.5 0 0.0087868
12732.1 0 0.00886277
12735.7 0 0.00893909
12739.2 0 0.00901539
12742.7 0 0.00909168
12746 0 0.00916796
12749.3 0 0.00924423
12752.5 0 0.00932075
12755.5 0 0.00939863
12758.3 0 0.0094767
12761.2 0 0.00955479
12763.9 0 0.0096329
12766.6 0 0.00971102
12769.2 0 0.00978918
12771.7 0 0.00986751
12774.1 0 0.0099461
12776.4 0 0.0100247
12778.6 0 0.0101034
12780.8 0 0.010182
12783 0 0.0102607
12785.1 0 0.0103394
12787.2 0 0.0104181
12789.2 0 0.0104969
12791.2 0 0.0105756
12793.2 0 0.0106544
12795.1 0 0.0107331
12797 0 0.0108119
12798.8 0 0.0108907
12800.6 0 0.0109695
12802.4 0 0.0110482
12804.2 0 0.011127
12805.9 0 0.0112058
12807.7 0 0.0112846
12809.4 0 0.0113633
12811 0 0.0114421
12812.7 0 0.0115208
12814.3 0 0.0115995
12815.9 0 0.0116783
12817.5 0 0.011757
12819.1 0 0.0118357
12820.7 0 0.0119143
12822.2 0 0.011993
12823.7 0 0.0120716
12825.2 0 0.0121503
12826.7 0 0.0122289
12828.2 0 0.0123075
12829.7 0 0.012386
12831.1 0 0.0124646
12832.6 0 0.0125431
12834 0 0.0126217
12835.4 0 0.0127002
12836.8 0 0.0127786
12838.2 0 0.0128571
12839.5 0 0.0129355
12840.9 0 0.013014
12842.2 0 0.0130924
12843.6 0 0.0131708
12844.9 0 0.0132491
12846.2 0 0.0133275
12847.5 0 0.0134058
12848.7 0 0.0134841
12850 0 0.0135624
12851.3 0 0.0136407
12852.5 0 0.013719
12853.7 0 0.0137972
12855 0 0.0138755
12856.2 0 0.0139537
12857.4 0 0.0140319
12858.5 0 0.0141101
12859.7 0 0.0141883
12860.9 0 0.0142664
12862 0 0.0143446
12863.1 0 0.0144228
12864.3 0 0.0145009
12865.4 0 0.0145791
12866.4 0 0.0146572
12867.5 0 0.0147353
12868.6 0 0.0148134
12869.6 0 0.0148916
12870.7 0 0.0149697
12871.7 0 0.0150478
12872.7 0 0.0151259
12873.7 0 0.015204
12874.7 0 0.0152821
12875.7 0 0.0153602
12876.6 0 0.0154383
12877.5 0 0.0155164
12878.5 0 0.0155945
12879.4 0 0.0156726
12880.3 0 0.0157507
12881.2 0 0.0158288
12882 0 0.0159069
12882.9 0 0.015985
12883.7 0 0.0160632
12884.6 0 0.0161413
12885.4 0 0.0162195
12886.2 0 0.0162976
12886.9 0 0.0163758
12887.7 0 0.016454
12888.5 0 0.0165322
12889.2 0 0.0166104
12889.9 0 0.0166886
12890.6 0 0.0167669
12891.3 0 0.0168451
12892 0 0.0169234
12892.7 0 0.0170017
12893.3 0 0.01708
12894 0 0.0171583
12894.6 0 0.0172366
12895.2 0 0.0173149
12895.8 0 0.0173933
12896.4 0 0.0174717
12897 0 0.0175501
12897.6 0 0.0176284
12898.1 0 0.0177069
12898.7 0 0.0177853
12899.2 0 0.0178637
12899.8 0 0.0179422
12900.3 0 0.0180206
12900.7 0 0.0180993
12901.2 0 0.0181779
12901.6 0 0.0182565
12902 0 0.0183352
12902.5 0 0.0184138
12902.9 0 0.0184925
12903.3 0 0.0185712
12903.7 0 0.0186499
12904.1 0 0.0187286
12904.5 0 0.0188073
12904.8 0 0.018886
12905.2 0 0.0189647
12905.5 0 0.0190434
12905.9 0 0.0191221
12906.2 0 0.0192008
12906.6 0 0.0192796
12906.9 0 0.0193583
12907.2 0 0.019437
12907.5 0 0.0195157
12907.9 0 0.0195945
12908.2 0 0.0196732
12908.5 0 0.0197519
12908.8 0 0.0198306
12909 0 0.0199094
12909.3 0 0.0199881
12909.6 0 0.0200668
12909.9 0 0.0201455
12910.2 0 0.0202242
12910.4 0 0.0203029
12910.7 0 0.0203816
12910.9 0 0.0204603
12911.2 0 0.020539
12911.4 0 0.0206177
12911.7 0 0.0206964
12911.9 0 0.0207751
12912.2 0 0.0208538
12912.4 0 0.0209324
12912.6 0 0.0210111
12912.9 0 0.0210898
12913.1 0 0.0211684
12913.3 0 0.0212471
12913.5 0 0.0213257
12913.7 0 0.0214043
12913.9 0 0.021483
12914.1 0 0.0215616
12914.3 0 0.0216402
12914.5 0 0.0217188
12914.7 0 0.0217974
12914.9 0 0.021876
12915.1 0 0.0219546
12915.3 0 0.0220331
12915.5 0 0.0221117
12915.7 0 0.0221903
12915.9 0 0.0222688
12916 0 0.0223474
12916.2 0 0.0224259
12916.4 0 0.0225044
12916.6 0 0.0225829
12916.7 0 0.0226614
12916.9 0 0.0227399
12917 0 0.0228184
12917.2 0 0.0228969
12917.4 0 0.0229754
12917.5 0 0.0230538
12917.7 0 0.0231323
12917.8 0 0.0232108
12918 0 0.0232892
12918.1 0 0.0233676
12918.2 0 0.023446
12918.4 0 0.0235245
12918.5 0 0.0236029
12918.7 0 0.0236813
12918.8 0 0.0237596
12918.9 0 0.023838
12919.1 0 0.0239164
12919.3 0 0.0239947
12919.6 0 0.024073
12920.2 0 0.0241512
12921.1 0 0.0242292
12922.2 0 0.0243072
12923.4 0 0.0243851
12924.8 0 0.0244629
12926.3 0 0.0245407
12927.9 0 0.0246185
12929.8 0 0.0246961
12931.8 0 0.0247737
12933.7 0 0.0248512
12935.7 0 0.0249288
12937.6 0 0.0250063
12939.6 0 0.0250838
12941.8 0 0.0251612
12944.1 0 0.0252386
12946.6 0 0.0253159
12949.3 0 0.0253931
12951.9 0 0.0254703
12954.5 0 0.0255475
12957.1 0 0.0256247
12959.7 0 0.0257018
12962.3 0 0.025779
12964.9 0 0.0258561
12967.5 0 0.0259332
12970.2 0 0.0260103
12973 0 0.0260873
12976 0 0.0261642
12979.1 0 0.0262411
12982.4 0 0.0263178
12985.6 0 0.0263946
12988.8 0 0.0264714
12992 0 0.0265483
12995.2 0 0.026625
12998.4 0 0.0267018
13001.6 0 0.0267786
13004.8 0 0.0268553
13008 0 0.0269321
13011.2 0 0.0270088
13014.4 0 0.0270855
13017.6 0 0.0271622
13020.9 0 0.0272388
13024.2 0 0.0273154
13027.7 0 0.027392
13031.3 0 0.0274684
13035 0 0.0275448
13038.8 0 0.0276211
13042.5 0 0.0276974
13046.3 0 0.0277737
13050 0 0.02785
13053.7 0 0.0279263
13057.5 0 0.0280026
13061.2 0 0.0280788
13064.9 0 0.028155
13068.7 0 0.0282312
13072.4 0 0.0283074
13076.1 0 0.0283836
13079.8 0 0.0284597
13083.5 0 0.0285358
13087.2 0 0.0286119
13090.9 0 0.028688
13094.6 0 0.0287641
13098.4 0 0.0288401
13102.2 0 0.0289161
13106.1 0 0.028992
13110 0 0.0290679
13114.2 0 0.0291436
13118.4 0 0.0292193
13122.6 0 0.029295
13126.8 0 0.0293706
13130.9 0 0.0294463
13135.1 0 0.0295219
13139.3 0 0.0295974
13143.5 0 0.029673
13147.6 0 0.0297485
13151.8 0 0.029824
13155.9 0 0.0298995
13160.1 0 0.029975
13164.3 0 0.0300504
13168.4 0 0.0301258
13172.5 0 0.0302012
13176.7 0 0.0302766
13180.8 0 0.0303519
13185 0 0.0304272
13189.1 0 0.0305025
13193.2 0 0.0305778
13197.4 0 0.030653
13201.5 0 0.0307282
13205.6 0 0.0308034
13209.7 0 0.0308786
13213.9 0 0.0309537
13218.1 0 0.0310288
13222.4 0 0.0311038
13226.7 0 0.0311787
13231.2 0 0.0312536
13235.7 0 0.0313283
13240.2 0 0.031403
13244.8 0 0.0314777
13249.3 0 0.0315523
13253.8 0 0.0316269
13258.3 0 0.0317015
13262.8 0 0.0317761
13267.3 0 0.0318506
13271.8 0 0.0319251
13276.3 0 0.0319996
13280.8 0 0.032074
13285.3 0 0.0321484
13289.8 0 0.0322228
13294.3 0 0.0322971
13298.7 0 0.0323715
13303.2 0 0.0324457
13307.7 0 0.03252
13312.2 0 0.0325942
13316.6 0 0.0326684
13321.1 0 0.0327425
13325.5 0 0.0328167
13330 0 0.0328908
13334.4 0 0.0329648
13338.9 0 0.0330388
13343.3 0 0.0331128
13347.7 0 0.0331868
13352.2 0 0.0332607
13356.6 0 0.0333346
13361 0 0.0334085
13365.5 0 0.0334823
13369.9 0 0.0335561
13374.3 0 0.0336299
13378.8 0 0.0337036
13383.3 0 0.0337773
13387.9 0 0.0338508
13392.5 0 0.0339243
13397.2 0 0.0339978
13402 0 0.0340711
13406.7 0 0.0341443
13411.5 0 0.0342175
13416.2 0 0.0342907
13420.9 0 0.0343639
13425.7 0 0.034437
13430.4 0 0.0345101
13435.1 0 0.0345831
13439.8 0 0.0346561
13444.5 0 0.0347291
13449.3 0 0.034802
13454 0 0.0348749
13458.7 0 0.0349478
13463.4 0 0.0350206
13468.1 0 0.0350934
13472.8 0 0.0351662
13477.4 0 0.0352389
13482.1 0 0.0353116
13486.8 0 0.0353843
13491.5 0 0.0354569
13496.2 0 0.0355295
13500.8 0 0.0356021
13505.5 0 0.0356746
13510.1 0 0.0357471
13514.8 0 0.0358196
13519.5 0 0.035892
13524.1 0 0.0359644
13528.8 0 0.0360367
13533.4 0 0.0361091
13538 0 0.0361813
13542.7 0 0.0362536
13547.3 0 0.0363258
13551.9 0 0.036398
13556.6 0 0.0364702
13561.2 0 0.0365423
13565.8 0 0.0366144
13570.4 0 0.0366864
13575 0 0.0367584
13579.6 0 0.0368304
13584.2 0 0.0369024
13588.8 0 0.0369743
13593.4 0 0.0370462
13598 0 0.0371181
13602.7 0 0.0371899
13607.4 0 0.0372617
13612.1 0 0.0373334
13616.8 0 0.0374051
13621.6 0 0.0374767
13410.3 0 0.0374118
13470.1 0 0.037441
13494.5 0 0.0374849
