0 -58.4752 -2.26119e-06
634.56 0 3.54845e-05
1173.57 0 7.77435e-05
1709.92 0 0.000119977
2243.81 0 0.00016204
2775.24 0 0.000203898
3304.22 0 0.000245546
3830.74 0 0.000286963
4354.77 0 0.000328139
4876.15 0 0.000369076
5394.56 0 0.000409782
5909.16 0 0.000450282
6418.2 0 0.000490632
6918.36 0 0.000530944
7403.99 0 0.000571422
7866.83 0 0.000612341
8297.18 0 0.000654074
8686.59 0 0.000696967
9030.8 0 0.000741224
9330.49 0 0.000786927
9590.04 0 0.000833981
9815.21 0 0.000882208
10011.7 0 0.000931435
10184.8 0 0.000981523
10338.5 0 0.00103241
10475.8 0 0.00108457
10599.4 0 0.0011376
10711.4 0 0.00119146
10812.7 0 0.00124606
10905.5 0 0.00130112
10991.1 0 0.00135659
11070.4 0 0.00141242
11143.9 0 0.00146866
11212.1 0 0.00152543
11276 0 0.00158248
11335.9 0 0.00163979
11392.3 0 0.00169732
11445.5 0 0.00175507
11495.9 0 0.00181301
11543.8 0 0.00187112
11589.3 0 0.00192939
11632.4 0 0.00198791
11673.3 0 0.00204668
11712.4 0 0.00210559
11749.8 0 0.00216461
11785.6 0 0.00222374
11820.1 0 0.00228297
11853.2 0 0.00234229
11885.1 0 0.00240169
11915.6 0 0.002461
11945 0 0.00252026
11972.9 0 0.00258008
11999.8 0 0.00263999
12025.7 0 0.00269995
12050.7 0 0.00275995
12074.7 0 0.00281989
12097.7 0 0.00288008
12119.8 0 0.00294082
12141.1 0 0.00300157
12161.8 0 0.00306235
12181.9 0 0.00312314
12201.4 0 0.00318394
12220.3 0 0.00324475
12238.6 0 0.00330556
12256.3 0 0.00336637
12273.3 0 0.00342744
12289.7 0 0.00348864
12305.5 0 0.00354984
12320.9 0 0.00361103
12335.7 0 0.0036725
12349.8 0 0.00373479
12363.5 0 0.00379708
12376.5 0 0.00385904
12388.8 0 0.00392095
12400.7 0 0.00398283
12412.4 0 0.0040447
12423.7 0 0.00410653
12434.7 0 0.00416834
12445.5 0 0.00423013
12455.9 0 0.00429188
12466.1 0 0.00435361
12476 0 0.00441531
12485.7 0 0.00447699
12495.1 0 0.00453864
12504.3 0 0.00460027
12513.2 0 0.00466188
12521.8 0 0.00472348
12530.3 0 0.00478505
12538.4 0 0.00484661
12546.4 0 0.00490814
12554.2 0 0.00496967
12561.7 0 0.00503117
12569 0 0.00509266
12576.2 0 0.00515414
12583.1 0 0.00521559
12589.9 0 0.00527702
12596.5 0 0.00533844
12603 0 0.00539983
12609.3 0 0.0054612
12615.5 0 0.00552255
12621.6 0 0.00558388
12627.5 0 0.00564517
12633.3 0 0.00570642
12638.9 0 0.00576759
12644.3 0 0.00582857
12649.5 0 0.00588944
12654.6 0 0.00595046
12659.6 0 0.00601202
12664.4 0 0.00607356
12669.2 0 0.00613506
12673.9 0 0.00619654
12678.6 0 0.00625798
12683.1 0 0.0063194
12687.6 0 0.00638078
12692 0 0.00644214
12696.3 0 0.00650347
12700.6 0 0.00656477
12704.8 0 0.00662604
12708.9 0 0.00668728
12713 0 0.00674849
12717 0 0.00680968
12720.9 0 0.00687084
12724.7 0 0.00693197
12728.5 0 0.00699308
12732.1 0 0.00705451
12735.7 0 0.00711627
12739.2 0 0.00717802
12742.7 0 0.00723975
12746 0 0.00730148
12749.3 0 0.00736319
12752.5 0 0.00742515
12755.5 0 0.00748843
12758.3 0 0.00755189
12761.2 0 0.00761537
12763.9 0 0.00767887
12766.6 0 0.00774239
12769.2 0 0.00780593
12771.7 0 0.00786966
12774.1 0 0.00793365
12776.4 0 0.00799767
12778.6 0 0.0080617
12780.8 0 0.00812576
12783 0 0.00818984
12785.1 0 0.00825394
12787.2 0 0.00831805
12789.2 0 0.00838218
12791.2 0 0.00844632
12793.2 0 0.00851047
12795.1 0 0.00857463
12797 0 0.00863879
12798.8 0 0.00870296
12800.6 0 0.00876713
12802.4 0 0.0088313
12804.2 0 0.00889546
12805.9 0 0.00895962
12807.7 0 0.00902378
12809.4 0 0.00908793
12811 0 0.00915207
12812.7 0 0.00921619
12814.3 0 0.00928031
12815.9 0 0.00934442
12817.5 0 0.00940851
12819.1 0 0.00947259
12820.7 0 0.00953665
12822.2 0 0.00960069
12823.7 0 0.00966473
12825.2 0 0.00972874
12826.7 0 0.00979273
12828.2 0 0.00985671
12829.7 0 0.00992067
12831.1 0 0.00998461
12832.6 0 0.0100485
12834 0 0.0101124
12835.4 0 0.0101763
12836.8 0 0.0102402
12838.2 0 0.010304
12839.5 0 0.0103679
12840.9 0 0.0104317
12842.2 0 0.0104955
12843.6 0 0.0105593
12844.9 0 0.010623
12846.2 0 0.0106867
12847.5 0 0.0107505
12848.7 0 0.0108142
12850 0 0.0108779
12851.3 0 0.0109415
12852.5 0 0.0110052
12853.7 0 0.0110688
12855 0 0.0111324
12856.2 0 0.011196
12857.4 0 0.0112596
12858.5 0 0.0113232
12859.7 0 0.0113868
12860.9 0 0.0114504
12862 0 0.0115139
12863.1 0 0.0115775
12864.3 0 0.011641
12865.4 0 0.0117045
12866.4 0 0.0117681
12867.5 0 0.0118316
12868.6 0 0.0118951
12869.6 0 0.0119586
12870.7 0 0.0120221
12871.7 0 0.0120856
12872.7 0 0.0121491
12873.7 0 0.0122126
12874.7 0 0.012276
12875.7 0 0.0123395
12876.6 0 0.012403
12877.5 0 0.0124665
12878.5 0 0.01253
12879.4 0 0.0125935
12880.3 0 0.012657
12881.2 0 0.0127205
12882 0 0.012784
12882.9 0 0.0128475
12883.7 0 0.012911
12884.6 0 0.0129746
12885.4 0 0.0130381
12886.2 0 0.0131017
12886.9 0 0.0131652
12887.7 0 0.0132288
12888.5 0 0.0132924
12889.2 0 0.013356
12889.9 0 0.0134196
12890.6 0 0.0134832
12891.3 0 0.0135469
12892 0 0.0136105
12892.7 0 0.0136742
12893.3 0 0.0137379
12894 0 0.0138016
12894.6 0 0.0138653
12895.2 0 0.013929
12895.8 0 0.0139927
12896.4 0 0.0140565
12897 0 0.0141203
12897.6 0 0.014184
12898.1 0 0.0142478
12898.7 0 0.0143116
12899.2 0 0.0143754
12899.8 0 0.0144393
12900.3 0 0.0145031
12900.7 0 0.0145671
12901.2 0 0.0146312
12901.6 0 0.0146952
12902 0 0.0147593
12902.5 0 0.0148233
12902.9 0 0.0148874
12903.3 0 0.0149515
12903.7 0 0.0150155
12904.1 0 0.0150796
12904.5 0 0.0151437
12904.8 0 0.0152078
12905.2 0 0.0152719
12905.5 0 0.015336
12905.9 0 0.0154001
12906.2 0 0.0154643
12906.6 0 0.0155284
12906.9 0 0.0155925
12907.2 0 0.0156566
12907.5 0 0.0157207
12907.9 0 0.0157849
12908.2 0 0.015849
12908.5 0 0.0159131
12908.8 0 0.0159772
12909 0 0.0160413
12909.3 0 0.0161054
12909.6 0 0.0161696
12909.9 0 0.0162337
12910.2 0 0.0162978
12910.4 0 0.0163619
12910.7 0 0.016426
12910.9 0 0.0164901
12911.2 0 0.0165542
12911.4 0 0.0166183
12911.7 0 0.0166823
12911.9 0 0.0167464
12912.2 0 0.0168105
12912.4 0 0.0168745
12912.6 0 0.0169386
12912.9 0 0.0170027
12913.1 0 0.0170667
12913.3 0 0.0171307
12913.5 0 0.0171948
12913.7 0 0.0172588
12913.9 0 0.0173228
12914.1 0 0.0173868
12914.3 0 0.0174508
12914.5 0 0.0175148
12914.7 0 0.0175788
12914.9 0 0.0176428
12915.1 0 0.0177068
12915.3 0 0.0177707
12915.5 0 0.0178347
12915.7 0 0.0178987
12915.9 0 0.0179626
12916 0 0.0180265
12916.2 0 0.0180905
12916.4 0 0.0181544
12916.6 0 0.0182183
12916.7 0 0.0182822
12916.9 0 0.0183461
12917 0 0.01841
12917.2 0 0.0184738
12917.4 0 0.0185377
12917.5 0 0.0186016
12917.7 0 0.0186654
12917.8 0 0.0187293
12918 0 0.0187931
12918.1 0 0.0188569
12918.2 0 0.0189207
12918.4 0 0.0189846
12918.5 0 0.0190484
12918.7 0 0.0191121
12918.8 0 0.0191759
12918.9 0 0.0192397
12919.1 0 0.0193035
12919.3 0 0.0193672
12919.6 0 0.0194309
12920.2 0 0.0194944
12921.1 0 0.0195579
12922.2 0 0.0196212
12923.4 0 0.0196845
12924.8 0 0.0197478
12926.3 0 0.019811
12927.9 0 0.0198741
12929.8 0 0.0199371
12931.8 0 0.0200001
12933.7 0 0.0200631
12935.7 0 0.020126
12937.6 0 0.020189
12939.6 0 0.0202519
12941.8 0 0.0203147
12944.1 0 0.0203775
12946.6 0 0.0204402
12949.3 0 0.0205028
12951.9 0 0.0205654
12954.5 0 0.020628
12957.1 0 0.0206906
12959.7 0 0.0207531
12962.3 0 0.0208157
12964.9 0 0.0208782
12967.5 0 0.0209407
12970.2 0 0.0210032
12973 0 0.0210656
12976 0 0.021128
12979.1 0 0.0211902
12982.4 0 0.0212524
12985.6 0 0.0213146
12988.8 0 0.0213768
12992 0 0.021439
12995.2 0 0.0215012
12998.4 0 0.0215634
13001.6 0 0.0216256
13004.8 0 0.0216877
13008 0 0.0217499
13011.2 0 0.021812
13014.4 0 0.0218741
13017.6 0 0.0219362
13020.9 0 0.0219982
13024.2 0 0.0220602
13027.7 0 0.0221222
13031.3 0 0.022184
13035 0 0.0222458
13038.8 0 0.0223075
13042.5 0 0.0223693
13046.3 0 0.022431
13050 0 0.0224927
13053.7 0 0.0225543
13057.5 0 0.022616
13061.2 0 0.0226776
13064.9 0 0.0227393
13068.7 0 0.0228009
13072.4 0 0.0228625
13076.1 0 0.022924
13079.8 0 0.0229856
13083.5 0 0.0230471
13087.2 0 0.0231086
13090.9 0 0.0231701
13094.6 0 0.0232316
13098.4 0 0.023293
13102.2 0 0.0233544
13106.1 0 0.0234157
13110 0 0.023477
13114.2 0 0.0235382
13118.4 0 0.0235993
13122.6 0 0.0236603
13126.8 0 0.0237214
13130.9 0 0.0237824
13135.1 0 0.0238434
13139.3 0 0.0239044
13143.5 0 0.0239654
13147.6 0 0.0240263
13151.8 0 0.0240873
13155.9 0 0.0241482
13160.1 0 0.024209
13164.3 0 0.0242699
13168.4 0 0.0243307
13172.5 0 0.0243915
13176.7 0 0.0244523
13180.8 0 0.024513
13185 0 0.0245738
13189.1 0 0.0246345
13193.2 0 0.0246951
13197.4 0 0.0247558
13201.5 0 0.0248164
13205.6 0 0.024877
13209.7 0 0.0249376
13213.9 0 0.0249981
13218.1 0 0.0250586
13222.4 0 0.025119
13226.7 0 0.0251794
13231.2 0 0.0252396
13235.7 0 0.0252998
13240.2 0 0.0253599
13244.8 0 0.02542
13249.3 0 0.0254801
13253.8 0 0.0255401
13258.3 0 0.0256001
13262.8 0 0.0256601
13267.3 0 0.02572
13271.8 0 0.0257799
13276.3 0 0.0258398
13280.8 0 0.0258997
13285.3 0 0.0259595
13289.8 0 0.0260193
13294.3 0 0.0260791
13298.7 0 0.0261388
13303.2 0 0.0261985
13307.7 0 0.0262582
13312.2 0 0.0263178
13316.6 0 0.0263774
13321.1 0 0.026437
13325.5 0 0.0264965
13330 0 0.026556
13334.4 0 0.0266155
13338.9 0 0.026675
13343.3 0 0.0267344
13347.7 0 0.0267937
13352.2 0 0.0268531
13356.6 0 0.0269124
13361 0 0.0269717
13365.5 0 0.027031
13369.9 0 0.0270902
13374.3 0 0.0271494
13378.8 0 0.0272085
13383.3 0 0.0272676
13387.9 0 0.0273266
13392.5 0 0.0273855
13397.2 0 0.0274444
13402 0 0.0275031
13406.7 0 0.0275618
13411.5 0 0.0276204
13416.2 0 0.027679
13420.9 0 0.0277376
13425.7 0 0.0277961
13430.4 0 0.0278546
13435.1 0 0.0279131
13439.8 0 0.0279716
13444.5 0 0.02803
13449.3 0 0.0280883
13454 0 0.0281467
13458.7 0 0.028205
13463.4 0 0.0282632
13468.1 0 0.0283215
13472.8 0 0.0283796
13477.4 0 0.0284378
13482.1 0 0.0284959
13486.8 0 0.028554
13491.5 0 0.0286121
13496.2 0 0.0286701
13500.8 0 0.0287281
13505.5 0 0.0287861
13510.1 0 0.028844
13514.8 0 0.0289019
13519.5 0 0.0289597
13524.1 0 0.0290175
13528.8 0 0.0290753
13533.4 0 0.0291331
13538 0 0.0291908
13542.7 0 0.0292485
13547.3 0 0.0293061
13551.9 0 0.0293638
13556.6 0 0.0294213
13561.2 0 0.0294789
13565.8 0 0.0295364
13570.4 0 0.0295939
13575 0 0.0296514
13579.6 0 0.0297088
13584.2 0 0.0297662
13588.8 0 0.0298235
13593.4 0 0.0298808
13598 0 0.0299382
13602.7 0 0.0299954
13607.4 0 0.0300527
13612.1 0 0.0301098
13616.8 0 0.0301669
13621.6 0 0.0302239
13410.3 0 0.0301445
13470.1 0 0.0301592
13494.5 0 0.0301886
