0 -58.4752 -2.26119e-06
634.56 -951.373 -3.68637e-05
1173.57 -1719.14 -6.6811e-05
1709.92 -2481.68 -9.68058e-05
2243.81 -3240.52 -0.00012696
2775.24 -3995.96 -0.000157333
3304.22 -4747.08 -0.00018793
3830.74 -5493.16 -0.000218762
4354.77 -6233.43 -0.000249832
4876.15 -6967.03 -0.000281141
5394.56 -7693 -0.000312679
5909.16 -8410.11 -0.000344422
6418.2 -9116.52 -0.000376314
6918.36 -9809.38 -0.000408244
7403.99 -10484.3 -0.000440012
7866.83 -11135.4 -0.000471335
8297.18 -11755.9 -0.000501847
8686.59 -12340.1 -0.000531208
9030.8 -12885.4 -0.000559206
9330.49 -13391.2 -0.000585715
9590.04 -13861 -0.000610837
9815.21 -14297.6 -0.000634635
10011.7 -14704.5 -0.000657235
10184.8 -15088 -0.000678914
10338.5 -15451.3 -0.000699817
10475.8 -15796.6 -0.000720023
10599.4 -16125.7 -0.000739607
10711.4 -16439.2 -0.000758562
10812.7 -16729.6 -0.000776404
10905.5 -17008.6 -0.000793812
10991.1 -17277.5 -0.000810834
11070.4 -17537.1 -0.000827512
11143.9 -17787.1 -0.000843809
11212.1 -18025.9 -0.000859602
11276 -18257.5 -0.000875132
11335.9 -18482.4 -0.000890424
11392.3 -18701.1 -0.000905498
11445.5 -18914.1 -0.000920375
11495.9 -19121.6 -0.000935072
11543.8 -19324.1 -0.000949605
11589.3 -19521.8 -0.000963987
11632.4 -19713.1 -0.000978085
11673.3 -19897.4 -0.000991849
11712.4 -20077.8 -0.00100549
11749.8 -20254.3 -0.00101901
11785.6 -20427.3 -0.00103243
11820.1 -20597 -0.00104576
11853.2 -20763.4 -0.001059
11885.1 -20926.8 -0.00107217
11915.6 -21083.7 -0.00108497
11945 -21235.4 -0.0010975
11972.9 -21381.7 -0.00110972
11999.8 -21525.3 -0.00112187
12025.7 -21666.4 -0.00113395
12050.7 -21804.6 -0.00114591
12074.7 -21936.3 -0.00115745
12097.7 -22065.8 -0.00116892
12119.8 -22192.7 -0.00118028
12141.1 -22317.8 -0.00119162
12161.8 -22441.3 -0.00120294
12181.9 -22563.3 -0.00121424
12201.4 -22683.7 -0.00122552
12220.3 -22802.6 -0.00123679
12238.6 -22920.1 -0.00124805
12256.3 -23036.2 -0.00125931
12273.3 -23149.1 -0.00127038
12289.7 -23259.8 -0.00128135
12305.5 -23369.2 -0.00129231
12320.9 -23477.4 -0.00130328
12335.7 -23584.5 -0.00131427
12349.8 -23690.6 -0.00132526
12363.5 -23795.7 -0.00133628
12376.5 -23893 -0.0013466
12388.8 -23983.9 -0.00135634
12400.7 -24074 -0.00136609
12412.4 -24163.4 -0.00137585
12423.7 -24252 -0.00138563
12434.7 -24339.9 -0.00139544
12445.5 -24427 -0.00140526
12455.9 -24513.5 -0.0014151
12466.1 -24599.2 -0.00142497
12476 -24684.3 -0.00143485
12485.7 -24768.5 -0.00144475
12495.1 -24852 -0.00145466
12504.3 -24934.8 -0.00146458
12513.2 -25016.8 -0.00147452
12521.8 -25097.9 -0.00148446
12530.3 -25178.3 -0.00149441
12538.4 -25257.9 -0.00150437
12546.4 -25336.7 -0.00151434
12554.2 -25414.8 -0.00152431
12561.7 -25492 -0.0015343
12569 -25568.5 -0.00154429
12576.2 -25644.3 -0.00155429
12583.1 -25719.4 -0.00156431
12589.9 -25793.7 -0.00157434
12596.5 -25867.4 -0.00158439
12603 -25940.3 -0.00159445
12609.3 -26012.7 -0.00160454
12615.5 -26084.3 -0.00161464
12621.6 -26155.4 -0.00162477
12627.5 -26225.8 -0.00163492
12633.3 -26294.7 -0.00164496
12638.9 -26360.7 -0.00165469
12644.3 -26423.1 -0.00166398
12649.5 -26483.5 -0.00167306
12654.6 -26543.4 -0.00168217
12659.6 -26602.8 -0.00169129
12664.4 -26661.7 -0.00170043
12669.2 -26720.1 -0.00170959
12673.9 -26778.1 -0.00171876
12678.6 -26835.5 -0.00172796
12683.1 -26892.5 -0.00173716
12687.6 -26948.9 -0.00174638
12692 -27004.9 -0.00175562
12696.3 -27060.3 -0.00176486
12700.6 -27115.2 -0.00177411
12704.8 -27169.5 -0.00178337
12708.9 -27223.3 -0.00179264
12713 -27276.6 -0.00180191
12717 -27329.3 -0.00181118
12720.9 -27381.4 -0.00182045
12724.7 -27433 -0.00182971
12728.5 -27484 -0.00183898
12732.1 -27534.6 -0.00184827
12735.7 -27584.9 -0.0018576
12739.2 -27634.6 -0.00186693
12742.7 -27683.8 -0.00187626
12746 -27732.4 -0.00188558
12749.3 -27780.5 -0.0018949
12752.5 -27827.9 -0.00190419
12755.5 -27873.5 -0.00191322
12758.3 -27918.4 -0.00192221
12761.2 -27962.7 -0.00193119
12763.9 -28006.6 -0.00194017
12766.6 -28050.1 -0.00194915
12769.2 -28093.1 -0.00195813
12771.7 -28134.2 -0.00196683
12774.1 -28173.2 -0.00197516
12776.4 -28211.9 -0.00198348
12778.6 -28250.1 -0.00199181
12780.8 -28288 -0.00200014
12783 -28325.5 -0.00200846
12785.1 -28362.6 -0.0020168
12787.2 -28399.4 -0.00202513
12789.2 -28435.8 -0.00203348
12791.2 -28471.9 -0.00204183
12793.2 -28507.6 -0.00205018
12795.1 -28543.1 -0.00205855
12797 -28578.2 -0.00206693
12798.8 -28613 -0.00207532
12800.6 -28647.4 -0.00208373
12802.4 -28681.6 -0.00209214
12804.2 -28715.5 -0.00210057
12805.9 -28749.1 -0.00210902
12807.7 -28782.4 -0.00211748
12809.4 -28815.4 -0.00212595
12811 -28848.1 -0.00213444
12812.7 -28880.5 -0.00214295
12814.3 -28912.6 -0.00215148
12815.9 -28944.5 -0.00216002
12817.5 -28976 -0.00216857
12819.1 -29007.3 -0.00217715
12820.7 -29038.3 -0.00218574
12822.2 -29069 -0.00219435
12823.7 -29099.5 -0.00220298
12825.2 -29129.7 -0.00221162
12826.7 -29159.5 -0.00222028
12828.2 -29189.1 -0.00222896
12829.7 -29218.5 -0.00223766
12831.1 -29247.5 -0.00224637
12832.6 -29276.3 -0.0022551
12834 -29304.8 -0.00226384
12835.4 -29333.1 -0.00227261
12836.8 -29361 -0.00228139
12838.2 -29388.7 -0.00229018
12839.5 -29416.1 -0.00229899
12840.9 -29443.2 -0.00230782
12842.2 -29470.1 -0.00231666
12843.6 -29496.6 -0.00232551
12844.9 -29522.9 -0.00233438
12846.2 -29549 -0.00234326
12847.5 -29574.7 -0.00235216
12848.7 -29600.2 -0.00236107
12850 -29625.4 -0.00236999
12851.3 -29650.3 -0.00237893
12852.5 -29674.9 -0.00238787
12853.7 -29699.3 -0.00239683
12855 -29723.4 -0.0024058
12856.2 -29747.2 -0.00241477
12857.4 -29770.8 -0.00242376
12858.5 -29794 -0.00243276
12859.7 -29817 -0.00244177
12860.9 -29839.8 -0.0024508
12862 -29862.3 -0.00245985
12863.1 -29884.5 -0.0024689
12864.3 -29906.5 -0.00247796
12865.4 -29928.2 -0.00248702
12866.4 -29949.6 -0.00249609
12867.5 -29970.7 -0.00250517
12868.6 -29991.6 -0.00251424
12869.6 -30012.2 -0.00252332
12870.7 -30032.5 -0.00253241
12871.7 -30052.5 -0.00254149
12872.7 -30072.3 -0.00255058
12873.7 -30091.8 -0.00255967
12874.7 -30111.1 -0.00256876
12875.7 -30130 -0.00257785
12876.6 -30148.7 -0.00258693
12877.5 -30167.2 -0.00259602
12878.5 -30185.4 -0.0026051
12879.4 -30203.3 -0.00261418
12880.3 -30220.9 -0.00262326
12881.2 -30238.3 -0.00263234
12882 -30255.5 -0.00264141
12882.9 -30272.4 -0.00265048
12883.7 -30289 -0.00265954
12884.6 -30305.4 -0.0026686
12885.4 -30321.5 -0.00267765
12886.2 -30337.4 -0.0026867
12886.9 -30353.1 -0.00269574
12887.7 -30368.5 -0.00270478
12888.5 -30383.7 -0.00271382
12889.2 -30398.6 -0.00272284
12889.9 -30413.3 -0.00273187
12890.6 -30427.7 -0.00274089
12891.3 -30442 -0.0027499
12892 -30456 -0.00275891
12892.7 -30469.8 -0.00276791
12893.3 -30483.3 -0.00277691
12894 -30496.6 -0.0027859
12894.6 -30509.8 -0.00279489
12895.2 -30522.7 -0.00280387
12895.8 -30535.3 -0.00281286
12896.4 -30547.8 -0.00282183
12897 -30560.1 -0.00283081
12897.6 -30572.2 -0.00283978
12898.1 -30584 -0.00284875
12898.7 -30595.7 -0.00285772
12899.2 -30607.1 -0.00286668
12899.8 -30618.4 -0.00287565
12900.3 -30629.4 -0.00288457
12900.7 -30639.5 -0.0028929
12901.2 -30649.5 -0.00290123
12901.6 -30659.3 -0.00290955
12902 -30668.9 -0.00291787
12902.5 -30678.3 -0.00292619
12902.9 -30687.6 -0.0029345
12903.3 -30696.8 -0.00294281
12903.7 -30705.7 -0.00295112
12904.1 -30714.6 -0.00295943
12904.5 -30723.2 -0.00296774
12904.8 -30731.7 -0.00297604
12905.2 -30740.1 -0.00298435
12905.5 -30748.3 -0.00299265
12905.9 -30756.4 -0.00300096
12906.2 -30764.3 -0.00300927
12906.6 -30772 -0.00301758
12906.9 -30779.7 -0.00302588
12907.2 -30787.2 -0.0030342
12907.5 -30794.5 -0.00304251
12907.9 -30801.7 -0.00305083
12908.2 -30808.8 -0.00305914
12908.5 -30815.7 -0.00306746
12908.8 -30822.5 -0.00307579
12909 -30829.2 -0.00308412
12909.3 -30835.7 -0.00309245
12909.6 -30842.1 -0.00310079
12909.9 -30848.4 -0.00310913
12910.2 -30854.5 -0.00311747
12910.4 -30860.5 -0.00312582
12910.7 -30866.4 -0.00313417
12910.9 -30872.1 -0.00314253
12911.2 -30877.7 -0.00315089
12911.4 -30883.2 -0.00315926
12911.7 -30888.6 -0.00316764
12911.9 -30893.8 -0.00317602
12912.2 -30899 -0.0031844
12912.4 -30904 -0.00319279
12912.6 -30908.8 -0.00320119
12912.9 -30913.6 -0.00320959
12913.1 -30918.2 -0.003218
12913.3 -30922.8 -0.00322641
12913.5 -30927.2 -0.00323483
12913.7 -30931.4 -0.00324326
12913.9 -30935.6 -0.00325169
12914.1 -30939.7 -0.00326013
12914.3 -30943.6 -0.00326858
12914.5 -30947.4 -0.00327703
12914.7 -30951.1 -0.00328549
12914.9 -30954.7 -0.00329396
12915.1 -30958.2 -0.00330243
12915.3 -30961.6 -0.00331091
12915.5 -30964.8 -0.00331939
12915.7 -30968 -0.00332788
12915.9 -30971 -0.00333638
12916 -30973.9 -0.00334489
12916.2 -30976.7 -0.0033534
12916.4 -30979.5 -0.00336192
12916.6 -30982.1 -0.00337045
12916.7 -30984.6 -0.00337898
12916.9 -30986.9 -0.00338752
12917 -30989.2 -0.00339607
12917.2 -30991.4 -0.00340462
12917.4 -30993.5 -0.00341318
12917.5 -30995.5 -0.00342175
12917.7 -30997.3 -0.00343033
12917.8 -30999.1 -0.00343891
12918 -31000.8 -0.0034475
12918.1 -31002.3 -0.00345609
12918.2 -31003.8 -0.0034647
12918.4 -31005.2 -0.00347331
12918.5 -31006.4 -0.00348192
12918.7 -31007.6 -0.00349055
12918.8 -31008.7 -0.00349918
12918.9 -31009.6 -0.00350781
12919.1 -31010.5 -0.00351646
12919.3 -31011.3 -0.00352513
12919.6 -31012 -0.00353385
12920.2 -31012.6 -0.00354265
12921.1 -31013.1 -0.00355153
12922.2 -31013.5 -0.00356048
12923.4 -31013.8 -0.00356949
12924.8 -31014 -0.00357853
12926.3 -31014.1 -0.00358762
12927.9 -31014.1 -0.00359676
12929.8 -31014 -0.00360598
12931.8 -31013.8 -0.00361523
12933.7 -31013.5 -0.00362449
12935.7 -31013.2 -0.00363375
12937.6 -31012.7 -0.00364303
12939.6 -31012.1 -0.00365234
12941.8 -31011.4 -0.0036617
12944.1 -31010.6 -0.00367111
12946.6 -31009.6 -0.00368059
12949.3 -31008.6 -0.00369011
12951.9 -31007.5 -0.00369964
12954.5 -31006.3 -0.00370918
12957.1 -31005 -0.00371873
12959.7 -31003.6 -0.00372829
12962.3 -31002.1 -0.00373786
12964.9 -31000.5 -0.00374744
12967.5 -30998.8 -0.00375703
12970.2 -30997 -0.00376666
12973 -30995.1 -0.00377634
12976 -30993.1 -0.00378606
12979.1 -30990.9 -0.00379587
12982.4 -30988.7 -0.00380571
12985.6 -30986.4 -0.00381557
12988.8 -30983.9 -0.00382554
12992 -30981.4 -0.00383553
12995.2 -30978.7 -0.00384554
12998.4 -30976 -0.00385555
13001.6 -30973.1 -0.00386558
13004.8 -30970.2 -0.00387562
13008 -30967.2 -0.00388567
13011.2 -30964 -0.00389573
13014.4 -30960.8 -0.0039058
13017.6 -30957.5 -0.00391589
13020.9 -30954.1 -0.00392603
13024.2 -30950.6 -0.00393621
13027.7 -30946.9 -0.00394645
13031.3 -30943.2 -0.00395676
13035 -30939.3 -0.00396713
13038.8 -30935.3 -0.00397752
13042.5 -30931.3 -0.00398792
13046.3 -30927.1 -0.00399833
13050 -30922.9 -0.00400876
13053.7 -30918.6 -0.0040192
13057.5 -30914.1 -0.00402966
13061.2 -30909.6 -0.00404013
13064.9 -30905 -0.00405061
13068.7 -30900.3 -0.00406111
13072.4 -30895.5 -0.00407163
13076.1 -30890.6 -0.00408215
13079.8 -30885.7 -0.0040927
13083.5 -30880.6 -0.00410326
13087.2 -30875.4 -0.00411383
13090.9 -30870.2 -0.00412442
13094.6 -30864.9 -0.00413503
13098.4 -30859.5 -0.00414567
13102.2 -30853.9 -0.00415636
13106.1 -30848.3 -0.0041671
13110 -30842.6 -0.0041779
13114.2 -30836.7 -0.0041888
13118.4 -30830.7 -0.00419972
13122.6 -30824.7 -0.00421065
13126.8 -30818.5 -0.00422161
13130.9 -30812.3 -0.00423258
13135.1 -30806 -0.00424357
13139.3 -30799.6 -0.00425458
13143.5 -30793.1 -0.00426561
13147.6 -30786.5 -0.00427665
13151.8 -30779.8 -0.00428772
13155.9 -30773.1 -0.0042988
13160.1 -30766.3 -0.0043099
13164.3 -30759.4 -0.00432102
13168.4 -30752.4 -0.00433215
13172.5 -30745.3 -0.00434331
13176.7 -30738.1 -0.00435448
13180.8 -30730.9 -0.00436568
13185 -30723.5 -0.00437689
13189.1 -30716.1 -0.00438813
13193.2 -30708.6 -0.00439938
13197.4 -30701 -0.00441065
13201.5 -30693.4 -0.00442194
13205.6 -30685.6 -0.00443326
13209.7 -30677.8 -0.00444459
13213.9 -30669.9 -0.00445597
13218.1 -30661.9 -0.00446741
13222.4 -30653.7 -0.0044789
13226.7 -30645.5 -0.00449045
13231.2 -30637.1 -0.0045021
13235.7 -30628.7 -0.00451378
13240.2 -30620.1 -0.00452549
13244.8 -30611.5 -0.00453722
13249.3 -30602.8 -0.00454897
13253.8 -30594 -0.00456075
13258.3 -30585.1 -0.00457255
13262.8 -30576.2 -0.00458437
13267.3 -30567.2 -0.00459622
13271.8 -30558.1 -0.00460809
13276.3 -30548.9 -0.00461998
13280.8 -30539.6 -0.0046319
13285.3 -30530.3 -0.00464384
13289.8 -30520.8 -0.0046558
13294.3 -30511.3 -0.00466779
13298.7 -30501.8 -0.00467981
13303.2 -30492.1 -0.00469185
13307.7 -30482.4 -0.00470391
13312.2 -30472.5 -0.004716
13316.6 -30462.7 -0.00472811
13321.1 -30452.7 -0.00474025
13325.5 -30442.7 -0.00475241
13330 -30432.5 -0.0047646
13334.4 -30422.4 -0.00477682
13338.9 -30412.1 -0.00478906
13343.3 -30401.7 -0.00480132
13347.7 -30391.3 -0.00481361
13352.2 -30380.8 -0.00482592
13356.6 -30370.3 -0.00483827
13361 -30359.7 -0.00485063
13365.5 -30348.9 -0.00486303
13369.9 -30338.2 -0.00487544
13374.3 -30327.3 -0.00488792
13378.8 -30316.3 -0.00490045
13383.3 -30305.2 -0.00491304
13387.9 -30294 -0.00492569
13392.5 -30282.8 -0.0049384
13397.2 -30271.3 -0.00495124
13402 -30259.8 -0.00496409
13406.7 -30248.2 -0.00497696
13411.5 -30236.6 -0.00498986
13416.2 -30224.9 -0.0050028
13420.9 -30213.1 -0.00501576
13425.7 -30201.2 -0.00502875
13430.4 -30189.3 -0.00504176
13435.1 -30177.3 -0.00505481
13439.8 -30165.2 -0.00506788
13444.5 -30153 -0.00508099
13449.3 -30140.8 -0.00509412
13454 -30128.5 -0.00510728
13458.7 -30116.1 -0.00512047
13463.4 -30103.7 -0.00513369
13468.1 -30091.2 -0.00514694
13472.8 -30078.6 -0.00516022
13477.4 -30066 -0.00517352
13482.1 -30053.3 -0.00518686
13486.8 -30040.5 -0.00520023
13491.5 -30027.7 -0.00521362
13496.2 -30014.8 -0.00522704
13500.8 -30001.8 -0.00524049
13505.5 -29988.8 -0.00525397
13510.1 -29975.6 -0.00526749
13514.8 -29962.5 -0.00528102
13519.5 -29949.2 -0.00529459
13524.1 -29935.9 -0.00530819
13528.8 -29922.6 -0.00532182
13533.4 -29909.1 -0.00533548
13538 -29895.7 -0.00534916
13542.7 -29882.1 -0.00536288
13547.3 -29868.5 -0.00537662
13551.9 -29854.8 -0.00539039
13556.6 -29841.1 -0.0054042
13561.2 -29827.3 -0.00541803
13565.8 -29813.4 -0.00543189
13570.4 -29799.5 -0.00544578
13575 -29785.5 -0.0054597
13579.6 -29771.4 -0.00547365
13584.2 -29757.3 -0.00548763
13588.8 -29743.2 -0.00550164
13593.4 -29728.9 -0.00551569
13598 -29714.6 -0.0055298
13602.7 -29700.2 -0.00554397
13607.4 -29685.7 -0.00555821
13612.1 -29671.1 -0.00557251
13616.8 -29656.4 -0.00558687
13621.6 -29641.5 -0.00560138
13410.3 -29487.6 -0.00575013
13470.1 -29429.2 -0.00580597
13494.5 -29386.1 -0.00584702
