0 -58.4752 -2.26119e-06
634.56 -900.961 -3.49047e-05
1173.57 -1619.39 -6.29072e-05
1709.92 -2333.51 -9.09549e-05
2243.81 -3045.11 -0.000119163
2775.24 -3754.63 -0.000147589
3304.22 -4461.26 -0.000176237
3830.74 -5164.42 -0.00020512
4354.77 -5863.47 -0.000234241
4876.15 -6557.61 -0.000263601
5394.56 -7245.97 -0.000293191
5909.16 -7927.34 -0.000322985
6418.2 -8599.92 -0.000352929
6918.36 -9260.84 -0.00038291
7403.99 -9905.57 -0.00041273
7866.83 -10528.2 -0.000442104
8297.18 -11121.6 -0.000470668
8686.59 -11680 -0.000498079
9030.8 -12200.4 -0.000524128
9330.49 -12682 -0.000548691
9590.04 -13128.4 -0.000571871
9815.21 -13542.3 -0.000593742
10011.7 -13927.5 -0.000614435
10184.8 -14289.9 -0.000634214
10338.5 -14632.6 -0.000653213
10475.8 -14956.9 -0.000671459
10599.4 -15265.1 -0.000689057
10711.4 -15557.7 -0.000706007
10812.7 -15828 -0.000721879
10905.5 -16087.5 -0.000737316
10991.1 -16337.3 -0.000752366
11070.4 -16578.2 -0.000767068
11143.9 -16809.9 -0.000781387
11212.1 -17030.7 -0.0007952
11276 -17244.8 -0.000808748
11335.9 -17452.6 -0.000822055
11392.3 -17654.6 -0.000835144
11445.5 -17851.3 -0.000848035
11495.9 -18043 -0.000860744
11543.8 -18230.2 -0.000873288
11589.3 -18413 -0.000885681
11632.4 -18589.7 -0.000897794
11673.3 -18759.8 -0.000909579
11712.4 -18926.3 -0.000921239
11749.8 -19089.5 -0.000932784
11785.6 -19249.4 -0.000944226
11820.1 -19406.4 -0.000955573
11853.2 -19560.7 -0.000966836
11885.1 -19712.2 -0.000978021
11915.6 -19857.9 -0.000988885
11945 -19999.1 -0.000999513
11972.9 -20134.5 -0.00100981
11999.8 -20267.4 -0.00102002
12025.7 -20398.4 -0.00103018
12050.7 -20526.6 -0.00104021
12074.7 -20649 -0.00104988
12097.7 -20769.1 -0.00105946
12119.8 -20886.4 -0.00106889
12141.1 -21002.2 -0.0010783
12161.8 -21116.7 -0.00108768
12181.9 -21230 -0.00109705
12201.4 -21342 -0.0011064
12220.3 -21453 -0.00111574
12238.6 -21562.8 -0.00112507
12256.3 -21671.6 -0.00113439
12273.3 -21777.2 -0.00114352
12289.7 -21880.6 -0.00115255
12305.5 -21983.1 -0.00116158
12320.9 -22084.8 -0.00117061
12335.7 -22185.3 -0.00117962
12349.8 -22284.2 -0.00118856
12363.5 -22382.4 -0.00119752
12376.5 -22473.4 -0.0012059
12388.8 -22558 -0.00121374
12400.7 -22642 -0.0012216
12412.4 -22725.6 -0.00122948
12423.7 -22808.8 -0.00123738
12434.7 -22891.5 -0.00124529
12445.5 -22973.7 -0.00125323
12455.9 -23055.5 -0.00126119
12466.1 -23136.9 -0.00126917
12476 -23217.8 -0.00127717
12485.7 -23298.2 -0.00128519
12495.1 -23378.2 -0.00129322
12504.3 -23457.6 -0.00130126
12513.2 -23536.4 -0.00130932
12521.8 -23614.7 -0.00131739
12530.3 -23692.5 -0.00132546
12538.4 -23769.7 -0.00133354
12546.4 -23846.3 -0.00134164
12554.2 -23922.4 -0.00134974
12561.7 -23997.9 -0.00135785
12569 -24072.9 -0.00136597
12576.2 -24147.4 -0.0013741
12583.1 -24221.4 -0.00138224
12589.9 -24294.9 -0.0013904
12596.5 -24367.9 -0.00139858
12603 -24440.4 -0.00140677
12609.3 -24512.5 -0.00141499
12615.5 -24584.2 -0.00142322
12621.6 -24655.4 -0.00143148
12627.5 -24726.2 -0.00143977
12633.3 -24795.6 -0.00144795
12638.9 -24862.2 -0.00145587
12644.3 -24925 -0.0014634
12649.5 -24985.9 -0.00147077
12654.6 -25046.4 -0.00147814
12659.6 -25106.1 -0.00148547
12664.4 -25165.5 -0.00149282
12669.2 -25224.5 -0.00150018
12673.9 -25283.3 -0.00150757
12678.6 -25341.7 -0.00151497
12683.1 -25399.8 -0.00152239
12687.6 -25457.6 -0.00152983
12692 -25515 -0.00153728
12696.3 -25572 -0.00154474
12700.6 -25628.6 -0.00155222
12704.8 -25684.9 -0.0015597
12708.9 -25740.8 -0.00156719
12713 -25796.2 -0.00157468
12717 -25851.3 -0.00158218
12720.9 -25905.9 -0.00158969
12724.7 -25960.1 -0.00159719
12728.5 -26013.8 -0.00160469
12732.1 -26067 -0.00161219
12735.7 -26119.8 -0.00161969
12739.2 -26172.2 -0.00162718
12742.7 -26224.1 -0.00163468
12746 -26275.7 -0.00164218
12749.3 -26326.7 -0.00164967
12752.5 -26377 -0.0016571
12755.5 -26424.4 -0.00166418
12758.3 -26471.1 -0.0016712
12761.2 -26517.4 -0.00167821
12763.9 -26563.3 -0.00168522
12766.6 -26608.8 -0.00169223
12769.2 -26654 -0.00169923
12771.7 -26697 -0.00170596
12774.1 -26737.5 -0.00171233
12776.4 -26777.7 -0.0017187
12778.6 -26817.5 -0.00172507
12780.8 -26857.1 -0.00173143
12783 -26896.4 -0.00173779
12785.1 -26935.4 -0.00174416
12787.2 -26974.1 -0.00175053
12789.2 -27012.6 -0.0017569
12791.2 -27050.8 -0.00176327
12793.2 -27088.8 -0.00176966
12795.1 -27126.6 -0.00177605
12797 -27164.1 -0.00178245
12798.8 -27201.5 -0.00178886
12800.6 -27238.6 -0.00179528
12802.4 -27275.5 -0.00180172
12804.2 -27312.2 -0.00180816
12805.9 -27348.7 -0.00181462
12807.7 -27385.1 -0.0018211
12809.4 -27421.2 -0.00182759
12811 -27457.2 -0.00183409
12812.7 -27493 -0.00184061
12814.3 -27528.5 -0.00184715
12815.9 -27564 -0.0018537
12817.5 -27599.2 -0.00186027
12819.1 -27634.2 -0.00186685
12820.7 -27669.1 -0.00187345
12822.2 -27703.8 -0.00188007
12823.7 -27738.3 -0.00188671
12825.2 -27772.6 -0.00189337
12826.7 -27806.8 -0.00190004
12828.2 -27840.8 -0.00190673
12829.7 -27874.5 -0.00191343
12831.1 -27908.1 -0.00192015
12832.6 -27941.6 -0.00192689
12834 -27974.8 -0.00193365
12835.4 -28007.9 -0.00194042
12836.8 -28040.7 -0.00194721
12838.2 -28073.4 -0.00195402
12839.5 -28105.9 -0.00196084
12840.9 -28138.2 -0.00196768
12842.2 -28170.3 -0.00197453
12843.6 -28202.2 -0.0019814
12844.9 -28234 -0.00198828
12846.2 -28265.5 -0.00199518
12847.5 -28296.8 -0.00200209
12848.7 -28327.9 -0.00200901
12850 -28358.8 -0.00201595
12851.3 -28389.5 -0.0020229
12852.5 -28420 -0.00202986
12853.7 -28450.3 -0.00203684
12855 -28480.4 -0.00204382
12856.2 -28510.3 -0.00205081
12857.4 -28540 -0.00205782
12858.5 -28569.4 -0.00206483
12859.7 -28598.6 -0.00207186
12860.9 -28627.7 -0.00207891
12862 -28656.6 -0.00208597
12863.1 -28685.3 -0.00209304
12864.3 -28713.7 -0.00210011
12865.4 -28741.9 -0.0021072
12866.4 -28769.8 -0.00211428
12867.5 -28797.6 -0.00212137
12868.6 -28825.1 -0.00212847
12869.6 -28852.4 -0.00213557
12870.7 -28879.4 -0.00214267
12871.7 -28906.2 -0.00214977
12872.7 -28932.8 -0.00215688
12873.7 -28959.1 -0.00216398
12874.7 -28985.3 -0.00217109
12875.7 -29011.1 -0.0021782
12876.6 -29036.7 -0.0021853
12877.5 -29062.1 -0.00219241
12878.5 -29087.3 -0.00219951
12879.4 -29112.2 -0.00220661
12880.3 -29136.9 -0.0022137
12881.2 -29161.3 -0.0022208
12882 -29185.5 -0.00222789
12882.9 -29209.5 -0.00223497
12883.7 -29233.2 -0.00224205
12884.6 -29256.7 -0.00224913
12885.4 -29279.9 -0.0022562
12886.2 -29302.9 -0.00226326
12886.9 -29325.7 -0.00227032
12887.7 -29348.3 -0.00227737
12888.5 -29370.6 -0.00228442
12889.2 -29392.7 -0.00229146
12889.9 -29414.6 -0.0022985
12890.6 -29436.2 -0.00230553
12891.3 -29457.6 -0.00231255
12892 -29478.8 -0.00231957
12892.7 -29499.8 -0.00232658
12893.3 -29520.6 -0.00233358
12894 -29541.1 -0.00234058
12894.6 -29561.5 -0.00234758
12895.2 -29581.6 -0.00235457
12895.8 -29601.6 -0.00236156
12896.4 -29621.3 -0.00236854
12897 -29640.8 -0.00237551
12897.6 -29660.1 -0.00238249
12898.1 -29679.3 -0.00238946
12898.7 -29698.2 -0.00239642
12899.2 -29717 -0.00240338
12899.8 -29735.5 -0.00241035
12900.3 -29753.8 -0.00241726
12900.7 -29770.4 -0.00242364
12901.2 -29786.9 -0.00243
12901.6 -29803.3 -0.00243637
12902 -29819.5 -0.00244273
12902.5 -29835.5 -0.00244908
12902.9 -29851.4 -0.00245543
12903.3 -29867.1 -0.00246178
12903.7 -29882.7 -0.00246813
12904.1 -29898.1 -0.00247447
12904.5 -29913.4 -0.00248081
12904.8 -29928.5 -0.00248716
12905.2 -29943.5 -0.0024935
12905.5 -29958.3 -0.00249984
12905.9 -29973 -0.00250618
12906.2 -29987.6 -0.00251252
12906.6 -30002.1 -0.00251886
12906.9 -30016.4 -0.0025252
12907.2 -30030.6 -0.00253154
12907.5 -30044.6 -0.00253789
12907.9 -30058.5 -0.00254424
12908.2 -30072.3 -0.00255059
12908.5 -30086 -0.00255694
12908.8 -30099.5 -0.0025633
12909 -30112.9 -0.00256966
12909.3 -30126.2 -0.00257602
12909.6 -30139.4 -0.00258239
12909.9 -30152.5 -0.00258876
12910.2 -30165.4 -0.00259513
12910.4 -30178.2 -0.00260151
12910.7 -30190.9 -0.0026079
12910.9 -30203.5 -0.00261428
12911.2 -30215.9 -0.00262068
12911.4 -30228.3 -0.00262708
12911.7 -30240.5 -0.00263348
12911.9 -30252.6 -0.00263989
12912.2 -30264.6 -0.00264631
12912.4 -30276.5 -0.00265273
12912.6 -30288.3 -0.00265915
12912.9 -30300 -0.00266559
12913.1 -30311.5 -0.00267203
12913.3 -30323 -0.00267847
12913.5 -30334.3 -0.00268492
12913.7 -30345.6 -0.00269138
12913.9 -30356.7 -0.00269784
12914.1 -30367.7 -0.00270431
12914.3 -30378.6 -0.00271079
12914.5 -30389.4 -0.00271727
12914.7 -30400.1 -0.00272376
12914.9 -30410.7 -0.00273026
12915.1 -30421.2 -0.00273676
12915.3 -30431.5 -0.00274327
12915.5 -30441.8 -0.00274979
12915.7 -30452 -0.00275631
12915.9 -30462 -0.00276284
12916 -30472 -0.00276938
12916.2 -30481.8 -0.00277593
12916.4 -30491.6 -0.00278248
12916.6 -30501.2 -0.00278904
12916.7 -30510.8 -0.0027956
12916.9 -30520.2 -0.00280217
12917 -30529.6 -0.00280875
12917.2 -30538.8 -0.00281534
12917.4 -30548 -0.00282193
12917.5 -30557 -0.00282853
12917.7 -30565.9 -0.00283514
12917.8 -30574.8 -0.00284176
12918 -30583.5 -0.00284838
12918.1 -30592.2 -0.00285501
12918.2 -30600.7 -0.00286165
12918.4 -30609.2 -0.00286829
12918.5 -30617.5 -0.00287494
12918.7 -30625.8 -0.0028816
12918.8 -30633.9 -0.00288826
12918.9 -30642 -0.00289494
12919.1 -30649.9 -0.00290162
12919.3 -30657.8 -0.00290833
12919.6 -30665.7 -0.00291509
12920.2 -30673.5 -0.00292191
12921.1 -30681.3 -0.00292884
12922.2 -30689.1 -0.00293584
12923.4 -30696.8 -0.00294289
12924.8 -30704.5 -0.00294998
12926.3 -30712.1 -0.00295711
12927.9 -30719.6 -0.0029643
12929.8 -30727.2 -0.00297158
12931.8 -30734.6 -0.00297888
12933.7 -30741.9 -0.00298619
12935.7 -30749.1 -0.00299351
12937.6 -30756.2 -0.00300084
12939.6 -30763.3 -0.0030082
12941.8 -30770.2 -0.00301562
12944.1 -30777.1 -0.00302308
12946.6 -30784 -0.00303063
12949.3 -30790.7 -0.00303821
12951.9 -30797.4 -0.00304581
12954.5 -30803.9 -0.00305341
12957.1 -30810.4 -0.00306102
12959.7 -30816.7 -0.00306864
12962.3 -30822.9 -0.00307628
12964.9 -30829 -0.00308392
12967.5 -30835 -0.00309157
12970.2 -30840.9 -0.00309927
12973 -30846.8 -0.00310702
12976 -30852.5 -0.00311481
12979.1 -30858.3 -0.00312269
12982.4 -30863.9 -0.00313059
12985.6 -30869.4 -0.00313853
12988.8 -30874.8 -0.00314656
12992 -30880.2 -0.00315461
12995.2 -30885.4 -0.00316266
12998.4 -30890.5 -0.00317073
13001.6 -30895.6 -0.00317882
13004.8 -30900.5 -0.00318691
13008 -30905.3 -0.00319502
13011.2 -30910 -0.00320314
13014.4 -30914.5 -0.00321127
13017.6 -30919 -0.00321942
13020.9 -30923.4 -0.00322761
13024.2 -30927.7 -0.00323585
13027.7 -30931.9 -0.00324415
13031.3 -30936 -0.00325252
13035 -30940 -0.00326095
13038.8 -30944 -0.0032694
13042.5 -30947.8 -0.00327786
13046.3 -30951.5 -0.00328634
13050 -30955.1 -0.00329483
13053.7 -30958.6 -0.00330334
13057.5 -30961.9 -0.00331186
13061.2 -30965.2 -0.00332039
13064.9 -30968.3 -0.00332894
13068.7 -30971.4 -0.00333751
13072.4 -30974.3 -0.00334609
13076.1 -30977.2 -0.00335468
13079.8 -30979.9 -0.00336329
13083.5 -30982.5 -0.00337192
13087.2 -30985 -0.00338056
13090.9 -30987.4 -0.00338922
13094.6 -30989.7 -0.00339789
13098.4 -30991.9 -0.0034066
13102.2 -30994 -0.00341536
13106.1 -30996 -0.00342417
13110 -30997.9 -0.00343304
13114.2 -30999.7 -0.003442
13118.4 -31001.4 -0.003451
13122.6 -31003 -0.00346001
13126.8 -31004.5 -0.00346904
13130.9 -31005.9 -0.00347809
13135.1 -31007.2 -0.00348715
13139.3 -31008.3 -0.00349624
13143.5 -31009.4 -0.00350534
13147.6 -31010.3 -0.00351446
13151.8 -31011.2 -0.0035236
13155.9 -31011.9 -0.00353276
13160.1 -31012.5 -0.00354194
13164.3 -31013.1 -0.00355114
13168.4 -31013.5 -0.00356036
13172.5 -31013.8 -0.00356959
13176.7 -31014 -0.00357885
13180.8 -31014.1 -0.00358812
13185 -31014.1 -0.00359742
13189.1 -31014 -0.00360673
13193.2 -31013.8 -0.00361607
13197.4 -31013.5 -0.00362543
13201.5 -31013.1 -0.0036348
13205.6 -31012.6 -0.0036442
13209.7 -31012 -0.00365362
13213.9 -31011.2 -0.00366308
13218.1 -31010.4 -0.0036726
13222.4 -31009.5 -0.00368218
13226.7 -31008.4 -0.00369182
13231.2 -31007.3 -0.00370155
13235.7 -31006 -0.00371133
13240.2 -31004.7 -0.00372113
13244.8 -31003.2 -0.00373095
13249.3 -31001.6 -0.0037408
13253.8 -30999.9 -0.00375067
13258.3 -30998.1 -0.00376056
13262.8 -30996.2 -0.00377048
13267.3 -30994.2 -0.00378042
13271.8 -30992.1 -0.00379039
13276.3 -30989.9 -0.00380038
13280.8 -30987.6 -0.0038104
13285.3 -30985.2 -0.00382044
13289.8 -30982.7 -0.00383051
13294.3 -30980 -0.0038406
13298.7 -30977.3 -0.00385071
13303.2 -30974.5 -0.00386085
13307.7 -30971.6 -0.00387102
13312.2 -30968.5 -0.00388121
13316.6 -30965.4 -0.00389143
13321.1 -30962.2 -0.00390167
13325.5 -30958.8 -0.00391194
13330 -30955.4 -0.00392223
13334.4 -30951.8 -0.00393255
13338.9 -30948.2 -0.0039429
13343.3 -30944.4 -0.00395327
13347.7 -30940.6 -0.00396367
13352.2 -30936.7 -0.00397409
13356.6 -30932.6 -0.00398454
13361 -30928.5 -0.00399502
13365.5 -30924.2 -0.00400553
13369.9 -30919.9 -0.00401606
13374.3 -30915.4 -0.00402664
13378.8 -30910.9 -0.00403727
13383.3 -30906.2 -0.00404797
13387.9 -30901.4 -0.00405874
13392.5 -30896.5 -0.00406956
13397.2 -30891.4 -0.00408051
13402 -30886.2 -0.00409147
13406.7 -30881 -0.00410247
13411.5 -30875.6 -0.00411349
13416.2 -30870.1 -0.00412455
13420.9 -30864.6 -0.00413563
13425.7 -30858.9 -0.00414674
13430.4 -30853.1 -0.00415788
13435.1 -30847.3 -0.00416905
13439.8 -30841.3 -0.00418025
13444.5 -30835.2 -0.00419148
13449.3 -30829.1 -0.00420274
13454 -30822.8 -0.00421403
13458.7 -30816.4 -0.00422534
13463.4 -30809.9 -0.00423669
13468.1 -30803.4 -0.00424807
13472.8 -30796.7 -0.00425947
13477.4 -30789.9 -0.00427091
13482.1 -30783.1 -0.00428237
13486.8 -30776.1 -0.00429387
13491.5 -30769 -0.00430539
13496.2 -30761.9 -0.00431695
13500.8 -30754.6 -0.00432853
13505.5 -30747.3 -0.00434014
13510.1 -30739.8 -0.00435179
13514.8 -30732.3 -0.00436346
13519.5 -30724.7 -0.00437516
13524.1 -30716.9 -0.00438689
13528.8 -30709.1 -0.00439865
13533.4 -30701.2 -0.00441045
13538 -30693.2 -0.00442227
13542.7 -30685 -0.00443412
13547.3 -30676.8 -0.004446
13551.9 -30668.5 -0.00445791
13556.6 -30660.2 -0.00446985
13561.2 -30651.7 -0.00448182
13565.8 -30643.1 -0.00449382
13570.4 -30634.4 -0.00450585
13575 -30625.7 -0.0045179
13579.6 -30616.8 -0.00452999
13584.2 -30607.9 -0.00454211
13588.8 -30598.9 -0.00455426
13593.4 -30589.7 -0.00456644
13598 -30580.5 -0.00457869
13602.7 -30571.2 -0.00459099
13607.4 -30561.7 -0.00460336
13612.1 -30552.1 -0.00461579
13616.8 -30542.4 -0.00462829
13621.6 -30532.6 -0.00464091
13410.3 -30413 -0.00478801
13470.1 -30367 -0.00484207
13494.5 -30333 -0.00488136
