0 -58.4752 -2.26119e-06
634.56 0 4.42216e-05
1173.57 0 9.52199e-05
1709.92 0 0.000146192
2243.81 0 0.000196995
2775.24 0 0.000247592
3304.22 0 0.000297978
3830.74 0 0.000348134
4354.77 0 0.000398049
4876.15 0 0.000447724
5394.56 0 0.000497169
5909.16 0 0.000546408
6418.2 0 0.000595497
6918.36 0 0.000644548
7403.99 0 0.000693764
7866.83 0 0.000743423
8297.18 0 0.000793894
8686.59 0 0.000845525
9030.8 0 0.000898521
9330.49 0 0.000952963
9590.04 0 0.00100876
9815.21 0 0.00106573
10011.7 0 0.0011237
10184.8 0 0.00118253
10338.5 0 0.00124217
10475.8 0 0.00130306
10599.4 0 0.00136482
10711.4 0 0.00142741
10812.7 0 0.00149075
10905.5 0 0.00155455
10991.1 0 0.00161875
11070.4 0 0.00168332
11143.9 0 0.00174829
11212.1 0 0.00181379
11276 0 0.00187958
11335.9 0 0.00194562
11392.3 0 0.00201189
11445.5 0 0.00207837
11495.9 0 0.00214504
11543.8 0 0.00221188
11589.3 0 0.00227889
11632.4 0 0.00234613
11673.3 0 0.00241364
11712.4 0 0.00248128
11749.8 0 0.00254904
11785.6 0 0.00261691
11820.1 0 0.00268487
11853.2 0 0.00275292
11885.1 0 0.00282105
11915.6 0 0.0028891
11945 0 0.00295711
11972.9 0 0.00302567
11999.8 0 0.00309432
12025.7 0 0.00316303
12050.7 0 0.00323177
12074.7 0 0.00330046
12097.7 0 0.0033694
12119.8 0 0.00343888
12141.1 0 0.00350837
12161.8 0 0.00357789
12181.9 0 0.00364742
12201.4 0 0.00371696
12220.3 0 0.00378651
12238.6 0 0.00385606
12256.3 0 0.00392562
12273.3 0 0.00399543
12289.7 0 0.00406537
12305.5 0 0.0041353
12320.9 0 0.00420524
12335.7 0 0.00427545
12349.8 0 0.00434646
12363.5 0 0.00441747
12376.5 0 0.00448816
12388.8 0 0.00455882
12400.7 0 0.00462946
12412.4 0 0.00470007
12423.7 0 0.00477065
12434.7 0 0.00484121
12445.5 0 0.00491174
12455.9 0 0.00498225
12466.1 0 0.00505272
12476 0 0.00512317
12485.7 0 0.0051936
12495.1 0 0.005264
12504.3 0 0.00533438
12513.2 0 0.00540475
12521.8 0 0.00547509
12530.3 0 0.00554541
12538.4 0 0.00561572
12546.4 0 0.00568601
12554.2 0 0.00575628
12561.7 0 0.00582654
12569 0 0.00589678
12576.2 0 0.005967
12583.1 0 0.00603721
12589.9 0 0.00610739
12596.5 0 0.00617756
12603 0 0.0062477
12609.3 0 0.00631782
12615.5 0 0.00638792
12621.6 0 0.006458
12627.5 0 0.00652805
12633.3 0 0.00659805
12638.9 0 0.00666798
12644.3 0 0.00673773
12649.5 0 0.00680737
12654.6 0 0.00687716
12659.6 0 0.00694749
12664.4 0 0.00701778
12669.2 0 0.00708805
12673.9 0 0.00715829
12678.6 0 0.0072285
12683.1 0 0.00729868
12687.6 0 0.00736883
12692 0 0.00743895
12696.3 0 0.00750904
12700.6 0 0.00757911
12704.8 0 0.00764914
12708.9 0 0.00771915
12713 0 0.00778913
12717 0 0.00785908
12720.9 0 0.00792901
12724.7 0 0.00799891
12728.5 0 0.00806879
12732.1 0 0.00813898
12735.7 0 0.0082095
12739.2 0 0.00828
12742.7 0 0.0083505
12746 0 0.00842098
12749.3 0 0.00849144
12752.5 0 0.00856216
12755.5 0 0.00863418
12758.3 0 0.00870638
12761.2 0 0.00877859
12763.9 0 0.00885083
12766.6 0 0.00892308
12769.2 0 0.00899536
12771.7 0 0.00906782
12774.1 0 0.00914055
12776.4 0 0.0092133
12778.6 0 0.00928607
12780.8 0 0.00935887
12783 0 0.00943168
12785.1 0 0.00950452
12787.2 0 0.00957737
12789.2 0 0.00965023
12791.2 0 0.00972311
12793.2 0 0.00979599
12795.1 0 0.00986888
12797 0 0.00994178
12798.8 0 0.0100147
12800.6 0 0.0100876
12802.4 0 0.0101605
12804.2 0 0.0102334
12805.9 0 0.0103063
12807.7 0 0.0103792
12809.4 0 0.010452
12811 0 0.0105249
12812.7 0 0.0105978
12814.3 0 0.0106706
12815.9 0 0.0107435
12817.5 0 0.0108163
12819.1 0 0.0108891
12820.7 0 0.0109619
12822.2 0 0.0110347
12823.7 0 0.0111074
12825.2 0 0.0111802
12826.7 0 0.0112529
12828.2 0 0.0113256
12829.7 0 0.0113983
12831.1 0 0.011471
12832.6 0 0.0115436
12834 0 0.0116163
12835.4 0 0.0116889
12836.8 0 0.0117615
12838.2 0 0.0118341
12839.5 0 0.0119066
12840.9 0 0.0119792
12842.2 0 0.0120517
12843.6 0 0.0121242
12844.9 0 0.0121967
12846.2 0 0.0122692
12847.5 0 0.0123416
12848.7 0 0.0124141
12850 0 0.0124865
12851.3 0 0.0125589
12852.5 0 0.0126313
12853.7 0 0.0127036
12855 0 0.012776
12856.2 0 0.0128483
12857.4 0 0.0129207
12858.5 0 0.012993
12859.7 0 0.0130653
12860.9 0 0.0131376
12862 0 0.0132099
12863.1 0 0.0132822
12864.3 0 0.0133544
12865.4 0 0.0134267
12866.4 0 0.013499
12867.5 0 0.0135712
12868.6 0 0.0136434
12869.6 0 0.0137157
12870.7 0 0.0137879
12871.7 0 0.0138601
12872.7 0 0.0139324
12873.7 0 0.0140046
12874.7 0 0.0140768
12875.7 0 0.014149
12876.6 0 0.0142212
12877.5 0 0.0142935
12878.5 0 0.0143657
12879.4 0 0.0144379
12880.3 0 0.0145102
12881.2 0 0.0145824
12882 0 0.0146546
12882.9 0 0.0147269
12883.7 0 0.0147991
12884.6 0 0.0148714
12885.4 0 0.0149437
12886.2 0 0.015016
12886.9 0 0.0150883
12887.7 0 0.0151606
12888.5 0 0.0152329
12889.2 0 0.0153052
12889.9 0 0.0153776
12890.6 0 0.0154499
12891.3 0 0.0155223
12892 0 0.0155947
12892.7 0 0.0156671
12893.3 0 0.0157395
12894 0 0.0158119
12894.6 0 0.0158844
12895.2 0 0.0159568
12895.8 0 0.0160293
12896.4 0 0.0161018
12897 0 0.0161743
12897.6 0 0.0162468
12898.1 0 0.0163193
12898.7 0 0.0163918
12899.2 0 0.0164644
12899.8 0 0.0165369
12900.3 0 0.0166095
12900.7 0 0.0166823
12901.2 0 0.016755
12901.6 0 0.0168278
12902 0 0.0169006
12902.5 0 0.0169734
12902.9 0 0.0170462
12903.3 0 0.017119
12903.7 0 0.0171918
12904.1 0 0.0172647
12904.5 0 0.0173375
12904.8 0 0.0174103
12905.2 0 0.0174832
12905.5 0 0.017556
12905.9 0 0.0176289
12906.2 0 0.0177017
12906.6 0 0.0177746
12906.9 0 0.0178474
12907.2 0 0.0179203
12907.5 0 0.0179931
12907.9 0 0.018066
12908.2 0 0.0181388
12908.5 0 0.0182117
12908.8 0 0.0182846
12909 0 0.0183574
12909.3 0 0.0184303
12909.6 0 0.0185031
12909.9 0 0.0185759
12910.2 0 0.0186488
12910.4 0 0.0187216
12910.7 0 0.0187945
12910.9 0 0.0188673
12911.2 0 0.0189401
12911.4 0 0.0190129
12911.7 0 0.0190858
12911.9 0 0.0191586
12912.2 0 0.0192314
12912.4 0 0.0193042
12912.6 0 0.019377
12912.9 0 0.0194498
12913.1 0 0.0195225
12913.3 0 0.0195953
12913.5 0 0.0196681
12913.7 0 0.0197408
12913.9 0 0.0198136
12914.1 0 0.0198863
12914.3 0 0.0199591
12914.5 0 0.0200318
12914.7 0 0.0201045
12914.9 0 0.0201773
12915.1 0 0.02025
12915.3 0 0.0203227
12915.5 0 0.0203954
12915.7 0 0.0204681
12915.9 0 0.0205407
12916 0 0.0206134
12916.2 0 0.0206861
12916.4 0 0.0207587
12916.6 0 0.0208314
12916.7 0 0.020904
12916.9 0 0.0209766
12917 0 0.0210493
12917.2 0 0.0211219
12917.4 0 0.0211945
12917.5 0 0.0212671
12917.7 0 0.0213397
12917.8 0 0.0214122
12918 0 0.0214848
12918.1 0 0.0215574
12918.2 0 0.0216299
12918.4 0 0.0217025
12918.5 0 0.021775
12918.7 0 0.0218475
12918.8 0 0.02192
12918.9 0 0.0219925
12919.1 0 0.022065
12919.3 0 0.0221375
12919.6 0 0.0222099
12920.2 0 0.0222822
12921.1 0 0.0223544
12922.2 0 0.0224265
12923.4 0 0.0224986
12924.8 0 0.0225705
12926.3 0 0.0226425
12927.9 0 0.0227143
12929.8 0 0.0227861
12931.8 0 0.0228578
12933.7 0 0.0229295
12935.7 0 0.0230012
12937.6 0 0.0230729
12939.6 0 0.0231445
12941.8 0 0.0232161
12944.1 0 0.0232876
12946.6 0 0.023359
12949.3 0 0.0234304
12951.9 0 0.0235017
12954.5 0 0.0235731
12957.1 0 0.0236444
12959.7 0 0.0237157
12962.3 0 0.023787
12964.9 0 0.0238583
12967.5 0 0.0239295
12970.2 0 0.0240008
12973 0 0.0240719
12976 0 0.024143
12979.1 0 0.024214
12982.4 0 0.0242849
12985.6 0 0.0243558
12988.8 0 0.0244268
12992 0 0.0244978
12995.2 0 0.0245687
12998.4 0 0.0246396
13001.6 0 0.0247105
13004.8 0 0.0247814
13008 0 0.0248523
13011.2 0 0.0249232
13014.4 0 0.024994
13017.6 0 0.0250648
13020.9 0 0.0251356
13024.2 0 0.0252064
13027.7 0 0.025277
13031.3 0 0.0253477
13035 0 0.0254181
13038.8 0 0.0254886
13042.5 0 0.0255591
13046.3 0 0.0256295
13050 0 0.0257
13053.7 0 0.0257704
13057.5 0 0.0258408
13061.2 0 0.0259112
13064.9 0 0.0259815
13068.7 0 0.0260519
13072.4 0 0.0261222
13076.1 0 0.0261925
13079.8 0 0.0262628
13083.5 0 0.0263331
13087.2 0 0.0264033
13090.9 0 0.0264736
13094.6 0 0.0265438
13098.4 0 0.026614
13102.2 0 0.0266841
13106.1 0 0.0267542
13110 0 0.0268242
13114.2 0 0.0268941
13118.4 0 0.0269639
13122.6 0 0.0270337
13126.8 0 0.0271035
13130.9 0 0.0271733
13135.1 0 0.0272431
13139.3 0 0.0273128
13143.5 0 0.0273825
13147.6 0 0.0274522
13151.8 0 0.0275219
13155.9 0 0.0275915
13160.1 0 0.0276611
13164.3 0 0.0277307
13168.4 0 0.0278003
13172.5 0 0.0278698
13176.7 0 0.0279393
13180.8 0 0.0280088
13185 0 0.0280783
13189.1 0 0.0281477
13193.2 0 0.0282172
13197.4 0 0.0282866
13201.5 0 0.0283559
13205.6 0 0.0284253
13209.7 0 0.0284946
13213.9 0 0.0285639
13218.1 0 0.0286331
13222.4 0 0.0287023
13226.7 0 0.0287713
13231.2 0 0.0288403
13235.7 0 0.0289092
13240.2 0 0.0289781
13244.8 0 0.029047
13249.3 0 0.0291158
13253.8 0 0.0291845
13258.3 0 0.0292533
13262.8 0 0.029322
13267.3 0 0.0293907
13271.8 0 0.0294594
13276.3 0 0.029528
13280.8 0 0.0295966
13285.3 0 0.0296652
13289.8 0 0.0297337
13294.3 0 0.0298022
13298.7 0 0.0298707
13303.2 0 0.0299391
13307.7 0 0.0300076
13312.2 0 0.0300759
13316.6 0 0.0301443
13321.1 0 0.0302126
13325.5 0 0.0302809
13330 0 0.0303492
13334.4 0 0.0304174
13338.9 0 0.0304856
13343.3 0 0.0305537
13347.7 0 0.0306219
13352.2 0 0.03069
13356.6 0 0.030758
13361 0 0.0308261
13365.5 0 0.0308941
13369.9 0 0.0309621
13374.3 0 0.03103
13378.8 0 0.0310979
13383.3 0 0.0311657
13387.9 0 0.0312335
13392.5 0 0.0313011
13397.2 0 0.0313687
13402 0 0.0314362
13406.7 0 0.0315036
13411.5 0 0.031571
13416.2 0 0.0316384
13420.9 0 0.0317057
13425.7 0 0.031773
13430.4 0 0.0318403
13435.1 0 0.0319075
13439.8 0 0.0319747
13444.5 0 0.0320418
13449.3 0 0.0321089
13454 0 0.032176
13458.7 0 0.0322431
13463.4 0 0.0323101
13468.1 0 0.0323771
13472.8 0 0.032444
13477.4 0 0.0325109
13482.1 0 0.0325778
13486.8 0 0.0326446
13491.5 0 0.0327114
13496.2 0 0.0327782
13500.8 0 0.032845
13505.5 0 0.0329117
13510.1 0 0.0329783
13514.8 0 0.033045
13519.5 0 0.0331116
13524.1 0 0.0331782
13528.8 0 0.0332447
13533.4 0 0.0333112
13538 0 0.0333777
13542.7 0 0.0334441
13547.3 0 0.0335105
13551.9 0 0.0335769
13556.6 0 0.0336432
13561.2 0 0.0337095
13565.8 0 0.0337758
13570.4 0 0.033842
13575 0 0.0339083
13579.6 0 0.0339744
13584.2 0 0.0340406
13588.8 0 0.0341067
13593.4 0 0.0341728
13598 0 0.0342388
13602.7 0 0.0343049
13607.4 0 0.0343708
13612.1 0 0.0344367
13616.8 0 0.0345025
13621.6 0 0.0345684
13410.3 0 0.0344977
13470.1 0 0.0345211
13494.5 0 0.0345593
