0 -58.4752 -2.26119e-06
634.56 -53.7459 -2.07832e-06
1173.57 0 2.76103e-06
1709.92 0 7.55275e-06
2243.81 0 1.2185e-05
2775.24 0 1.65985e-05
3304.22 0 2.07877e-05
3830.74 0 2.47427e-05
4354.77 0 2.84583e-05
4876.15 0 3.19358e-05
5394.56 0 3.5184e-05
5909.16 0 3.82274e-05
6418.2 0 4.11219e-05
6918.36 0 4.39788e-05
7403.99 0 4.69964e-05
7866.83 0 5.046e-05
8297.18 0 5.47344e-05
8686.59 0 6.01601e-05
9030.8 0 6.69475e-05
9330.49 0 7.52251e-05
9590.04 0 8.48906e-05
9815.21 0 9.58808e-05
10011.7 0 0.000108072
10184.8 0 0.000121183
10338.5 0 0.000135071
10475.8 0 0.000149649
10599.4 0 0.000164849
10711.4 0 0.000180674
10812.7 0 0.000197617
10905.5 0 0.000214993
10991.1 0 0.000232755
11070.4 0 0.000250861
11143.9 0 0.000269348
11212.1 0 0.000288338
11276 0 0.000307591
11335.9 0 0.000327083
11392.3 0 0.000346791
11445.5 0 0.000366697
11495.9 0 0.000386783
11543.8 0 0.000407032
11589.3 0 0.000427432
11632.4 0 0.000448117
11673.3 0 0.000469137
11712.4 0 0.000490282
11749.8 0 0.000511542
11785.6 0 0.000532904
11820.1 0 0.00055436
11853.2 0 0.000575901
11885.1 0 0.000597518
11915.6 0 0.000619507
11945 0 0.000641766
11972.9 0 0.000664328
11999.8 0 0.000686975
12025.7 0 0.000709681
12050.7 0 0.000732512
12074.7 0 0.000755765
12097.7 0 0.000779088
12119.8 0 0.000802508
12141.1 0 0.000825957
12161.8 0 0.000849429
12181.9 0 0.000872919
12201.4 0 0.000896424
12220.3 0 0.000919941
12238.6 0 0.000943466
12256.3 0 0.000966997
12273.3 0 0.000990715
12289.7 0 0.00101454
12305.5 0 0.00103836
12320.9 0 0.00106217
12335.7 0 0.00108597
12349.8 0 0.00110975
12363.5 0 0.00113351
12376.5 0 0.00115798
12388.8 0 0.00118303
12400.7 0 0.00120808
12412.4 0 0.0012331
12423.7 0 0.00125811
12434.7 0 0.0012831
12445.5 0 0.00130807
12455.9 0 0.00133302
12466.1 0 0.00135795
12476 0 0.00138286
12485.7 0 0.00140775
12495.1 0 0.00143264
12504.3 0 0.0014575
12513.2 0 0.00148236
12521.8 0 0.00150721
12530.3 0 0.00153205
12538.4 0 0.00155689
12546.4 0 0.00158171
12554.2 0 0.00160653
12561.7 0 0.00163134
12569 0 0.00165614
12576.2 0 0.00168093
12583.1 0 0.00170571
12589.9 0 0.00173047
12596.5 0 0.00175522
12603 0 0.00177995
12609.3 0 0.00180466
12615.5 0 0.00182935
12621.6 0 0.00185401
12627.5 0 0.00187866
12633.3 0 0.00190341
12638.9 0 0.00192848
12644.3 0 0.001954
12649.5 0 0.00197972
12654.6 0 0.00200542
12659.6 0 0.0020311
12664.4 0 0.00205676
12669.2 0 0.00208241
12673.9 0 0.00210803
12678.6 0 0.00213364
12683.1 0 0.00215924
12687.6 0 0.00218482
12692 0 0.00221038
12696.3 0 0.00223594
12700.6 0 0.00226149
12704.8 0 0.00228704
12708.9 0 0.00231257
12713 0 0.00233811
12717 0 0.00236364
12720.9 0 0.00238918
12724.7 0 0.00241471
12728.5 0 0.00244025
12732.1 0 0.00246576
12735.7 0 0.00249123
12739.2 0 0.0025167
12742.7 0 0.00254217
12746 0 0.00256764
12749.3 0 0.00259312
12752.5 0 0.00261863
12755.5 0 0.00264438
12758.3 0 0.00267018
12761.2 0 0.00269598
12763.9 0 0.00272178
12766.6 0 0.00274758
12769.2 0 0.00277339
12771.7 0 0.00279948
12774.1 0 0.00282593
12776.4 0 0.00285239
12778.6 0 0.00287885
12780.8 0 0.00290531
12783 0 0.00293177
12785.1 0 0.00295822
12787.2 0 0.00298467
12789.2 0 0.00301111
12791.2 0 0.00303754
12793.2 0 0.00306397
12795.1 0 0.00309038
12797 0 0.00311679
12798.8 0 0.00314318
12800.6 0 0.00316956
12802.4 0 0.00319593
12804.2 0 0.00322228
12805.9 0 0.00324862
12807.7 0 0.00327494
12809.4 0 0.00330125
12811 0 0.00332754
12812.7 0 0.00335381
12814.3 0 0.00338007
12815.9 0 0.00340631
12817.5 0 0.00343254
12819.1 0 0.00345875
12820.7 0 0.00348494
12822.2 0 0.00351111
12823.7 0 0.00353727
12825.2 0 0.0035634
12826.7 0 0.00358953
12828.2 0 0.00361563
12829.7 0 0.00364172
12831.1 0 0.00366779
12832.6 0 0.00369384
12834 0 0.00371988
12835.4 0 0.0037459
12836.8 0 0.0037719
12838.2 0 0.00379789
12839.5 0 0.00382386
12840.9 0 0.00384982
12842.2 0 0.00387576
12843.6 0 0.00390169
12844.9 0 0.0039276
12846.2 0 0.0039535
12847.5 0 0.00397939
12848.7 0 0.00400526
12850 0 0.00403112
12851.3 0 0.00405697
12852.5 0 0.00408281
12853.7 0 0.00410863
12855 0 0.00413445
12856.2 0 0.00416026
12857.4 0 0.00418605
12858.5 0 0.00421184
12859.7 0 0.00423761
12860.9 0 0.00426336
12862 0 0.0042891
12863.1 0 0.00431483
12864.3 0 0.00434055
12865.4 0 0.00436627
12866.4 0 0.00439198
12867.5 0 0.00441769
12868.6 0 0.0044434
12869.6 0 0.0044691
12870.7 0 0.0044948
12871.7 0 0.0045205
12872.7 0 0.00454619
12873.7 0 0.00457189
12874.7 0 0.00459758
12875.7 0 0.00462328
12876.6 0 0.00464897
12877.5 0 0.00467467
12878.5 0 0.00470037
12879.4 0 0.00472607
12880.3 0 0.00475178
12881.2 0 0.00477749
12882 0 0.0048032
12882.9 0 0.00482891
12883.7 0 0.00485463
12884.6 0 0.00488036
12885.4 0 0.00490609
12886.2 0 0.00493182
12886.9 0 0.00495756
12887.7 0 0.00498331
12888.5 0 0.00500905
12889.2 0 0.00503481
12889.9 0 0.00506057
12890.6 0 0.00508633
12891.3 0 0.0051121
12892 0 0.00513788
12892.7 0 0.00516366
12893.3 0 0.00518944
12894 0 0.00521523
12894.6 0 0.00524102
12895.2 0 0.00526682
12895.8 0 0.00529262
12896.4 0 0.00531842
12897 0 0.00534423
12897.6 0 0.00537004
12898.1 0 0.00539585
12898.7 0 0.00542167
12899.2 0 0.00544748
12899.8 0 0.0054733
12900.3 0 0.00549916
12900.7 0 0.00552561
12901.2 0 0.00555207
12901.6 0 0.00557853
12902 0 0.005605
12902.5 0 0.00563146
12902.9 0 0.00565794
12903.3 0 0.00568441
12903.7 0 0.00571089
12904.1 0 0.00573736
12904.5 0 0.00576384
12904.8 0 0.00579032
12905.2 0 0.0058168
12905.5 0 0.00584328
12905.9 0 0.00586976
12906.2 0 0.00589624
12906.6 0 0.00592271
12906.9 0 0.00594919
12907.2 0 0.00597566
12907.5 0 0.00600213
12907.9 0 0.0060286
12908.2 0 0.00605507
12908.5 0 0.00608153
12908.8 0 0.00610799
12909 0 0.00613445
12909.3 0 0.0061609
12909.6 0 0.00618735
12909.9 0 0.00621379
12910.2 0 0.00624023
12910.4 0 0.00626667
12910.7 0 0.0062931
12910.9 0 0.00631952
12911.2 0 0.00634594
12911.4 0 0.00637236
12911.7 0 0.00639877
12911.9 0 0.00642517
12912.2 0 0.00645157
12912.4 0 0.00647797
12912.6 0 0.00650436
12912.9 0 0.00653074
12913.1 0 0.00655711
12913.3 0 0.00658348
12913.5 0 0.00660985
12913.7 0 0.00663621
12913.9 0 0.00666256
12914.1 0 0.0066889
12914.3 0 0.00671524
12914.5 0 0.00674157
12914.7 0 0.0067679
12914.9 0 0.00679422
12915.1 0 0.00682053
12915.3 0 0.00684683
12915.5 0 0.00687313
12915.7 0 0.00689943
12915.9 0 0.00692571
12916 0 0.00695199
12916.2 0 0.00697826
12916.4 0 0.00700453
12916.6 0 0.00703079
12916.7 0 0.00705704
12916.9 0 0.00708328
12917 0 0.00710952
12917.2 0 0.00713575
12917.4 0 0.00716197
12917.5 0 0.00718819
12917.7 0 0.0072144
12917.8 0 0.0072406
12918 0 0.0072668
12918.1 0 0.00729299
12918.2 0 0.00731917
12918.4 0 0.00734534
12918.5 0 0.00737151
12918.7 0 0.00739767
12918.8 0 0.00742383
12918.9 0 0.00744997
12919.1 0 0.00747611
12919.3 0 0.00750222
12919.6 0 0.00752829
12920.2 0 0.00755428
12921.1 0 0.00758018
12922.2 0 0.00760601
12923.4 0 0.0076318
12924.8 0 0.00765754
12926.3 0 0.00768324
12927.9 0 0.00770888
12929.8 0 0.00773445
12931.8 0 0.00775998
12933.7 0 0.00778551
12935.7 0 0.00781103
12937.6 0 0.00783655
12939.6 0 0.00786202
12941.8 0 0.00788745
12944.1 0 0.00791283
12946.6 0 0.00793813
12949.3 0 0.0079634
12951.9 0 0.00798865
12954.5 0 0.0080139
12957.1 0 0.00803914
12959.7 0 0.00806437
12962.3 0 0.00808959
12964.9 0 0.0081148
12967.5 0 0.00813999
12970.2 0 0.00816515
12973 0 0.00819026
12976 0 0.00821532
12979.1 0 0.0082403
12982.4 0 0.00826526
12985.6 0 0.00829018
12988.8 0 0.00831499
12992 0 0.00833979
12995.2 0 0.00836457
12998.4 0 0.00838935
13001.6 0 0.00841411
13004.8 0 0.00843886
13008 0 0.00846359
13011.2 0 0.00848832
13014.4 0 0.00851303
13017.6 0 0.00853772
13020.9 0 0.00856238
13024.2 0 0.00858698
13027.7 0 0.00861153
13031.3 0 0.00863601
13035 0 0.00866042
13038.8 0 0.00868482
13042.5 0 0.00870921
13046.3 0 0.00873359
13050 0 0.00875795
13053.7 0 0.00878229
13057.5 0 0.00880662
13061.2 0 0.00883094
13064.9 0 0.00885524
13068.7 0 0.00887953
13072.4 0 0.0089038
13076.1 0 0.00892806
13079.8 0 0.00895231
13083.5 0 0.00897653
13087.2 0 0.00900075
13090.9 0 0.00902495
13094.6 0 0.00904913
13098.4 0 0.00907328
13102.2 0 0.00909737
13106.1 0 0.00912142
13110 0 0.00914541
13114.2 0 0.0091693
13118.4 0 0.00919317
13122.6 0 0.00921702
13126.8 0 0.00924085
13130.9 0 0.00926467
13135.1 0 0.00928847
13139.3 0 0.00931225
13143.5 0 0.00933601
13147.6 0 0.00935975
13151.8 0 0.00938348
13155.9 0 0.00940719
13160.1 0 0.00943087
13164.3 0 0.00945455
13168.4 0 0.0094782
13172.5 0 0.00950183
13176.7 0 0.00952544
13180.8 0 0.00954904
13185 0 0.00957261
13189.1 0 0.00959617
13193.2 0 0.00961971
13197.4 0 0.00964322
13201.5 0 0.00966672
13205.6 0 0.0096902
13209.7 0 0.00971365
13213.9 0 0.00973706
13218.1 0 0.00976041
13222.4 0 0.00978371
13226.7 0 0.00980695
13231.2 0 0.00983009
13235.7 0 0.0098532
13240.2 0 0.00987628
13244.8 0 0.00989934
13249.3 0 0.00992238
13253.8 0 0.00994539
13258.3 0 0.00996838
13262.8 0 0.00999135
13267.3 0 0.0100143
13271.8 0 0.0100372
13276.3 0 0.0100601
13280.8 0 0.010083
13285.3 0 0.0101058
13289.8 0 0.0101287
13294.3 0 0.0101515
13298.7 0 0.0101742
13303.2 0 0.010197
13307.7 0 0.0102197
13312.2 0 0.0102424
13316.6 0 0.0102651
13321.1 0 0.0102878
13325.5 0 0.0103104
13330 0 0.010333
13334.4 0 0.0103556
13338.9 0 0.0103781
13343.3 0 0.0104006
13347.7 0 0.0104231
13352.2 0 0.0104456
13356.6 0 0.0104681
13361 0 0.0104905
13365.5 0 0.0105129
13369.9 0 0.0105353
13374.3 0 0.0105576
13378.8 0 0.0105799
13383.3 0 0.0106021
13387.9 0 0.0106242
13392.5 0 0.0106463
13397.2 0 0.0106682
13402 0 0.0106902
13406.7 0 0.0107121
13411.5 0 0.010734
13416.2 0 0.0107558
13420.9 0 0.0107777
13425.7 0 0.0107995
13430.4 0 0.0108213
13435.1 0 0.010843
13439.8 0 0.0108647
13444.5 0 0.0108864
13449.3 0 0.0109081
13454 0 0.0109297
13458.7 0 0.0109513
13463.4 0 0.0109729
13468.1 0 0.0109944
13472.8 0 0.0110159
13477.4 0 0.0110374
13482.1 0 0.0110589
13486.8 0 0.0110803
13491.5 0 0.0111017
13496.2 0 0.0111231
13500.8 0 0.0111444
13505.5 0 0.0111657
13510.1 0 0.011187
13514.8 0 0.0112083
13519.5 0 0.0112295
13524.1 0 0.0112507
13528.8 0 0.0112719
13533.4 0 0.011293
13538 0 0.0113141
13542.7 0 0.0113352
13547.3 0 0.0113562
13551.9 0 0.0113773
13556.6 0 0.0113983
13561.2 0 0.0114192
13565.8 0 0.0114401
13570.4 0 0.0114611
13575 0 0.0114819
13579.6 0 0.0115028
13584.2 0 0.0115236
13588.8 0 0.0115444
13593.4 0 0.0115651
13598 0 0.0115858
13602.7 0 0.0116064
13607.4 0 0.011627
13612.1 0 0.0116475
13616.8 0 0.0116679
13621.6 0 0.0116882
13410.3 0 0.0115743
13470.1 0 0.0115532
13494.5 0 0.011547
