0 -58.4752 -2.26119e-06
634.56 0 7.59475e-06
1173.57 0 2.20066e-05
1709.92 0 3.63863e-05
2243.81 0 5.05993e-05
2775.24 0 6.46027e-05
3304.22 0 7.83916e-05
3830.74 0 9.1949e-05
4354.77 0 0.000105266
4876.15 0 0.000118344
5394.56 0 0.000131191
5909.16 0 0.000143833
6418.2 0 0.000156325
6918.36 0 0.00016878
7403.99 0 0.000181398
7866.83 0 0.00019446
8297.18 0 0.000208334
8686.59 0 0.000223365
9030.8 0 0.000239761
9330.49 0 0.000257615
9590.04 0 0.000276831
9815.21 0 0.000297265
10011.7 0 0.000318759
10184.8 0 0.000341132
10338.5 0 0.000364297
10475.8 0 0.000388562
10599.4 0 0.00041362
10711.4 0 0.00043945
10812.7 0 0.000466136
10905.5 0 0.00049327
10991.1 0 0.000520806
11070.4 0 0.000548701
11143.9 0 0.000576992
11212.1 0 0.000605807
11276 0 0.000634898
11335.9 0 0.00066424
11392.3 0 0.000693809
11445.5 0 0.000723583
11495.9 0 0.000753545
11543.8 0 0.000783678
11589.3 0 0.000813968
11632.4 0 0.000844512
11673.3 0 0.000875341
11712.4 0 0.000906298
11749.8 0 0.000937372
11785.6 0 0.000968553
11820.1 0 0.000999829
11853.2 0 0.00103119
11885.1 0 0.00106264
11915.6 0 0.00109413
11945 0 0.00112567
11972.9 0 0.00115769
11999.8 0 0.0011898
12025.7 0 0.00122196
12050.7 0 0.00125419
12074.7 0 0.0012865
12097.7 0 0.00131901
12119.8 0 0.00135193
12141.1 0 0.00138487
12161.8 0 0.00141783
12181.9 0 0.00145081
12201.4 0 0.0014838
12220.3 0 0.0015168
12238.6 0 0.0015498
12256.3 0 0.00158281
12273.3 0 0.00161605
12289.7 0 0.00164942
12305.5 0 0.00168278
12320.9 0 0.00171614
12335.7 0 0.00174969
12349.8 0 0.00178381
12363.5 0 0.00181792
12376.5 0 0.00185201
12388.8 0 0.00188624
12400.7 0 0.00192045
12412.4 0 0.00195464
12423.7 0 0.0019888
12434.7 0 0.00202295
12445.5 0 0.00205706
12455.9 0 0.00209115
12466.1 0 0.00212522
12476 0 0.00215926
12485.7 0 0.00219328
12495.1 0 0.00222728
12504.3 0 0.00226126
12513.2 0 0.00229522
12521.8 0 0.00232917
12530.3 0 0.0023631
12538.4 0 0.00239701
12546.4 0 0.00243092
12554.2 0 0.0024648
12561.7 0 0.00249868
12569 0 0.00253254
12576.2 0 0.00256638
12583.1 0 0.00260021
12589.9 0 0.00263402
12596.5 0 0.00266781
12603 0 0.00270158
12609.3 0 0.00273533
12615.5 0 0.00276906
12621.6 0 0.00280276
12627.5 0 0.00283644
12633.3 0 0.00287012
12638.9 0 0.00290384
12644.3 0 0.00293755
12649.5 0 0.00297125
12654.6 0 0.00300504
12659.6 0 0.00303922
12664.4 0 0.00307336
12669.2 0 0.00310749
12673.9 0 0.00314158
12678.6 0 0.00317565
12683.1 0 0.0032097
12687.6 0 0.00324372
12692 0 0.00327771
12696.3 0 0.00331168
12700.6 0 0.00334563
12704.8 0 0.00337956
12708.9 0 0.00341346
12713 0 0.00344735
12717 0 0.00348121
12720.9 0 0.00351506
12724.7 0 0.00354889
12728.5 0 0.0035827
12732.1 0 0.00361673
12735.7 0 0.00365098
12739.2 0 0.00368522
12742.7 0 0.00371945
12746 0 0.00375367
12749.3 0 0.00378789
12752.5 0 0.00382229
12755.5 0 0.00385769
12758.3 0 0.00389324
12761.2 0 0.00392879
12763.9 0 0.00396436
12766.6 0 0.00399995
12769.2 0 0.00403554
12771.7 0 0.00407136
12774.1 0 0.00410747
12776.4 0 0.0041436
12778.6 0 0.00417974
12780.8 0 0.0042159
12783 0 0.00425207
12785.1 0 0.00428825
12787.2 0 0.00432444
12789.2 0 0.00436065
12791.2 0 0.00439685
12793.2 0 0.00443307
12795.1 0 0.00446928
12797 0 0.0045055
12798.8 0 0.00454171
12800.6 0 0.00457792
12802.4 0 0.00461413
12804.2 0 0.00465033
12805.9 0 0.00468653
12807.7 0 0.00472271
12809.4 0 0.00475889
12811 0 0.00479505
12812.7 0 0.0048312
12814.3 0 0.00486734
12815.9 0 0.00490347
12817.5 0 0.00493958
12819.1 0 0.00497568
12820.7 0 0.00501176
12822.2 0 0.00504782
12823.7 0 0.00508387
12825.2 0 0.0051199
12826.7 0 0.00515591
12828.2 0 0.00519191
12829.7 0 0.00522789
12831.1 0 0.00526385
12832.6 0 0.00529979
12834 0 0.00533571
12835.4 0 0.00537162
12836.8 0 0.00540751
12838.2 0 0.00544338
12839.5 0 0.00547923
12840.9 0 0.00551507
12842.2 0 0.00555088
12843.6 0 0.00558668
12844.9 0 0.00562247
12846.2 0 0.00565823
12847.5 0 0.00569398
12848.7 0 0.00572972
12850 0 0.00576543
12851.3 0 0.00580114
12852.5 0 0.00583683
12853.7 0 0.0058725
12855 0 0.00590816
12856.2 0 0.00594381
12857.4 0 0.00597944
12858.5 0 0.00601506
12859.7 0 0.00605068
12860.9 0 0.00608628
12862 0 0.00612187
12863.1 0 0.00615745
12864.3 0 0.00619303
12865.4 0 0.0062286
12866.4 0 0.00626415
12867.5 0 0.00629971
12868.6 0 0.00633525
12869.6 0 0.00637079
12870.7 0 0.00640633
12871.7 0 0.00644187
12872.7 0 0.0064774
12873.7 0 0.00651293
12874.7 0 0.00654846
12875.7 0 0.00658398
12876.6 0 0.00661951
12877.5 0 0.00665504
12878.5 0 0.00669058
12879.4 0 0.00672611
12880.3 0 0.00676165
12881.2 0 0.0067972
12882 0 0.00683275
12882.9 0 0.0068683
12883.7 0 0.00690387
12884.6 0 0.00693944
12885.4 0 0.00697502
12886.2 0 0.0070106
12886.9 0 0.0070462
12887.7 0 0.00708181
12888.5 0 0.00711742
12889.2 0 0.00715305
12889.9 0 0.00718868
12890.6 0 0.00722433
12891.3 0 0.00725999
12892 0 0.00729566
12892.7 0 0.00733134
12893.3 0 0.00736703
12894 0 0.00740273
12894.6 0 0.00743845
12895.2 0 0.00747417
12895.8 0 0.00750991
12896.4 0 0.00754566
12897 0 0.00758142
12897.6 0 0.00761718
12898.1 0 0.00765296
12898.7 0 0.00768875
12899.2 0 0.00772455
12899.8 0 0.00776035
12900.3 0 0.00779618
12900.7 0 0.00783231
12901.2 0 0.00786845
12901.6 0 0.00790459
12902 0 0.00794075
12902.5 0 0.00797691
12902.9 0 0.00801307
12903.3 0 0.00804925
12903.7 0 0.00808543
12904.1 0 0.00812161
12904.5 0 0.0081578
12904.8 0 0.00819399
12905.2 0 0.00823019
12905.5 0 0.00826639
12905.9 0 0.00830259
12906.2 0 0.00833879
12906.6 0 0.00837499
12906.9 0 0.0084112
12907.2 0 0.0084474
12907.5 0 0.00848361
12907.9 0 0.00851981
12908.2 0 0.00855602
12908.5 0 0.00859222
12908.8 0 0.00862842
12909 0 0.00866462
12909.3 0 0.00870081
12909.6 0 0.00873701
12909.9 0 0.0087732
12910.2 0 0.00880938
12910.4 0 0.00884556
12910.7 0 0.00888174
12910.9 0 0.00891792
12911.2 0 0.00895408
12911.4 0 0.00899025
12911.7 0 0.00902641
12911.9 0 0.00906256
12912.2 0 0.00909871
12912.4 0 0.00913485
12912.6 0 0.00917099
12912.9 0 0.00920712
12913.1 0 0.00924324
12913.3 0 0.00927936
12913.5 0 0.00931547
12913.7 0 0.00935158
12913.9 0 0.00938768
12914.1 0 0.00942377
12914.3 0 0.00945985
12914.5 0 0.00949593
12914.7 0 0.009532
12914.9 0 0.00956806
12915.1 0 0.00960412
12915.3 0 0.00964017
12915.5 0 0.00967621
12915.7 0 0.00971224
12915.9 0 0.00974826
12916 0 0.00978428
12916.2 0 0.00982029
12916.4 0 0.00985629
12916.6 0 0.00989229
12916.7 0 0.00992827
12916.9 0 0.00996425
12917 0 0.0100002
12917.2 0 0.0100362
12917.4 0 0.0100721
12917.5 0 0.0101081
12917.7 0 0.010144
12917.8 0 0.01018
12918 0 0.0102159
12918.1 0 0.0102518
12918.2 0 0.0102877
12918.4 0 0.0103236
12918.5 0 0.0103595
12918.7 0 0.0103954
12918.8 0 0.0104312
12918.9 0 0.0104671
12919.1 0 0.0105029
12919.3 0 0.0105388
12919.6 0 0.0105745
12920.2 0 0.0106102
12921.1 0 0.0106458
12922.2 0 0.0106813
12923.4 0 0.0107167
12924.8 0 0.0107521
12926.3 0 0.0107874
12927.9 0 0.0108227
12929.8 0 0.0108578
12931.8 0 0.0108929
12933.7 0 0.0109281
12935.7 0 0.0109632
12937.6 0 0.0109983
12939.6 0 0.0110333
12941.8 0 0.0110683
12944.1 0 0.0111032
12946.6 0 0.0111381
12949.3 0 0.0111729
12951.9 0 0.0112076
12954.5 0 0.0112424
12957.1 0 0.0112772
12959.7 0 0.0113119
12962.3 0 0.0113466
12964.9 0 0.0113814
12967.5 0 0.0114161
12970.2 0 0.0114507
12973 0 0.0114853
12976 0 0.0115199
12979.1 0 0.0115543
12982.4 0 0.0115887
12985.6 0 0.0116231
12988.8 0 0.0116575
12992 0 0.0116918
12995.2 0 0.0117262
12998.4 0 0.0117605
13001.6 0 0.0117948
13004.8 0 0.0118292
13008 0 0.0118635
13011.2 0 0.0118977
13014.4 0 0.011932
13017.6 0 0.0119663
13020.9 0 0.0120005
13024.2 0 0.0120346
13027.7 0 0.0120687
13031.3 0 0.0121028
13035 0 0.0121367
13038.8 0 0.0121706
13042.5 0 0.0122045
13046.3 0 0.0122384
13050 0 0.0122723
13053.7 0 0.0123061
13057.5 0 0.01234
13061.2 0 0.0123738
13064.9 0 0.0124076
13068.7 0 0.0124414
13072.4 0 0.0124751
13076.1 0 0.0125089
13079.8 0 0.0125426
13083.5 0 0.0125764
13087.2 0 0.0126101
13090.9 0 0.0126437
13094.6 0 0.0126774
13098.4 0 0.012711
13102.2 0 0.0127446
13106.1 0 0.0127781
13110 0 0.0128116
13114.2 0 0.012845
13118.4 0 0.0128783
13122.6 0 0.0129115
13126.8 0 0.0129448
13130.9 0 0.0129781
13135.1 0 0.0130113
13139.3 0 0.0130445
13143.5 0 0.0130777
13147.6 0 0.0131108
13151.8 0 0.013144
13155.9 0 0.0131771
13160.1 0 0.0132102
13164.3 0 0.0132433
13168.4 0 0.0132763
13172.5 0 0.0133093
13176.7 0 0.0133423
13180.8 0 0.0133753
13185 0 0.0134083
13189.1 0 0.0134412
13193.2 0 0.0134741
13197.4 0 0.013507
13201.5 0 0.0135399
13205.6 0 0.0135727
13209.7 0 0.0136056
13213.9 0 0.0136383
13218.1 0 0.0136711
13222.4 0 0.0137037
13226.7 0 0.0137363
13231.2 0 0.0137688
13235.7 0 0.0138012
13240.2 0 0.0138336
13244.8 0 0.013866
13249.3 0 0.0138983
13253.8 0 0.0139306
13258.3 0 0.0139629
13262.8 0 0.0139951
13267.3 0 0.0140274
13271.8 0 0.0140596
13276.3 0 0.0140917
13280.8 0 0.0141239
13285.3 0 0.014156
13289.8 0 0.014188
13294.3 0 0.0142201
13298.7 0 0.0142521
13303.2 0 0.0142841
13307.7 0 0.0143161
13312.2 0 0.014348
13316.6 0 0.0143799
13321.1 0 0.0144118
13325.5 0 0.0144436
13330 0 0.0144755
13334.4 0 0.0145072
13338.9 0 0.014539
13343.3 0 0.0145707
13347.7 0 0.0146024
13352.2 0 0.0146341
13356.6 0 0.0146657
13361 0 0.0146973
13365.5 0 0.0147289
13369.9 0 0.0147604
13374.3 0 0.014792
13378.8 0 0.0148234
13383.3 0 0.0148548
13387.9 0 0.0148861
13392.5 0 0.0149174
13397.2 0 0.0149485
13402 0 0.0149796
13406.7 0 0.0150106
13411.5 0 0.0150416
13416.2 0 0.0150726
13420.9 0 0.0151035
13425.7 0 0.0151344
13430.4 0 0.0151653
13435.1 0 0.0151961
13439.8 0 0.0152269
13444.5 0 0.0152577
13449.3 0 0.0152884
13454 0 0.0153191
13458.7 0 0.0153498
13463.4 0 0.0153804
13468.1 0 0.015411
13472.8 0 0.0154416
13477.4 0 0.0154721
13482.1 0 0.0155026
13486.8 0 0.0155331
13491.5 0 0.0155635
13496.2 0 0.0155939
13500.8 0 0.0156243
13505.5 0 0.0156546
13510.1 0 0.0156849
13514.8 0 0.0157152
13519.5 0 0.0157455
13524.1 0 0.0157757
13528.8 0 0.0158059
13533.4 0 0.015836
13538 0 0.0158661
13542.7 0 0.0158962
13547.3 0 0.0159262
13551.9 0 0.0159563
13556.6 0 0.0159862
13561.2 0 0.0160162
13565.8 0 0.0160461
13570.4 0 0.016076
13575 0 0.0161059
13579.6 0 0.0161357
13584.2 0 0.0161655
13588.8 0 0.0161952
13593.4 0 0.016225
13598 0 0.0162547
13602.7 0 0.0162843
13607.4 0 0.0163139
13612.1 0 0.0163434
13616.8 0 0.0163729
13621.6 0 0.0164023
13410.3 0 0.0162959
13470.1 0 0.0162832
13494.5 0 0.0162853
