0 -58.4752 -2.26119e-06
634.56 -567.58 -2.1968e-05
1173.57 -957.955 -3.71195e-05
1709.92 -1347.91 -5.23031e-05
2243.81 -1740.65 -6.76534e-05
2775.24 -2137.01 -8.32132e-05
3304.22 -2536.86 -9.89875e-05
3830.74 -2940.37 -0.000114993
4354.77 -3347.52 -0.00013124
4876.15 -3758 -0.000147725
5394.56 -4171.36 -0.000164441
5909.16 -4586.72 -0.000181362
6418.2 -5002.48 -0.000198433
6918.36 -5415.77 -0.000215542
7403.99 -5821.63 -0.000232486
7866.83 -6213.47 -0.000248988
8297.18 -6582.83 -0.000264677
8686.59 -6922.12 -0.000279209
9030.8 -7227.18 -0.000292377
9330.49 -7496.52 -0.000304086
9590.04 -7732.99 -0.000314433
9815.21 -7940.44 -0.000323563
10011.7 -8122.87 -0.000331634
10184.8 -8284.7 -0.000338827
10338.5 -8428.09 -0.000345226
10475.8 -8546.37 -0.000350525
10599.4 -8646.6 -0.000355028
10711.4 -8729.41 -0.000358758
10812.7 -8793.15 -0.000361635
10905.5 -8846.84 -0.000364063
10991.1 -8891.6 -0.00036609
11070.4 -8928.37 -0.000367757
11143.9 -8956.37 -0.000369027
11212.1 -8972.82 -0.000369774
11276 -8983.19 -0.000370245
11335.9 -8988.03 -0.000370465
11392.3 -8987.85 -0.000370458
11445.5 -8982.35 -0.000370245
11495.9 -8972 -0.000369845
11543.8 -8957.22 -0.000369274
11589.3 -8938.36 -0.000368545
11632.4 -8912.98 -0.000367563
11673.3 -8880.21 -0.000366296
11712.4 -8844.13 -0.000364901
11749.8 -8805.02 -0.000363389
11785.6 -8763.16 -0.00036177
11820.1 -8718.81 -0.000360055
11853.2 -8672.2 -0.000358253
11885.1 -8623.53 -0.000356371
11915.6 -8573.71 -0.000354444
11945 -8522.7 -0.000352472
11972.9 -8459.16 -0.000350015
11999.8 -8393.26 -0.000347467
12025.7 -8325.99 -0.000344866
12050.7 -8257.28 -0.000342208
12074.7 -8186.21 -0.00033946
12097.7 -8110.07 -0.000336516
12119.8 -8023.36 -0.000333163
12141.1 -7935.97 -0.000329784
12161.8 -7848.07 -0.000326385
12181.9 -7759.77 -0.000322971
12201.4 -7671.16 -0.000319544
12220.3 -7582.33 -0.000316109
12238.6 -7493.34 -0.000312668
12256.3 -7404.27 -0.000309224
12273.3 -7309.21 -0.000305548
12289.7 -7210.9 -0.000301747
12305.5 -7112.63 -0.000297947
12320.9 -7014.51 -0.000294153
12335.7 -6911.31 -0.000290163
12349.8 -6793.43 -0.000285604
12363.5 -6675.76 -0.000281054
12376.5 -6558.71 -0.000276528
12388.8 -6438.05 -0.000271862
12400.7 -6317.9 -0.000267216
12412.4 -6198.31 -0.000262592
12423.7 -6079.35 -0.000257992
12434.7 -5961.03 -0.000253417
12445.5 -5843.37 -0.000248868
12455.9 -5726.37 -0.000244343
12466.1 -5610.01 -0.000239844
12476 -5494.25 -0.000235368
12485.7 -5379.08 -0.000230914
12495.1 -5264.43 -0.000226481
12504.3 -5150.28 -0.000222067
12513.2 -5036.59 -0.000217671
12521.8 -4923.31 -0.000213291
12530.3 -4810.43 -0.000208926
12538.4 -4697.93 -0.000204575
12546.4 -4585.78 -0.000200239
12554.2 -4474 -0.000195916
12561.7 -4362.58 -0.000191608
12569 -4251.54 -0.000187314
12576.2 -4140.9 -0.000183036
12583.1 -4030.69 -0.000178775
12589.9 -3920.94 -0.000174531
12596.5 -3811.68 -0.000170306
12603 -3702.94 -0.000166101
12609.3 -3594.76 -0.000161918
12615.5 -3487.16 -0.000157757
12621.6 -3380.19 -0.000153621
12627.5 -3273.86 -0.000149509
12633.3 -3167.54 -0.000145398
12638.9 -3060.32 -0.000141252
12644.3 -2953.19 -0.00013711
12649.5 -2846.48 -0.000132983
12654.6 -2737.28 -0.000128761
12659.6 -2618.2 -0.000124157
12664.4 -2499.81 -0.000119578
12669.2 -2382.09 -0.000115026
12673.9 -2265.04 -0.0001105
12678.6 -2148.67 -0.000106
12683.1 -2032.95 -0.000101526
12687.6 -1917.88 -9.70766e-05
12692 -1803.45 -9.26516e-05
12696.3 -1689.63 -8.82504e-05
12700.6 -1576.41 -8.38723e-05
12704.8 -1463.76 -7.95164e-05
12708.9 -1351.66 -7.51819e-05
12713 -1240.09 -7.08678e-05
12717 -1129.03 -6.65732e-05
12720.9 -1018.44 -6.2297e-05
12724.7 -908.308 -5.80383e-05
12728.5 -798.6 -5.37961e-05
12732.1 -683.38 -4.93408e-05
12735.7 -562.287 -4.46584e-05
12739.2 -441.466 -3.99864e-05
12742.7 -320.856 -3.53227e-05
12746 -200.455 -3.0667e-05
12749.3 -80.2451 -2.60188e-05
12752.5 0 -2.11823e-05
12755.5 0 -1.53428e-05
12758.3 0 -9.36463e-06
12761.2 0 -3.3719e-06
12763.9 0 2.6358e-06
12766.6 0 8.65861e-06
12769.2 0 1.46964e-05
12771.7 0 2.09521e-05
12774.1 0 2.74967e-05
12776.4 0 3.40595e-05
12778.6 0 4.06392e-05
12780.8 0 4.72344e-05
12783 0 5.38433e-05
12785.1 0 6.04642e-05
12787.2 0 6.70954e-05
12789.2 0 7.37348e-05
12791.2 0 8.03806e-05
12793.2 0 8.70309e-05
12795.1 0 9.36837e-05
12797 0 0.000100337
12798.8 0 0.00010699
12800.6 0 0.00011364
12802.4 0 0.000120285
12804.2 0 0.000126925
12805.9 0 0.000133557
12807.7 0 0.000140181
12809.4 0 0.000146795
12811 0 0.000153398
12812.7 0 0.000159989
12814.3 0 0.000166567
12815.9 0 0.000173131
12817.5 0 0.000179681
12819.1 0 0.000186216
12820.7 0 0.000192735
12822.2 0 0.000199238
12823.7 0 0.000205725
12825.2 0 0.000212194
12826.7 0 0.000218646
12828.2 0 0.00022508
12829.7 0 0.000231496
12831.1 0 0.000237895
12832.6 0 0.000244276
12834 0 0.000250638
12835.4 0 0.000256983
12836.8 0 0.000263309
12838.2 0 0.000269618
12839.5 0 0.000275908
12840.9 0 0.000282181
12842.2 0 0.000288437
12843.6 0 0.000294675
12844.9 0 0.000300897
12846.2 0 0.000307101
12847.5 0 0.00031329
12848.7 0 0.000319462
12850 0 0.000325619
12851.3 0 0.00033176
12852.5 0 0.000337887
12853.7 0 0.000344
12855 0 0.000350098
12856.2 0 0.000356184
12857.4 0 0.000362256
12858.5 0 0.000368317
12859.7 0 0.000374366
12860.9 0 0.000380407
12862 0 0.000386438
12863.1 0 0.00039246
12864.3 0 0.000398472
12865.4 0 0.000404477
12866.4 0 0.000410474
12867.5 0 0.000416464
12868.6 0 0.000422449
12869.6 0 0.000428429
12870.7 0 0.000434404
12871.7 0 0.000440376
12872.7 0 0.000446346
12873.7 0 0.000452314
12874.7 0 0.00045828
12875.7 0 0.000464247
12876.6 0 0.000470215
12877.5 0 0.000476184
12878.5 0 0.000482155
12879.4 0 0.000488129
12880.3 0 0.000494108
12881.2 0 0.000500091
12882 0 0.000506079
12882.9 0 0.000512074
12883.7 0 0.000518075
12884.6 0 0.000524084
12885.4 0 0.0005301
12886.2 0 0.000536126
12886.9 0 0.00054216
12887.7 0 0.000548204
12888.5 0 0.000554258
12889.2 0 0.000560322
12889.9 0 0.000566397
12890.6 0 0.000572482
12891.3 0 0.000578579
12892 0 0.000584687
12892.7 0 0.000590806
12893.3 0 0.000596937
12894 0 0.000603079
12894.6 0 0.000609232
12895.2 0 0.000615396
12895.8 0 0.000621572
12896.4 0 0.000627758
12897 0 0.000633954
12897.6 0 0.000640161
12898.1 0 0.000646378
12898.7 0 0.000652605
12899.2 0 0.00065884
12899.8 0 0.000665084
12900.3 0 0.000671358
12900.7 0 0.000677922
12901.2 0 0.000684495
12901.6 0 0.000691078
12902 0 0.000697668
12902.5 0 0.000704265
12902.9 0 0.00071087
12903.3 0 0.00071748
12903.7 0 0.000724097
12904.1 0 0.000730718
12904.5 0 0.000737345
12904.8 0 0.000743975
12905.2 0 0.000750608
12905.5 0 0.000757244
12905.9 0 0.000763883
12906.2 0 0.000770524
12906.6 0 0.000777165
12906.9 0 0.000783808
12907.2 0 0.000790451
12907.5 0 0.000797094
12907.9 0 0.000803736
12908.2 0 0.000810377
12908.5 0 0.000817017
12908.8 0 0.000823655
12909 0 0.000830291
12909.3 0 0.000836924
12909.6 0 0.000843554
12909.9 0 0.000850181
12910.2 0 0.000856805
12910.4 0 0.000863425
12910.7 0 0.00087004
12910.9 0 0.000876652
12911.2 0 0.000883258
12911.4 0 0.00088986
12911.7 0 0.000896457
12911.9 0 0.000903048
12912.2 0 0.000909634
12912.4 0 0.000916215
12912.6 0 0.000922789
12912.9 0 0.000929357
12913.1 0 0.000935919
12913.3 0 0.000942475
12913.5 0 0.000949024
12913.7 0 0.000955567
12913.9 0 0.000962102
12914.1 0 0.000968631
12914.3 0 0.000975153
12914.5 0 0.000981668
12914.7 0 0.000988176
12914.9 0 0.000994676
12915.1 0 0.00100117
12915.3 0 0.00100765
12915.5 0 0.00101413
12915.7 0 0.0010206
12915.9 0 0.00102707
12916 0 0.00103352
12916.2 0 0.00103997
12916.4 0 0.00104641
12916.6 0 0.00105284
12916.7 0 0.00105926
12916.9 0 0.00106568
12917 0 0.00107209
12917.2 0 0.00107849
12917.4 0 0.00108488
12917.5 0 0.00109126
12917.7 0 0.00109764
12917.8 0 0.001104
12918 0 0.00111036
12918.1 0 0.00111672
12918.2 0 0.00112306
12918.4 0 0.00112939
12918.5 0 0.00113572
12918.7 0 0.00114204
12918.8 0 0.00114835
12918.9 0 0.00115465
12919.1 0 0.00116094
12919.3 0 0.0011672
12919.6 0 0.0011734
12920.2 0 0.00117952
12921.1 0 0.00118553
12922.2 0 0.00119144
12923.4 0 0.00119731
12924.8 0 0.00120312
12926.3 0 0.00120888
12927.9 0 0.00121458
12929.8 0 0.00122017
12931.8 0 0.00122574
12933.7 0 0.00123129
12935.7 0 0.00123683
12937.6 0 0.00124236
12939.6 0 0.00124785
12941.8 0 0.00125328
12944.1 0 0.00125865
12946.6 0 0.00126392
12949.3 0 0.00126915
12951.9 0 0.00127437
12954.5 0 0.00127957
12957.1 0 0.00128476
12959.7 0 0.00128994
12962.3 0 0.00129511
12964.9 0 0.00130026
12967.5 0 0.0013054
12970.2 0 0.00131049
12973 0 0.00131553
12976 0 0.0013205
12979.1 0 0.00132538
12982.4 0 0.00133022
12985.6 0 0.00133504
12988.8 0 0.00133986
12992 0 0.00134466
12995.2 0 0.00134945
12998.4 0 0.00135423
13001.6 0 0.00135899
13004.8 0 0.00136373
13008 0 0.00136847
13011.2 0 0.00137319
13014.4 0 0.00137789
13017.6 0 0.00138258
13020.9 0 0.00138723
13024.2 0 0.00139182
13027.7 0 0.00139635
13031.3 0 0.00140083
13035 0 0.00140518
13038.8 0 0.00140954
13042.5 0 0.00141388
13046.3 0 0.00141821
13050 0 0.00142252
13053.7 0 0.00142681
13057.5 0 0.00143109
13061.2 0 0.00143534
13064.9 0 0.00143959
13068.7 0 0.00144381
13072.4 0 0.00144802
13076.1 0 0.00145221
13079.8 0 0.00145638
13083.5 0 0.00146054
13087.2 0 0.00146467
13090.9 0 0.00146879
13094.6 0 0.00147289
13098.4 0 0.00147696
13102.2 0 0.00148098
13106.1 0 0.00148493
13110 0 0.00148882
13114.2 0 0.00149262
13118.4 0 0.00149637
13122.6 0 0.00150009
13126.8 0 0.00150379
13130.9 0 0.00150748
13135.1 0 0.00151114
13139.3 0 0.00151478
13143.5 0 0.0015184
13147.6 0 0.00152199
13151.8 0 0.00152557
13155.9 0 0.00152912
13160.1 0 0.00153265
13164.3 0 0.00153616
13168.4 0 0.00153965
13172.5 0 0.00154311
13176.7 0 0.00154655
13180.8 0 0.00154997
13185 0 0.00155337
13189.1 0 0.00155674
13193.2 0 0.00156009
13197.4 0 0.00156341
13201.5 0 0.00156671
13205.6 0 0.00156999
13209.7 0 0.00157325
13213.9 0 0.00157646
13218.1 0 0.00157961
13222.4 0 0.0015827
13226.7 0 0.00158573
13231.2 0 0.00158866
13235.7 0 0.00159151
13240.2 0 0.00159434
13244.8 0 0.00159714
13249.3 0 0.00159991
13253.8 0 0.00160265
13258.3 0 0.00160536
13262.8 0 0.00160805
13267.3 0 0.00161071
13271.8 0 0.00161334
13276.3 0 0.00161594
13280.8 0 0.00161851
13285.3 0 0.00162105
13289.8 0 0.00162357
13294.3 0 0.00162606
13298.7 0 0.00162851
13303.2 0 0.00163094
13307.7 0 0.00163334
13312.2 0 0.00163571
13316.6 0 0.00163805
13321.1 0 0.00164036
13325.5 0 0.00164264
13330 0 0.00164489
13334.4 0 0.00164711
13338.9 0 0.0016493
13343.3 0 0.00165146
13347.7 0 0.00165359
13352.2 0 0.00165569
13356.6 0 0.00165776
13361 0 0.0016598
13365.5 0 0.00166181
13369.9 0 0.00166379
13374.3 0 0.00166574
13378.8 0 0.00166763
13383.3 0 0.00166945
13387.9 0 0.00167121
13392.5 0 0.00167289
13397.2 0 0.00167449
13402 0 0.00167598
13406.7 0 0.00167744
13411.5 0 0.00167887
13416.2 0 0.00168027
13420.9 0 0.00168163
13425.7 0 0.00168296
13430.4 0 0.00168426
13435.1 0 0.00168553
13439.8 0 0.00168676
13444.5 0 0.00168796
13449.3 0 0.00168912
13454 0 0.00169026
13458.7 0 0.00169136
13463.4 0 0.00169243
13468.1 0 0.00169346
13472.8 0 0.00169446
13477.4 0 0.00169543
13482.1 0 0.00169637
13486.8 0 0.00169727
13491.5 0 0.00169814
13496.2 0 0.00169898
13500.8 0 0.00169979
13505.5 0 0.00170056
13510.1 0 0.0017013
13514.8 0 0.00170201
13519.5 0 0.00170269
13524.1 0 0.00170333
13528.8 0 0.00170394
13533.4 0 0.00170452
13538 0 0.00170507
13542.7 0 0.00170558
13547.3 0 0.00170606
13551.9 0 0.00170651
13556.6 0 0.00170693
13561.2 0 0.00170732
13565.8 0 0.00170767
13570.4 0 0.00170799
13575 0 0.00170828
13579.6 0 0.00170854
13584.2 0 0.00170876
13588.8 0 0.00170896
13593.4 0 0.00170912
13598 0 0.00170926
13602.7 0 0.00170935
13607.4 0 0.00170938
13612.1 0 0.00170934
13616.8 0 0.00170923
13621.6 0 0.00170907
13410.3 0 0.00157308
13470.1 0 0.00153085
13494.5 0 0.00150335
