0 -58.4752 -2.26119e-06
634.56 0 9.8226e-05
1173.57 0 0.000203313
1709.92 0 0.00030836
2243.81 0 0.000413245
2775.24 0 0.000517916
3304.22 0 0.000622367
3830.74 0 0.000726587
4354.77 0 0.000830566
4876.15 0 0.000934307
5394.56 0 0.00103782
5909.16 0 0.00114112
6418.2 0 0.00124428
6918.36 0 0.0013474
7403.99 0 0.00145068
7866.83 0 0.0015544
8297.18 0 0.00165894
8686.59 0 0.00176463
9030.8 0 0.00187169
9330.49 0 0.00198021
9590.04 0 0.00209012
9815.21 0 0.00220128
10011.7 0 0.00231357
10184.8 0 0.00242675
10338.5 0 0.00254072
10475.8 0 0.00265561
10599.4 0 0.00277122
10711.4 0 0.00288753
10812.7 0 0.00300482
10905.5 0 0.00312255
10991.1 0 0.00324067
11070.4 0 0.00335915
11143.9 0 0.00347801
11212.1 0 0.00359739
11276 0 0.00371704
11335.9 0 0.00383694
11392.3 0 0.00395706
11445.5 0 0.00407738
11495.9 0 0.00419788
11543.8 0 0.00431856
11589.3 0 0.00443939
11632.4 0 0.00456048
11673.3 0 0.00468188
11712.4 0 0.00480341
11749.8 0 0.00492505
11785.6 0 0.0050468
11820.1 0 0.00516865
11853.2 0 0.00529058
11885.1 0 0.00541258
11915.6 0 0.00553478
11945 0 0.00565712
11972.9 0 0.00577987
11999.8 0 0.0059027
12025.7 0 0.00602559
12050.7 0 0.00614856
12074.7 0 0.00627177
12097.7 0 0.00639513
12119.8 0 0.00651875
12141.1 0 0.0066424
12161.8 0 0.00676608
12181.9 0 0.00688977
12201.4 0 0.00701347
12220.3 0 0.00713718
12238.6 0 0.0072609
12256.3 0 0.00738463
12273.3 0 0.00750856
12289.7 0 0.00763261
12305.5 0 0.00775666
12320.9 0 0.00788071
12335.7 0 0.00800486
12349.8 0 0.00812932
12363.5 0 0.00825377
12376.5 0 0.00837851
12388.8 0 0.00850359
12400.7 0 0.00862865
12412.4 0 0.00875369
12423.7 0 0.00887871
12434.7 0 0.00900371
12445.5 0 0.00912869
12455.9 0 0.00925364
12466.1 0 0.00937857
12476 0 0.00950348
12485.7 0 0.00962837
12495.1 0 0.00975324
12504.3 0 0.00987809
12513.2 0 0.0100029
12521.8 0 0.0101278
12530.3 0 0.0102526
12538.4 0 0.0103774
12546.4 0 0.0105022
12554.2 0 0.010627
12561.7 0 0.0107517
12569 0 0.0108765
12576.2 0 0.0110012
12583.1 0 0.011126
12589.9 0 0.0112507
12596.5 0 0.0113754
12603 0 0.0115
12609.3 0 0.0116247
12615.5 0 0.0117493
12621.6 0 0.0118739
12627.5 0 0.0119985
12633.3 0 0.0121232
12638.9 0 0.0122479
12644.3 0 0.0123729
12649.5 0 0.012498
12654.6 0 0.0126231
12659.6 0 0.0127484
12664.4 0 0.0128737
12669.2 0 0.012999
12673.9 0 0.0131242
12678.6 0 0.0132495
12683.1 0 0.0133747
12687.6 0 0.0134999
12692 0 0.013625
12696.3 0 0.0137502
12700.6 0 0.0138753
12704.8 0 0.0140004
12708.9 0 0.0141255
12713 0 0.0142506
12717 0 0.0143757
12720.9 0 0.0145008
12724.7 0 0.0146258
12728.5 0 0.0147509
12732.1 0 0.014876
12735.7 0 0.0150013
12739.2 0 0.0151266
12742.7 0 0.0152518
12746 0 0.0153771
12749.3 0 0.0155023
12752.5 0 0.0156277
12755.5 0 0.0157537
12758.3 0 0.0158799
12761.2 0 0.016006
12763.9 0 0.0161322
12766.6 0 0.0162584
12769.2 0 0.0163845
12771.7 0 0.016511
12774.1 0 0.0166377
12776.4 0 0.0167645
12778.6 0 0.0168912
12780.8 0 0.017018
12783 0 0.0171448
12785.1 0 0.0172716
12787.2 0 0.0173984
12789.2 0 0.0175252
12791.2 0 0.017652
12793.2 0 0.0177788
12795.1 0 0.0179056
12797 0 0.0180324
12798.8 0 0.0181591
12800.6 0 0.0182859
12802.4 0 0.0184127
12804.2 0 0.0185394
12805.9 0 0.0186662
12807.7 0 0.0187929
12809.4 0 0.0189196
12811 0 0.0190463
12812.7 0 0.019173
12814.3 0 0.0192997
12815.9 0 0.0194264
12817.5 0 0.019553
12819.1 0 0.0196797
12820.7 0 0.0198063
12822.2 0 0.0199329
12823.7 0 0.0200595
12825.2 0 0.020186
12826.7 0 0.0203126
12828.2 0 0.0204391
12829.7 0 0.0205656
12831.1 0 0.0206921
12832.6 0 0.0208186
12834 0 0.0209451
12835.4 0 0.0210715
12836.8 0 0.0211979
12838.2 0 0.0213244
12839.5 0 0.0214508
12840.9 0 0.0215771
12842.2 0 0.0217035
12843.6 0 0.0218298
12844.9 0 0.0219562
12846.2 0 0.0220825
12847.5 0 0.0222088
12848.7 0 0.0223351
12850 0 0.0224613
12851.3 0 0.0225876
12852.5 0 0.0227138
12853.7 0 0.0228401
12855 0 0.0229663
12856.2 0 0.0230925
12857.4 0 0.0232187
12858.5 0 0.0233449
12859.7 0 0.023471
12860.9 0 0.0235972
12862 0 0.0237233
12863.1 0 0.0238495
12864.3 0 0.0239756
12865.4 0 0.0241017
12866.4 0 0.0242278
12867.5 0 0.0243539
12868.6 0 0.02448
12869.6 0 0.0246061
12870.7 0 0.0247322
12871.7 0 0.0248583
12872.7 0 0.0249844
12873.7 0 0.0251105
12874.7 0 0.0252366
12875.7 0 0.0253627
12876.6 0 0.0254888
12877.5 0 0.0256149
12878.5 0 0.025741
12879.4 0 0.0258671
12880.3 0 0.0259932
12881.2 0 0.0261193
12882 0 0.0262454
12882.9 0 0.0263715
12883.7 0 0.0264976
12884.6 0 0.0266238
12885.4 0 0.0267499
12886.2 0 0.026876
12886.9 0 0.0270022
12887.7 0 0.0271283
12888.5 0 0.0272545
12889.2 0 0.0273807
12889.9 0 0.0275068
12890.6 0 0.027633
12891.3 0 0.0277592
12892 0 0.0278854
12892.7 0 0.0280116
12893.3 0 0.0281379
12894 0 0.0282641
12894.6 0 0.0283903
12895.2 0 0.0285166
12895.8 0 0.0286428
12896.4 0 0.0287691
12897 0 0.0288954
12897.6 0 0.0290216
12898.1 0 0.0291479
12898.7 0 0.0292742
12899.2 0 0.0294005
12899.8 0 0.0295268
12900.3 0 0.0296531
12900.7 0 0.0297799
12901.2 0 0.0299067
12901.6 0 0.0300334
12902 0 0.0301602
12902.5 0 0.030287
12902.9 0 0.0304138
12903.3 0 0.0305406
12903.7 0 0.0306674
12904.1 0 0.0307942
12904.5 0 0.030921
12904.8 0 0.0310478
12905.2 0 0.0311746
12905.5 0 0.0313014
12905.9 0 0.0314282
12906.2 0 0.031555
12906.6 0 0.0316818
12906.9 0 0.0318086
12907.2 0 0.0319355
12907.5 0 0.0320623
12907.9 0 0.0321891
12908.2 0 0.0323159
12908.5 0 0.0324427
12908.8 0 0.0325695
12909 0 0.0326963
12909.3 0 0.0328231
12909.6 0 0.0329499
12909.9 0 0.0330767
12910.2 0 0.0332035
12910.4 0 0.0333302
12910.7 0 0.033457
12910.9 0 0.0335838
12911.2 0 0.0337106
12911.4 0 0.0338373
12911.7 0 0.0339641
12911.9 0 0.0340908
12912.2 0 0.0342176
12912.4 0 0.0343443
12912.6 0 0.034471
12912.9 0 0.0345978
12913.1 0 0.0347245
12913.3 0 0.0348512
12913.5 0 0.0349779
12913.7 0 0.0351046
12913.9 0 0.0352313
12914.1 0 0.035358
12914.3 0 0.0354847
12914.5 0 0.0356114
12914.7 0 0.0357381
12914.9 0 0.0358647
12915.1 0 0.0359914
12915.3 0 0.036118
12915.5 0 0.0362447
12915.7 0 0.0363713
12915.9 0 0.0364979
12916 0 0.0366245
12916.2 0 0.0367512
12916.4 0 0.0368778
12916.6 0 0.0370044
12916.7 0 0.037131
12916.9 0 0.0372575
12917 0 0.0373841
12917.2 0 0.0375107
12917.4 0 0.0376372
12917.5 0 0.0377638
12917.7 0 0.0378903
12917.8 0 0.0380169
12918 0 0.0381434
12918.1 0 0.0382699
12918.2 0 0.0383964
12918.4 0 0.0385229
12918.5 0 0.0386494
12918.7 0 0.0387759
12918.8 0 0.0389024
12918.9 0 0.0390289
12919.1 0 0.0391554
12919.3 0 0.0392818
12919.6 0 0.0394082
12920.2 0 0.0395345
12921.1 0 0.0396607
12922.2 0 0.0397868
12923.4 0 0.0399129
12924.8 0 0.0400389
12926.3 0 0.0401649
12927.9 0 0.0402908
12929.8 0 0.0404166
12931.8 0 0.0405424
12933.7 0 0.0406682
12935.7 0 0.040794
12937.6 0 0.0409197
12939.6 0 0.0410455
12941.8 0 0.0411711
12944.1 0 0.0412968
12946.6 0 0.0414223
12949.3 0 0.0415478
12951.9 0 0.0416733
12954.5 0 0.0417987
12957.1 0 0.0419242
12959.7 0 0.0420496
12962.3 0 0.042175
12964.9 0 0.0423005
12967.5 0 0.0424259
12970.2 0 0.0425512
12973 0 0.0426765
12976 0 0.0428018
12979.1 0 0.042927
12982.4 0 0.0430521
12985.6 0 0.0431772
12988.8 0 0.0433023
12992 0 0.0434273
12995.2 0 0.0435523
12998.4 0 0.0436774
13001.6 0 0.0438024
13004.8 0 0.0439273
13008 0 0.0440523
13011.2 0 0.0441773
13014.4 0 0.0443022
13017.6 0 0.0444272
13020.9 0 0.0445521
13024.2 0 0.0446769
13027.7 0 0.0448017
13031.3 0 0.0449264
13035 0 0.045051
13038.8 0 0.0451756
13042.5 0 0.0453002
13046.3 0 0.0454248
13050 0 0.0455494
13053.7 0 0.045674
13057.5 0 0.0457985
13061.2 0 0.045923
13064.9 0 0.0460475
13068.7 0 0.046172
13072.4 0 0.0462965
13076.1 0 0.046421
13079.8 0 0.0465454
13083.5 0 0.0466699
13087.2 0 0.0467943
13090.9 0 0.0469187
13094.6 0 0.047043
13098.4 0 0.0471674
13102.2 0 0.0472917
13106.1 0 0.0474159
13110 0 0.0475401
13114.2 0 0.0476642
13118.4 0 0.0477882
13122.6 0 0.0479122
13126.8 0 0.0480362
13130.9 0 0.0481602
13135.1 0 0.0482842
13139.3 0 0.0484081
13143.5 0 0.0485321
13147.6 0 0.048656
13151.8 0 0.0487798
13155.9 0 0.0489037
13160.1 0 0.0490275
13164.3 0 0.0491514
13168.4 0 0.0492752
13172.5 0 0.049399
13176.7 0 0.0495227
13180.8 0 0.0496464
13185 0 0.0497702
13189.1 0 0.0498939
13193.2 0 0.0500175
13197.4 0 0.0501412
13201.5 0 0.0502648
13205.6 0 0.0503884
13209.7 0 0.050512
13213.9 0 0.0506355
13218.1 0 0.050759
13222.4 0 0.0508824
13226.7 0 0.0510058
13231.2 0 0.0511291
13235.7 0 0.0512523
13240.2 0 0.0513755
13244.8 0 0.0514986
13249.3 0 0.0516217
13253.8 0 0.0517448
13258.3 0 0.0518679
13262.8 0 0.051991
13267.3 0 0.052114
13271.8 0 0.052237
13276.3 0 0.05236
13280.8 0 0.0524829
13285.3 0 0.0526058
13289.8 0 0.0527287
13294.3 0 0.0528516
13298.7 0 0.0529744
13303.2 0 0.0530973
13307.7 0 0.05322
13312.2 0 0.0533428
13316.6 0 0.0534655
13321.1 0 0.0535882
13325.5 0 0.0537109
13330 0 0.0538335
13334.4 0 0.0539562
13338.9 0 0.0540788
13343.3 0 0.0542013
13347.7 0 0.0543239
13352.2 0 0.0544464
13356.6 0 0.0545688
13361 0 0.0546913
13365.5 0 0.0548137
13369.9 0 0.0549361
13374.3 0 0.0550585
13378.8 0 0.0551808
13383.3 0 0.055303
13387.9 0 0.0554252
13392.5 0 0.0555473
13397.2 0 0.0556692
13402 0 0.0557912
13406.7 0 0.0559131
13411.5 0 0.056035
13416.2 0 0.0561568
13420.9 0 0.0562786
13425.7 0 0.0564004
13430.4 0 0.0565221
13435.1 0 0.0566439
13439.8 0 0.0567655
13444.5 0 0.0568872
13449.3 0 0.0570088
13454 0 0.0571304
13458.7 0 0.057252
13463.4 0 0.0573735
13468.1 0 0.057495
13472.8 0 0.0576165
13477.4 0 0.0577379
13482.1 0 0.0578593
13486.8 0 0.0579807
13491.5 0 0.058102
13496.2 0 0.0582234
13500.8 0 0.0583446
13505.5 0 0.0584659
13510.1 0 0.0585871
13514.8 0 0.0587083
13519.5 0 0.0588295
13524.1 0 0.0589506
13528.8 0 0.0590717
13533.4 0 0.0591927
13538 0 0.0593138
13542.7 0 0.0594348
13547.3 0 0.0595558
13551.9 0 0.0596767
13556.6 0 0.0597976
13561.2 0 0.0599185
13565.8 0 0.0600393
13570.4 0 0.0601602
13575 0 0.0602809
13579.6 0 0.0604017
13584.2 0 0.0605224
13588.8 0 0.0606431
13593.4 0 0.0607638
13598 0 0.0608844
13602.7 0 0.061005
13607.4 0 0.0611255
13612.1 0 0.0612459
13616.8 0 0.0613663
13621.6 0 0.0614865
13410.3 0 0.0614717
13470.1 0 0.0615502
13494.5 0 0.0616435
