0.916095 0.120606 0.000804
0.892515 0.239149 0.000804
0.853665 0.353599 0.000804
0.800207 0.462000 0.000804
0.733058 0.562496 0.000804
0.653367 0.653367 0.000804
0.562496 0.733058 0.000804
0.462000 0.800207 0.000804
0.353599 0.853665 0.000804
0.239149 0.892515 0.000804
0.120606 0.916095 0.000804
0.000000 0.924000 0.000804
-0.120606 0.916095 0.000804
-0.239149 0.892515 0.000804
-0.353599 0.853665 0.000804
-0.462000 0.800207 0.000804
-0.562496 0.733058 0.000804
-0.653367 0.653367 0.000804
-0.733058 0.562496 0.000804
-0.800207 0.462000 0.000804
-0.853665 0.353599 0.000804
-0.892515 0.239149 0.000804
-0.916095 0.120606 0.000804
-0.924000 0.000000 0.000804
-0.916095 -0.120606 0.000804
-0.892515 -0.239149 0.000804
-0.853665 -0.353599 0.000804
-0.800207 -0.462000 0.000804
-0.733058 -0.562496 0.000804
-0.653367 -0.653367 0.000804
-0.562496 -0.733058 0.000804
-0.462000 -0.800207 0.000804
-0.353599 -0.853665 0.000804
-0.239149 -0.892515 0.000804
-0.120606 -0.916095 0.000804
-0.000000 -0.924000 0.000804
0.120606 -0.916095 0.000804
0.239149 -0.892515 0.000804
0.353599 -0.853665 0.000804
0.462000 -0.800207 0.000804
0.562496 -0.733058 0.000804
0.653367 -0.653367 0.000804
0.733058 -0.562496 0.000804
0.800207 -0.462000 0.000804
0.853665 -0.353599 0.000804
0.892515 -0.239149 0.000804
0.916095 -0.120606 0.000804
0.924000 -0.000000 0.000804
