0.562136 0.407768 0.016715
0.464172 0.454393 0.017528
0.293658 0.590738 0.015225
-0.146711 0.665183 0.017443
-0.144281 0.561473 0.018280
0.451669 -0.566664 0.016075
0.391221 0.620571 0.012179
0.445487 -0.473454 0.017975
-0.511064 0.268569 0.018099
0.557315 -0.328871 0.016039
0.556072 -0.422656 0.014354
0.195584 -0.555226 0.018520
-0.568778 -0.412554 0.015790
-0.578860 -0.320018 0.011892
-0.597591 0.333893 0.015912
0.262475 -0.634850 0.014630
0.580473 0.307363 0.015901
-0.511732 0.508390 0.015343
0.469900 0.561652 0.012536
-0.426644 0.490695 0.013692
-0.535347 0.155296 0.015883
-0.475825 -0.458463 0.016317
0.105641 0.644177 0.018691
0.221047 0.667874 0.015071
0.280510 -0.222962 0.016551
0.140416 -0.363116 0.016956
0.170999 -0.252655 0.016504
0.031326 -0.393542 0.016505
0.077883 -0.581222 0.015300
-0.426687 -0.215992 0.018049
-0.287739 -0.072278 0.016597
-0.392463 -0.100971 0.015453
-0.207144 -0.152301 0.016447
0.229638 -0.034078 0.016692
0.310025 -0.114142 0.016729
0.120106 -0.063664 0.016685
-0.044909 0.499319 0.019104
-0.068205 0.387206 0.016418
0.017303 0.314216 0.016602
-0.011640 0.205301 0.016614
-0.178425 0.354925 0.014982
-0.202443 0.252349 0.016088
0.327480 0.294007 0.019497
0.356593 -0.807267 0.015427
0.181347 0.859838 0.016536
-0.652405 -0.590490 0.016184
-0.184828 0.864842 0.014880
-0.182572 -0.858933 0.016722
0.841493 -0.271818 0.014900
-0.845145 -0.269890 0.014051
0.525263 0.721223 0.012565
-0.514420 0.706905 0.017858
-0.768162 0.440428 0.014558
0.762080 0.438079 0.016457
0.652572 -0.587578 0.016722
-0.873938 0.091724 0.016540
0.871534 0.091299 0.017258
0.410975 -0.086828 0.014098
0.436175 0.019822 0.014290
0.404559 0.213332 0.017942
-0.474893 -0.023744 0.015812
0.126377 0.342106 0.016245
0.364427 0.102038 0.015369
0.206961 0.262777 0.015993
-0.313545 0.221177 0.016334
-0.452339 0.082730 0.016437
0.258840 0.075452 0.016722
0.178453 0.155516 0.016722
-0.341805 0.114957 0.016615
-0.259635 0.037176 0.016729
0.068927 0.125931 0.016721
-0.121166 0.175715 0.016510
-0.150098 0.066762 0.016719
0.039782 0.016280 0.016721
-0.069717 -0.013302 0.016713
-0.098659 -0.122911 0.016688
0.090982 -0.173421 0.016744
-0.349964 -0.296672 0.018904
-0.018284 -0.203086 0.016686
-0.235146 -0.261673 0.016438
-0.047357 -0.312746 0.016682
-0.155733 -0.341944 0.016410
0.001713 -0.503049 0.016251
-0.184101 -0.451387 0.016409
-0.105338 -0.531696 0.016325
0.069282 0.534984 0.018355
-0.399796 0.302223 0.018407
0.228504 -0.446627 0.019839
-0.132803 -0.640231 0.016001
0.155061 0.450763 0.016879
0.710128 0.179662 0.012196
0.672582 0.014731 0.011178
-0.364500 -0.801639 0.015995
-0.260828 -0.779602 0.016068
0.656412 0.113448 0.012622
-0.374302 -0.408664 0.017377
0.361052 -0.300054 0.016135
0.365351 -0.634025 0.013096
0.042073 0.724085 0.015051
0.488561 -0.162059 0.014080
0.740694 -0.032644 0.011818
-0.311130 -0.591728 0.014534
-0.263092 0.418276 0.013283
-0.064947 0.729090 0.014118
0.339629 -0.413258 0.017756
-0.592066 0.434503 0.013640
-0.287852 -0.483109 0.015541
0.264030 0.482820 0.017254
0.513486 0.222775 0.015424
-0.664001 0.016115 0.014743
-0.234844 -0.668542 0.014917
-0.647567 0.118387 0.016705
0.658743 -0.283179 0.012863
-0.055154 -0.716193 0.014893
-0.252244 0.512712 0.013655
-0.574335 -0.053451 0.013967
0.048481 -0.685831 0.014742
0.468153 -0.266466 0.015449
0.006808 -0.886132 0.014361
0.759055 -0.438798 0.017123
-0.761969 -0.438213 0.016466
-0.664977 -0.484234 0.015138
-0.760892 -0.331341 0.014315
0.082326 0.828931 0.013466
0.519844 -0.722338 0.013238
-0.078939 -0.823834 0.015528
0.887708 -0.096371 0.012360
0.649737 0.588574 0.017147
0.555180 0.621417 0.012349
-0.002196 0.890325 0.013125
0.754325 -0.333854 0.014477
0.762080 0.336271 0.012818
0.423508 0.718839 0.012341
-0.558305 0.611254 0.014597
0.811693 0.173664 0.013543
0.823137 -0.175600 0.011257
0.846222 0.274954 0.013288
-0.663705 0.592729 0.013267
0.256501 0.778689 0.016074
-0.090198 0.833936 0.012261
0.413284 -0.727400 0.012355
0.662230 -0.481908 0.014338
-0.682470 0.488689 0.012233
0.552596 -0.621536 0.014399
0.662420 0.482184 0.015606
0.361397 0.799820 0.016856
0.832936 -0.005072 0.014007
-0.399461 -0.621284 0.011659
-0.525501 -0.720699 0.012649
0.355866 0.405393 0.019694
-0.261461 0.800525 0.011903
-0.414145 0.721352 0.013679
-0.586298 -0.151095 0.012395
-0.674260 -0.185409 0.012461
-0.830622 -0.171098 0.010781
-0.839173 -0.002073 0.012612
-0.819466 0.176521 0.012896
-0.773531 0.341052 0.011265
0.257951 -0.801789 0.011398
0.579495 -0.124856 0.012777
-0.558087 -0.622810 0.011990
-0.362878 0.816652 0.012146
0.522875 0.037510 0.011037
-0.891540 -0.093798 0.011316
-0.347517 0.563892 0.012968
-0.851591 0.277386 0.011561
-0.521080 -0.236409 0.012133
-0.373361 0.396746 0.013162
-0.426848 -0.720134 0.011713
-0.341439 0.653182 0.012787
-0.248597 0.705711 0.011654
0.187603 -0.875491 0.011639
-0.477706 -0.562463 0.011742
-0.748351 -0.029252 0.012114
0.211767 -0.722748 0.010447
-0.719057 0.186469 0.013621
-0.693364 0.288702 0.011784
-0.746647 -0.133131 0.010901
-0.673982 -0.284826 0.011282
0.115474 -0.747732 0.010715
0.588610 -0.031937 0.009819
0.660515 -0.183570 0.013199
0.097585 -0.840393 0.010881
0.680757 0.279971 0.011211
0.560054 0.129168 0.011588
0.737742 -0.138026 0.010423
