0.965023 0.098133 0.011796
0.925515 0.290382 0.011796
0.848116 0.470743 0.011796
0.735995 0.631831 0.011796
0.593743 0.767052 0.011796
0.427182 0.870870 0.011796
0.243133 0.939035 0.011796
0.049130 0.968755 0.011796
-0.146885 0.958814 0.011796
-0.336886 0.909620 0.011796
-0.513095 0.823185 0.011796
-0.668298 0.703049 0.011796
-0.796141 0.554130 0.011796
-0.891389 0.382525 0.011796
-0.950144 0.195260 0.011796
-0.970000 0.000000 0.011796
-0.950144 -0.195260 0.011796
-0.891389 -0.382525 0.011796
-0.796141 -0.554130 0.011796
-0.668298 -0.703049 0.011796
-0.513095 -0.823185 0.011796
-0.336886 -0.909620 0.011796
-0.146885 -0.958814 0.011796
0.049130 -0.968755 0.011796
0.243133 -0.939035 0.011796
0.427182 -0.870870 0.011796
0.593743 -0.767052 0.011796
0.735995 -0.631831 0.011796
0.848116 -0.470743 0.011796
0.925515 -0.290382 0.011796
0.965023 -0.098133 0.011796
